0, 58.27148437, 33,40,24
1, 58.18359375, 32,40,34
2, 57.99902725, 30,37,21
3, 57.74414062, 31,27,30
4, 57.47871017, 28,35,19
5, 57.12890625, 26,33,28
6, 56.85644913, 27,23,17
7, 56.48203278, 26,33,28
8, 56.07421875, 27,32,29
9, 55.72441483, 28,33,29
10, 55.37109375, 29,35,21
11, 55.01953125, 30,30,23
12, 54.66445541, 32,43,30
13, 54.31289291, 35,37,29
14, 53.96484375, 37,51,43
15, 53.69413757, 41,54,37
16, 53.38124847, 42,59,40
17, 53.17558670, 46,56,44
18, 52.99628830, 49,67,58
19, 52.76074219, 51,65,61
20, 52.64648437, 52,75,63
21, 52.47070312, 54,71,57
22, 52.31250000, 57,81,69
23, 52.20703125, 59,79,63
24, 52.08398056, 61,83,75
25, 51.85546875, 64,93,79
26, 51.59531021, 68,99,84
27, 51.37207031, 75,107,82
28, 51.06445312, 79,113,97
29, 50.74277496, 84,125,106
30, 50.36132812, 92,137,117
31, 50.00976562, 103,149,125
32, 49.65820312, 109,164,131
33, 49.30664062, 119,178,143
34, 48.95507812, 127,195,161
35, 48.60351562, 136,211,168
36, 48.25195312, 146,224,186
37, 47.98828125, 154,236,197
38, 47.63671875, 164,257,210
39, 47.40468597, 172,265,219
40, 47.12870789, 180,277,230
41, 47.01621246, 185,287,238
42, 46.84570312, 192,297,244
43, 46.66992187, 198,311,254
44, 46.50644684, 201,310,258
45, 46.49414062, 206,325,266
46, 46.33593750, 209,325,270
47, 46.14257812, 214,333,276
48, 45.88241959, 223,352,288
49, 45.62226868, 233,362,300
50, 45.35156250, 243,379,314
51, 45.03516006, 256,400,331
52, 44.73632812, 269,429,349
53, 44.30214691, 285,453,369
54, 43.99101639, 300,469,392
55, 43.59375000, 317,496,411
56, 43.24218750, 331,520,431
57, 42.89589691, 349,548,459
58, 42.69726562, 364,582,474
59, 42.36328125, 377,609,495
60, 42.12597656, 386,609,513
61, 41.92382812, 396,625,517
62, 41.66015625, 408,642,541
63, 41.56874847, 416,667,544
64, 41.30859375, 427,676,560
65, 41.13281250, 437,689,572
66, 40.95703125, 446,700,589
67, 40.78125000, 455,716,593
68, 40.51933670, 466,737,610
69, 40.34179687, 479,760,637
70, 40.08691406, 490,774,639
71, 39.82324219, 513,795,666
72, 39.63867187, 518,830,685
73, 39.28710937, 534,844,697
74, 39.02343750, 555,875,722
75, 38.59804535, 574,909,749
76, 38.30273437, 607,944,778
77, 37.88085937, 620,979,807
78, 37.52929687, 642,1013,849
79, 37.18476486, 674,1051,878
80, 36.91406250, 682,1092,889
81, 36.65039062, 701,1123,915
82, 36.31816483, 718,1152,951
83, 36.04218674, 737,1181,961
84, 35.86464691, 750,1204,993
85, 35.68359375, 775,1211,997
86, 35.50781250, 775,1229,1013
87, 35.24414062, 793,1255,1033
88, 35.07011795, 816,1289,1051
89, 34.98046875, 812,1287,1058
90, 34.80468750, 826,1310,1078
91, 34.54101562, 843,1348,1098
92, 34.27910233, 860,1377,1136
93, 34.05761719, 877,1404,1144
94, 33.83789062, 892,1429,1166
95, 33.57421875, 912,1461,1190
96, 33.24374771, 934,1482,1219
97, 32.94843674, 960,1525,1253
98, 32.56523514, 986,1568,1288
99, 32.24882889, 1016,1611,1337
100, 31.82168007, 1054,1656,1374
101, 31.46484375, 1072,1702,1397
102, 31.11328125, 1099,1758,1446
103, 30.91991997, 1118,1777,1472
104, 30.58593750, 1143,1818,1492
105, 30.32226563, 1165,1850,1530
106, 30.05859375, 1184,1883,1559
107, 29.81074142, 1201,1909,1580
108, 29.67363167, 1218,1935,1586
109, 29.46621132, 1234,1960,1621
110, 29.26757813, 1245,1982,1625
111, 29.17089844, 1274,2009,1647
112, 28.97226715, 1276,2029,1666
113, 28.74023438, 1296,2071,1687
114, 28.56445313, 1313,2088,1710
115, 28.30078125, 1333,2122,1738
116, 27.95976448, 1358,2158,1769
117, 27.77343750, 1379,2205,1797
118, 27.42187500, 1405,2245,1830
119, 27.15820313, 1432,2288,1878
120, 26.80664063, 1460,2322,1914
121, 26.45507813, 1491,2373,1943
122, 26.10351563, 1524,2435,1986
123, 25.75195313, 1556,2474,2025
124, 25.40039063, 1597,2528,2068
125, 25.13496208, 1615,2569,2102
126, 24.87304688, 1636,2604,2132
127, 24.60937500, 1661,2642,2175
128, 24.34570313, 1683,2678,2204
129, 24.13652229, 1706,2727,2233
130, 23.90625000, 1727,2758,2249
131, 23.72871208, 1747,2777,2272
132, 23.55468750, 1763,2803,2292
133, 23.36660004, 1779,2844,2316
134, 23.11523438, 1797,2873,2336
135, 22.93945313, 1815,2900,2374
136, 22.76367188, 1833,2920,2383
137, 22.58789063, 1853,2960,2422
138, 22.32421875, 1878,2999,2442
139, 22.02187538, 1906,3033,2489
140, 21.71074295, 1933,3087,2511
141, 21.44531250, 1961,3124,2548
142, 21.09375000, 1992,3172,2589
143, 20.75625038, 2032,3224,2630
144, 20.47851563, 2065,3289,2675
145, 20.04960823, 2095,3332,2719
146, 19.73144531, 2130,3402,2764
147, 19.34296799, 2166,3458,2808
148, 19.07226563, 2198,3508,2852
149, 18.78925705, 2222,3551,2899
150, 18.51328087, 2252,3596,2924
151, 18.19335938, 2281,3629,2957
152, 18.01757813, 2300,3669,2984
153, 17.82070351, 2323,3707,3012
154, 17.66601563, 2336,3719,3030
155, 17.41464806, 2356,3762,3069
156, 17.23007774, 2380,3793,3085
157, 17.13867188, 2393,3806,3101
158, 16.89960861, 2413,3837,3138
159, 16.69921875, 2433,3883,3166
160, 16.43554688, 2461,3925,3203
161, 16.17187500, 2487,3951,3232
162, 15.99609375, 2510,3993,3264
163, 15.72363186, 2535,4034,3296
164, 15.41425800, 2566,4083,3323
165, 15.06796932, 2599,4138,3370
166, 14.76035213, 2635,4192,3411
167, 14.34023476, 2672,4252,3460
168, 13.99394512, 2710,4313,3510
169, 13.62304688, 2749,4374,3559
170, 13.27499962, 2786,4429,3602
171, 13.00781250, 2811,4473,3639
172, 12.74414063, 2840,4520,3690
173, 12.47871017, 2867,4567,3714
174, 12.21679688, 2896,4609,3745
175, 12.04101563, 2915,4637,3773
176, 11.78085899, 2937,4675,3801
177, 11.60156250, 2958,4705,3827
178, 11.42578125, 2977,4738,3851
179, 11.25000000, 2998,4769,3886
180, 11.07421875, 3015,4796,3911
181, 10.89843750, 3034,4834,3921
182, 10.71738338, 3055,4867,3947
183, 10.45898438, 3081,4909,3980
184, 10.19531250, 3110,4945,4016
185, 9.93164063, 3134,4983,4059
186, 9.66796875, 3167,5027,4083
187, 9.33749962, 3193,5076,4124
188, 9.00527382, 3231,5133,4179
189, 8.70117188, 3268,5200,4213
190, 8.29335976, 3304,5250,4262
191, 7.96289063, 3342,5319,4320
192, 7.56386709, 3384,5368,4357
193, 7.29492188, 3412,5423,4396
194, 7.02246094, 3440,5470,4431
195, 6.67968750, 3476,5522,4473
196, 6.41601563, 3499,5567,4511
197, 6.15234375, 3529,5599,4544
198, 5.98007822, 3551,5631,4581
199, 5.78320360, 3569,5671,4595
200, 5.62500000, 3585,5686,4626
201, 5.42285156, 3605,5731,4641
202, 5.19433594, 3624,5752,4664
203, 5.09765625, 3639,5773,4685
204, 4.92011738, 3656,5805,4706
205, 4.65820313, 3679,5836,4736
206, 4.39453125, 3705,5890,4768
207, 4.13085938, 3736,5926,4815
208, 3.86718750, 3759,5965,4836
209, 3.60351562, 3790,6013,4874
210, 3.25195312, 3822,6075,4916
211, 2.93906236, 3854,6115,4955
212, 2.56640625, 3887,6166,4999
213, 2.22011709, 3921,6224,5041
214, 1.84570313, 3957,6279,5101
215, 1.50468755, 3993,6336,5133
216, 1.23046875, 4021,6377,5167
217, 0.96679688, 4052,6430,5215
218, 0.61874998, 4077,6469,5242
219, 0.37089843, 4105,6512,5287
220, 0.08789062, 4129,6546,5316
222, 359.75213623, 4162,6601,5347
223, 359.56054688, 4182,6635,5382
224, 359.38476563, 4198,6660,5390
225, 359.20898438, 4217,6685,5425
226, 359.03320313, 4228,6706,5445
227, 358.85742188, 4249,6740,5471
228, 358.61132813, 4271,6769,5497
229, 358.33007813, 4295,6817,5527
230, 358.06640625, 4321,6847,5548
231, 357.80450439, 4342,6888,5576
232, 357.53906250, 4368,6935,5620
233, 357.22793579, 4399,6972,5647
234, 356.84298706, 4432,7021,5700
235, 356.48437500, 4463,7075,5741
236, 356.13281250, 4497,7124,5770
237, 355.78125000, 4526,7184,5813
238, 355.42968750, 4557,7229,5848
239, 355.16424561, 4581,7270,5882
240, 354.87069702, 4606,7301,5927
241, 354.55078125, 4633,7342,5945
242, 354.28710938, 4656,7374,5975
243, 354.05859375, 4673,7406,5998
244, 353.84765625, 4689,7433,6019
245, 353.68243408, 4707,7462,6040
246, 353.49609375, 4723,7492,6074
247, 353.32031250, 4737,7507,6081
248, 353.14453125, 4749,7527,6097
249, 352.96875000, 4763,7552,6129
250, 352.76483154, 4780,7576,6147
251, 352.52050781, 4800,7611,6165
252, 352.26562500, 4821,7642,6189
253, 352.00195313, 4843,7674,6216
254, 351.73828125, 4863,7718,6243
255, 351.39022827, 4887,7751,6273
256, 351.12304688, 4911,7784,6306
257, 350.76443481, 4935,7828,6339
258, 350.39532471, 4966,7882,6376
259, 349.98046875, 4991,7920,6411
260, 349.63241577, 5019,7959,6456
261, 349.36523438, 5039,7996,6487
262, 349.05761719, 5062,8026,6501
263, 348.75000000, 5081,8067,6538
264, 348.48632813, 5103,8093,6554
265, 348.22265625, 5121,8124,6578
266, 348.04687500, 5133,8148,6604
267, 347.86404419, 5148,8166,6611
268, 347.65664673, 5159,8191,6626
269, 347.51248169, 5169,8203,6652
270, 347.25585938, 5186,8238,6659
271, 347.11874390, 5196,8243,6671
272, 346.90429688, 5210,8263,6689
273, 346.72851563, 5223,8291,6703
274, 346.46484375, 5238,8315,6744
275, 346.18887329, 5262,8351,6756
276, 345.93750000, 5276,8367,6772
277, 345.67382813, 5293,8398,6806
278, 345.33807373, 5310,8432,6832
279, 345.03045654, 5331,8459,6846
280, 344.62442017, 5352,8491,6886
281, 344.28692627, 5376,8528,6913
282, 343.91601563, 5396,8570,6931
283, 343.56445313, 5417,8596,6955
284, 343.24627686, 5434,8625,6979
285, 342.95449829, 5451,8648,7000
286, 342.68554688, 5469,8676,7019
287, 342.42187500, 5483,8700,7041
288, 342.15820313, 5495,8729,7058
289, 341.95782471, 5507,8741,7072
290, 341.80136108, 5515,8752,7087
291, 341.62380981, 5525,8767,7107
292, 341.41641235, 5534,8779,7117
293, 341.19491577, 5544,8804,7132
294, 341.03320313, 5551,8808,7128
295, 340.83984375, 5562,8828,7144
296, 340.66406250, 5571,8847,7168
297, 340.35995483, 5584,8870,7189
298, 340.05410767, 5601,8890,7204
299, 339.87304688, 5609,8909,7203
300, 339.57421875, 5621,8928,7225
301, 339.25781250, 5636,8945,7250
302, 338.90625000, 5651,8969,7261
303, 338.55468750, 5668,9000,7290
304, 338.20312500, 5681,9020,7294
305, 337.85156250, 5693,9051,7315
306, 337.50000000, 5709,9060,7335
307, 337.15548706, 5719,9091,7359
308, 336.97265625, 5729,9101,7361
309, 336.60702515, 5739,9121,7386
310, 336.35742188, 5750,9125,7381
311, 336.09375000, 5760,9146,7406
312, 335.91796875, 5766,9154,7406
313, 335.74218750, 5774,9167,7413
314, 335.56991577, 5778,9176,7421
315, 335.39062500, 5782,9186,7429
316, 335.19375610, 5789,9195,7436
317, 335.01269531, 5793,9202,7450
318, 334.77539063, 5800,9220,7464
319, 334.57675171, 5803,9220,7459
320, 334.32888794, 5815,9234,7470
321, 334.03359985, 5822,9244,7477
322, 333.80859375, 5828,9258,7487
323, 333.45703125, 5836,9270,7505
324, 333.19335938, 5847,9291,7514
325, 332.83300781, 5854,9299,7517
326, 332.49023438, 5859,9308,7536
327, 332.13162231, 5869,9324,7534
328, 331.78359985, 5875,9334,7554
329, 331.42498779, 5882,9350,7552
330, 331.16308594, 5885,9354,7553
331, 330.82031250, 5891,9364,7561
332, 330.55664063, 5898,9369,7565
333, 330.29296875, 5901,9378,7572
334, 330.11367798, 5901,9386,7577
335, 329.85351563, 5902,9384,7578
336, 329.72518921, 5909,9385,7580
337, 329.50195313, 5909,9390,7582
338, 329.32617188, 5911,9398,7582
339, 329.15039063, 5912,9400,7586
340, 328.97460938, 5914,9400,7600
341, 328.79882813, 5918,9409,7592
342, 328.53338623, 5918,9404,7605
343, 328.27148438, 5925,9410,7608
344, 328.00781250, 5922,9415,7607
345, 327.65625000, 5926,9418,7610
346, 327.39257813, 5928,9423,7605
347, 327.04101563, 5928,9417,7601
348, 326.68945313, 5928,9422,7602
349, 326.33789063, 5929,9423,7603
350, 325.98632813, 5930,9422,7612
351, 325.63476563, 5927,9420,7601
352, 325.28497314, 5927,9424,7600
353, 325.02130127, 5923,9416,7599
354, 324.75585938, 5921,9415,7594
355, 324.49218750, 5923,9420,7592
356, 324.22851563, 5921,9413,7588
357, 324.04217529, 5918,9406,7587
358, 323.81015015, 5915,9403,7583
359, 323.70117188, 5913,9410,7584
360, 323.43750000, 5912,9404,7590
361, 323.26171875, 5910,9394,7577
362, 323.14923096, 5907,9392,7574
363, 322.91015625, 5907,9396,7574
364, 322.71679688, 5903,9388,7580
365, 322.47070313, 5901,9376,7563
366, 322.12265015, 5898,9373,7561
367, 321.93984985, 5895,9368,7565
368, 321.59179688, 5885,9366,7546
369, 321.32812500, 5883,9348,7552
370, 320.97656250, 5876,9346,7543
371, 320.62500000, 5869,9328,7517
372, 320.25234985, 5859,9320,7509
373, 319.92187500, 5849,9303,7512
374, 319.57031250, 5845,9291,7489
375, 319.25213623, 5839,9277,7490
376, 318.95507813, 5831,9274,7469
377, 318.67031860, 5820,9252,7456
378, 318.39257813, 5813,9238,7446
379, 318.16406250, 5807,9229,7439
380, 317.98651123, 5802,9223,7440
381, 317.74569702, 5795,9213,7421
382, 317.55410767, 5792,9200,7427
383, 317.37304688, 5784,9190,7416
384, 317.19726563, 5782,9185,7400
385, 317.02148438, 5772,9177,7402
386, 316.84570313, 5766,9164,7394
387, 316.64883423, 5758,9153,7383
388, 316.40625000, 5749,9136,7370
389, 316.05468750, 5738,9124,7346
390, 315.79278564, 5730,9107,7345
391, 315.52734375, 5718,9092,7319
392, 315.20037842, 5705,9075,7304
393, 314.91210938, 5694,9050,7299
394, 314.56054688, 5679,9034,7281
395, 314.12637329, 5668,9013,7262
396, 313.78009033, 5651,8978,7229
397, 313.42324829, 5633,8964,7207
398, 313.15429688, 5618,8934,7188
399, 312.88885498, 5606,8916,7175
400, 312.53906250, 5593,8892,7167
401, 312.28945923, 5581,8873,7137
402, 312.05743408, 5568,8855,7133
403, 311.89569092, 5559,8843,7119
404, 311.66015625, 5550,8828,7098
405, 311.48437500, 5542,8808,7087
406, 311.30859375, 5530,8794,7074
407, 311.13281250, 5521,8778,7059
408, 310.95703125, 5510,8768,7057
409, 310.78125000, 5500,8742,7030
410, 310.54745483, 5490,8738,7032
411, 310.25390625, 5475,8705,7001
412, 309.99023438, 5460,8673,6979
413, 309.72656250, 5441,8660,6960
414, 309.44354248, 5429,8625,6939
415, 309.11132813, 5409,8602,6916
416, 308.75976563, 5387,8568,6891
417, 308.40820313, 5365,8530,6859
418, 308.05664063, 5346,8501,6831
419, 307.70507813, 5321,8459,6802
420, 307.35351563, 5297,8433,6776
421, 307.08984375, 5279,8397,6764
422, 306.74005127, 5259,8374,6730
423, 306.47460938, 5239,8343,6715
424, 306.21093750, 5219,8313,6680
425, 306.00177002, 5207,8285,6661
426, 305.79785156, 5190,8270,6655
427, 305.61328125, 5181,8242,6641
428, 305.41992188, 5164,8223,6622
429, 305.24414063, 5152,8198,6603
430, 305.06835938, 5140,8185,6578
431, 304.89257813, 5128,8167,6576
432, 304.64825439, 5112,8141,6556
433, 304.45135498, 5091,8109,6518
434, 304.18945313, 5075,8090,6511
435, 303.92578125, 5057,8060,6475
436, 303.66210938, 5037,8025,6458
437, 303.35800171, 5012,7985,6421
438, 303.00820923, 4990,7943,6388
439, 302.69531250, 4961,7900,6354
440, 302.25936890, 4931,7854,6316
441, 301.95001221, 4904,7813,6282
442, 301.55273438, 4873,7760,6246
443, 301.23455811, 4851,7723,6224
444, 301.00253296, 4827,7698,6199
445, 300.76171875, 4809,7660,6173
446, 300.49804688, 4786,7633,6131
447, 300.23437500, 4765,7588,6114
448, 299.97070313, 4746,7558,6095
449, 299.71231079, 4725,7526,6066
450, 299.58224487, 4712,7500,6038
451, 299.44335938, 4696,7480,6019
452, 299.25177002, 4683,7456,6015
453, 299.00741577, 4664,7436,5989
454, 298.82812500, 4649,7412,5971
455, 298.65234375, 4634,7377,5949
456, 298.39395142, 4614,7346,5912
457, 298.14257813, 4591,7310,5893
458, 297.86132813, 4565,7278,5849
459, 297.59765625, 4541,7229,5820
460, 297.24609375, 4512,7180,5782
461, 296.97186279, 4486,7146,5761
462, 296.54296875, 4449,7083,5713
463, 296.19140625, 4418,7032,5662
464, 295.83984375, 4386,6993,5621
465, 295.48828125, 4357,6941,5583
466, 295.22109985, 4325,6883,5555
467, 294.87304688, 4299,6845,5511
468, 294.60937500, 4271,6797,5474
469, 294.34570313, 4248,6760,5458
470, 294.08203125, 4228,6722,5414
471, 293.90625000, 4209,6696,5402
472, 293.68829346, 4188,6673,5368
473, 293.51074219, 4174,6635,5356
474, 293.37890625, 4157,6611,5339
475, 293.11700439, 4136,6579,5300
476, 292.93945313, 4122,6561,5281
477, 292.76367188, 4104,6526,5258
478, 292.58789063, 4082,6491,5230
479, 292.27499390, 4055,6457,5196
480, 292.02890015, 4029,6406,5164
481, 291.79510498, 4006,6376,5132
482, 291.45761108, 3977,6327,5106
483, 291.13418579, 3944,6278,5065
484, 290.83007813, 3911,6215,5011
485, 290.45565796, 3880,6161,4979
486, 290.12167358, 3844,6113,4921
487, 289.72088623, 3810,6055,4875
488, 289.42031860, 3775,6003,4832
489, 289.07226563, 3745,5958,4794
490, 288.80859375, 3717,5904,4774
491, 288.47811890, 3686,5853,4721
492, 288.28125000, 3661,5812,4701
493, 288.01757813, 3639,5775,4669
494, 287.84179688, 3621,5745,4646
495, 287.66601563, 3604,5714,4622
496, 287.48144531, 3583,5686,4587
497, 287.27050781, 3565,5664,4563
498, 287.09823608, 3548,5623,4535
499, 286.96289063, 3532,5608,4519
500, 286.69921875, 3508,5565,4491
501, 286.52343750, 3488,5541,4462
502, 286.22988892, 3461,5484,4424
503, 285.93634033, 3427,5437,4387
504, 285.65859985, 3401,5405,4364
505, 285.38085938, 3375,5348,4328
506, 285.03634644, 3340,5304,4273
507, 284.68478394, 3307,5243,4227
508, 284.36660767, 3271,5192,4191
509, 283.97460938, 3231,5124,4129
510, 283.62304688, 3194,5076,4085
511, 283.35760498, 3164,5015,4055
512, 283.08514404, 3136,4969,4008
513, 282.83203125, 3111,4929,3988
514, 282.50506592, 3084,4881,3951
515, 282.23260498, 3054,4837,3903
516, 282.04101563, 3036,4813,3874
517, 281.85995483, 3013,4768,3847
518, 281.61737061, 2991,4734,3833
519, 281.45742798, 2973,4716,3796
520, 281.27636719, 2954,4676,3772
521, 281.07421875, 2934,4645,3748
522, 280.91601563, 2918,4614,3733
523, 280.72265625, 2900,4588,3697
524, 280.48358154, 2872,4546,3680
525, 280.25332642, 2849,4512,3644
526, 279.96151733, 2818,4458,3597
527, 279.67675781, 2788,4422,3559
528, 279.39550781, 2757,4362,3517
529, 279.04394531, 2720,4303,3472
530, 278.68182373, 2686,4247,3426
531, 278.34960938, 2649,4189,3391
532, 277.97344971, 2611,4133,3332
533, 277.61483765, 2575,4084,3283
534, 277.29492188, 2544,4036,3245
535, 277.03125000, 2512,3987,3220
536, 276.74649048, 2484,3929,3170
537, 276.46524048, 2458,3885,3144
538, 276.15234375, 2431,3843,3111
539, 275.97656250, 2408,3807,3069
540, 275.71817017, 2383,3769,3038
541, 275.53710938, 2365,3741,3014
542, 275.36132813, 2345,3722,2991
543, 275.18554688, 2328,3683,2967
544, 275.00976563, 2308,3649,2944
545, 274.83398438, 2290,3621,2933
546, 274.63711548, 2271,3590,2893
547, 274.39453125, 2251,3558,2869
548, 274.13085938, 2222,3514,2832
549, 273.86718750, 2188,3463,2792
550, 273.55780029, 2164,3422,2770
551, 273.25195313, 2131,3383,2718
552, 272.90039063, 2101,3333,2689
553, 272.55059814, 2065,3266,2633
554, 272.20077515, 2027,3210,2587
555, 271.84570313, 1994,3154,2541
556, 271.49414063, 1958,3099,2498
557, 271.20233154, 1936,3052,2471
558, 270.90878296, 1901,3020,2423
559, 270.61523438, 1870,2957,2384
560, 270.35156250, 1846,2931,2352
561, 270.08789063, 1822,2883,2323
562, 269.90332031, 1805,2854,2297
563, 269.73455811, 1786,2825,2288
564, 269.55877686, 1768,2808,2252
565, 269.34609985, 1752,2770,2230
566, 269.12109375, 1733,2740,2207
567, 269.02969360, 1718,2718,2203
568, 268.76953125, 1698,2686,2162
569, 268.59375000, 1682,2659,2141
570, 268.33007813, 1655,2627,2107
571, 267.98556519, 1628,2575,2087
572, 267.80273438, 1606,2540,2045
573, 267.45117188, 1576,2494,2022
574, 267.18750000, 1550,2449,1971
575, 266.83593750, 1520,2403,1934
576, 266.48437500, 1487,2348,1892
577, 266.08358765, 1454,2298,1851
578, 265.78125000, 1423,2249,1811
579, 265.42968750, 1396,2205,1788
580, 265.16601563, 1380,2162,1743
581, 264.90234375, 1348,2126,1725
582, 264.63867188, 1325,2104,1684
583, 264.37500000, 1301,2056,1669
584, 264.13418579, 1284,2038,1632
585, 263.93554688, 1264,1997,1620
586, 263.68417358, 1248,1969,1599
587, 263.52069092, 1232,1942,1564
588, 263.32031250, 1215,1928,1543
589, 263.14453125, 1210,1893,1525
590, 262.96875000, 1187,1881,1520
591, 262.79296875, 1181,1845,1486
592, 262.54159546, 1153,1830,1464
593, 262.35351563, 1133,1800,1440
594, 262.03359985, 1112,1751,1410
595, 261.75936890, 1089,1727,1382
596, 261.47460938, 1064,1685,1361
597, 261.12304688, 1038,1633,1317
598, 260.77148438, 1011,1590,1283
599, 260.41992188, 984,1547,1261
600, 260.06835938, 957,1504,1213
601, 259.71502686, 926,1472,1176
602, 259.37051392, 917,1424,1150
603, 259.10156250, 896,1402,1119
604, 258.83261108, 863,1358,1095
605, 258.56893921, 844,1326,1069
606, 258.27011108, 824,1296,1045
607, 258.04687500, 812,1273,1027
608, 257.87109375, 797,1250,1009
609, 257.67071533, 781,1226,988
610, 257.50018311, 769,1220,988
611, 257.32794189, 756,1187,957
612, 257.12402344, 747,1182,942
613, 256.90429688, 732,1146,926
614, 256.72851563, 720,1128,923
615, 256.50527954, 704,1103,903
616, 256.21173096, 685,1087,867
617, 256.02539063, 670,1050,860
618, 255.67382813, 650,1031,822
619, 255.41015625, 631,1000,808
620, 255.05859375, 610,954,770
621, 254.70703125, 588,920,754
622, 254.35194397, 566,898,716
623, 254.00390625, 546,866,687
624, 253.65234375, 525,821,663
625, 253.32186890, 510,794,640
626, 253.04766846, 493,771,623
627, 252.77343750, 476,743,609
628, 252.50976563, 471,721,583
629, 252.24609375, 449,699,565
630, 252.06150818, 438,692,551
631, 251.80664063, 427,673,536
632, 251.66600037, 418,659,525
633, 251.45507813, 407,635,511
634, 251.23182678, 397,617,500
635, 251.10351563, 389,604,489
636, 250.92773438, 380,597,476
637, 250.73262024, 371,582,464
638, 250.48828125, 358,554,450
639, 250.22460938, 346,543,434
640, 249.96093750, 335,517,419
641, 249.62518311, 320,502,402
642, 249.32989502, 306,472,381
643, 248.99414063, 291,456,365
644, 248.64257813, 281,425,348
645, 248.28749084, 261,402,328
646, 247.93945313, 247,380,308
647, 247.58789063, 238,358,293
648, 247.32246399, 223,345,278
649, 246.97441101, 212,331,264
650, 246.70898438, 203,308,251
651, 246.44531250, 193,294,240
652, 246.18867493, 186,286,228
653, 246.07266235, 181,276,221
654, 245.82832336, 175,258,209
655, 245.60331726, 167,250,202
656, 245.40292358, 160,241,198
657, 245.21484375, 155,231,190
658, 245.04609680, 150,223,183
659, 244.86328125, 144,214,174
660, 244.68750000, 141,205,168
661, 244.42382813, 131,199,160
662, 244.16015625, 123,184,145
663, 243.89648438, 117,173,143
664, 243.63281250, 111,160,133
665, 243.27772522, 101,149,122
666, 242.92968750, 94,136,113
667, 242.57812500, 87,124,97
668, 242.22656250, 79,113,94
669, 241.87500000, 73,101,79
670, 241.52871704, 68,93,79
671, 241.25801086, 62,86,64
672, 240.99609375, 58,75,59
673, 240.66033936, 53,74,53
674, 240.46699524, 50,62,57
675, 240.20507813, 47,64,55
676, 239.94140625, 44,59,42
677, 239.76562500, 43,50,48
678, 239.58984375, 41,47,37
679, 239.41406250, 38,49,43
680, 239.23828125, 37,47,41
681, 239.06250000, 36,46,30
682, 238.84452820, 34,36,38
683, 238.62480164, 33,40,35
684, 238.43145752, 33,38,24
685, 238.09922791, 31,36,31
686, 237.83203125, 29,27,31
687, 237.55780029, 28,25,20
688, 237.27130127, 27,24,19
689, 236.87051392, 27,24,28
690, 236.56289673, 28,31,30
691, 236.16210938, 27,32,29
692, 235.81054688, 29,34,21
693, 235.47128296, 31,29,23
694, 235.19531250, 31,39,25
695, 234.93164063, 33,43,37
696, 234.66796875, 34,45,39
697, 234.40429688, 37,42,42
698, 234.14062500, 41,46,36
699, 233.96484375, 42,55,48
700, 233.76269531, 43,60,50
701, 233.61328125, 44,62,53
702, 233.35841370, 48,60,55
703, 233.26171875, 50,63,59
704, 233.02265930, 52,74,61
705, 232.82579041, 58,77,65
706, 232.60781860, 58,83,70
707, 232.38281250, 62,90,67
708, 232.11914063, 66,97,72
709, 231.85194397, 72,101,88
710, 231.50390625, 79,113,94
711, 231.17167664, 84,124,102
712, 230.80781555, 90,134,112
713, 230.51425171, 99,146,121
714, 230.14335632, 107,160,132
715, 229.78651428, 116,176,144
716, 229.48242188, 124,188,149
717, 229.13085938, 132,201,165
718, 228.86718750, 140,212,174
719, 228.60704041, 147,224,185
720, 228.33984375, 154,236,195
721, 228.16406250, 161,245,201
722, 227.98828125, 169,256,211
723, 227.79141235, 173,269,218
724, 227.54882813, 184,279,225
725, 227.37304688, 186,287,235
726, 227.22540283, 191,293,239
727, 227.02148438, 197,305,250
728, 226.84570313, 209,314,259
729, 226.58203125, 213,334,270
730, 226.31835938, 224,350,283
731, 226.05644226, 231,358,295
732, 225.79101563, 242,382,309
733, 225.52381897, 255,396,324
734, 225.17578125, 267,415,342
735, 224.82421875, 281,437,359
736, 224.47265625, 296,468,378
737, 224.12109375, 313,494,399
738, 223.76953125, 328,519,419
739, 223.41796875, 344,545,440
740, 223.15429688, 357,556,461
741, 222.82734680, 371,579,482
742, 222.62167358, 382,598,489
743, 222.36328125, 395,627,514
744, 222.18750000, 405,643,525
745, 221.96777344, 416,658,531
746, 221.80604553, 425,663,543
747, 221.57226563, 434,680,565
748, 221.39648438, 445,695,569
749, 221.22773743, 455,708,589
750, 221.05897522, 462,723,593
751, 220.86914063, 473,752,608
752, 220.60018921, 489,778,627
753, 220.28027344, 504,790,647
754, 220.02890015, 518,811,676
755, 219.72656250, 537,852,697
756, 219.46113586, 553,868,708
757, 219.11308289, 570,895,734
758, 218.75976563, 592,926,771
759, 218.40820313, 612,975,788
760, 218.13047791, 634,997,827
761, 217.70860291, 656,1044,843
762, 217.44140625, 678,1063,871
763, 217.15840149, 694,1092,905
764, 216.82969666, 714,1122,918
765, 216.56250000, 732,1148,940
766, 216.38671875, 745,1171,958
767, 216.12304688, 760,1208,992
768, 215.94726563, 772,1215,994
769, 215.76795959, 786,1250,1010
770, 215.59570313, 810,1258,1043
771, 215.41992188, 810,1273,1056
772, 215.24414063, 834,1295,1059
773, 215.06835938, 837,1316,1079
774, 214.80468750, 853,1341,1098
775, 214.54101563, 870,1370,1120
776, 214.28262329, 889,1411,1158
777, 214.01367188, 906,1430,1170
778, 213.75000000, 926,1461,1194
779, 213.42480469, 949,1495,1238
780, 213.13476563, 975,1536,1269
781, 212.76914978, 1003,1590,1291
782, 212.43164063, 1028,1619,1326
783, 212.00976563, 1056,1663,1361
784, 211.72851563, 1084,1710,1412
785, 211.37695313, 1111,1749,1432
786, 211.11328125, 1131,1784,1460
787, 210.76171875, 1157,1823,1505
788, 210.58065796, 1175,1853,1529
789, 210.31523132, 1193,1884,1542
790, 210.06034851, 1218,1908,1561
791, 209.93203735, 1234,1930,1580
792, 209.70703125, 1251,1960,1616
793, 209.53125000, 1257,1981,1621
794, 209.37832642, 1270,2014,1637
795, 209.18496704, 1286,2038,1657
796, 209.00390625, 1301,2065,1694
797, 208.74198914, 1322,2085,1705
798, 208.48184204, 1352,2132,1737
799, 208.21289063, 1366,2169,1765
800, 207.96502686, 1387,2187,1790
801, 207.68554688, 1411,2240,1835
802, 207.41484070, 1439,2281,1858
803, 207.00350952, 1468,2316,1896
804, 206.71875000, 1499,2367,1936
805, 206.36190796, 1530,2416,1976
806, 206.01387024, 1561,2468,2030
807, 205.62539673, 1595,2530,2060
808, 205.31250000, 1620,2558,2093
809, 205.04882813, 1647,2604,2127
810, 204.77987671, 1672,2640,2174
811, 204.52148438, 1695,2680,2188
812, 204.29295349, 1718,2710,2230
813, 204.08027649, 1735,2740,2240
814, 203.90625000, 1752,2780,2264
815, 203.72166443, 1772,2798,2289
816, 203.52479553, 1788,2824,2309
817, 203.29629517, 1812,2863,2331
818, 203.16621399, 1820,2885,2352
819, 202.93769836, 1843,2913,2393
820, 202.67578125, 1863,2945,2420
821, 202.47186279, 1890,2992,2452
822, 202.15196228, 1913,3021,2472
823, 201.93751526, 1937,3058,2514
824, 201.62109375, 1963,3105,2551
825, 201.35566711, 1993,3148,2575
826, 200.92677307, 2027,3213,2631
827, 200.65429688, 2061,3265,2662
828, 200.22714233, 2097,3324,2709
829, 199.87557983, 2137,3367,2765
830, 199.51171875, 2165,3432,2797
831, 199.24804688, 2202,3469,2849
832, 198.89648438, 2228,3521,2880
833, 198.63281250, 2251,3560,2913
834, 198.36914063, 2277,3600,2943
835, 198.19335938, 2303,3639,2968
836, 198.01757813, 2317,3661,3005
837, 197.81718445, 2333,3688,3015
838, 197.66601563, 2352,3731,3040
839, 197.44981384, 2371,3758,3064
840, 197.30039978, 2387,3772,3097
841, 197.05078125, 2409,3807,3124
842, 196.87500000, 2428,3836,3136
843, 196.61132813, 2453,3890,3172
844, 196.37051392, 2477,3916,3214
845, 196.13673401, 2501,3953,3233
846, 195.84667969, 2527,3995,3278
847, 195.55664063, 2555,4043,3302
848, 195.21035767, 2588,4104,3345
849, 194.85527039, 2623,4150,3391
850, 194.50195313, 2659,4219,3440
851, 194.15039063, 2694,4265,3484
852, 193.80058289, 2734,4320,3531
853, 193.45254517, 2764,4376,3591
854, 193.18359375, 2793,4421,3625
855, 192.91992188, 2819,4475,3663
856, 192.65625000, 2847,4507,3684
857, 192.45233154, 2865,4547,3709
858, 192.21679688, 2886,4572,3737
859, 192.04101563, 2907,4598,3759
860, 191.86523438, 2923,4627,3785
861, 191.67715454, 2946,4661,3825
862, 191.48553467, 2963,4690,3834
863, 191.33789063, 2975,4714,3864
864, 191.16035461, 2995,4746,3879
865, 190.86679077, 3022,4798,3915
866, 190.63476563, 3050,4829,3945
867, 190.36933899, 3074,4871,3982
868, 190.10742188, 3098,4912,4014
869, 189.84375000, 3128,4966,4063
870, 189.51152039, 3156,5003,4102
871, 189.18984985, 3189,5066,4133
872, 188.85937500, 3223,5113,4192
873, 188.45858765, 3259,5171,4223
874, 188.08593750, 3299,5227,4285
875, 187.73437500, 3333,5281,4317
876, 187.45664978, 3363,5343,4360
877, 187.11914063, 3396,5380,4396
878, 186.85546875, 3420,5434,4435
879, 186.59179688, 3445,5468,4479
880, 186.41601563, 3466,5497,4506
881, 186.15234375, 3490,5533,4533
882, 185.97656250, 3506,5562,4547
883, 185.80078125, 3525,5599,4571
884, 185.62147522, 3544,5621,4595
885, 185.36308289, 3563,5650,4617
886, 185.23477173, 3576,5683,4639
887, 185.00976563, 3602,5711,4669
888, 184.83398438, 3620,5739,4689
889, 184.55975342, 3648,5781,4739
890, 184.30488586, 3672,5821,4758
891, 184.04296875, 3695,5857,4798
892, 183.77929688, 3722,5911,4825
893, 183.42773438, 3752,5961,4866
894, 183.07617188, 3785,6003,4910
895, 182.72460938, 3818,6055,4953
896, 182.37304688, 3848,6116,5003
897, 182.02148438, 3884,6171,5035
898, 181.61192322, 3918,6225,5095
899, 181.31835938, 3949,6266,5135
900, 180.96679688, 3982,6314,5175
901, 180.70840454, 4008,6364,5208
902, 180.44297791, 4029,6395,5226
903, 180.26367188, 4049,6423,5249
904, 180.07559204, 4068,6450,5284
905, 179.91210938, 4079,6473,5294
906, 179.65371704, 4100,6508,5330
907, 179.47441101, 4119,6541,5341
908, 179.36543274, 4131,6548,5354
909, 179.12284851, 4149,6586,5380
910, 178.94531250, 4168,6610,5404
911, 178.68164063, 4191,6658,5446
912, 178.41796875, 4212,6679,5463
913, 178.19296265, 4230,6711,5487
914, 177.92929077, 4256,6750,5520
915, 177.62695313, 4282,6785,5562
916, 177.28417969, 4310,6832,5598
917, 176.92382813, 4340,6882,5625
918, 176.57226563, 4370,6938,5681
919, 176.22245789, 4400,6978,5706
920, 175.86914063, 4428,7027,5746
921, 175.51757813, 4462,7075,5786
922, 175.25390625, 4484,7112,5827
923, 174.95156860, 4508,7155,5861
924, 174.72656250, 4528,7184,5890
925, 174.40136719, 4553,7217,5907
926, 174.19921875, 4570,7255,5941
927, 174.02343750, 4586,7275,5946
928, 173.84765625, 4602,7302,5966
929, 173.65780640, 4615,7321,5985
930, 173.41172791, 4631,7349,6019
931, 173.28691101, 4643,7360,6025
932, 173.05664063, 4661,7395,6056
933, 172.88085938, 4676,7407,6062
934, 172.61718750, 4699,7448,6099
935, 172.35351563, 4716,7482,6126
936, 172.12675476, 4735,7502,6141
937, 171.82792664, 4753,7536,6166
938, 171.56250000, 4777,7571,6196
939, 171.21093750, 4803,7612,6241
940, 170.85937500, 4830,7657,6274
941, 170.50605774, 4855,7693,6297
942, 170.15625000, 4882,7736,6344
943, 169.78535461, 4909,7775,6362
944, 169.45312500, 4934,7814,6396
945, 169.11738586, 4957,7866,6441
946, 168.83789063, 4977,7887,6451
947, 168.57421875, 4992,7911,6485
948, 168.32637024, 5013,7942,6502
949, 168.13476563, 5028,7970,6517
950, 167.95898438, 5039,7981,6539
951, 167.78320313, 5049,8007,6545
952, 167.58280945, 5064,8021,6560
953, 167.34375000, 5078,8053,6600
954, 167.16796875, 5087,8073,6597
955, 166.99394226, 5098,8077,6619
956, 166.81465149, 5113,8099,6623
957, 166.55273438, 5129,8129,6649
958, 166.28906250, 5146,8161,6666
959, 166.02539063, 5161,8184,6687
960, 165.76171875, 5178,8204,6708
961, 165.42422485, 5193,8227,6732
962, 165.14648438, 5217,8262,6757
963, 164.75450134, 5236,8296,6784
964, 164.36074829, 5256,8336,6812
965, 164.05313110, 5276,8369,6837
966, 163.65234375, 5297,8393,6874
967, 163.35702515, 5312,8426,6899
968, 163.03710938, 5333,8458,6917
969, 162.77343750, 5345,8484,6949
970, 162.50976563, 5362,8499,6951
971, 162.25312805, 5371,8517,6962
972, 162.07031250, 5384,8540,6981
973, 161.89453125, 5386,8557,7004
974, 161.66426086, 5402,8566,7005
975, 161.52539063, 5408,8576,7016
976, 161.35311890, 5417,8605,7029
977, 161.18788147, 5422,8604,7045
978, 160.93476868, 5435,8619,7047
979, 160.67285156, 5445,8650,7067
980, 160.41621399, 5460,8662,7076
981, 160.22460938, 5465,8673,7101
982, 159.96093750, 5478,8689,7105
983, 159.69726563, 5492,8712,7131
984, 159.34570313, 5506,8730,7140
985, 159.00292969, 5519,8752,7169
986, 158.64082336, 5534,8777,7189
987, 158.29277039, 5549,8802,7207
988, 157.90957642, 5561,8822,7216
989, 157.58436584, 5575,8849,7233
990, 157.23632813, 5587,8869,7249
991, 156.88476563, 5599,8896,7262
992, 156.53320313, 5609,8911,7280
993, 156.23788452, 5622,8926,7303
994, 156.00585938, 5631,8947,7315
995, 155.81953430, 5636,8949,7313
996, 155.65254211, 5640,8958,7317
997, 155.55937195, 5641,8957,7329
998, 155.39590454, 5645,8961,7320
999, 155.29920959, 5645,8969,7326
1000, 155.11465454, 5656,8984,7343
1001, 154.68750000, 5665,8998,7350
1002, 154.51171875, 5668,9004,7365
1003, 154.36230469, 5675,9015,7361
1004, 154.08984375, 5679,9018,7370
1005, 153.87715149, 5684,9035,7379
1006, 153.54492188, 5694,9039,7398
1007, 153.23554993, 5701,9050,7395
1008, 152.87519836, 5710,9069,7418
1009, 152.49902344, 5721,9079,7418
1010, 152.19140625, 5725,9088,7426
1011, 151.78710938, 5730,9100,7434
1012, 151.43554688, 5735,9109,7441
1013, 151.08398438, 5743,9126,7451
1014, 150.74472046, 5749,9138,7456
1015, 150.41952515, 5753,9143,7463
1016, 150.12246704, 5752,9140,7465
1017, 149.86054993, 5755,9150,7470
1018, 149.58984375, 5761,9150,7484
1019, 149.39120483, 5762,9152,7475
1020, 149.15214539, 5766,9153,7479
1021, 149.06250000, 5765,9153,7479
1022, 148.88671875, 5768,9160,7484
1023, 148.71797180, 5766,9167,7484
1024, 148.62304688, 5770,9165,7496
1025, 148.52636719, 5767,9162,7485
1026, 148.27148438, 5772,9161,7485
1027, 148.00781250, 5771,9169,7489
1028, 147.75292969, 5774,9167,7491
1029, 147.47518921, 5772,9169,7495
1030, 147.13418579, 5775,9168,7494
1031, 146.77734375, 5776,9168,7507
1032, 146.42578125, 5774,9166,7494
1033, 146.07421875, 5775,9162,7495
1034, 145.70507813, 5776,9169,7493
1035, 145.37109375, 5772,9160,7501
1036, 144.94218445, 5769,9156,7489
1037, 144.66621399, 5768,9160,7487
1038, 144.31640625, 5763,9149,7493
1039, 143.98066711, 5764,9142,7489
1040, 143.70820618, 5761,9134,7474
1041, 143.52539063, 5759,9139,7474
1042, 143.26171875, 5757,9126,7466
1043, 143.08593750, 5756,9130,7475
1044, 142.91015625, 5751,9127,7476
1045, 142.81874084, 5751,9128,7460
1046, 142.64648438, 5749,9123,7456
1047, 142.47949219, 5746,9115,7454
1048, 142.38281250, 5745,9111,7452
1049, 142.20703125, 5743,9103,7448
1050, 141.94335938, 5738,9098,7455
1051, 141.67968750, 5736,9089,7450
1052, 141.32812500, 5726,9080,7433
1053, 141.03457642, 5725,9067,7435
1054, 140.62500000, 5715,9055,7425
1055, 140.27343750, 5711,9045,7415
1056, 139.92187500, 5703,9032,7407
1057, 139.57031250, 5692,9013,7381
1058, 139.21875000, 5686,9007,7373
1059, 138.86718750, 5676,8983,7361
1060, 138.51562500, 5664,8966,7344
1061, 138.16406250, 5657,8954,7335
1062, 137.90039063, 5646,8943,7324
1063, 137.63671875, 5641,8928,7314
1064, 137.37304688, 5631,8908,7304
1065, 137.19726563, 5626,8898,7295
1066, 137.02148438, 5618,8895,7289
1067, 136.84570313, 5615,8884,7281
1068, 136.70683289, 5609,8873,7278
1069, 136.60839844, 5606,8872,7273
1070, 136.40977478, 5601,8858,7274
1071, 136.31835938, 5595,8845,7258
1072, 136.05468750, 5585,8844,7260
1073, 135.79101563, 5576,8818,7240
1074, 135.52734375, 5566,8801,7221
1075, 135.20565796, 5553,8780,7211
1076, 134.83125305, 5543,8763,7201
1077, 134.47265625, 5523,8730,7181
1078, 134.12109375, 5512,8707,7162
1079, 133.76953125, 5494,8688,7145
1080, 133.41796875, 5476,8658,7112
1081, 133.05586243, 5463,8640,7091
1082, 132.71484375, 5446,8600,7070
1083, 132.36328125, 5431,8581,7060
1084, 132.03280640, 5413,8553,7031
1085, 131.74804688, 5400,8530,7013
1086, 131.49667358, 5388,8508,6996
1087, 131.22070313, 5377,8492,6991
1088, 131.11523438, 5367,8472,6975
1089, 130.90956116, 5358,8469,6955
1090, 130.77949524, 5350,8450,6956
1091, 130.63359070, 5342,8442,6937
1092, 130.51757813, 5335,8424,6925
1093, 130.34179688, 5324,8407,6914
1094, 130.16954041, 5320,8406,6921
1095, 129.98495483, 5308,8377,6890
1096, 129.72656250, 5291,8354,6873
1097, 129.38203430, 5278,8326,6863
1098, 129.10957336, 5259,8307,6827
1099, 128.73164368, 5236,8272,6803
1100, 128.32031250, 5215,8230,6774
1101, 127.96875000, 5194,8193,6750
1102, 127.61718750, 5172,8154,6717
1103, 127.29902649, 5148,8122,6691
1104, 126.91406250, 5126,8091,6658
1105, 126.56250000, 5101,8052,6643
1106, 126.21093750, 5082,8018,6605
1107, 125.94726563, 5058,7982,6576
1108, 125.67480469, 5041,7953,6564
1109, 125.41992188, 5025,7928,6534
1110, 125.17558289, 5011,7901,6515
1111, 124.98046875, 4993,7880,6496
1112, 124.82051086, 4985,7865,6498
1113, 124.62890625, 4973,7846,6467
1114, 124.54101563, 4961,7835,6457
1115, 124.36523438, 4952,7817,6457
1116, 124.27734375, 4945,7802,6430
1117, 124.10156250, 4930,7781,6428
1118, 123.83789063, 4912,7753,6404
1119, 123.57421875, 4894,7725,6369
1120, 123.24903107, 4873,7688,6354
1121, 122.95898438, 4849,7655,6313
1122, 122.58280945, 4822,7610,6278
1123, 122.17851257, 4797,7564,6245
1124, 121.81640625, 4770,7523,6209
1125, 121.46660614, 4739,7478,6173
1126, 121.11328125, 4708,7433,6146
1127, 120.76171875, 4680,7386,6100
1128, 120.41015625, 4652,7342,6066
1129, 120.05859375, 4628,7304,6029
1130, 119.79492188, 4606,7264,6001
1131, 119.53125000, 4586,7236,5977
1132, 119.26757813, 4563,7199,5949
1133, 119.06015778, 4544,7171,5925
1134, 118.86152649, 4532,7151,5909
1135, 118.66991425, 4518,7129,5890
1136, 118.56445313, 4504,7109,5890
1137, 118.44492340, 4493,7097,5858
1138, 118.30078125, 4482,7074,5843
1139, 118.13202667, 4471,7063,5842
1140, 118.01425934, 4457,7042,5823
1141, 117.77343750, 4436,7005,5782
1142, 117.42187500, 4413,6964,5765
1143, 117.15820313, 4386,6928,5723
1144, 116.80664063, 4358,6874,5693
1145, 116.44277191, 4325,6823,5642
1146, 116.10175323, 4293,6779,5601
1147, 115.66757965, 4260,6722,5557
1148, 115.38282013, 4229,6673,5517
1149, 114.96093750, 4198,6623,5475
1150, 114.60937500, 4165,6570,5433
1151, 114.25781250, 4135,6523,5390
1152, 113.95195770, 4104,6484,5365
1153, 113.64257813, 4076,6431,5317
1154, 113.41054535, 4056,6407,5301
1155, 113.11523438, 4031,6367,5256
1156, 112.93945313, 4014,6332,5249
1157, 112.76367188, 3998,6315,5226
1158, 112.58437347, 3981,6287,5191
1159, 112.45429230, 3969,6261,5191
1160, 112.32421875, 3955,6242,5173
1161, 112.17128754, 3941,6220,5143
1162, 112.06054688, 3928,6199,5141
1163, 111.79687500, 3910,6166,5099
1164, 111.62109375, 3888,6133,5072
1165, 111.27832031, 3859,6099,5039
1166, 111.00585938, 3834,6052,5011
1167, 110.65429688, 3796,5992,4967
1168, 110.30273438, 3765,5938,4924
1169, 109.95117188, 3731,5884,4882
1170, 109.58378601, 3694,5838,4827
1171, 109.16718292, 3658,5774,4777
1172, 108.80683136, 3621,5713,4729
1173, 108.45703125, 3588,5660,4682
1174, 108.10546875, 3556,5617,4650
1175, 107.76269531, 3523,5567,4601
1176, 107.49023438, 3497,5513,4576
1177, 107.22656250, 3475,5477,4533
1178, 107.03144836, 3451,5450,4506
1179, 106.87323761, 3432,5422,4491
1180, 106.61132813, 3412,5388,4451
1181, 106.47772980, 3397,5355,4434
1182, 106.29140472, 3381,5331,4424
1183, 106.17187500, 3369,5319,4396
1184, 106.01718903, 3351,5284,4388
1185, 105.82031250, 3336,5259,4366
1186, 105.64453125, 3315,5227,4325
1187, 105.38085938, 3292,5196,4294
1188, 105.10839844, 3262,5141,4255
1189, 104.77969360, 3233,5092,4230
1190, 104.41406250, 3200,5039,4174
1191, 104.07480621, 3164,4997,4129
1192, 103.71093750, 3129,4935,4081
1193, 103.35937500, 3092,4869,4034
1194, 103.00781250, 3056,4811,3987
1195, 102.65625000, 3021,4765,3941
1196, 102.30468750, 2988,4712,3898
1197, 101.95488739, 2953,4648,3866
1198, 101.67012024, 2922,4611,3815
1199, 101.42578125, 2899,4562,3780
1200, 101.16210938, 2868,4528,3742
1201, 100.89843750, 2847,4480,3714
1202, 100.72265625, 2830,4455,3692
1203, 100.55918121, 2814,4431,3672
1204, 100.42382813, 2797,4405,3664
1205, 100.28320313, 2785,4382,3646
1206, 100.19003296, 2771,4362,3618
1207, 100.01953125, 2760,4339,3612
1208, 99.83847046, 2736,4320,3573
1209, 99.58007813, 2714,4274,3544
1210, 99.31992340, 2688,4241,3512
1211, 98.98241425, 2661,4184,3471
1212, 98.70117188, 2626,4143,3427
1213, 98.34258270, 2590,4087,3382
1214, 97.97871399, 2556,4030,3343
1215, 97.55859375, 2517,3963,3301
1216, 97.26152039, 2482,3917,3241
1217, 96.90995789, 2445,3849,3195
1218, 96.51445007, 2409,3793,3149
1219, 96.21738434, 2376,3749,3104
1220, 95.89746094, 2345,3691,3065
1221, 95.63730621, 2314,3654,3025
1222, 95.44921875, 2302,3622,3011
1223, 95.28222656, 2289,3606,2993
1224, 95.18554688, 2285,3592,2990
1225, 95.00976563, 2261,3563,2956
1226, 94.83398438, 2251,3528,2924
1227, 94.65820313, 2224,3493,2894
1228, 94.44726563, 2204,3481,2892
1229, 94.25215149, 2184,3442,2858
1230, 93.95684052, 2157,3396,2812
1231, 93.69843292, 2132,3360,2802
1232, 93.42949677, 2109,3325,2759
1233, 93.16406250, 2084,3291,2725
1234, 92.89687347, 2053,3233,2687
1235, 92.54882813, 2022,3187,2647
1236, 92.19726563, 1988,3144,2616
1237, 91.84570313, 1955,3090,2573
1238, 91.49414063, 1922,3025,2513
1239, 91.14257813, 1886,2983,2482
1240, 90.79101563, 1855,2920,2427
1241, 90.52734375, 1831,2893,2409
1242, 90.18984985, 1803,2839,2359
1243, 89.91738129, 1779,2799,2342
1244, 89.73632813, 1759,2768,2300
1245, 89.50781250, 1739,2738,2276
1246, 89.37949371, 1723,2725,2255
1247, 89.15097809, 1706,2684,2231
1248, 88.94531250, 1688,2655,2208
1249, 88.81874847, 1672,2635,2191
1250, 88.59551239, 1658,2608,2167
1251, 88.41796875, 1638,2579,2158
1252, 88.15429688, 1616,2558,2113
1253, 87.89941406, 1595,2521,2087
1254, 87.62871552, 1573,2487,2071
1255, 87.44413757, 1551,2452,2030
1256, 87.09960938, 1526,2401,2001
1257, 86.83066559, 1497,2369,1960
1258, 86.48437500, 1468,2309,1922
1259, 86.08535004, 1436,2258,1878
1260, 85.72851563, 1408,2217,1839
1261, 85.37870789, 1374,2161,1798
1262, 85.05527496, 1353,2113,1758
1263, 84.72656250, 1316,2070,1737
1264, 84.46289063, 1294,2037,1708
1265, 84.11484528, 1270,1996,1661
1266, 83.86347961, 1248,1977,1634
1267, 83.67187500, 1232,1951,1626
1268, 83.49433136, 1215,1911,1605
1269, 83.31327820, 1202,1888,1571
1270, 83.14453125, 1186,1865,1551
1271, 82.96523285, 1171,1855,1547
1272, 82.71386719, 1166,1831,1511
1273, 82.61718750, 1143,1810,1495
1274, 82.35351563, 1124,1767,1473
1275, 82.08984375, 1106,1738,1447
1276, 81.82617188, 1097,1706,1420
1277, 81.56250000, 1075,1674,1392
1278, 81.29882813, 1042,1641,1379
1279, 81.03163910, 1023,1606,1350
1280, 80.69062805, 998,1569,1319
1281, 80.33203125, 974,1544,1273
1282, 80.00331879, 947,1487,1251
1283, 79.62890625, 921,1447,1219
1284, 79.29140472, 896,1407,1168
1285, 78.92578125, 871,1367,1137
1286, 78.66210938, 851,1337,1125
1287, 78.35976410, 831,1317,1083
1288, 78.06620789, 809,1271,1057
1289, 77.81132507, 792,1243,1034
1290, 77.60742188, 778,1236,1029
1291, 77.43164063, 765,1215,1013
1292, 77.25585938, 754,1199,984
1293, 77.02734375, 740,1161,980
1294, 76.82167816, 727,1142,948
1295, 76.73203278, 720,1145,939
1296, 76.53867340, 705,1122,922
1297, 76.32949066, 693,1101,903
1298, 76.02539063, 686,1058,879
1299, 75.76348114, 661,1050,873
1300, 75.58593750, 645,1012,855
1301, 75.30820465, 629,986,820
1302, 75.00234222, 612,958,795
1303, 74.66132355, 590,940,769
1304, 74.34492493, 571,893,754
1305, 73.91601563, 548,859,725
1306, 73.57148743, 527,828,686
1307, 73.21289063, 507,806,658
1308, 72.86309052, 488,764,634
1309, 72.68554688, 478,758,619
1310, 72.40781403, 462,732,608
1311, 72.12831879, 448,701,591
1312, 71.89453125, 435,680,564
1313, 71.63262177, 425,674,550
1314, 71.45507813, 414,658,538
1315, 71.27929688, 405,633,533
1316, 71.10351563, 397,618,512
1317, 70.90312195, 386,613,507
1318, 70.75195313, 380,590,490
1319, 70.57617188, 369,585,477
1320, 70.31250000, 359,568,463
1321, 70.09277344, 348,539,455
1322, 69.78515625, 336,520,437
1323, 69.52148438, 322,502,421
1324, 69.25781250, 311,483,402
1325, 68.91152191, 299,463,384
1326, 68.57402039, 290,439,367
1327, 68.29101563, 269,416,348
1328, 67.90077972, 255,395,327
1329, 67.50000000, 246,372,308
1330, 67.14843750, 228,350,289
1331, 66.88124847, 215,338,274
1332, 66.54199219, 206,323,261
1333, 66.26953125, 197,300,248
1334, 66.00585938, 191,285,237
1335, 65.80722809, 178,273,228
1336, 65.56640625, 173,269,216
1337, 65.39941406, 169,257,209
1338, 65.21484375, 163,246,205
1339, 65.03906250, 157,242,197
1340, 64.86328125, 151,229,187
1341, 64.68750000, 146,221,179
1342, 64.51171875, 142,217,175
1343, 64.24804688, 133,204,166
1344, 63.96855545, 127,192,157
1345, 63.72070312, 122,179,149
1346, 63.45703125, 114,170,135
1347, 63.19335937, 107,160,132
1348, 62.88222885, 104,149,122
1349, 62.52363205, 92,135,106
1350, 62.14394379, 85,121,95
1351, 61.80644226, 79,113,94
1352, 61.43554687, 72,103,85
1353, 61.08398437, 66,92,77
1354, 60.82031250, 61,85,62
1355, 60.50391006, 56,78,65
1356, 60.20507812, 53,73,52
1357, 59.94140625, 49,68,47
1358, 59.76562500, 47,63,44
1359, 59.58984375, 44,60,41
1360, 59.41406250, 43,56,48
1361, 59.23828125, 40,54,46
1362, 58.97460937, 38,50,43
1363, 58.88671875, 38,41,41
1364, 58.70917892, 35,46,40
1365, 58.70742416, 36,46,29