0, 58.71093750, 37,41,39
1, 58.96933746, 37,49,31
2, 59.15039062, 40,45,44
3, 59.41406250, 42,56,49
4, 59.58984375, 45,60,50
5, 59.67949295, 46,55,53
6, 60.06445694, 50,68,49
7, 60.47578430, 56,80,67
8, 60.99609375, 64,86,66
9, 61.43554687, 71,99,85
10, 61.92245865, 80,117,97
11, 62.40234375, 90,130,101
12, 62.85585785, 100,148,123
13, 63.28125000, 110,165,136
14, 63.63281250, 120,179,142
15, 63.92461014, 125,192,151
16, 64.15839386, 130,201,163
17, 64.33593750, 136,209,165
18, 64.50644684, 140,211,170
19, 64.68750000, 146,226,183
20, 64.95117188, 153,237,192
21, 65.29042816, 164,248,202
22, 65.56640625, 172,264,214
23, 66.00585938, 186,286,233
24, 66.44531250, 205,309,255
25, 66.96035004, 217,342,278
26, 67.41210938, 235,364,300
27, 67.85156250, 255,394,325
28, 68.37890625, 273,431,352
29, 68.81835938, 298,463,377
30, 69.25781250, 311,484,405
31, 69.60937500, 326,507,425
32, 69.91875458, 346,529,443
33, 70.06640625, 348,542,448
34, 70.24394226, 356,556,465
35, 70.40039063, 363,575,477
36, 70.66406250, 380,583,490
37, 70.85917664, 385,611,507
38, 71.19492340, 409,626,527
39, 71.54296875, 416,651,549
40, 71.97187805, 438,695,577
41, 72.42011261, 460,723,609
42, 72.86132813, 494,774,643
43, 73.30078125, 512,817,677
44, 73.82812500, 540,861,704
45, 74.30448914, 567,905,753
46, 74.78964996, 596,936,789
47, 75.14824677, 620,976,824
48, 75.58593750, 645,1028,854
49, 75.85312653, 664,1044,867
50, 76.06757355, 674,1062,895
51, 76.28730011, 686,1089,896
52, 76.44023132, 698,1111,910
53, 76.64062500, 711,1120,929
54, 76.83398438, 736,1155,963
55, 77.16796875, 747,1175,976
56, 77.51953125, 769,1211,1019
57, 77.90976715, 795,1266,1055
58, 78.31054688, 826,1315,1082
59, 78.83789063, 860,1355,1126
60, 79.27734375, 892,1407,1182
61, 79.76953125, 928,1477,1231
62, 80.24414063, 963,1529,1261
63, 80.68359375, 996,1570,1320
64, 81.12304688, 1027,1632,1361
65, 81.47460938, 1054,1662,1397
66, 81.73828125, 1075,1696,1422
67, 82.00195313, 1091,1730,1432
68, 82.17773438, 1106,1746,1452
69, 82.35351563, 1132,1783,1485
70, 82.54687500, 1147,1808,1505
71, 82.79296875, 1159,1842,1520
72, 83.14453125, 1184,1877,1553
73, 83.42050934, 1208,1908,1586
74, 83.84765625, 1244,1975,1644
75, 84.28710938, 1279,2031,1692
76, 84.81269073, 1318,2083,1746
77, 85.25390625, 1370,2146,1786
78, 85.72324371, 1403,2225,1854
79, 86.22070313, 1442,2289,1893
80, 86.66367340, 1483,2354,1948
81, 87.09960938, 1521,2414,2010
82, 87.53202820, 1555,2467,2041
83, 87.80625153, 1582,2510,2091
84, 88.03300476, 1600,2526,2115
85, 88.17890930, 1626,2565,2134
86, 88.33184052, 1639,2575,2140
87, 88.59375000, 1650,2617,2167
88, 88.84863281, 1670,2649,2203
89, 89.12109375, 1697,2690,2225
90, 89.47265625, 1726,2740,2282
91, 89.85234070, 1766,2788,2317
92, 90.27246094, 1806,2854,2373
93, 90.79101563, 1850,2935,2443
94, 91.23574829, 1900,3004,2498
95, 91.73496246, 1941,3076,2560
96, 92.19726563, 1987,3147,2616
97, 92.63671875, 2030,3215,2673
98, 93.07617188, 2071,3280,2714
99, 93.42773438, 2105,3325,2770
100, 93.77929688, 2139,3377,2795
101, 93.95507813, 2155,3403,2825
102, 94.17480469, 2180,3432,2851
103, 94.39453125, 2193,3472,2887
104, 94.57031250, 2210,3507,2900
105, 94.83398438, 2239,3535,2935
106, 95.09765625, 2265,3577,2970
107, 95.45098114, 2306,3638,3011
108, 95.87988281, 2339,3706,3079
109, 96.26660919, 2381,3759,3118
110, 96.76757813, 2426,3841,3192
111, 97.24569702, 2475,3918,3256
112, 97.72206879, 2523,3983,3317
113, 98.17382813, 2569,4054,3376
114, 98.68007660, 2616,4131,3426
115, 99.11250305, 2660,4200,3482
116, 99.49042511, 2697,4260,3546
117, 99.83672333, 2732,4311,3587
118, 100.01953125, 2753,4345,3614
119, 100.20059204, 2774,4384,3642
120, 100.44316101, 2793,4405,3665
121, 100.63476563, 2811,4436,3678
122, 100.81933594, 2833,4473,3720
123, 101.15508270, 2864,4516,3759
124, 101.43632507, 2898,4582,3801
125, 101.86523438, 2939,4640,3856
126, 102.30468750, 2983,4718,3899
127, 102.75644684, 3027,4778,3969
128, 103.25391388, 3073,4854,4020
129, 103.71093750, 3120,4929,4097
130, 104.21015930, 3170,5005,4146
131, 104.67773438, 3215,5081,4219
132, 105.04160309, 3256,5144,4271
133, 105.47402954, 3294,5203,4309
134, 105.82031250, 3325,5254,4348
135, 105.99609375, 3345,5295,4373
136, 106.25097656, 3365,5325,4399
137, 106.43554688, 3386,5363,4427
138, 106.61132813, 3403,5389,4466
139, 106.87500000, 3427,5422,4486
140, 107.17207336, 3459,5467,4524
141, 107.49023438, 3486,5525,4564
142, 107.88750458, 3525,5584,4613
143, 108.29531860, 3564,5640,4670
144, 108.78926086, 3613,5721,4727
145, 109.33065796, 3662,5789,4791
146, 109.77539063, 3708,5864,4851
147, 110.25878906, 3753,5937,4912
148, 110.74218750, 3799,6011,4973
149, 111.18164063, 3842,6073,5025
150, 111.62109375, 3879,6145,5089
151, 111.89179230, 3911,6182,5127
152, 112.14843750, 3932,6230,5156
153, 112.32421875, 3946,6247,5162
154, 112.50000000, 3960,6273,5192
155, 112.67929840, 3982,6296,5206
156, 112.93945313, 4006,6341,5237
157, 113.20312500, 4031,6383,5269
158, 113.55468750, 4058,6416,5319
159, 113.92558289, 4096,6477,5354
160, 114.34570313, 4132,6532,5403
161, 114.81855774, 4174,6609,5460
162, 115.35116577, 4221,6671,5529
163, 115.82929993, 4263,6739,5571
164, 116.27929688, 4305,6809,5641
165, 116.79433441, 4345,6874,5680
166, 117.24609375, 4385,6934,5742
167, 117.62753296, 4420,6995,5772
168, 117.96504211, 4447,7041,5812
169, 118.19004059, 4465,7061,5834
170, 118.38867188, 4479,7086,5855
171, 118.56445313, 4495,7113,5874
172, 118.74023438, 4510,7142,5906
173, 119.00390625, 4532,7165,5919
174, 119.26757813, 4552,7200,5950
175, 119.61914063, 4583,7246,5997
176, 119.97949219, 4617,7303,6025
177, 120.39961243, 4644,7340,6062
178, 120.84960938, 4678,7407,6122
179, 121.35057831, 4717,7470,6160
180, 121.81640625, 4756,7519,6208
181, 122.29452515, 4791,7577,6250
182, 122.78320313, 4827,7642,6310
183, 123.22265625, 4861,7690,6344
184, 123.66210938, 4891,7740,6381
185, 124.01367188, 4916,7780,6423
186, 124.27734375, 4934,7802,6445
187, 124.45312500, 4946,7822,6464
188, 124.63945007, 4963,7854,6469
189, 124.80820465, 4975,7873,6496
190, 125.06835938, 4990,7893,6508
191, 125.31796265, 5010,7926,6526
192, 125.66602325, 5032,7955,6556
193, 126.03515625, 5057,7994,6587
194, 126.38671875, 5081,8039,6617
195, 126.87187958, 5112,8078,6659
196, 127.36054230, 5143,8130,6701
197, 127.87909698, 5175,8189,6737
198, 128.32031250, 5203,8230,6771
199, 128.76679993, 5233,8279,6807
200, 129.27656555, 5256,8315,6841
201, 129.71601868, 5282,8356,6871
202, 130.02539063, 5300,8388,6895
203, 130.31542969, 5314,8403,6914
204, 130.51582336, 5322,8430,6926
205, 130.69335938, 5334,8444,6938
206, 130.86914063, 5340,8453,6952
207, 131.05195618, 5351,8478,6978
208, 131.30859375, 5366,8492,6982
209, 131.73222351, 5383,8523,7008
210, 132.01699829, 5400,8557,7027
211, 132.45117188, 5421,8579,7053
212, 132.93984985, 5441,8620,7091
213, 133.41796875, 5463,8654,7111
214, 133.85742188, 5488,8688,7146
215, 134.35311890, 5507,8731,7159
216, 134.82421875, 5525,8763,7185
217, 135.34101868, 5546,8786,7211
218, 135.70312500, 5561,8817,7244
219, 136.05468750, 5573,8837,7246
220, 136.39746094, 5586,8848,7272
221, 136.57850647, 5591,8857,7269
222, 136.68046570, 5598,8872,7287
223, 136.91601563, 5602,8876,7295
224, 137.10937500, 5610,8892,7294
225, 137.37129211, 5617,8907,7302
226, 137.72460938, 5629,8927,7327
227, 138.07617188, 5640,8944,7340
228, 138.49980164, 5650,8962,7344
229, 138.95507813, 5663,8989,7360
230, 139.44902039, 5672,9006,7374
231, 139.92187500, 5686,9022,7389
232, 140.36485291, 5697,9049,7413
233, 140.87637329, 5711,9063,7430
234, 141.32812500, 5718,9074,7429
235, 141.76582336, 5724,9086,7438
236, 142.11914063, 5730,9096,7447
237, 142.38281250, 5736,9105,7455
238, 142.55859375, 5733,9108,7455
239, 142.73437500, 5735,9122,7458
240, 142.91015625, 5735,9115,7462
241, 143.12284851, 5742,9120,7474
242, 143.34960938, 5746,9127,7483
243, 143.72225952, 5748,9139,7473
244, 144.12832642, 5750,9142,7479
245, 144.49218750, 5755,9154,7499
246, 144.93692017, 5758,9162,7501
247, 145.45898438, 5760,9161,7500
248, 145.89843750, 5760,9165,7504
249, 146.33789063, 5763,9163,7490
250, 146.86170959, 5761,9164,7490
251, 147.30468750, 5760,9161,7493
252, 147.74414063, 5759,9165,7490
253, 148.10977173, 5759,9159,7489
254, 148.44726563, 5757,9165,7498
255, 148.62304688, 5758,9164,7483
256, 148.80058289, 5751,9161,7494
257, 148.97460938, 5752,9153,7481
258, 149.15039063, 5749,9154,7478
259, 149.41406250, 5746,9144,7487
260, 149.76562500, 5743,9141,7480
261, 150.11718750, 5738,9133,7466
262, 150.50566101, 5736,9124,7470
263, 150.99609375, 5730,9118,7450
264, 151.43554688, 5721,9103,7454
265, 151.87500000, 5710,9089,7430
266, 152.38476563, 5704,9083,7428
267, 152.84179688, 5694,9069,7404
268, 153.33398438, 5682,9043,7401
269, 153.72773743, 5674,9035,7377
270, 154.07226563, 5665,9020,7366
271, 154.42382813, 5654,9007,7369
272, 154.59960938, 5654,8995,7354
273, 154.77539063, 5646,8988,7345
274, 154.95117188, 5644,8979,7351
275, 155.21308899, 5638,8974,7331
276, 155.40469360, 5632,8967,7333
277, 155.77206421, 5622,8942,7320
278, 156.09375000, 5612,8927,7297
279, 156.53320313, 5599,8905,7279
280, 156.97265625, 5582,8880,7274
281, 157.41210938, 5569,8862,7250
282, 157.87968445, 5549,8827,7213
283, 158.37890625, 5528,8794,7189
284, 158.84472656, 5513,8763,7175
285, 159.34042358, 5494,8733,7139
286, 159.70956421, 5475,8704,7128
287, 160.13671875, 5461,8677,7107
288, 160.40214539, 5446,8664,7086
289, 160.65878296, 5435,8641,7078
290, 160.83984375, 5428,8624,7055
291, 160.93827820, 5423,8611,7044
292, 161.19316101, 5410,8595,7043
293, 161.45507813, 5400,8576,7011
294, 161.80664063, 5381,8545,6992
295, 162.13359070, 5365,8520,6973
296, 162.51152039, 5347,8487,6956
297, 162.94921875, 5322,8449,6914
298, 163.47656250, 5300,8419,6894
299, 163.91601563, 5274,8378,6846
300, 164.35546875, 5247,8329,6809
301, 164.83183289, 5217,8282,6776
302, 165.32226563, 5193,8238,6752
303, 165.76171875, 5165,8200,6709
304, 166.11328125, 5147,8171,6694
305, 166.46484375, 5123,8131,6655
306, 166.64237976, 5112,8119,6638
307, 166.81640625, 5104,8093,6622
308, 166.99218750, 5090,8083,6623
309, 167.18379211, 5079,8056,6594
310, 167.43164063, 5062,8027,6584
311, 167.78320313, 5041,8003,6546
312, 168.05039978, 5019,7962,6514
313, 168.48632813, 4986,7914,6481
314, 168.92578125, 4959,7869,6455
315, 169.45312500, 4927,7812,6397
316, 169.89257813, 4893,7765,6356
317, 170.33203125, 4857,7711,6308
318, 170.85234070, 4821,7661,6263
319, 171.29882813, 4788,7604,6217
320, 171.73828125, 4758,7543,6186
321, 172.08984375, 4727,7504,6143
322, 172.41503906, 4703,7463,6123
323, 172.61718750, 4688,7440,6088
324, 172.79296875, 4672,7417,6070
325, 172.96875000, 4661,7397,6062
326, 173.17968750, 4642,7381,6037
327, 173.40820313, 4625,7341,6020
328, 173.74922180, 4602,7303,5978
329, 174.03047180, 4574,7262,5939
330, 174.46289063, 4539,7208,5896
331, 174.90234375, 4501,7151,5850
332, 175.35937500, 4465,7098,5800
333, 175.86914063, 4424,7025,5748
334, 176.30859375, 4384,6968,5705
335, 176.74804688, 4344,6898,5640
336, 177.27539063, 4304,6833,5590
337, 177.70956421, 4266,6774,5540
338, 178.06640625, 4233,6724,5512
339, 178.33711243, 4206,6688,5464
340, 178.59375000, 4185,6650,5439
341, 178.76953125, 4172,6625,5433
342, 178.94531250, 4157,6598,5410
343, 179.15975952, 4138,6578,5386
344, 179.40762329, 4113,6531,5354
345, 179.67831421, 4090,6503,5311
346, 180.08789063, 4055,6444,5271
347, 180.47109985, 4016,6383,5218
348, 180.87890625, 3979,6319,5168
349, 181.40625000, 3933,6258,5110
350, 181.84570313, 3891,6181,5053
351, 182.30273438, 3847,6108,4995
352, 182.80897522, 3800,6035,4947
353, 183.26953125, 3756,5967,4891
354, 183.69493103, 3715,5898,4826
355, 184.06582642, 3679,5845,4778
356, 184.40858459, 3647,5804,4738
357, 184.65644836, 3627,5763,4723
358, 184.83398438, 3611,5738,4693
359, 184.99571228, 3596,5714,4682
360, 185.18554688, 3573,5677,4642
361, 185.44921875, 3550,5640,4613
362, 185.74453735, 3521,5604,4572
363, 186.06445313, 3486,5538,4528
364, 186.49334717, 3450,5480,4481
365, 186.94335938, 3407,5411,4434
366, 187.38281250, 3360,5341,4377
367, 187.88554382, 3313,5262,4302
368, 188.34960938, 3265,5194,4254
369, 188.83476257, 3221,5119,4179
370, 189.31640625, 3173,5045,4116
371, 189.72071838, 3128,4970,4063
372, 190.10742188, 3094,4915,4016
373, 190.44140625, 3060,4858,3973
374, 190.63301086, 3043,4827,3944
375, 190.81054688, 3025,4809,3936
376, 190.98632813, 3007,4769,3902
377, 191.23944092, 2983,4734,3869
378, 191.42578125, 2963,4699,3841
379, 191.71582031, 2932,4662,3803
380, 192.04101563, 2902,4602,3760
381, 192.48046875, 2859,4545,3708
382, 192.90411377, 2816,4468,3650
383, 193.35937500, 2770,4394,3590
384, 193.79882813, 2725,4319,3530
385, 194.24003601, 2679,4245,3475
386, 194.75332642, 2632,4170,3408
387, 195.20507813, 2583,4093,3360
388, 195.64453125, 2545,4029,3293
389, 196.01367188, 2505,3967,3245
390, 196.36874390, 2475,3917,3214
391, 196.59552002, 2451,3881,3173
392, 196.78710938, 2431,3849,3145
393, 196.96289063, 2412,3834,3126
394, 197.13867188, 2394,3790,3099
395, 197.40409851, 2368,3751,3066
396, 197.66601563, 2342,3716,3030
397, 198.01757813, 2309,3656,2990
398, 198.42889404, 2269,3592,2937
399, 198.82089233, 2231,3528,2886
400, 199.33065796, 2185,3466,2827
401, 199.77539063, 2139,3394,2766
402, 200.21484375, 2094,3311,2721
403, 200.74218750, 2047,3239,2648
404, 201.17988586, 2002,3168,2605
405, 201.62109375, 1962,3105,2540
406, 201.97265625, 1925,3046,2493
407, 202.32421875, 1897,2997,2464
408, 202.58436584, 1874,2965,2424
409, 202.76014709, 1855,2936,2400
410, 202.91836548, 1840,2911,2394
411, 203.11523438, 1820,2890,2354
412, 203.37890625, 1799,2844,2339
413, 203.64257813, 1772,2812,2292
414, 203.99061584, 1743,2754,2255
415, 204.34570313, 1707,2699,2208
416, 204.78515625, 1668,2637,2173
417, 205.22460938, 1625,2581,2102
418, 205.75195313, 1582,2503,2060
419, 206.19140625, 1539,2442,1992
420, 206.66777039, 1497,2368,1937
421, 207.15820313, 1457,2302,1883
422, 207.59765625, 1419,2241,1834
423, 207.95449829, 1385,2199,1790
424, 208.30078125, 1358,2157,1755
425, 208.48008728, 1340,2117,1732
426, 208.74023438, 1324,2103,1712
427, 208.88612366, 1308,2080,1691
428, 209.09179688, 1293,2042,1671
429, 209.35371399, 1273,2008,1643
430, 209.61561584, 1248,1972,1629
431, 209.95137024, 1223,1929,1580
432, 210.32226563, 1191,1882,1553
433, 210.73182678, 1159,1828,1509
434, 211.20117188, 1121,1771,1448
435, 211.66348267, 1084,1709,1398
436, 212.14863586, 1045,1649,1364
437, 212.60742188, 1012,1608,1304
438, 213.13301086, 975,1537,1271
439, 213.51446533, 940,1484,1215
440, 213.92578125, 914,1438,1177
441, 214.27734375, 890,1415,1149
442, 214.49003601, 873,1375,1127
443, 214.62890625, 862,1370,1124
444, 214.86796570, 848,1348,1106
445, 215.06835938, 847,1313,1088
446, 215.24414063, 818,1290,1069
447, 215.54119873, 799,1260,1030
448, 215.85937500, 787,1237,1000
449, 216.29882813, 751,1195,967
450, 216.65039063, 724,1151,931
451, 217.09159851, 694,1092,894
452, 217.61543274, 662,1042,853
453, 218.06893921, 634,1008,828
454, 218.52774048, 604,951,777
455, 219.02343750, 577,918,741
456, 219.44883728, 552,866,709
457, 219.81445313, 530,832,681
458, 220.08340454, 514,805,659
459, 220.34179688, 501,786,643
460, 220.60194397, 488,767,626
461, 220.78125000, 477,750,613
462, 220.95703125, 468,734,601
463, 221.22070313, 455,713,592
464, 221.48437500, 441,700,565
465, 221.77793884, 425,664,552
466, 222.18750000, 405,642,518
467, 222.53906250, 384,600,491
468, 223.06640625, 362,564,463
469, 223.56913757, 338,528,432
470, 224.00859070, 318,502,409
471, 224.47265625, 296,462,382
472, 224.93144226, 277,430,352
473, 225.35156250, 259,402,330
474, 225.79101563, 243,376,308
475, 226.14082336, 231,358,293
476, 226.32363892, 223,348,281
477, 226.49942017, 215,338,273
478, 226.75781250, 207,326,264
479, 226.87207031, 202,310,254
480, 227.10937500, 194,299,246
481, 227.37304688, 187,287,235
482, 227.72460938, 174,267,220
483, 228.07617188, 164,250,206
484, 228.43829346, 151,230,191
485, 228.92169189, 138,210,169
486, 229.39453125, 125,188,158
487, 229.92187500, 112,170,140
488, 230.36132813, 105,151,126
489, 230.80078125, 90,133,112
490, 231.30703735, 81,120,99
491, 231.68849182, 74,107,82
492, 232.02069092, 68,98,74
493, 232.29492188, 64,91,76
494, 232.47070313, 62,86,72
495, 232.64648438, 58,77,69
496, 232.82226563, 57,78,57
497, 233.00332642, 55,74,62
498, 233.26171875, 49,69,58
499, 233.62031555, 45,55,52
500, 233.96484375, 41,49,48
501, 234.36563110, 37,50,33
502, 234.84375000, 34,41,38
503, 235.35176086, 31,30,35
504, 235.81054688, 29,35,31
505, 236.25000000, 28,24,19
506, 236.77734375, 27,31,28
507, 237.22207642, 27,24,28
508, 237.65625000, 28,33,29
509, 237.93750000, 29,35,31
510, 238.18359375, 30,28,32
511, 238.44198608, 32,30,34
512, 238.62304688, 34,40,25
513, 238.71093750, 33,34,36
514, 238.97460938, 35,46,39
515, 239.23828125, 38,48,41
516, 239.57928467, 41,45,35
517, 239.89746094, 44,58,50
518, 240.29296875, 49,64,55
519, 240.73242188, 55,74,54
520, 241.22987366, 62,87,73
521, 241.77655029, 71,101,75
522, 242.22656250, 80,113,94
523, 242.66601563, 88,128,106
524, 243.10546875, 99,145,119
525, 243.54667664, 109,159,124
526, 243.81562805, 118,171,140
527, 244.16015625, 124,185,150
528, 244.33241272, 127,191,150
529, 244.51171875, 134,198,157
530, 244.68750000, 138,206,163
531, 244.90370178, 144,216,176
532, 245.12695313, 152,227,181
533, 245.47851563, 161,241,198
534, 245.76679993, 173,259,211
535, 246.18164063, 185,286,229
536, 246.68084717, 200,304,248
537, 247.14843750, 219,339,270
538, 247.67578125, 238,363,295
539, 248.12226868, 257,393,320
540, 248.64257813, 277,424,345
541, 249.08203125, 295,454,371
542, 249.50918579, 313,483,391
543, 249.79920959, 328,505,409
544, 250.06288147, 340,526,426
545, 250.25799561, 348,538,436
546, 250.48828125, 359,562,454
547, 250.59550476, 365,574,457
548, 250.83984375, 376,591,471
549, 251.10351563, 389,602,488
550, 251.43399048, 406,638,508
551, 251.72402954, 422,665,539
552, 252.15820313, 443,699,558
553, 252.59765625, 468,728,589
554, 253.11796570, 495,783,624
555, 253.65234375, 524,817,671
556, 254.09179688, 552,862,707
557, 254.54882813, 580,906,744
558, 255.04803467, 610,951,768
559, 255.45410156, 634,990,801
560, 255.76171875, 654,1026,828
561, 256.11328125, 675,1071,867
562, 256.27325439, 686,1074,880
563, 256.41738892, 696,1091,881
564, 256.60546875, 709,1110,895
565, 256.81640625, 722,1134,930
566, 257.06777954, 738,1171,935
567, 257.34375000, 760,1207,965
568, 257.69882202, 789,1230,993
569, 258.13299561, 813,1276,1029
570, 258.57244873, 843,1325,1068
571, 259.05584717, 881,1396,1116
572, 259.54101563, 918,1442,1162
573, 260.06658936, 954,1499,1222
574, 260.50781250, 990,1557,1255
575, 260.95956421, 1027,1615,1302
576, 261.39022827, 1058,1665,1343
577, 261.73828125, 1086,1723,1379
578, 262.08984375, 1111,1750,1425
579, 262.26562500, 1126,1773,1430
580, 262.41854858, 1139,1794,1447
581, 262.55038452, 1152,1814,1476
582, 262.79296875, 1170,1843,1498
583, 262.98455811, 1188,1886,1523
584, 263.32031250, 1212,1915,1542
585, 263.65957642, 1242,1971,1576
586, 264.09902954, 1278,2014,1622
587, 264.49627686, 1314,2074,1684
588, 264.99023438, 1356,2140,1724
589, 265.51757813, 1401,2211,1794
590, 265.97637939, 1443,2291,1835
591, 266.48437500, 1485,2358,1889
592, 266.92382813, 1530,2425,1957
593, 267.36328125, 1566,2474,1991
594, 267.71484375, 1598,2524,2032
595, 267.97851563, 1623,2568,2082
596, 268.15429688, 1639,2604,2102
597, 268.37579346, 1658,2621,2125
598, 268.50585938, 1673,2644,2144
599, 268.74139404, 1690,2675,2155
600, 269.02969360, 1719,2717,2188
601, 269.27752686, 1742,2757,2220
602, 269.64492798, 1777,2823,2264
603, 270.00704956, 1816,2873,2327
604, 270.44650269, 1859,2950,2367
605, 270.96679688, 1904,3022,2438
606, 271.49414063, 1955,3090,2490
607, 271.94766235, 2003,3169,2566
608, 272.46093750, 2051,3243,2614
609, 272.90039063, 2098,3317,2673
610, 273.33984375, 2136,3393,2724
611, 273.69140625, 2172,3435,2769
612, 273.95858765, 2202,3483,2821
613, 274.13085938, 2221,3521,2828
614, 274.30664063, 2237,3540,2851
615, 274.48593140, 2256,3570,2876
616, 274.74609375, 2277,3614,2918
617, 274.96759033, 2305,3644,2949
618, 275.27343750, 2335,3690,2974
619, 275.62500000, 2368,3753,3017
620, 275.98184204, 2411,3812,3084
621, 276.48281860, 2454,3880,3127
622, 276.94335938, 2503,3971,3193
623, 277.46542358, 2554,4053,3257
624, 277.91015625, 2606,4123,3326
625, 278.43750000, 2656,4202,3387
626, 278.87872314, 2703,4291,3451
627, 279.31640625, 2747,4349,3506
628, 279.67147827, 2784,4419,3566
629, 279.95623779, 2816,4465,3606
630, 280.11972046, 2831,4480,3615
631, 280.32363892, 2850,4511,3638
632, 280.47656250, 2871,4544,3664
633, 280.71209717, 2890,4584,3687
634, 280.98632813, 2918,4619,3737
635, 281.25000000, 2952,4670,3765
636, 281.60156250, 2983,4716,3818
637, 281.95312500, 3021,4784,3859
638, 282.39257813, 3069,4858,3918
639, 282.83908081, 3114,4934,3979
640, 283.43670654, 3171,5019,4060
641, 283.88671875, 3219,5100,4126
642, 284.32617188, 3267,5178,4174
643, 284.83416748, 3317,5263,4237
644, 285.29296875, 3359,5327,4296
645, 285.64453125, 3401,5391,4360
646, 285.99432373, 3429,5438,4397
647, 286.17187500, 3452,5480,4410
648, 286.34765625, 3470,5499,4433
649, 286.52343750, 3489,5529,4455
650, 286.69921875, 3507,5557,4497
651, 286.96289063, 3534,5610,4515
652, 287.22656250, 3560,5643,4549
653, 287.57812500, 3594,5698,4606
654, 287.93145752, 3634,5770,4657
655, 288.37265015, 3675,5825,4699
656, 288.87890625, 3723,5904,4760
657, 289.33593750, 3772,5984,4824
658, 289.86328125, 3820,6062,4897
659, 290.30273438, 3866,6138,4958
660, 290.81427002, 3912,6209,5006
661, 291.18164063, 3952,6271,5068
662, 291.53320313, 3983,6334,5097
663, 291.82147217, 4012,6380,5147
664, 292.06582642, 4033,6416,5177
665, 292.23632813, 4050,6436,5186
666, 292.49649048, 4070,6467,5212
667, 292.68634033, 4094,6511,5243
668, 292.91485596, 4114,6543,5279
669, 293.20312500, 4142,6589,5302
670, 293.55291748, 4175,6632,5356
671, 293.92382813, 4210,6700,5401
672, 294.34570313, 4247,6759,5437
673, 294.78515625, 4293,6821,5496
674, 295.31250000, 4339,6907,5558
675, 295.83984375, 4385,6980,5615
676, 296.31094360, 4426,7049,5684
677, 296.79785156, 4467,7116,5735
678, 297.15820313, 4505,7166,5773
679, 297.57128906, 4537,7218,5814
680, 297.82443237, 4562,7257,5842
681, 298.09512329, 4583,7294,5871
682, 298.30078125, 4600,7320,5893
683, 298.47656250, 4617,7341,5912
684, 298.67520142, 4636,7384,5933
685, 298.91601563, 4658,7407,5962
686, 299.17968750, 4679,7454,5989
687, 299.52947998, 4705,7495,6036
688, 299.88281250, 4740,7545,6066
689, 300.32226563, 4774,7594,6110
690, 300.80389404, 4808,7653,6170
691, 301.29257202, 4850,7723,6223
692, 301.81640625, 4891,7787,6264
693, 302.27694702, 4934,7849,6311
694, 302.78320313, 4969,7909,6361
695, 303.22616577, 5005,7966,6416
696, 303.66210938, 5033,8013,6453
697, 303.94512939, 5057,8052,6470
698, 304.18945313, 5072,8076,6488
699, 304.36523438, 5084,8105,6509
700, 304.56036377, 5101,8117,6537
701, 304.71679688, 5116,8138,6541
702, 304.98046875, 5131,8162,6573
703, 305.24414063, 5145,8199,6596
704, 305.59570313, 5173,8232,6616
705, 305.94726563, 5200,8276,6648
706, 306.37615967, 5224,8314,6686
707, 306.82617188, 5260,8369,6735
708, 307.33944702, 5293,8420,6768
709, 307.79296875, 5325,8466,6807
710, 308.32031250, 5357,8514,6846
711, 308.75976563, 5388,8561,6882
712, 309.19921875, 5409,8602,6913
713, 309.59295654, 5437,8641,6947
714, 309.92694092, 5454,8671,6966
715, 310.16778564, 5470,8701,6998
716, 310.34179688, 5476,8707,7010
717, 310.52462769, 5484,8725,7011
718, 310.74081421, 5497,8743,7032
719, 310.95703125, 5512,8755,7050
720, 311.22070313, 5527,8787,7058
721, 311.57226563, 5539,8816,7079
722, 311.95547485, 5559,8847,7118
723, 312.35800171, 5580,8869,7130
724, 312.80096436, 5601,8904,7156
725, 313.32479858, 5625,8942,7191
726, 313.80468750, 5648,8980,7220
727, 314.29687500, 5669,9011,7250
728, 314.73632813, 5688,9047,7284
729, 315.25311279, 5708,9078,7296
730, 315.61523438, 5722,9103,7318
731, 315.96679688, 5735,9122,7341
732, 316.23046875, 5742,9136,7343
733, 316.40625000, 5749,9141,7363
734, 316.58203125, 5756,9151,7369
735, 316.73495483, 5763,9159,7381
736, 316.93359375, 5772,9172,7378
737, 317.19726563, 5774,9189,7390
738, 317.55059814, 5789,9213,7419
739, 317.90039063, 5799,9227,7417
740, 318.33807373, 5812,9243,7436
741, 318.77929688, 5824,9258,7462
742, 319.30664063, 5837,9281,7471
743, 319.79180908, 5851,9305,7487
744, 320.26815796, 5860,9321,7513
745, 320.73397827, 5871,9341,7516
746, 321.15234375, 5878,9348,7529
747, 321.50390625, 5884,9358,7546
748, 321.85546875, 5889,9366,7543
749, 322.11035156, 5892,9371,7547
750, 322.29492188, 5896,9381,7554
751, 322.50057983, 5904,9381,7558
752, 322.65353394, 5906,9395,7571
753, 322.91015625, 5906,9393,7566
754, 323.17382813, 5913,9401,7581
755, 323.50604248, 5914,9400,7573
756, 323.87695313, 5917,9407,7580
757, 324.30761719, 5921,9413,7584
758, 324.74005127, 5926,9418,7587
759, 325.19531250, 5927,9424,7603
760, 325.72265625, 5931,9424,7596
761, 326.25000000, 5931,9425,7606
762, 326.69650269, 5934,9431,7599
763, 327.13595581, 5931,9426,7599
764, 327.56484985, 5930,9430,7606
765, 327.83203125, 5928,9421,7605
766, 328.13436890, 5928,9425,7606
767, 328.27676392, 5926,9417,7592
768, 328.52987671, 5925,9415,7591
769, 328.71093750, 5924,9417,7586
770, 328.90957642, 5923,9408,7585
771, 329.23300171, 5918,9405,7584
772, 329.50195313, 5915,9404,7588
773, 329.85351563, 5913,9394,7587
774, 330.29296875, 5909,9391,7566
775, 330.73242188, 5901,9379,7560
776, 331.26327515, 5892,9357,7548
777, 331.78710938, 5882,9351,7548
778, 332.22656250, 5871,9334,7525
779, 332.75213623, 5859,9309,7522
780, 333.19335938, 5850,9297,7509
781, 333.63281250, 5839,9276,7485
782, 333.92108154, 5831,9260,7474
783, 334.24453735, 5820,9246,7465
784, 334.42382813, 5818,9239,7472
785, 334.59082031, 5809,9232,7467
786, 334.77188110, 5808,9233,7447
787, 334.95117188, 5802,9217,7438
788, 335.23065186, 5792,9200,7439
789, 335.56640625, 5780,9184,7429
790, 335.91445923, 5774,9167,7404
791, 336.27832031, 5757,9143,7397
792, 336.72479248, 5743,9117,7367
793, 337.23632813, 5725,9084,7343
794, 337.76367188, 5704,9064,7319
795, 338.20312500, 5686,9030,7293
796, 338.73046875, 5666,8996,7269
797, 339.16992188, 5643,8961,7241
798, 339.60760498, 5624,8926,7217
799, 339.96093750, 5610,8907,7201
800, 340.22460938, 5598,8881,7181
801, 340.40039063, 5587,8868,7181
802, 340.58322144, 5578,8854,7160
803, 340.75546265, 5571,8845,7151
804, 341.01562500, 5559,8822,7145
805, 341.24240112, 5547,8814,7120
806, 341.54296875, 5530,8781,7100
807, 341.89276123, 5516,8762,7081
808, 342.26190186, 5493,8722,7064
809, 342.68554688, 5470,8681,7034
810, 343.20938110, 5443,8644,6991
811, 343.71209717, 5416,8594,6961
812, 344.17968750, 5385,8548,6914
813, 344.66836548, 5358,8500,6878
814, 345.14648438, 5328,8453,6842
815, 345.58593750, 5302,8416,6811
816, 345.93222046, 5280,8380,6789
817, 346.20468140, 5259,8344,6753
818, 346.37695313, 5248,8324,6738
819, 346.55273438, 5236,8312,6738
820, 346.73379517, 5224,8290,6709
821, 346.90429688, 5210,8266,6689
822, 347.24530029, 5193,8240,6682
823, 347.51953125, 5173,8207,6642
824, 347.86758423, 5149,8172,6616
825, 348.22265625, 5123,8137,6589
826, 348.66210938, 5089,8074,6537
827, 349.17010498, 5057,8023,6495
828, 349.63067627, 5019,7962,6461
829, 350.15625000, 4986,7908,6399
830, 350.59570313, 4949,7848,6356
831, 351.12304688, 4910,7789,6317
832, 351.56072998, 4878,7742,6266
833, 351.91406250, 4848,7689,6239
834, 352.17773438, 4825,7653,6210
835, 352.36230469, 4811,7630,6178
836, 352.52929688, 4798,7608,6173
837, 352.70507813, 4785,7592,6156
838, 352.96875000, 4764,7569,6122
839, 353.16210938, 4742,7525,6094
840, 353.49609375, 4718,7494,6064
841, 353.76681519, 4693,7448,6026
842, 354.21151733, 4660,7386,5983
843, 354.63867188, 4623,7334,5937
844, 355.10977173, 4582,7266,5896
845, 355.60546875, 4538,7205,5829
846, 356.11523438, 4494,7126,5784
847, 356.57226563, 4449,7058,5728
848, 357.02752686, 4408,6990,5674
849, 357.45117188, 4371,6936,5624
850, 357.89062500, 4335,6881,5568
851, 358.15429688, 4307,6838,5535
852, 358.33358765, 4288,6805,5522
853, 358.50585938, 4275,6786,5492
854, 358.68164063, 4258,6759,5480
855, 358.94531250, 4238,6718,5445
856, 359.14746094, 4212,6684,5417
857, 359.42520142, 4187,6650,5394
858, 359.80487061, 4153,6591,5341
859, 0.17578125, 4119,6541,5290
860, 0.61523437, 4073,6464,5238
861, 1.10566401, 4028,6404,5184
862, 1.58203125, 3982,6320,5121
863, 2.04785156, 3933,6240,5063
864, 2.53828120, 3888,6179,5003
865, 2.99003911, 3841,6096,4955
866, 3.42773437, 3801,6034,4892
867, 3.77929687, 3763,5987,4858
868, 4.05000019, 3734,5933,4811
869, 4.30664063, 3712,5891,4779
870, 4.48945332, 3692,5860,4765
871, 4.71445322, 3675,5845,4731
872, 4.92187500, 3654,5801,4715
873, 5.15390635, 3628,5759,4671
874, 5.44921875, 3600,5714,4635
875, 5.77617216, 3568,5662,4594
876, 6.15234375, 3527,5607,4545
877, 6.59179688, 3484,5530,4499
878, 7.03125000, 3436,5454,4438
879, 7.55859375, 3380,5374,4360
880, 8.08417988, 3331,5292,4311
881, 8.52539063, 3280,5214,4235
882, 8.96484375, 3230,5145,4170
883, 9.41835976, 3182,5061,4111
884, 9.84375000, 3142,4998,4060
885, 10.19531250, 3109,4947,4031
886, 10.37109375, 3088,4913,3993
887, 10.54687500, 3069,4883,3970
888, 10.72265625, 3051,4853,3957
889, 10.95292950, 3029,4830,3928
890, 11.16210938, 3006,4794,3888
891, 11.42578125, 2976,4739,3865
892, 11.77734375, 2943,4682,3823
893, 12.13945293, 2901,4628,3770
894, 12.56835938, 2859,4552,3701
895, 13.00781250, 2811,4473,3640
896, 13.53515625, 2761,4391,3588
897, 13.97460938, 2709,4314,3512
898, 14.50195313, 2659,4232,3448
899, 14.94140625, 2608,4156,3383
900, 15.38085938, 2564,4082,3325
901, 15.78339863, 2523,4017,3274
902, 16.08749962, 2492,3979,3235
903, 16.34765625, 2469,3940,3202
904, 16.52695274, 2449,3910,3179
905, 16.73613358, 2430,3870,3153
906, 16.87500000, 2413,3852,3131
907, 17.13867188, 2391,3816,3102
908, 17.40234375, 2365,3774,3070
909, 17.75390625, 2327,3702,3019
910, 18.10546875, 2290,3644,2969
911, 18.54492188, 2249,3582,2921
912, 18.98437500, 2204,3510,2861
913, 19.48711014, 2156,3433,2799
914, 19.95117188, 2106,3355,2749
915, 20.47148514, 2058,3289,2675
916, 20.91796875, 2013,3206,2617
917, 21.33281326, 1971,3152,2564
918, 21.70898438, 1935,3081,2517
919, 21.97617149, 1906,3036,2493
920, 22.31015587, 1878,2995,2459
921, 22.47187424, 1864,2967,2437
922, 22.67050743, 1843,2948,2402
923, 22.85156250, 1826,2911,2377
924, 23.02910042, 1804,2875,2363
925, 23.34726715, 1780,2834,2331
926, 23.64257813, 1750,2788,2292
927, 23.99414063, 1715,2744,2235
928, 24.42831993, 1678,2673,2187
929, 24.87304688, 1635,2602,2131
930, 25.40039063, 1589,2529,2084
931, 25.83984375, 1546,2460,2016
932, 26.28457069, 1503,2392,1958
933, 26.80664063, 1458,2321,1915
934, 27.24609375, 1423,2263,1854
935, 27.62226486, 1389,2210,1825
936, 27.94921875, 1361,2177,1790
937, 28.21289063, 1336,2140,1758
938, 28.42031097, 1323,2115,1737
939, 28.57851601, 1307,2077,1705
940, 28.82109451, 1289,2048,1681
941, 29.00566292, 1272,2032,1671
942, 29.26757813, 1248,1983,1628
943, 29.61914063, 1222,1955,1608
944, 29.97070313, 1192,1908,1557
945, 30.41015625, 1156,1840,1525
946, 30.84960938, 1120,1780,1462
947, 31.36464691, 1080,1717,1413
948, 31.81640625, 1043,1659,1362
949, 32.25585937, 1006,1611,1327
950, 32.78320312, 968,1551,1265
951, 33.22265625, 935,1496,1220
952, 33.59355545, 906,1438,1197
953, 33.94335937, 884,1402,1153
954, 34.27734375, 861,1367,1125
955, 34.45312500, 849,1360,1108
956, 34.62890625, 835,1339,1091
957, 34.79765701, 826,1311,1093
958, 34.98046875, 808,1283,1070
959, 35.24414062, 794,1258,1036
960, 35.59570312, 768,1218,1018
961, 35.94726562, 744,1179,971
962, 36.36211014, 719,1139,951
963, 36.82617187, 687,1090,899
964, 37.26562500, 657,1040,871
965, 37.79296875, 626,992,816
966, 38.23242187, 598,957,791
967, 38.70175934, 569,911,753
968, 39.19921875, 541,867,706
969, 39.57890701, 517,819,674
970, 39.90234375, 501,789,662
971, 40.23281479, 484,776,630
972, 40.34179687, 476,751,630
973, 40.51933670, 465,734,616
974, 40.69335937, 458,723,605
975, 40.95703125, 446,703,582
976, 41.22070312, 432,691,571
977, 41.57226562, 414,651,539
978, 41.90449142, 398,634,524
979, 42.27539062, 377,592,489
980, 42.78164291, 355,566,462
981, 43.24218750, 333,521,433
982, 43.68164062, 311,489,405
983, 44.13339996, 290,455,376
984, 44.69941330, 270,420,352
985, 45.14941406, 251,392,327
986, 45.52734375, 236,368,306
987, 45.87890625, 223,347,288
988, 46.14257812, 213,336,276
989, 46.31835937, 208,323,268
990, 46.49414062, 201,316,259
991, 46.66992187, 196,303,250
992, 46.92832184, 189,296,239
993, 47.10937500, 180,277,230
994, 47.53300858, 168,260,217
995, 47.81250000, 159,244,204
996, 48.25195312, 146,229,188
997, 48.69140625, 135,207,165
998, 49.13789368, 121,185,154
999, 49.65820312, 109,165,139
1000, 50.12051010, 98,146,116
1001, 50.62148666, 87,129,110
1002, 51.06445312, 78,113,98
1003, 51.42832184, 72,105,89
1004, 51.76757812, 66,95,72
1005, 52.03828430, 61,83,75
1006, 52.20703125, 59,78,71
1007, 52.40039062, 57,79,56
1008, 52.63769913, 54,69,64
1009, 52.82226562, 51,71,59
1010, 53.08593750, 47,64,45
1011, 53.34960937, 43,60,51
1012, 53.74511719, 42,54,46
1013, 54.14941025, 36,47,41
1014, 54.58007812, 33,42,36
1015, 55.10742187, 31,37,32
1016, 55.54863358, 28,34,19
1017, 56.07070541, 27,23,27
1018, 56.52070618, 28,31,28
1019, 57.04101562, 26,32,29
1020, 57.39785004, 27,25,19
1021, 57.74765396, 29,36,31
1022, 58.09570312, 31,39,33
1023, 58.26797104, 32,31,24
1024, 58.26797104, 34,31,35