0, 58.35937500, 33.00,43.00,41.00
1, 58.43320465, 38.50,44.00,42.00
2, 58.62304687, 40.50,45.50,43.00
3, 58.90253830, 43.00,49.00,45.50
4, 59.27695465, 46.50,48.50,50.00
5, 59.67773437, 51.00,60.00,55.50
6, 60.20507812, 57.50,68.50,63.00
7, 60.82031250, 66.00,81.00,73.50
8, 61.43378830, 76.00,89.00,85.00
9, 62.00156403, 87.50,107.00,93.00
10, 62.57812500, 100.00,126.50,113.00
11, 63.15117264, 113.00,143.50,128.00
12, 63.63281250, 123.50,155.00,141.00
13, 63.98437500, 133.00,172.50,152.00
14, 64.24804688, 138.50,180.00,159.50
15, 64.42382813, 145.00,188.00,166.50
16, 64.68750000, 152.50,198.50,175.50
17, 64.95996094, 160.50,209.50,185.50
18, 65.41523743, 174.50,229.00,198.50
19, 65.85820007, 189.50,246.50,216.50
20, 66.44179535, 207.00,270.50,237.00
21, 67.04296875, 228.50,300.50,265.00
22, 67.58789063, 250.50,331.00,292.50
23, 68.20312500, 274.50,365.00,318.50
24, 68.80957031, 299.50,397.50,349.50
25, 69.34043121, 321.50,429.00,376.50
26, 69.69726563, 340.00,455.00,398.50
27, 70.04882813, 355.50,475.00,416.00
28, 70.22460938, 363.50,487.00,426.00
29, 70.48828125, 373.50,500.00,438.00
30, 70.75195313, 387.00,518.50,454.50
31, 71.10351563, 404.50,542.50,475.50
32, 71.50254059, 425.00,570.00,500.00
33, 72.01054382, 450.50,605.50,531.00
34, 72.59765625, 480.50,646.00,566.50
35, 73.19706726, 514.00,691.00,606.50
36, 73.79472351, 548.00,738.00,647.50
37, 74.35723114, 582.50,786.50,689.50
38, 74.97070313, 617.00,834.50,730.50
39, 75.41894531, 647.00,875.00,765.50
40, 75.84960938, 671.50,909.50,796.50
41, 76.11328125, 688.00,930.50,814.00
42, 76.37695313, 703.50,952.00,832.50
43, 76.55273438, 716.50,970.50,848.50
44, 76.82344055, 736.00,995.00,871.50
45, 77.25409698, 761.50,1031.50,903.00
46, 77.69531250, 791.00,1072.00,939.50
47, 78.22265625, 827.00,1120.00,982.00
48, 78.80976868, 868.00,1175.50,1030.50
49, 79.36523438, 909.00,1232.00,1080.00
50, 79.97695160, 952.50,1291.50,1132.00
51, 80.54648590, 997.00,1351.00,1184.50
52, 81.11074066, 1035.00,1404.00,1230.50
53, 81.48164368, 1068.50,1448.00,1269.50
54, 81.87890625, 1093.50,1483.50,1301.50
55, 82.08984375, 1112.00,1509.50,1324.50
56, 82.35351563, 1132.50,1537.50,1348.50
57, 82.61718750, 1151.00,1563.50,1371.50
58, 82.96171570, 1179.00,1600.50,1403.00
59, 83.32031250, 1210.50,1643.00,1440.50
60, 83.84765625, 1250.50,1697.50,1488.50
61, 84.37500000, 1296.50,1761.00,1544.00
62, 84.99023438, 1346.50,1829.50,1603.50
63, 85.60546875, 1397.00,1898.50,1663.00
64, 86.15390778, 1448.00,1969.00,1722.50
65, 86.74804688, 1498.00,2039.00,1784.00
66, 87.27539063, 1543.50,2100.50,1839.50
67, 87.71484375, 1580.00,2150.50,1884.50
68, 87.99784851, 1605.50,2185.00,1916.00
69, 88.24218750, 1626.50,2212.00,1941.00
70, 88.41796875, 1644.50,2234.50,1963.50
71, 88.75547028, 1670.00,2264.00,1993.50
72, 89.11230469, 1702.00,2313.50,2032.50
73, 89.47265625, 1741.50,2366.50,2078.00
74, 90.00527954, 1789.00,2430.00,2133.00
75, 90.61523438, 1841.00,2502.50,2196.50
76, 91.18124390, 1896.00,2578.00,2262.00
77, 91.75957489, 1952.50,2655.00,2331.00
78, 92.37304688, 2007.50,2731.00,2397.00
79, 92.93379211, 2058.00,2802.00,2459.00
80, 93.42773438, 2106.00,2867.00,2515.00
81, 93.77929688, 2136.50,2910.50,2553.00
82, 94.04296875, 2165.00,2948.50,2586.50
83, 94.30664063, 2185.50,2976.50,2612.50
84, 94.57031250, 2214.00,3013.50,2644.00
85, 94.92187500, 2244.50,3055.50,2682.00
86, 95.26815796, 2278.50,3103.00,2723.00
87, 95.71289063, 2324.00,3163.00,2777.00
88, 96.24023438, 2375.00,3233.50,2838.00
89, 96.85546875, 2434.00,3315.50,2909.50
90, 97.46191406, 2493.00,3396.50,2980.50
91, 98.01035309, 2552.00,3478.00,3050.00
92, 98.61679840, 2613.50,3559.50,3122.50
93, 99.21620941, 2667.50,3634.50,3185.50
94, 99.66796875, 2711.00,3696.00,3240.50
95, 100.01953125, 2747.00,3748.00,3282.50
96, 100.22871399, 2768.00,3778.00,3310.00
97, 100.45898438, 2786.50,3806.00,3331.50
98, 100.72265625, 2816.50,3842.00,3364.00
99, 100.98809052, 2845.50,3883.50,3398.50
100, 101.42578125, 2889.50,3943.50,3452.00
101, 101.88632965, 2936.00,4006.00,3508.00
102, 102.48046875, 2991.00,4083.00,3575.50
103, 103.09570313, 3050.50,4161.00,3646.00
104, 103.70917511, 3107.00,4241.50,3717.50
105, 104.31738281, 3166.50,4320.50,3788.50
106, 104.85351563, 3221.50,4394.50,3854.00
107, 105.37909698, 3269.50,4461.50,3913.50
108, 105.73593903, 3312.50,4519.50,3961.00
109, 106.08398438, 3341.50,4561.50,3993.50
110, 106.26328278, 3362.00,4588.50,4018.50
111, 106.54981232, 3387.00,4624.00,4049.50
112, 106.87500000, 3417.00,4664.00,4087.50
113, 107.22832489, 3449.00,4713.50,4128.50
114, 107.66601563, 3487.00,4763.50,4175.00
115, 108.18633270, 3539.50,4831.00,4237.00
116, 108.72070313, 3594.50,4907.00,4302.50
117, 109.41503906, 3656.00,4994.00,4378.50
118, 109.98809052, 3713.00,5069.50,4442.50
119, 110.57871246, 3768.00,5148.00,4509.50
120, 111.18164063, 3823.50,5222.50,4572.00
121, 111.70546722, 3867.50,5285.00,4629.00
122, 112.04824066, 3902.50,5328.50,4668.50
123, 112.24160767, 3924.50,5356.50,4695.50
124, 112.50000000, 3949.50,5388.50,4722.50
125, 112.76367188, 3973.00,5421.00,4749.00
126, 113.02734375, 4000.00,5456.50,4778.00
127, 113.46679688, 4036.50,5508.50,4825.50
128, 113.90625000, 4076.00,5563.50,4873.00
129, 114.43359375, 4125.00,5630.50,4927.50
130, 115.05410767, 4179.00,5708.00,4991.50
131, 115.66406250, 4234.50,5777.50,5054.00
132, 116.27929688, 4285.50,5850.00,5117.50
133, 116.88750458, 4335.50,5918.00,5179.00
134, 117.42187500, 4383.50,5984.00,5231.50
135, 117.86132813, 4418.50,6031.00,5277.50
136, 118.20586395, 4446.00,6066.00,5306.50
137, 118.41854858, 4465.50,6099.50,5327.00
138, 118.65234375, 4486.50,6125.50,5349.00
139, 118.91601563, 4511.00,6156.00,5377.00
140, 119.26229858, 4533.50,6197.00,5410.50
141, 119.70351410, 4568.00,6242.50,5448.00
142, 120.14648438, 4605.50,6294.50,5496.00
143, 120.68261719, 4648.00,6355.00,5545.50
144, 121.29434204, 4691.50,6418.50,5604.00
145, 121.90429688, 4737.00,6479.50,5656.50
146, 122.51953125, 4781.00,6543.00,5709.00
147, 123.12597656, 4821.00,6602.50,5761.00
148, 123.66210938, 4857.50,6656.00,5804.50
149, 124.10156250, 4888.00,6694.50,5838.50
150, 124.35995483, 4909.50,6716.00,5857.50
151, 124.60078430, 4927.00,6736.50,5883.00
152, 124.80468750, 4938.00,6757.00,5902.50
153, 125.11933136, 4959.50,6782.00,5925.50
154, 125.50429535, 4985.00,6814.00,5957.50
155, 125.85937500, 5009.00,6845.00,5989.50
156, 126.38671875, 5046.00,6888.50,6030.50
157, 126.99492645, 5080.00,6940.00,6070.50
158, 127.61718750, 5118.50,6997.50,6116.50
159, 128.16738892, 5156.00,7048.50,6156.00
160, 128.75976563, 5188.00,7095.00,6198.00
161, 129.37500000, 5219.50,7139.50,6240.00
162, 129.89706421, 5245.00,7178.50,6271.50
163, 130.25390625, 5265.00,7207.00,6297.00
164, 130.51757813, 5281.00,7226.00,6309.50
165, 130.69335938, 5290.00,7242.50,6323.50
166, 130.95703125, 5303.50,7265.50,6337.50
167, 131.22070313, 5320.00,7285.50,6358.50
168, 131.67245483, 5349.00,7316.00,6381.00
169, 132.17167664, 5370.50,7345.50,6407.50
170, 132.70429993, 5395.50,7383.50,6437.50
171, 133.24218750, 5422.50,7423.00,6464.50
172, 133.85742188, 5446.00,7460.50,6497.00
173, 134.45858765, 5468.00,7500.50,6526.50
174, 135.01406860, 5489.00,7534.00,6553.50
175, 135.61523438, 5512.50,7559.50,6575.00
176, 136.05468750, 5531.00,7582.50,6596.50
177, 136.40625000, 5543.50,7600.00,6617.50
178, 136.66992188, 5548.00,7612.00,6626.00
179, 136.84217834, 5551.50,7614.50,6631.50
180, 137.10937500, 5565.00,7628.50,6645.00
181, 137.42227173, 5574.50,7640.00,6656.00
182, 137.90039063, 5586.00,7659.50,6674.00
183, 138.36093140, 5604.50,7682.00,6692.50
184, 138.94628906, 5616.00,7709.00,6712.50
185, 139.53164673, 5639.00,7728.00,6726.50
186, 140.09765625, 5650.50,7744.50,6744.00
187, 140.71289063, 5665.00,7760.00,6758.50
188, 141.32812500, 5679.50,7776.00,6770.00
189, 141.83613586, 5694.50,7789.00,6781.50
190, 142.27734375, 5700.00,7798.50,6790.50
191, 142.47070313, 5706.00,7804.50,6792.00
192, 142.73437500, 5710.00,7815.00,6795.00
193, 142.91015625, 5712.00,7820.00,6795.50
194, 143.26171875, 5715.00,7827.00,6798.00
195, 143.61328125, 5717.50,7836.00,6804.00
196, 144.08261108, 5719.00,7842.00,6810.50
197, 144.58360291, 5722.00,7848.00,6816.00
198, 145.19531250, 5726.50,7854.00,6822.00
199, 145.81054688, 5725.00,7858.50,6825.50
200, 146.33789063, 5723.50,7859.50,6824.50
201, 146.95312500, 5722.00,7861.00,6822.50
202, 147.54374695, 5721.00,7858.00,6826.00
203, 148.00781250, 5725.00,7860.00,6824.50
204, 148.44726563, 5723.50,7862.00,6823.50
205, 148.63359070, 5725.00,7864.50,6824.50
206, 148.88671875, 5721.50,7867.00,6819.50
207, 149.15039063, 5720.50,7863.50,6819.50
208, 149.41406250, 5715.50,7862.50,6814.00
209, 149.85351563, 5711.50,7856.00,6810.00
210, 150.37910461, 5709.00,7849.00,6803.50
211, 150.82031250, 5695.50,7836.50,6795.00
212, 151.43554688, 5685.00,7824.50,6784.50
213, 151.97167969, 5668.00,7811.50,6770.00
214, 152.57812500, 5657.00,7796.50,6757.00
215, 153.19335938, 5643.50,7773.50,6743.00
216, 153.72070313, 5634.50,7758.00,6732.00
217, 154.17597961, 5624.00,7743.50,6723.00
218, 154.51171875, 5617.50,7732.50,6712.00
219, 154.77539063, 5609.50,7724.00,6701.00
220, 154.95117188, 5603.00,7715.50,6694.00
221, 155.21484375, 5598.50,7701.00,6685.00
222, 155.56640625, 5587.50,7688.50,6672.50
223, 156.00585938, 5573.50,7670.00,6655.00
224, 156.51387024, 5559.50,7654.50,6639.50
225, 157.06054688, 5539.50,7626.50,6617.50
226, 157.67578125, 5517.50,7602.00,6594.50
227, 158.22949219, 5489.00,7574.50,6566.50
228, 158.82011414, 5462.00,7544.50,6540.00
229, 159.43359375, 5441.00,7510.00,6507.50
230, 159.95918274, 5422.50,7480.00,6482.00
231, 160.31250000, 5407.00,7457.00,6463.00
232, 160.66406250, 5392.50,7443.00,6448.00
233, 160.92070007, 5380.50,7426.50,6434.50
234, 161.10351563, 5370.50,7416.50,6424.00
235, 161.37071228, 5357.50,7393.00,6409.00
236, 161.74687195, 5340.50,7367.50,6388.00
237, 162.15820313, 5320.50,7337.00,6361.50
238, 162.74531555, 5293.00,7297.50,6330.00
239, 163.30078125, 5260.50,7256.00,6292.50
240, 163.90898132, 5224.00,7207.50,6252.00
241, 164.49082947, 5185.50,7161.50,6205.00
242, 165.05859375, 5155.50,7111.50,6167.50
243, 165.66152954, 5123.00,7069.50,6127.00
244, 166.11328125, 5101.00,7029.50,6096.50
245, 166.52636719, 5078.50,6997.50,6069.00
246, 166.72851563, 5064.50,6981.00,6052.00
247, 166.92715454, 5054.00,6963.50,6035.00
248, 167.16796875, 5036.00,6933.00,6017.00
249, 167.51953125, 5016.00,6908.50,5992.50
250, 167.94316101, 4987.00,6872.50,5960.50
251, 168.39843750, 4957.50,6831.50,5921.50
252, 168.92578125, 4926.00,6783.00,5880.50
253, 169.54101563, 4887.00,6724.50,5827.50
254, 170.07011414, 4844.50,6667.00,5777.50
255, 170.68359375, 4798.50,6607.00,5726.00
256, 171.29882813, 4753.50,6551.00,5672.50
257, 171.82617188, 4715.50,6499.00,5623.00
258, 172.26562500, 4687.00,6459.50,5588.50
259, 172.53105164, 4665.00,6426.00,5560.00
260, 172.79296875, 4646.50,6402.00,5538.00
261, 172.97929382, 4630.00,6379.00,5517.50
262, 173.32031250, 4607.50,6349.00,5490.00
263, 173.61386108, 4584.00,6310.50,5459.00
264, 174.02343750, 4552.00,6265.50,5417.00
265, 174.55078125, 4509.50,6209.00,5369.00
266, 175.14315796, 4464.50,6145.50,5311.50
267, 175.69335938, 4416.00,6078.50,5256.00
268, 176.30506897, 4362.50,6006.50,5194.50
269, 176.84121704, 4310.50,5935.50,5133.50
270, 177.45117188, 4262.00,5868.50,5071.00
271, 177.96269226, 4221.50,5810.50,5018.50
272, 178.33535767, 4187.50,5763.00,4978.00
273, 178.66406250, 4163.50,5730.50,4950.00
274, 178.89961243, 4141.50,5696.00,4923.00
275, 179.11756897, 4123.00,5668.50,4898.50
276, 179.38476563, 4093.50,5633.00,4865.50
277, 179.75215149, 4060.50,5586.50,4824.50
278, 180.24786377, 4022.50,5530.00,4780.00
279, 180.77871704, 3975.50,5463.00,4721.50
280, 181.32011414, 3922.50,5390.00,4657.00
281, 181.93359375, 3864.50,5312.50,4590.00
282, 182.54882813, 3807.00,5234.50,4522.00
283, 183.14472961, 3749.50,5157.00,4455.00
284, 183.68965149, 3699.00,5086.50,4393.00
285, 184.13085938, 3659.50,5028.00,4340.50
286, 184.52108765, 3624.00,4979.50,4298.00
287, 184.74609375, 3601.50,4945.00,4275.00
288, 184.96229553, 3583.00,4920.50,4247.50
289, 185.23652649, 3556.00,4884.50,4218.50
290, 185.55468750, 3527.00,4846.50,4180.50
291, 185.97656250, 3487.50,4789.00,4130.00
292, 186.44415283, 3443.50,4728.00,4076.50
293, 187.02772522, 3391.50,4655.50,4011.50
294, 187.63945007, 3332.50,4574.00,3941.50
295, 188.17382813, 3270.00,4492.00,3873.00
296, 188.78906250, 3211.00,4409.50,3804.00
297, 189.39726257, 3153.00,4328.50,3734.00
298, 189.91758728, 3102.50,4258.00,3675.50
299, 190.28672791, 3063.00,4205.00,3627.00
300, 190.58906555, 3038.50,4166.50,3593.00
301, 190.81758118, 3013.50,4130.50,3563.00
302, 191.07421875, 2992.50,4103.00,3536.50
303, 191.36953735, 2963.00,4062.50,3502.00
304, 191.70350647, 2928.00,4017.50,3459.00
305, 192.12890625, 2883.50,3961.00,3409.50
306, 192.65625000, 2834.50,3890.50,3351.50
307, 193.18711853, 2778.50,3811.00,3282.50
308, 193.79002380, 2720.50,3731.00,3215.00
309, 194.41406250, 2657.00,3648.50,3143.00
310, 194.94140625, 2599.50,3570.00,3074.00
311, 195.54960632, 2542.50,3494.00,3006.50
312, 195.99609375, 2494.50,3426.50,2948.00
313, 196.43554688, 2457.00,3373.00,2903.50
314, 196.69921875, 2429.00,3337.50,2873.50
315, 196.96289063, 2403.00,3304.50,2845.00
316, 197.14219666, 2384.00,3274.00,2820.00
317, 197.45509338, 2358.00,3235.00,2788.00
318, 197.84179688, 2318.50,3184.50,2743.50
319, 198.28125000, 2275.50,3124.50,2691.00
320, 198.80859375, 2225.00,3057.50,2630.50
321, 199.42382813, 2169.50,2976.00,2563.00
322, 199.97050476, 2110.00,2895.00,2496.00
323, 200.56640625, 2053.50,2820.50,2428.00
324, 201.15702820, 1997.50,2742.50,2362.00
325, 201.70898438, 1947.50,2673.00,2301.50
326, 202.14843750, 1906.00,2614.50,2250.50
327, 202.53164673, 1872.50,2566.50,2209.50
328, 202.76367188, 1851.50,2538.50,2186.00
329, 202.93945313, 1833.00,2513.50,2163.00
330, 203.20312500, 1806.00,2478.00,2132.00
331, 203.55468750, 1777.50,2438.00,2098.00
332, 203.93438721, 1739.50,2385.00,2053.00
333, 204.43359375, 1696.00,2324.00,2000.50
334, 204.96093750, 1646.50,2258.50,1943.00
335, 205.57617188, 1592.00,2183.00,1880.00
336, 206.19140625, 1538.00,2110.00,1816.00
337, 206.78202820, 1486.00,2038.00,1754.00
338, 207.33573914, 1435.50,1967.00,1694.00
339, 207.86132813, 1392.50,1908.00,1643.00
340, 208.29374695, 1358.00,1860.50,1601.50
341, 208.56445313, 1335.00,1829.50,1574.50
342, 208.81054688, 1315.50,1801.00,1550.50
343, 209.00390625, 1295.00,1773.00,1528.50
344, 209.32208252, 1272.00,1741.00,1501.00
345, 209.61914063, 1244.00,1702.50,1468.00
346, 210.05859375, 1208.50,1654.00,1427.00
347, 210.58593750, 1168.00,1598.00,1379.50
348, 211.15898132, 1124.50,1535.50,1325.50
349, 211.78126526, 1077.00,1471.00,1268.50
350, 212.34375000, 1029.50,1405.50,1212.00
351, 212.95898438, 985.00,1345.00,1159.00
352, 213.48632813, 943.00,1287.00,1109.50
353, 214.01367188, 908.50,1238.50,1067.00
354, 214.40214539, 881.00,1201.00,1035.50
355, 214.62890625, 864.50,1178.50,1017.00
356, 214.89257813, 848.00,1154.50,995.50
357, 215.06835938, 833.00,1135.00,978.00
358, 215.33203125, 813.00,1107.00,955.00
359, 215.77148438, 784.00,1068.00,921.00
360, 216.21093750, 754.50,1026.50,886.00
361, 216.73828125, 720.50,980.00,846.00
362, 217.35351563, 681.50,926.50,799.50
363, 217.89666748, 644.00,876.00,756.50
364, 218.49609375, 608.50,827.00,714.50
365, 219.11132813, 573.00,779.00,673.00
366, 219.58067322, 544.00,738.00,638.50
367, 219.99726868, 520.00,705.50,610.00
368, 220.34179688, 504.00,682.50,590.50
369, 220.60546875, 489.00,664.00,574.50
370, 220.78477478, 476.50,645.50,558.50
371, 221.13281250, 462.50,626.00,541.50
372, 221.43339539, 444.50,601.50,520.50
373, 221.83593750, 423.50,573.50,496.50
374, 222.36328125, 398.50,539.50,467.00
375, 222.89062500, 372.50,503.00,435.50
376, 223.50585938, 344.00,463.00,402.00
377, 224.06134033, 317.00,427.00,369.00
378, 224.64843750, 291.00,391.00,340.50
379, 225.23028564, 268.00,359.50,312.50
380, 225.70312500, 247.50,332.00,286.50
381, 226.14257813, 232.50,311.50,271.50
382, 226.40625000, 223.00,298.50,260.50
383, 226.66992188, 214.00,286.50,249.50
384, 226.84570313, 206.50,273.00,240.50
385, 227.12167358, 197.00,259.50,226.50
386, 227.46093750, 185.50,247.00,216.00
387, 227.90039063, 172.50,229.00,197.00
388, 228.42773438, 157.00,207.50,178.50
389, 228.98321533, 140.00,180.50,162.50
390, 229.60722351, 124.00,158.00,143.50
391, 230.18554688, 109.50,141.50,126.00
392, 230.80078125, 96.00,119.00,111.00
393, 231.32812500, 84.50,108.00,97.50
394, 231.85546875, 75.50,95.50,81.50
395, 232.20703125, 69.50,82.00,79.50
396, 232.47070313, 66.00,76.50,74.50
397, 232.64648438, 62.50,77.50,65.50
398, 232.91015625, 59.50,73.00,67.00
399, 233.18263245, 55.00,61.50,62.00
400, 233.61328125, 50.00,60.50,56.00
401, 234.05273438, 45.50,48.00,45.00
402, 234.58007813, 41.00,47.00,39.00
403, 235.11094666, 36.50,41.00,34.00
404, 235.78768921, 33.50,37.00,36.50
405, 236.33789063, 32.00,34.50,34.50
406, 236.95312500, 31.50,34.00,27.50
407, 237.48046875, 32.50,35.00,34.00
408, 237.91992188, 33.50,30.50,35.50
409, 238.26972961, 35.00,32.50,37.50
410, 238.46659851, 36.50,40.00,33.00
411, 238.71093750, 38.00,42.50,34.50
412, 238.97460938, 40.00,44.50,37.00
413, 239.23828125, 42.00,42.00,45.00
414, 239.67773438, 46.00,53.50,49.50
415, 240.16113281, 51.50,60.50,50.00
416, 240.73242188, 58.50,70.00,58.50
417, 241.33535767, 67.50,77.50,74.50
418, 241.96289063, 78.50,92.50,86.50
419, 242.49903870, 90.00,108.50,94.50
420, 243.10546875, 102.00,125.50,114.00
421, 243.63281250, 113.50,146.00,122.50
422, 243.98437500, 123.00,159.00,133.50
423, 244.24804688, 129.00,163.00,144.50
424, 244.48710632, 136.00,176.50,148.50
425, 244.68750000, 142.00,185.00,160.00
426, 245.01972961, 151.00,193.50,170.50
427, 245.36425781, 160.50,211.00,177.50
428, 245.74218750, 173.50,228.50,196.50
429, 246.26953125, 191.50,252.00,213.00
430, 246.87246704, 210.00,276.50,239.00
431, 247.50000000, 234.50,309.50,266.00
432, 248.11523438, 258.00,344.00,293.00
433, 248.67596436, 281.50,377.00,320.50
434, 249.25781250, 305.50,409.00,348.50
435, 249.70079041, 326.00,437.50,371.50
436, 250.04882813, 341.00,458.50,389.00
437, 250.31250000, 352.00,473.50,402.00
438, 250.51464844, 363.50,489.50,414.50
439, 250.75195313, 374.50,505.00,428.00
440, 251.10351563, 389.50,526.00,445.00
441, 251.50605774, 410.50,554.00,468.50
442, 251.89805603, 433.00,585.50,494.50
443, 252.42187500, 461.00,624.00,527.50
444, 253.03710938, 493.50,669.50,564.50
445, 253.65762329, 529.00,720.50,606.50
446, 254.26757813, 564.00,768.00,646.00
447, 254.88281250, 600.00,818.00,687.50
448, 255.41015625, 632.50,864.50,725.50
449, 255.84960938, 658.50,899.50,755.50
450, 256.11328125, 679.50,928.00,779.50
451, 256.37695313, 693.00,947.00,795.50
452, 256.55978394, 707.50,967.50,812.00
453, 256.87615967, 727.00,993.50,834.00
454, 257.16796875, 747.50,1022.50,858.00
455, 257.60742188, 776.00,1062.50,891.00
456, 258.04864502, 809.00,1108.50,929.50
457, 258.62167358, 848.50,1163.50,975.50
458, 259.21054077, 893.50,1227.50,1027.00
459, 259.89080811, 940.50,1292.00,1081.50
460, 260.47265625, 987.00,1354.50,1133.00
461, 261.03866577, 1031.50,1417.50,1185.00
462, 261.56777954, 1071.00,1473.50,1230.50
463, 261.95800781, 1101.00,1515.50,1265.00
464, 262.17773438, 1119.00,1541.00,1287.00
465, 262.44140625, 1139.50,1568.50,1310.00
466, 262.62246704, 1158.50,1592.50,1330.50
467, 262.96875000, 1183.00,1626.50,1358.50
468, 263.23593140, 1211.00,1665.50,1391.00
469, 263.67187500, 1246.50,1714.00,1429.50
470, 264.19921875, 1291.50,1777.50,1482.50
471, 264.81445313, 1341.00,1848.00,1541.00
472, 265.42968750, 1397.50,1926.00,1605.50
473, 266.04492188, 1448.00,1995.50,1663.50
474, 266.66015625, 1500.00,2069.00,1724.50
475, 267.27539063, 1550.50,2140.50,1785.50
476, 267.71484375, 1595.00,2201.00,1834.50
477, 268.06640625, 1631.00,2249.50,1872.50
478, 268.27032471, 1651.00,2276.50,1895.00
479, 268.50585938, 1668.50,2302.50,1916.50
480, 268.68341064, 1691.50,2334.00,1942.00
481, 269.03497314, 1723.00,2378.00,1976.50
482, 269.47088623, 1759.00,2431.00,2019.50
483, 269.91210938, 1803.00,2492.00,2068.50
484, 270.43945313, 1855.00,2564.00,2128.50
485, 271.05468750, 1913.00,2646.00,2195.50
486, 271.66992188, 1974.00,2730.50,2265.00
487, 272.28515625, 2034.00,2813.00,2335.00
488, 272.90039063, 2092.50,2896.50,2401.50
489, 273.42422485, 2144.50,2966.00,2459.00
490, 273.77929688, 2181.00,3021.00,2505.00
491, 274.13085938, 2216.00,3063.50,2540.50
492, 274.30841064, 2237.00,3094.00,2565.50
493, 274.56152344, 2259.00,3127.50,2592.00
494, 274.82519531, 2285.50,3167.00,2624.50
495, 275.18554688, 2322.50,3217.00,2665.00
496, 275.62149048, 2366.50,3278.50,2714.50
497, 276.06445313, 2417.50,3344.00,2769.50
498, 276.59356689, 2473.50,3423.00,2833.50
499, 277.29492188, 2538.50,3513.00,2911.00
500, 277.91015625, 2603.50,3605.00,2985.00
501, 278.52539063, 2663.50,3690.00,3057.00
502, 279.11425781, 2719.50,3772.00,3127.00
503, 279.58007813, 2768.50,3839.00,3181.50
504, 279.93164063, 2808.50,3892.50,3228.00
505, 280.19531250, 2836.00,3930.00,3259.50
506, 280.37286377, 2857.50,3959.00,3283.50
507, 280.63476563, 2880.00,3994.00,3312.00
508, 280.98632813, 2913.50,4041.00,3351.00
509, 281.28515625, 2949.50,4089.50,3391.50
510, 281.69122314, 2992.00,4152.50,3442.50
511, 282.21679688, 3048.50,4226.50,3506.00
512, 282.83203125, 3110.00,4313.00,3576.50
513, 283.46307373, 3177.00,4405.50,3651.50
514, 284.06250000, 3238.50,4491.50,3724.00
515, 284.67773438, 3299.50,4575.00,3796.00
516, 285.23144531, 3361.50,4658.50,3863.50
517, 285.73242188, 3411.00,4728.50,3922.00
518, 286.07168579, 3443.50,4775.50,3961.50
519, 286.25976563, 3466.00,4808.00,3985.50
520, 286.51992798, 3488.50,4840.50,4007.50
521, 286.78710938, 3518.00,4884.50,4045.00
522, 287.09649658, 3548.00,4927.00,4079.00
523, 287.49551392, 3592.50,4987.50,4129.50
524, 287.92968750, 3635.00,5048.50,4179.50
525, 288.45703125, 3689.00,5122.00,4240.50
526, 289.07226563, 3751.00,5205.50,4312.50
527, 289.68750000, 3811.00,5291.50,4383.00
528, 290.30273438, 3870.50,5373.50,4451.00
529, 290.87051392, 3923.50,5453.00,4517.50
530, 291.35742188, 3972.50,5517.00,4572.50
531, 291.73184204, 4010.50,5574.50,4619.00
532, 292.06054688, 4039.50,5617.50,4652.00
533, 292.24511719, 4062.50,5649.50,4675.00
534, 292.55624390, 4089.50,5683.50,4706.00
535, 292.85156250, 4117.50,5722.50,4737.50
536, 293.20312500, 4150.50,5766.50,4776.00
537, 293.61798096, 4193.50,5825.50,4822.50
538, 294.08203125, 4238.00,5891.50,4877.00
539, 294.69198608, 4292.50,5959.50,4936.50
540, 295.31250000, 4349.50,6041.00,5004.50
541, 295.92773438, 4407.50,6121.00,5069.00
542, 296.53591919, 4462.50,6195.50,5133.00
543, 297.07031250, 4513.50,6263.00,5192.00
544, 297.50976563, 4554.00,6314.50,5241.50
545, 297.86132813, 4585.50,6357.00,5280.50
546, 298.21289063, 4613.00,6391.50,5311.00
547, 298.38867188, 4632.50,6415.50,5335.00
548, 298.65234375, 4654.50,6451.00,5364.00
549, 299.00390625, 4681.00,6483.00,5392.50
550, 299.35546875, 4713.00,6530.00,5429.50
551, 299.71759033, 4749.50,6576.50,5471.50
552, 300.25546265, 4793.00,6640.00,5518.50
553, 300.84960938, 4840.50,6707.00,5574.50
554, 301.53338623, 4893.50,6782.50,5634.00
555, 302.08358765, 4945.00,6847.50,5693.50
556, 302.72518921, 4989.50,6911.50,5744.00
557, 303.31054688, 5030.00,6970.50,5793.50
558, 303.75000000, 5064.50,7019.00,5838.50
559, 304.10156250, 5092.00,7054.00,5866.50
560, 304.36523438, 5109.50,7076.50,5887.50
561, 304.55508423, 5120.50,7097.50,5903.00
562, 304.80468750, 5140.50,7123.50,5921.50
563, 305.15625000, 5166.00,7152.00,5949.50
564, 305.56054688, 5195.50,7193.00,5984.50
565, 306.03338623, 5227.50,7235.00,6021.50
566, 306.56072998, 5264.50,7283.50,6065.50
567, 307.14608765, 5305.50,7339.50,6112.50
568, 307.78240967, 5346.00,7392.00,6158.50
569, 308.32031250, 5385.50,7443.50,6205.00
570, 308.93554688, 5422.00,7493.50,6244.50
571, 309.46817017, 5453.50,7531.50,6278.00
572, 309.90234375, 5476.00,7563.50,6306.50
573, 310.25390625, 5494.50,7592.00,6327.50
574, 310.42968750, 5506.00,7604.50,6344.00
575, 310.69335938, 5517.50,7618.50,6359.50
576, 310.95703125, 5531.00,7637.00,6376.50
577, 311.29629517, 5548.50,7659.00,6399.50
578, 311.69180298, 5571.50,7685.00,6424.50
579, 312.18750000, 5599.00,7720.50,6455.00
580, 312.71484375, 5625.50,7760.00,6489.00
581, 313.35995483, 5655.00,7801.00,6526.00
582, 313.94531250, 5680.00,7843.00,6561.00
583, 314.56054688, 5710.00,7876.00,6592.50
584, 315.17578125, 5733.00,7906.50,6624.50
585, 315.70135498, 5748.50,7936.50,6648.50
586, 316.05468750, 5763.00,7955.00,6668.00
587, 316.32186890, 5769.50,7964.00,6676.50
588, 316.55743408, 5781.00,7972.50,6688.00
589, 316.75781250, 5787.00,7983.50,6698.00
590, 317.02499390, 5796.50,7995.50,6708.50
591, 317.46093750, 5809.00,8014.00,6725.00
592, 317.89688110, 5824.00,8029.00,6738.00
593, 318.41366577, 5839.50,8049.00,6756.50
594, 318.95507813, 5859.50,8071.50,6775.50
595, 319.57736206, 5875.50,8094.50,6799.00
596, 320.18554688, 5889.00,8109.50,6816.50
597, 320.80078125, 5897.50,8126.00,6835.00
598, 321.32812500, 5905.50,8139.50,6850.00
599, 321.76229858, 5915.50,8153.00,6858.50
600, 322.08575439, 5924.00,8158.50,6865.00
601, 322.36523438, 5929.00,8160.50,6872.50
602, 322.55859375, 5936.50,8162.00,6875.50
603, 322.82226563, 5944.00,8165.00,6879.50
604, 323.17382813, 5947.50,8165.00,6887.50
605, 323.55175781, 5952.50,8178.50,6893.00
606, 324.05273438, 5958.00,8184.00,6901.50
607, 324.58007813, 5961.50,8190.00,6910.50
608, 325.19180298, 5964.00,8193.50,6915.00
609, 325.81054688, 5970.00,8195.50,6918.00
610, 326.41522217, 5968.00,8195.50,6922.50
611, 327.04101563, 5968.00,8192.00,6921.00
612, 327.48751831, 5969.00,8192.00,6920.50
613, 327.90234375, 5966.00,8190.50,6919.50
614, 328.24160767, 5965.50,8190.00,6916.50
615, 328.45431519, 5963.00,8186.50,6915.50
616, 328.71093750, 5957.50,8183.50,6911.00
617, 328.97460938, 5953.50,8177.50,6909.50
618, 329.32617188, 5955.50,8171.50,6905.00
619, 329.76562500, 5955.00,8164.50,6901.50
620, 330.29296875, 5946.00,8158.00,6894.00
621, 330.82031250, 5938.00,8145.50,6885.00
622, 331.43554688, 5928.50,8133.00,6871.50
623, 332.05255127, 5913.00,8115.00,6858.50
624, 332.66601563, 5899.00,8096.00,6847.00
625, 333.26718140, 5884.00,8076.00,6830.00
626, 333.79980469, 5872.00,8060.00,6816.50
627, 334.08984375, 5861.50,8040.50,6809.50
628, 334.39569092, 5855.50,8028.00,6799.00
629, 334.59960938, 5848.00,8017.00,6793.00
630, 334.86328125, 5843.00,8004.00,6785.50
631, 335.12695313, 5831.50,7992.50,6778.00
632, 335.49609375, 5816.50,7976.00,6766.50
633, 335.91796875, 5801.00,7958.00,6750.50
634, 336.44531250, 5781.50,7928.50,6732.50
635, 337.06054688, 5762.00,7896.50,6709.50
636, 337.67755127, 5741.00,7862.50,6682.50
637, 338.29101563, 5717.00,7827.50,6654.50
638, 338.90447998, 5695.00,7788.50,6621.50
639, 339.43359375, 5667.50,7759.00,6589.00
640, 339.96093750, 5644.50,7731.50,6563.00
641, 340.29669189, 5626.50,7709.00,6544.00
642, 340.55682373, 5614.00,7694.00,6531.00
643, 340.70095825, 5603.50,7687.50,6523.50
644, 341.01562500, 5588.00,7665.50,6508.00
645, 341.27929688, 5576.00,7644.00,6491.00
646, 341.71875000, 5556.00,7614.50,6468.50
647, 342.15820313, 5529.50,7575.50,6442.00
648, 342.68554688, 5502.00,7536.00,6408.00
649, 343.29901123, 5465.50,7490.50,6371.00
650, 343.91601563, 5426.00,7440.50,6329.50
651, 344.52069092, 5391.00,7392.00,6291.00
652, 345.13241577, 5351.50,7338.00,6247.50
653, 345.67205811, 5319.50,7295.00,6211.00
654, 346.10098267, 5291.50,7258.00,6178.50
655, 346.32949829, 5272.00,7232.50,6159.00
656, 346.55273438, 5259.00,7214.50,6142.00
657, 346.81640625, 5250.00,7193.50,6123.50
658, 347.08007813, 5227.00,7164.50,6100.00
659, 347.43164063, 5206.00,7135.50,6073.50
660, 347.83593750, 5176.50,7098.50,6042.00
661, 348.31054688, 5139.00,7045.50,6002.00
662, 348.83789063, 5101.00,6989.00,5956.50
663, 349.48126221, 5052.00,6924.00,5902.00
664, 350.14218140, 5001.00,6858.50,5849.50
665, 350.71173096, 4956.50,6800.50,5796.50
666, 351.29882813, 4909.00,6738.00,5743.50
667, 351.82617188, 4867.00,6683.50,5696.50
668, 352.17773438, 4836.50,6640.50,5661.00
669, 352.44140625, 4814.00,6614.50,5635.50
670, 352.70507813, 4797.50,6588.50,5612.00
671, 352.88613892, 4779.50,6562.00,5590.50
672, 353.15509033, 4758.00,6529.00,5562.50
673, 353.52774048, 4729.00,6490.00,5529.00
674, 353.94961548, 4691.00,6439.50,5488.00
675, 354.46289063, 4646.50,6376.00,5436.00
676, 355.08163452, 4594.50,6305.00,5376.00
677, 355.69335938, 4537.50,6231.50,5310.50
678, 356.30859375, 4481.00,6159.50,5249.00
679, 356.92382813, 4429.00,6084.00,5187.50
680, 357.45117188, 4376.50,6016.00,5129.00
681, 357.92401123, 4339.50,5962.00,5080.50
682, 358.27908325, 4303.50,5918.50,5042.00
683, 358.50585938, 4284.50,5894.50,5019.50
684, 358.68164063, 4265.00,5865.50,4998.50
685, 358.98925781, 4236.00,5828.50,4965.00
686, 359.29687500, 4208.50,5793.00,4933.00
687, 359.73632813, 4166.00,5737.50,4885.50
688, 0.17578125, 4123.50,5679.00,4836.00
689, 0.70312500, 4072.50,5608.00,4778.00
690, 1.31835937, 4015.50,5528.50,4711.50
691, 1.93359375, 3955.50,5445.00,4642.50
692, 2.46445322, 3897.00,5365.50,4574.00
693, 3.07617187, 3840.00,5287.50,4509.50
694, 3.60351562, 3790.00,5222.00,4452.00
695, 3.98671889, 3748.00,5169.50,4407.00
696, 4.30664063, 3716.00,5126.50,4367.50
697, 4.56503916, 3690.50,5093.00,4338.00
698, 4.83398438, 3665.00,5058.00,4308.00
699, 5.09765625, 3635.50,5018.50,4274.50
700, 5.44746113, 3600.50,4972.00,4233.50
701, 5.86230421, 3561.50,4918.00,4187.50
702, 6.32812500, 3508.50,4846.00,4128.50
703, 6.93105459, 3449.00,4765.50,4060.50
704, 7.55859375, 3386.00,4677.50,3986.50
705, 8.16679668, 3323.00,4589.50,3914.50
706, 8.74511719, 3261.00,4504.00,3844.00
707, 9.31640625, 3202.00,4424.00,3774.50
708, 9.84375000, 3151.00,4352.00,3716.00
709, 10.19882774, 3113.50,4297.50,3669.00
710, 10.49589825, 3087.00,4259.50,3637.50
711, 10.69453144, 3065.50,4229.50,3611.50
712, 10.95820332, 3042.00,4195.50,3583.50
713, 11.22890663, 3010.50,4153.00,3547.00
714, 11.60156250, 2971.50,4100.50,3500.00
715, 12.04101563, 2926.50,4040.00,3448.50
716, 12.55429649, 2873.50,3965.00,3385.00
717, 13.09570313, 2812.50,3883.00,3315.50
718, 13.71093750, 2749.00,3797.00,3242.00
719, 14.32617188, 2686.50,3711.50,3171.50
720, 14.93613338, 2623.50,3625.00,3098.50
721, 15.46875000, 2565.00,3544.00,3030.00
722, 15.98203087, 2516.50,3481.50,2975.00
723, 16.34765625, 2477.00,3426.00,2932.00
724, 16.57265663, 2454.50,3396.50,2906.00
725, 16.78535080, 2434.50,3367.50,2883.00
726, 16.98046875, 2407.00,3330.50,2853.50
727, 17.31445313, 2379.00,3290.00,2817.00
728, 17.75039101, 2337.50,3232.50,2768.00
729, 18.19335938, 2291.00,3167.50,2713.50
730, 18.71718788, 2240.00,3095.50,2653.50
731, 19.31660080, 2180.50,3012.00,2583.00
732, 19.94414139, 2119.00,2927.00,2511.00
733, 20.51191521, 2060.00,2846.50,2442.00
734, 21.09375000, 2006.50,2771.00,2376.50
735, 21.60878944, 1959.00,2704.50,2321.00
736, 21.97265625, 1919.50,2650.50,2274.50
737, 22.32421875, 1890.00,2607.50,2237.00
738, 22.50703049, 1867.50,2577.00,2213.50
739, 22.76367188, 1844.50,2546.50,2184.50
740, 23.02734375, 1818.50,2512.50,2154.50
741, 23.37890625, 1787.00,2467.50,2117.00
742, 23.80605316, 1748.00,2417.00,2071.50
743, 24.26132965, 1701.00,2352.00,2015.00
744, 24.87304688, 1649.50,2279.00,1954.00
745, 25.48828125, 1592.50,2199.50,1887.00
746, 26.09999847, 1537.50,2124.00,1822.50
747, 26.69765663, 1484.50,2051.50,1759.00
748, 27.24609375, 1436.00,1984.00,1703.00
749, 27.69257736, 1394.00,1926.50,1654.50
750, 28.04238319, 1361.50,1881.00,1615.50
751, 28.38867188, 1337.00,1847.00,1586.00
752, 28.56445313, 1318.00,1820.50,1563.00
753, 28.83339882, 1295.00,1787.50,1536.00
754, 29.17968750, 1271.00,1755.50,1508.50
755, 29.53125000, 1240.00,1711.50,1471.50
756, 29.88632965, 1205.50,1664.50,1431.00
757, 30.45058441, 1162.00,1605.00,1380.00
758, 31.02539063, 1116.00,1540.50,1324.50
759, 31.64062500, 1065.50,1471.00,1265.00
760, 32.25585937, 1018.50,1405.00,1209.00
761, 32.87109375, 971.50,1341.00,1154.50
762, 33.39843750, 931.00,1285.00,1106.50
763, 33.88886642, 898.00,1238.00,1066.50
764, 34.26328278, 871.50,1201.50,1034.00
765, 34.47070312, 854.50,1178.50,1015.50
766, 34.71503830, 841.00,1160.50,1000.00
767, 34.92070389, 822.00,1134.00,976.50
768, 35.24414062, 801.00,1105.00,952.50
769, 35.68359375, 771.00,1064.00,917.00
770, 36.12304687, 740.50,1021.00,881.00
771, 36.65039062, 705.50,971.00,839.50
772, 37.26562500, 666.00,917.50,791.50
773, 37.88085937, 628.50,864.50,748.00
774, 38.49609375, 592.00,814.00,704.50
775, 39.02695465, 556.50,765.50,663.00
776, 39.55078125, 527.50,725.00,627.50
777, 39.99023437, 503.50,691.00,598.00
778, 40.31015778, 488.50,670.00,580.00
779, 40.51757812, 476.50,654.00,566.50
780, 40.69335937, 465.00,638.50,552.50
781, 40.95703125, 449.50,617.00,534.00
782, 41.30859375, 432.00,593.00,513.50
783, 41.74804687, 410.50,561.50,487.50
784, 42.27539062, 384.50,527.00,457.00
785, 42.81855392, 358.50,490.00,425.00
786, 43.42851639, 329.50,450.00,391.00
787, 44.03320312, 303.00,412.00,358.50
788, 44.64843750, 277.50,378.00,330.00
789, 45.22676086, 254.00,346.00,300.50
790, 45.70312500, 235.50,317.00,280.00
791, 46.07050705, 222.00,300.00,263.50
792, 46.31835937, 214.00,286.00,253.50
793, 46.50292587, 206.00,275.50,244.00
794, 46.75781250, 198.50,267.50,235.00
795, 47.10761642, 189.00,254.00,223.50
796, 47.46797180, 174.50,231.50,207.00
797, 47.90039062, 162.00,216.00,190.50
798, 48.42773437, 146.50,191.00,173.00
799, 49.04296875, 130.00,172.50,153.50
800, 49.63711166, 115.50,148.00,131.50
801, 50.18554687, 102.00,132.50,119.00
802, 50.80078125, 89.00,110.00,104.00
803, 51.32812500, 79.50,101.00,91.50
804, 51.72539139, 72.00,90.50,78.00
805, 52.11914062, 66.50,82.50,71.00
806, 52.29492187, 62.50,73.00,66.50
807, 52.55859375, 60.00,73.50,62.50
808, 52.82226562, 56.00,63.00,58.00
809, 53.17382812, 51.50,57.00,53.00
810, 53.52539062, 47.50,50.50,47.50
811, 54.05273437, 42.50,44.00,41.50
812, 54.58007812, 38.50,44.00,42.00
813, 55.19531250, 34.50,39.00,38.00
814, 55.81054687, 32.50,36.00,29.00
815, 56.42402267, 32.00,34.50,34.00
816, 56.98652267, 32.50,29.00,28.00
817, 57.48046875, 33.50,37.00,35.50
818, 57.91816330, 35.50,39.00,37.50
819, 57.91992187, 30.00,39.00,37.50
819, 57.91992187, 35.50,39.00,37.50
819, 57.91992187, 35.50,38.50,37.00
819, 57.91992187, 35.50,39.50,32.00
819, 57.91992187, 35.50,36.00,37.50
819, 57.91992187, 30.00,39.00,38.00
819, 57.91992187, 35.50,39.50,31.50
819, 57.91992187, 35.50,33.00,37.50
819, 57.91992187, 35.50,33.00,37.50
819, 57.91992187, 36.00,39.00,37.50
819, 57.91992187, 30.00,39.50,31.50
819, 57.91992187, 35.50,39.00,32.00
819, 57.91992187, 35.50,39.00,37.50
819, 57.91992187, 29.50,33.00,37.50
819, 57.91992187, 36.00,39.00,31.50
819, 57.91992187, 35.50,39.00,37.50
819, 57.91992187, 36.00,33.00,37.50
819, 57.91992187, 29.50,33.00,31.50
819, 57.91992187, 30.00,39.00,37.50
819, 57.91992187, 35.50,39.00,37.50
819, 57.91992187, 35.50,33.00,32.00
819, 57.91992187, 35.50,39.00,37.00
819, 57.91992187, 36.00,39.00,37.50
819, 57.91992187, 35.50,39.00,37.00
819, 57.91992187, 30.50,33.50,37.50
819, 57.91992187, 29.50,39.00,32.00
819, 57.91992187, 36.00,39.50,37.00
819, 57.91992187, 30.00,33.50,37.50
819, 57.91992187, 35.50,39.00,37.00
819, 57.91992187, 29.50,39.00,37.50
819, 57.91992187, 36.00,39.00,37.50
819, 57.91992187, 29.50,39.00,37.00
819, 57.91992187, 35.50,39.00,31.50
819, 57.91992187, 35.50,33.00,32.00
819, 57.91992187, 35.50,39.00,37.50
819, 57.91992187, 30.00,39.00,32.00
819, 57.91992187, 35.50,39.00,37.50
819, 57.91992187, 35.50,39.00,38.00
819, 57.91992187, 35.50,39.00,31.50
