0, 58.35937500, 38.50,37.50,35.50
0, 58.35937500, 33.00,43.00,35.50
0, 58.35937500, 33.00,43.00,35.50
1, 58.71093750, 41.00,41.00,44.50
2, 58.97460937, 43.50,48.50,46.50
3, 59.32617187, 47.00,54.00,50.50
4, 59.58984375, 50.00,58.50,54.00
5, 59.94140625, 53.50,58.00,58.50
6, 60.35624695, 57.00,71.50,65.00
7, 60.82031250, 66.00,81.00,67.50
8, 61.37402344, 71.50,94.00,81.50
9, 61.96464920, 86.00,104.50,97.00
10, 62.57812500, 98.50,126.50,111.50
11, 63.10546875, 111.00,143.50,126.00
12, 63.63281250, 122.00,159.00,136.00
13, 63.98437500, 128.00,169.00,150.50
14, 64.42559052, 144.00,190.00,160.50
15, 64.77539063, 154.00,203.50,176.50
16, 65.08300781, 158.00,214.50,182.00
17, 65.39062500, 172.00,227.50,197.50
18, 65.65429688, 181.00,241.00,208.00
19, 66.02519226, 193.00,257.50,219.00
20, 66.45058441, 208.50,278.00,237.00
21, 66.97792816, 224.50,300.00,260.50
22, 67.58789063, 247.00,333.00,284.00
23, 68.19609070, 270.50,364.00,314.00
24, 68.75859070, 294.50,398.50,342.50
25, 69.27363586, 316.00,428.50,368.50
26, 69.74121094, 336.50,457.00,392.00
27, 70.22460938, 358.00,486.00,417.50
28, 70.57617188, 376.00,510.50,438.00
29, 70.83984375, 389.00,529.00,453.50
30, 71.19140625, 404.50,549.50,471.00
31, 71.45507813, 419.50,571.00,489.50
32, 71.85058594, 437.50,594.50,510.00
33, 72.24609375, 458.50,624.00,535.00
34, 72.68554688, 480.50,655.00,561.00
35, 73.13906097, 507.00,691.50,592.50
36, 73.74023438, 541.00,739.00,633.00
37, 74.35546875, 575.00,787.50,674.50
38, 74.95312500, 609.50,833.00,715.00
39, 75.41015625, 638.50,874.00,749.50
40, 75.84960938, 663.00,908.00,778.00
41, 76.28906250, 690.00,946.50,811.00
42, 76.63008118, 712.00,975.50,836.50
43, 76.90077972, 729.50,1000.50,858.00
44, 77.18027496, 750.00,1030.50,882.00
45, 77.51953125, 771.00,1057.00,905.50
46, 77.84824371, 791.50,1087.00,931.00
47, 78.29648590, 821.50,1130.00,968.00
48, 78.75703430, 855.50,1176.00,1007.50
49, 79.36523438, 896.50,1231.50,1055.50
50, 79.90312195, 938.50,1290.00,1106.00
51, 80.50781250, 982.00,1350.50,1158.00
52, 81.05097961, 1020.50,1404.00,1203.50
53, 81.47637177, 1057.50,1455.00,1247.00
54, 81.82617188, 1080.50,1488.50,1277.00
55, 82.08105469, 1098.00,1511.50,1296.00
56, 82.34648132, 1119.00,1539.50,1319.50
57, 82.59609222, 1139.00,1566.50,1344.00
58, 82.92832184, 1166.50,1606.50,1378.50
59, 83.31504059, 1196.50,1649.00,1413.50
60, 83.84413910, 1239.00,1713.00,1470.00
61, 84.37500000, 1281.50,1766.50,1515.00
62, 84.98671722, 1328.00,1828.50,1566.50
63, 85.56504059, 1377.00,1897.00,1626.00
64, 86.13281250, 1428.50,1968.00,1687.50
65, 86.74277496, 1479.00,2038.00,1746.50
66, 87.27539063, 1524.50,2100.50,1799.00
67, 87.67617035, 1561.00,2149.50,1842.50
68, 87.97851563, 1585.00,2186.00,1874.00
69, 88.19824219, 1608.00,2214.50,1898.50
70, 88.41796875, 1625.50,2237.50,1919.50
71, 88.68340302, 1651.00,2272.00,1949.50
72, 89.03672028, 1682.50,2315.50,1987.00
73, 89.47265625, 1719.50,2369.00,2032.00
74, 90.00000000, 1765.00,2432.00,2085.00
75, 90.61171722, 1817.50,2503.50,2147.50
76, 91.14257813, 1871.00,2579.00,2212.00
77, 91.75781250, 1926.50,2657.00,2279.00
78, 92.37304688, 1980.00,2731.50,2345.00
79, 92.90039063, 2033.00,2803.50,2405.00
80, 93.41191101, 2078.50,2866.50,2459.50
81, 93.77929688, 2111.50,2911.00,2496.50
82, 94.04296875, 2140.50,2949.50,2529.00
83, 94.26621246, 2160.00,2980.00,2553.00
84, 94.48418427, 2188.50,3016.50,2584.00
85, 94.85155487, 2218.00,3057.50,2621.00
86, 95.18906403, 2252.00,3105.00,2660.00
87, 95.70058441, 2295.00,3165.50,2713.50
88, 96.24023438, 2348.00,3236.00,2773.50
89, 96.84316254, 2403.50,3316.00,2843.00
90, 97.38281250, 2462.00,3398.00,2914.00
91, 97.99804688, 2519.50,3477.50,2984.00
92, 98.60449219, 2579.50,3561.50,3054.00
93, 99.14062500, 2633.00,3634.00,3115.50
94, 99.58007813, 2674.50,3696.50,3165.50
95, 100.01776886, 2710.50,3748.00,3210.50
96, 100.19531250, 2732.50,3778.50,3236.50
97, 100.40449524, 2753.00,3802.50,3260.00
98, 100.63476563, 2779.50,3840.50,3293.50
99, 100.98632813, 2808.50,3881.00,3328.00
100, 101.42578125, 2853.50,3938.50,3377.50
101, 101.86523438, 2901.00,3997.00,3433.00
102, 102.47695160, 2954.00,4073.00,3496.50
103, 103.07285309, 3013.50,4153.00,3564.50
104, 103.62304688, 3070.50,4226.00,3634.00
105, 104.23828125, 3128.50,4311.00,3703.00
106, 104.85351563, 3182.50,4383.50,3767.50
107, 105.29296875, 3231.50,4448.50,3826.50
108, 105.73242188, 3274.00,4505.00,3872.50
109, 106.06991577, 3302.00,4545.00,3909.00
110, 106.25976563, 3320.50,4572.50,3931.00
111, 106.52343750, 3346.50,4607.50,3961.50
112, 106.87500000, 3376.50,4649.00,3994.00
113, 107.22656250, 3411.50,4701.00,4035.00
114, 107.57812500, 3447.00,4755.50,4081.00
115, 108.10546875, 3498.00,4826.50,4141.00
116, 108.72070313, 3553.00,4901.00,4204.50
117, 109.33593750, 3613.00,4986.00,4277.00
118, 109.95117188, 3668.00,5065.50,4346.50
119, 110.56640625, 3725.50,5143.50,4413.00
120, 111.16581726, 3779.00,5213.00,4474.50
121, 111.62285614, 3824.50,5276.00,4525.50
122, 111.97265625, 3860.50,5320.00,4566.50
123, 112.23632813, 3880.50,5348.00,4590.00
124, 112.47012329, 3904.00,5379.50,4615.50
125, 112.74257660, 3926.00,5414.50,4640.00
126, 113.02734375, 3952.00,5451.50,4668.50
127, 113.46679688, 3989.50,5501.50,4711.00
128, 113.89218140, 4028.50,5556.50,4759.50
129, 114.42656708, 4075.50,5619.00,4817.00
130, 115.03828430, 4130.00,5694.50,4881.00
131, 115.57968903, 4180.50,5762.00,4941.00
132, 116.19316864, 4232.50,5832.50,5002.00
133, 116.80664063, 4283.50,5904.00,5062.50
134, 117.40077972, 4331.00,5966.00,5115.50
135, 117.86132813, 4367.50,6015.50,5156.50
136, 118.12676239, 4390.50,6052.50,5187.50
137, 118.38867188, 4413.50,6081.50,5209.00
138, 118.64882660, 4431.50,6108.50,5229.50
139, 118.90547180, 4453.00,6139.00,5256.50
140, 119.17968750, 4477.50,6170.00,5283.00
141, 119.61914063, 4510.00,6218.50,5322.00
142, 120.12715149, 4549.00,6267.00,5366.50
143, 120.67382813, 4590.50,6321.00,5420.50
144, 121.28027344, 4638.00,6378.00,5476.50
145, 121.89550781, 4683.00,6443.50,5525.50
146, 122.44394684, 4726.00,6511.50,5580.00
147, 123.04687500, 4768.50,6571.50,5628.50
148, 123.62344360, 4807.50,6621.50,5670.50
149, 124.01367188, 4839.50,6662.00,5704.00
150, 124.27734375, 4859.00,6692.00,5725.00
151, 124.54101563, 4873.50,6715.00,5742.00
152, 124.79414368, 4889.00,6734.50,5758.50
153, 125.06835938, 4908.50,6766.00,5781.00
154, 125.41992188, 4932.50,6801.00,5809.00
155, 125.79785919, 4958.00,6835.00,5834.00
156, 126.38671875, 4993.50,6889.00,5873.00
157, 126.91406250, 5028.50,6941.00,5920.00
158, 127.53105927, 5062.50,6991.00,5962.00
159, 128.14453125, 5092.50,7039.50,6008.00
160, 128.75624084, 5125.50,7081.00,6047.00
161, 129.32752991, 5157.50,7125.00,6084.50
162, 129.81445313, 5184.50,7162.50,6116.50
163, 130.17480469, 5209.50,7194.00,6142.50
164, 130.45077515, 5221.50,7209.50,6162.00
165, 130.69335938, 5232.50,7225.00,6174.50
166, 130.94824219, 5246.50,7242.50,6194.00
167, 131.22070313, 5261.00,7264.00,6212.50
168, 131.66015625, 5284.00,7293.50,6240.50
169, 132.09960938, 5303.00,7323.00,6266.00
170, 132.62695313, 5326.50,7354.00,6293.50
171, 133.24218750, 5350.00,7391.00,6322.50
172, 133.79765320, 5375.50,7431.50,6352.00
173, 134.38476563, 5400.00,7460.50,6379.00
174, 135.00000000, 5424.50,7494.00,6404.50
175, 135.54316711, 5443.00,7520.50,6428.50
176, 136.05468750, 5460.00,7545.50,6447.50
177, 136.40625000, 5473.50,7561.50,6463.50
178, 136.59432983, 5478.50,7570.50,6473.00
179, 136.75781250, 5485.00,7582.00,6483.50
180, 137.09004211, 5495.50,7591.00,6494.50
181, 137.37304688, 5505.50,7603.00,6505.00
182, 137.81250000, 5514.50,7619.50,6520.00
183, 138.33984375, 5527.50,7641.50,6541.00
184, 138.86718750, 5543.50,7666.00,6558.50
185, 139.48242188, 5560.50,7687.00,6574.00
186, 140.09765625, 5574.50,7708.50,6592.00
187, 140.67597961, 5587.50,7727.00,6608.50
188, 141.24023438, 5599.50,7746.00,6621.00
189, 141.76757813, 5604.50,7756.50,6635.00
190, 142.20703125, 5612.50,7764.50,6641.50
191, 142.46015930, 5620.50,7771.00,6643.50
192, 142.64648438, 5623.50,7772.00,6650.00
193, 142.91015625, 5625.50,7781.50,6654.00
194, 143.17910767, 5629.00,7781.00,6653.00
195, 143.57812500, 5634.50,7791.50,6659.50
196, 144.05273438, 5640.00,7801.00,6664.00
197, 144.58007813, 5645.00,7812.50,6667.50
198, 145.12149048, 5648.00,7815.50,6672.50
199, 145.72265625, 5650.50,7820.00,6675.50
200, 146.33789063, 5649.50,7821.00,6676.00
201, 146.92675781, 5651.00,7822.00,6678.50
202, 147.48046875, 5647.50,7820.00,6675.00
203, 147.99551392, 5647.50,7821.00,6672.50
204, 148.38574219, 5644.00,7818.50,6669.50
205, 148.62304688, 5644.00,7822.00,6667.50
206, 148.80058289, 5638.50,7818.50,6667.00
207, 149.10116577, 5637.50,7817.00,6665.50
208, 149.41406250, 5633.50,7812.50,6660.50
209, 149.84648132, 5631.50,7806.00,6654.50
210, 150.29296875, 5626.00,7791.50,6645.00
211, 150.82031250, 5616.50,7784.50,6635.00
212, 151.40390015, 5606.50,7773.00,6625.00
213, 151.96289063, 5595.00,7763.50,6615.00
214, 152.57812500, 5583.00,7751.50,6600.00
215, 153.17227173, 5573.00,7735.00,6585.00
216, 153.72070313, 5558.00,7723.50,6571.00
217, 154.15663147, 5549.50,7707.50,6562.50
218, 154.51171875, 5542.00,7699.50,6555.00
219, 154.75077820, 5531.50,7691.00,6548.00
220, 154.91952515, 5526.50,7682.50,6538.00
221, 155.21484375, 5518.00,7672.00,6531.00
222, 155.55058289, 5507.50,7658.50,6519.50
223, 156.00585938, 5492.00,7641.00,6504.00
224, 156.44531250, 5474.50,7625.00,6493.00
225, 157.02012634, 5452.00,7601.00,6474.50
226, 157.59317017, 5433.00,7567.00,6451.00
227, 158.20312500, 5409.00,7536.00,6420.50
228, 158.81835938, 5388.00,7502.50,6389.50
229, 159.36503601, 5361.50,7468.00,6361.00
230, 159.87304688, 5338.00,7439.00,6338.00
231, 160.31250000, 5324.00,7419.00,6316.50
232, 160.58320618, 5309.50,7400.00,6302.50
233, 160.84159851, 5300.50,7382.50,6288.50
234, 161.09121704, 5288.00,7368.00,6276.50
235, 161.36718750, 5274.00,7350.00,6260.00
236, 161.71875000, 5261.00,7327.00,6239.00
237, 162.15820313, 5236.00,7301.50,6214.50
238, 162.68554688, 5212.00,7263.00,6182.00
239, 163.30078125, 5183.50,7216.00,6143.00
240, 163.82987976, 5153.00,7173.50,6104.00
241, 164.44335938, 5119.50,7125.50,6060.00
242, 165.05859375, 5084.00,7076.00,6022.00
243, 165.58593750, 5055.50,7035.00,5982.00
244, 166.06054688, 5028.00,6995.00,5950.00
245, 166.46484375, 5006.00,6969.00,5923.00
246, 166.72676086, 4988.00,6948.00,5902.50
247, 166.90429688, 4977.50,6930.50,5889.50
248, 167.16796875, 4961.50,6907.00,5868.00
249, 167.44570923, 4943.00,6883.50,5848.50
250, 167.87109375, 4914.00,6845.50,5813.00
251, 168.39843750, 4883.50,6807.00,5776.00
252, 168.88008118, 4847.50,6757.00,5732.00
253, 169.46894836, 4805.50,6702.50,5685.50
254, 170.06835938, 4763.50,6643.00,5636.00
255, 170.65722656, 4724.00,6586.50,5587.00
256, 171.28652954, 4679.50,6523.50,5537.00
257, 171.78926086, 4644.00,6474.00,5492.50
258, 172.18476868, 4612.50,6429.50,5454.00
259, 172.52929688, 4587.00,6400.00,5427.00
260, 172.79296875, 4569.00,6375.50,5404.00
261, 172.96875000, 4552.50,6351.50,5386.00
262, 173.24649048, 4532.00,6322.50,5360.00
263, 173.58398438, 4506.50,6287.00,5326.50
264, 174.02343750, 4474.50,6238.00,5285.00
265, 174.53671265, 4435.50,6181.50,5234.00
266, 175.07987976, 4392.00,6117.50,5184.50
267, 175.62480164, 4345.00,6050.50,5125.50
268, 176.22245789, 4293.50,5979.50,5064.50
269, 176.83593750, 4243.50,5912.50,5007.50
270, 177.40722656, 4191.50,5844.00,4948.00
271, 177.89062500, 4152.00,5786.00,4897.00
272, 178.33007813, 4116.50,5736.00,4857.50
273, 178.59375000, 4093.50,5705.50,4829.50
274, 178.85742188, 4074.00,5675.00,4803.00
275, 179.04023743, 4054.50,5648.50,4780.50
276, 179.37948608, 4030.50,5614.00,4748.50
277, 179.73632813, 3995.50,5571.00,4710.00
278, 180.17578125, 3956.00,5518.00,4661.00
279, 180.70312500, 3907.00,5450.00,4605.00
280, 181.31835938, 3856.00,5377.50,4542.00
281, 181.85626221, 3803.00,5301.50,4476.00
282, 182.46093750, 3745.00,5223.50,4409.00
283, 183.07617188, 3692.00,5147.00,4346.50
284, 183.62637329, 3641.00,5070.00,4285.50
285, 184.12910461, 3597.00,5009.50,4234.50
286, 184.48242188, 3561.00,4960.50,4193.50
287, 184.74081421, 3540.00,4935.50,4168.50
288, 184.92187500, 3520.50,4905.50,4146.00
289, 185.18554688, 3492.50,4869.00,4115.50
290, 185.53710938, 3466.00,4828.00,4081.00
291, 185.97656250, 3426.00,4771.50,4032.00
292, 186.41601563, 3378.50,4712.00,3978.50
293, 186.99082947, 3328.00,4639.50,3919.50
294, 187.55859375, 3269.00,4556.50,3850.50
295, 188.11582947, 3210.00,4477.50,3784.00
296, 188.72578430, 3155.00,4398.50,3716.50
297, 189.31640625, 3097.50,4318.00,3649.00
298, 189.84727478, 3047.50,4248.50,3589.00
299, 190.28320313, 3008.50,4191.50,3540.00
300, 190.54687500, 2981.00,4154.50,3509.00
301, 190.81054688, 2954.50,4122.50,3478.00
302, 191.05841064, 2932.50,4091.50,3453.50
303, 191.33789063, 2903.00,4051.50,3418.50
304, 191.68945313, 2867.00,4003.50,3380.00
305, 192.12187195, 2827.00,3945.00,3332.50
306, 192.61758423, 2778.50,3878.00,3273.50
307, 193.18359375, 2719.50,3798.00,3207.50
308, 193.71269226, 2664.00,3718.00,3141.00
309, 194.32617188, 2605.50,3639.50,3071.00
310, 194.90975952, 2549.00,3559.50,3003.00
311, 195.46875000, 2493.00,3480.50,2938.50
312, 195.99609375, 2446.50,3413.00,2881.50
313, 196.43554688, 2407.50,3359.50,2835.50
314, 196.69569397, 2382.00,3325.50,2804.00
315, 196.96289063, 2359.00,3292.00,2776.50
316, 197.13867188, 2338.00,3264.50,2752.00
317, 197.40234375, 2313.00,3226.00,2721.00
318, 197.80841064, 2273.50,3174.00,2675.50
319, 198.27949524, 2231.00,3112.00,2625.00
320, 198.80506897, 2182.00,3044.50,2567.00
321, 199.36932373, 2124.50,2966.00,2500.50
322, 199.95117188, 2069.00,2887.00,2433.00
323, 200.47851563, 2013.00,2812.50,2371.00
324, 201.09375000, 1958.00,2735.50,2306.50
325, 201.62109375, 1907.00,2666.00,2247.00
326, 202.12910461, 1865.50,2605.50,2197.00
327, 202.50000000, 1832.50,2559.50,2157.00
328, 202.68281555, 1813.00,2530.50,2132.50
329, 202.93417358, 1794.50,2504.50,2110.50
330, 203.20312500, 1769.00,2468.50,2080.50
331, 203.55468750, 1740.00,2427.50,2046.00
332, 203.90625000, 1703.50,2376.00,2004.50
333, 204.43359375, 1660.00,2315.50,1953.50
334, 204.95918274, 1612.00,2251.00,1897.50
335, 205.56913757, 1558.50,2176.00,1834.50
336, 206.10351563, 1507.00,2104.50,1775.00
337, 206.71875000, 1456.00,2033.50,1713.00
338, 207.33398438, 1407.50,1964.00,1655.50
339, 207.83319092, 1365.50,1903.50,1604.00
340, 208.21289063, 1332.50,1855.00,1564.00
341, 208.48536682, 1309.50,1824.00,1537.00
342, 208.74726868, 1289.50,1796.00,1514.50
343, 209.00390625, 1269.00,1768.00,1491.00
344, 209.26757813, 1247.00,1735.00,1464.50
345, 209.61914063, 1219.50,1696.50,1432.50
346, 210.05859375, 1185.50,1650.00,1392.50
347, 210.58418274, 1146.00,1594.50,1345.50
348, 211.11328125, 1102.50,1533.50,1293.50
349, 211.72851563, 1056.00,1468.00,1238.00
350, 212.34375000, 1010.00,1404.50,1184.00
351, 212.87461853, 966.50,1343.50,1133.50
352, 213.48632813, 926.00,1286.00,1084.50
353, 213.97676086, 891.00,1238.00,1044.00
354, 214.36523438, 863.00,1199.00,1012.00
355, 214.60604858, 848.00,1177.00,992.50
356, 214.80644226, 831.50,1153.50,972.50
357, 215.06835938, 817.50,1132.50,955.50
358, 215.33203125, 798.50,1106.00,932.50
359, 215.77148438, 770.00,1066.00,899.50
360, 216.21093750, 740.50,1025.50,865.00
361, 216.73828125, 707.50,978.50,826.00
362, 217.35351563, 669.50,926.00,781.50
363, 217.88085938, 633.50,875.50,739.00
364, 218.48379517, 599.00,827.50,699.50
365, 219.02343750, 564.00,779.00,658.00
366, 219.55078125, 535.50,739.00,624.50
367, 219.99023438, 512.00,704.50,596.50
368, 220.29257202, 496.00,682.50,577.50
369, 220.59317017, 481.00,663.00,561.00
370, 220.78125000, 468.50,645.50,546.00
371, 221.06425476, 455.00,625.50,530.00
372, 221.39648438, 437.00,601.50,509.50
373, 221.83593750, 416.50,573.00,485.00
374, 222.30000305, 392.00,539.00,457.00
375, 222.82910156, 366.50,503.50,426.50
376, 223.44258118, 338.00,463.50,393.50
377, 224.03320313, 309.00,426.00,361.50
378, 224.64843750, 286.00,392.50,334.00
379, 225.17578125, 260.00,358.50,307.00
380, 225.70312500, 243.50,332.00,282.00
381, 226.14257813, 229.00,309.50,266.50
382, 226.40272522, 219.50,296.00,255.50
383, 226.66639709, 210.50,286.00,245.00
384, 226.84570313, 203.00,276.00,236.00
385, 227.10937500, 190.00,260.00,225.50
386, 227.46093750, 178.00,246.50,212.00
387, 227.90039063, 170.00,228.50,197.00
388, 228.41368103, 154.50,207.50,179.50
389, 228.95507813, 138.00,181.00,156.50
390, 229.57031250, 118.00,158.00,136.50
391, 230.18554688, 103.00,142.50,120.50
392, 230.75508118, 95.50,119.00,110.00
393, 231.32812500, 84.00,105.50,96.50
394, 231.85194397, 69.50,96.00,86.00
395, 232.19999695, 69.00,82.50,75.00
396, 232.47070313, 59.00,77.00,74.00
397, 232.64648438, 56.00,77.50,68.00
398, 232.89959717, 59.00,71.50,66.50
399, 233.17382813, 55.00,67.00,58.00
400, 233.61152649, 45.00,57.50,56.50
401, 234.04745483, 45.50,53.50,50.50
402, 234.53085327, 40.50,47.50,41.50
403, 235.10742188, 36.50,35.00,40.00
404, 235.72265625, 34.00,37.00,37.00
405, 236.33613586, 32.00,34.50,34.50
406, 236.94784546, 27.50,27.50,34.00
407, 237.48046875, 32.50,35.00,28.50
408, 237.85136414, 33.50,31.00,29.50
409, 238.18359375, 35.00,39.00,37.50
410, 238.44726563, 36.50,40.00,38.50
411, 238.70918274, 37.50,39.00,33.50
412, 238.96231079, 39.50,42.50,36.50
413, 239.23828125, 42.00,42.50,45.00
414, 239.67773438, 43.00,53.50,44.00
415, 240.11894226, 51.00,60.50,55.50
416, 240.64805603, 58.00,67.00,58.00
417, 241.25976563, 62.50,82.50,73.00
418, 241.91014099, 77.00,97.00,85.00
419, 242.49023438, 88.50,112.00,97.50
420, 243.06327820, 95.00,129.00,111.50
421, 243.60644531, 106.50,145.00,124.50
422, 243.98262024, 121.00,153.50,135.00
423, 244.21466064, 123.00,166.00,142.00
424, 244.43788147, 132.00,175.00,147.50
425, 244.68750000, 139.50,183.50,156.50
426, 244.95292664, 145.00,196.00,166.00
427, 245.30273438, 153.00,209.50,177.00
428, 245.74218750, 168.00,227.00,191.50
429, 246.26953125, 187.50,251.00,211.00
430, 246.80390930, 202.00,277.50,228.50
431, 247.46485901, 227.00,309.50,255.50
432, 248.09942627, 252.50,342.00,285.00
433, 248.64257813, 276.00,374.50,312.50
434, 249.25781250, 299.00,406.50,339.00
435, 249.69726563, 319.00,435.50,362.00
436, 250.04882813, 334.00,456.50,379.00
437, 250.25274658, 344.50,471.00,391.50
438, 250.48828125, 354.00,487.50,404.50
439, 250.75195313, 367.50,503.00,417.00
440, 251.07186890, 381.50,523.00,433.50
441, 251.45507813, 401.50,551.50,456.50
442, 251.89453125, 422.50,582.50,481.50
443, 252.42187500, 451.00,621.50,513.50
444, 253.03710938, 483.00,666.50,550.00
445, 253.65234375, 518.00,716.50,590.50
446, 254.26757813, 552.00,763.50,628.00
447, 254.87928772, 587.50,814.00,668.50
448, 255.41015625, 620.00,859.00,705.50
449, 255.77929688, 644.50,895.50,734.00
450, 256.11328125, 665.00,924.00,758.00
451, 256.33123779, 678.50,942.50,773.50
452, 256.55273438, 692.50,962.50,789.50
453, 256.81640625, 712.00,989.00,811.00
454, 257.16796875, 732.00,1018.50,834.50
455, 257.58456421, 760.00,1058.50,867.00
456, 258.04687500, 793.00,1104.50,904.00
457, 258.57421875, 832.00,1159.00,948.00
458, 259.18945313, 876.00,1221.50,998.00
459, 259.88378906, 921.50,1286.50,1050.50
460, 260.41992188, 966.50,1350.00,1102.00
461, 261.03515625, 1011.00,1411.00,1152.00
462, 261.56250000, 1050.00,1467.50,1196.50
463, 261.91406250, 1080.00,1509.00,1231.00
464, 262.17773438, 1098.00,1533.50,1251.00
465, 262.43261719, 1118.00,1561.50,1274.00
466, 262.61718750, 1135.00,1587.00,1295.00
467, 262.96875000, 1158.00,1619.50,1321.00
468, 263.23242188, 1186.00,1657.50,1351.00
469, 263.67187500, 1220.50,1707.50,1390.50
470, 264.19921875, 1265.00,1770.50,1441.00
471, 264.81445313, 1315.00,1839.50,1497.00
472, 265.42968750, 1369.50,1919.00,1560.00
473, 266.04492188, 1420.50,1991.00,1618.00
474, 266.65838623, 1473.00,2065.50,1677.50
475, 267.18927002, 1523.50,2138.00,1735.00
476, 267.67089844, 1565.50,2196.50,1782.50
477, 268.05059814, 1599.50,2243.50,1820.00
478, 268.24218750, 1617.50,2270.50,1842.00
479, 268.43905640, 1634.50,2293.50,1861.00
480, 268.68164063, 1656.00,2326.00,1886.50
481, 269.03320313, 1687.50,2370.00,1922.00
482, 269.38827515, 1725.00,2421.50,1964.00
483, 269.84530640, 1767.00,2480.50,2012.50
484, 270.43945313, 1817.50,2550.00,2068.00
485, 271.05468750, 1874.00,2633.00,2134.00
486, 271.66992188, 1933.50,2718.50,2203.50
487, 272.28515625, 1993.50,2801.00,2268.00
488, 272.89688110, 2051.00,2881.50,2334.50
489, 273.35742188, 2100.50,2951.50,2390.50
490, 273.77929688, 2138.50,3006.50,2436.50
491, 274.08340454, 2170.00,3051.00,2471.50
492, 274.30487061, 2190.50,3079.50,2497.00
493, 274.50000000, 2210.00,3111.00,2522.50
494, 274.79354858, 2241.50,3146.50,2552.50
495, 275.16094971, 2273.00,3196.50,2593.00
496, 275.54940796, 2315.50,3255.50,2641.50
497, 276.06445313, 2364.50,3324.00,2696.50
498, 276.59179688, 2419.50,3401.00,2759.00
499, 277.22283936, 2483.00,3493.00,2830.50
500, 277.91015625, 2549.50,3581.50,2902.50
501, 278.52362061, 2612.50,3669.50,2972.50
502, 279.05450439, 2670.00,3752.00,3040.50
503, 279.56250000, 2716.50,3820.50,3093.50
504, 279.92813110, 2753.50,3877.00,3139.50
505, 280.19531250, 2780.00,3913.50,3170.00
506, 280.37109375, 2800.00,3942.50,3192.50
507, 280.63476563, 2825.50,3977.00,3219.00
508, 280.91073608, 2857.50,4024.00,3256.00
509, 281.25000000, 2894.50,4074.00,3296.00
510, 281.68945313, 2937.00,4135.00,3346.50
511, 282.21679688, 2989.00,4209.00,3407.00
512, 282.83203125, 3051.00,4295.50,3476.00
513, 283.44726563, 3116.50,4388.50,3553.00
514, 284.06250000, 3174.50,4471.50,3621.50
515, 284.67422485, 3235.00,4555.50,3691.00
516, 285.20507813, 3295.00,4635.00,3757.50
517, 285.72891235, 3343.00,4701.00,3811.50
518, 285.99960327, 3372.50,4752.50,3852.00
519, 286.25976563, 3398.00,4783.00,3876.50
520, 286.43554688, 3416.00,4810.00,3898.50
521, 286.74844360, 3447.50,4854.50,3933.00
522, 287.05078125, 3478.00,4895.00,3966.00
523, 287.49023438, 3520.00,4958.00,4015.50
524, 287.90509033, 3562.50,5017.00,4064.50
525, 288.45352173, 3616.00,5092.50,4125.00
526, 289.06347656, 3676.50,5176.00,4191.50
527, 289.65936279, 3736.00,5258.50,4257.50
528, 290.21661377, 3793.00,5339.50,4326.50
529, 290.83007813, 3853.00,5416.50,4390.00
530, 291.32577515, 3899.00,5484.50,4446.50
531, 291.70898438, 3937.00,5537.50,4489.00
532, 292.06054688, 3965.50,5575.50,4523.50
533, 292.23632813, 3987.00,5604.00,4546.50
534, 292.50000000, 4012.00,5636.50,4574.00
535, 292.81640625, 4041.50,5675.50,4605.50
536, 293.11700439, 4070.50,5718.50,4642.00
537, 293.55468750, 4112.50,5772.50,4689.00
538, 294.08203125, 4158.50,5838.00,4745.00
539, 294.63046265, 4210.50,5909.50,4803.50
540, 295.25448608, 4270.00,5989.00,4867.50
541, 295.90487671, 4326.50,6069.50,4934.50
542, 296.46737671, 4381.00,6144.50,4996.00
543, 297.05273438, 4428.00,6213.00,5054.00
544, 297.47637939, 4468.00,6269.00,5096.50
545, 297.85781860, 4500.00,6313.00,5134.00
546, 298.13555908, 4525.00,6347.00,5163.00
547, 298.38867188, 4547.50,6372.50,5185.50
548, 298.65234375, 4571.00,6405.00,5211.50
549, 298.93182373, 4595.50,6442.50,5241.00
550, 299.34490967, 4630.50,6483.50,5276.50
551, 299.70703125, 4661.50,6531.50,5314.50
552, 300.23437500, 4706.50,6592.50,5365.00
553, 300.84960938, 4751.50,6658.00,5421.50
554, 301.46484375, 4804.00,6725.50,5479.00
555, 302.08007813, 4855.00,6793.50,5539.00
556, 302.69708252, 4904.50,6861.50,5589.00
557, 303.29998779, 4947.00,6912.50,5636.50
558, 303.75000000, 4984.00,6967.00,5680.00
559, 304.10156250, 5009.00,7001.00,5711.50
560, 304.35995483, 5026.50,7023.00,5729.50
561, 304.54101563, 5040.00,7042.00,5744.50
562, 304.80468750, 5063.00,7070.50,5764.00
563, 305.10525513, 5080.50,7099.00,5787.50
564, 305.50781250, 5111.50,7138.00,5823.50
565, 305.96133423, 5141.00,7183.00,5858.50
566, 306.48867798, 5178.00,7228.50,5898.50
567, 307.08984375, 5220.50,7283.00,5949.00
568, 307.70507813, 5254.50,7334.00,5995.00
569, 308.32031250, 5298.50,7384.00,6040.50
570, 308.93554688, 5333.00,7437.00,6082.00
571, 309.46289063, 5366.50,7482.00,6115.00
572, 309.90234375, 5391.00,7523.50,6145.50
573, 310.17129517, 5407.00,7547.00,6168.00
574, 310.34356689, 5415.00,7560.50,6180.50
575, 310.61251831, 5432.00,7576.00,6193.50
576, 310.86914063, 5446.50,7589.50,6210.50
577, 311.23300171, 5463.50,7621.00,6232.00
578, 311.66015625, 5488.00,7649.00,6257.50
579, 312.12774658, 5516.00,7681.00,6287.50
580, 312.71484375, 5545.00,7720.50,6320.00
581, 313.33007813, 5576.50,7760.00,6353.50
582, 313.94531250, 5605.50,7789.50,6387.50
583, 314.56054688, 5630.00,7824.50,6419.50
584, 315.17578125, 5652.00,7856.50,6445.00
585, 315.61700439, 5673.50,7882.50,6468.50
586, 316.05468750, 5684.50,7902.00,6483.00
587, 316.31835938, 5697.50,7914.50,6493.50
588, 316.49414063, 5704.00,7922.00,6503.50
589, 316.74200439, 5711.50,7934.00,6510.50
590, 317.02148438, 5724.50,7950.50,6523.50
591, 317.45742798, 5741.50,7966.00,6538.00
592, 317.82479858, 5757.50,7985.00,6550.50
593, 318.34512329, 5769.00,8001.00,6569.50
594, 318.95507813, 5789.50,8023.50,6590.50
595, 319.57031250, 5802.50,8049.50,6613.00
596, 320.18554688, 5818.50,8062.00,6633.00
597, 320.80078125, 5829.50,8080.50,6648.50
598, 321.32461548, 5834.50,8095.50,6663.00
599, 321.72012329, 5843.50,8105.00,6670.00
600, 322.03125000, 5854.50,8112.50,6680.00
601, 322.29492188, 5854.50,8119.00,6685.00
602, 322.55859375, 5860.00,8121.50,6690.00
603, 322.80117798, 5864.00,8134.00,6691.50
604, 323.17382813, 5868.00,8138.00,6699.00
605, 323.52539063, 5874.50,8139.50,6702.50
606, 323.96484375, 5880.50,8148.50,6709.00
607, 324.49218750, 5886.50,8154.50,6716.00
608, 325.10742188, 5890.00,8153.00,6722.50
609, 325.80526733, 5893.50,8154.50,6725.00
610, 326.33789063, 5898.50,8156.50,6727.50
611, 326.97772217, 5898.50,8155.50,6726.50
612, 327.48046875, 5895.50,8154.50,6727.50
613, 327.83203125, 5894.00,8154.50,6729.00
614, 328.18359375, 5889.50,8151.00,6726.50
615, 328.44726563, 5887.50,8154.50,6724.50
616, 328.69158936, 5888.00,8154.00,6723.00
617, 328.97460938, 5892.00,8147.50,6721.50
618, 329.32617188, 5886.50,8147.00,6719.00
619, 329.67950439, 5879.50,8138.50,6714.50
620, 330.21563721, 5879.50,8128.00,6711.00
621, 330.74298096, 5870.00,8118.50,6703.00
622, 331.40567017, 5861.50,8105.50,6690.50
623, 332.05078125, 5848.00,8085.00,6681.00
624, 332.65545654, 5832.00,8064.50,6667.00
625, 333.19335938, 5819.50,8045.00,6654.00
626, 333.72070313, 5807.00,8026.50,6641.00
627, 334.07226563, 5799.00,8012.50,6632.00
628, 334.33593750, 5796.50,8000.50,6626.00
629, 334.58026123, 5791.50,7986.50,6618.50
630, 334.78768921, 5785.50,7978.50,6609.50
631, 335.12344360, 5774.50,7966.00,6602.50
632, 335.47851563, 5762.00,7948.50,6588.50
633, 335.87402344, 5746.50,7930.00,6575.00
634, 336.44354248, 5730.50,7902.50,6556.00
635, 337.02539063, 5705.50,7874.00,6536.00
636, 337.66873169, 5683.00,7840.00,6513.50
637, 338.22247314, 5661.00,7804.00,6488.00
638, 338.83416748, 5640.50,7772.50,6462.00
639, 339.43359375, 5617.50,7740.00,6436.50
640, 339.87304688, 5597.50,7713.50,6410.50
641, 340.22460938, 5580.50,7686.50,6392.00
642, 340.48828125, 5568.50,7674.50,6379.00
643, 340.66406250, 5559.00,7663.00,6370.50
644, 340.95938110, 5546.50,7647.00,6354.00
645, 341.27929688, 5529.00,7624.50,6337.50
646, 341.67303467, 5506.00,7594.50,6316.00
647, 342.11248779, 5481.50,7561.00,6290.50
648, 342.61172485, 5450.50,7523.50,6257.00
649, 343.21289063, 5416.00,7472.50,6218.50
650, 343.82812500, 5377.50,7424.00,6181.50
651, 344.44335938, 5345.50,7374.50,6139.50
652, 345.05859375, 5308.50,7321.00,6098.50
653, 345.58593750, 5275.00,7275.00,6061.00
654, 346.02539063, 5248.00,7235.00,6032.50
655, 346.28906250, 5228.50,7212.50,6012.50
656, 346.54568481, 5211.50,7194.00,5996.00
657, 346.72851563, 5199.00,7176.50,5980.50
658, 346.99218750, 5176.00,7148.00,5957.50
659, 347.35253906, 5151.50,7116.00,5936.00
660, 347.78320313, 5125.50,7079.50,5904.00
661, 348.26660156, 5089.00,7030.00,5865.50
662, 348.82208252, 5053.50,6969.50,5821.50
663, 349.45312500, 5012.00,6907.00,5768.50
664, 350.06835938, 4959.50,6841.00,5717.50
665, 350.68359375, 4921.00,6782.50,5664.00
666, 351.21972656, 4874.00,6720.00,5613.00
667, 351.78399658, 4834.50,6664.50,5567.50
668, 352.16192627, 4804.50,6626.50,5534.50
669, 352.41854858, 4785.50,6594.00,5507.00
670, 352.61718750, 4763.00,6572.50,5489.50
671, 352.85449219, 4745.00,6548.00,5466.50
672, 353.14453125, 4724.00,6517.50,5438.50
673, 353.49609375, 4693.50,6475.00,5407.00
674, 353.93554688, 4657.50,6423.00,5364.50
675, 354.46289063, 4614.50,6362.50,5314.00
676, 355.07284546, 4563.00,6292.50,5255.00
677, 355.69335938, 4509.50,6218.50,5192.00
678, 356.23126221, 4456.50,6140.50,5135.50
679, 356.87988281, 4400.50,6064.00,5073.50
680, 357.45117188, 4348.00,5998.00,5018.00
681, 357.89062500, 4310.50,5940.50,4973.50
682, 358.24218750, 4279.00,5895.50,4936.50
683, 358.49880981, 4256.50,5868.00,4914.00
684, 358.68164063, 4236.00,5841.00,4893.00
685, 358.94531250, 4211.50,5805.50,4862.50
686, 359.28457642, 4183.00,5768.50,4830.00
687, 359.65371704, 4144.50,5714.50,4784.00
688, 0.14414063, 4101.00,5653.50,4735.50
689, 0.67500001, 4048.00,5585.00,4681.50
690, 1.23046875, 3989.50,5506.00,4617.00
691, 1.86328137, 3931.00,5420.50,4549.00
692, 2.46093750, 3873.50,5342.00,4482.00
693, 3.07617187, 3818.00,5267.00,4418.50
694, 3.58242178, 3768.00,5200.00,4360.00
695, 3.95507813, 3728.00,5148.50,4317.50
696, 4.30664063, 3695.50,5103.50,4280.50
697, 4.48417950, 3671.50,5071.50,4253.50
698, 4.75839853, 3646.00,5037.50,4225.00
699, 5.00976563, 3620.50,5001.00,4193.50
700, 5.39824200, 3584.50,4953.00,4154.50
701, 5.80078125, 3543.50,4895.50,4107.00
702, 6.32636738, 3491.50,4827.00,4047.00
703, 6.85546875, 3435.00,4745.50,3981.00
704, 7.47070313, 3371.50,4658.50,3909.50
705, 8.10175800, 3307.00,4572.00,3836.00
706, 8.70117188, 3243.50,4488.50,3766.50
707, 9.31640625, 3186.00,4406.50,3698.50
708, 9.83671856, 3135.50,4337.50,3639.50
709, 10.19531250, 3100.00,4282.00,3595.50
710, 10.45898438, 3071.50,4245.50,3567.00
711, 10.63476563, 3049.50,4216.00,3539.50
712, 10.89843750, 3027.00,4185.00,3513.00
713, 11.16210938, 2995.00,4144.00,3477.00
714, 11.58398438, 2956.50,4090.00,3433.00
715, 11.95488358, 2912.50,4027.50,3382.50
716, 12.48046875, 2859.50,3956.50,3323.50
717, 13.09570313, 2798.50,3874.00,3255.00
718, 13.71093750, 2733.00,3786.50,3181.00
719, 14.26816368, 2671.00,3700.00,3109.50
720, 14.86230564, 2610.00,3613.50,3038.00
721, 15.46875000, 2555.50,3535.00,2972.50
722, 15.90820313, 2507.50,3471.50,2920.00
723, 16.30019569, 2464.00,3417.50,2875.00
724, 16.52343750, 2448.00,3387.00,2850.50
725, 16.69921875, 2430.00,3360.50,2829.00
726, 16.96289063, 2403.50,3324.00,2798.50
727, 17.30742264, 2374.50,3284.50,2763.50
728, 17.66601563, 2329.50,3224.00,2715.50
729, 18.14238358, 2283.50,3159.50,2663.00
730, 18.63281250, 2229.50,3085.00,2602.00
731, 19.24804688, 2171.00,3004.00,2533.00
732, 19.86328125, 2109.50,2920.00,2464.50
733, 20.47851563, 2052.00,2840.50,2397.00
734, 21.09199142, 1998.00,2766.50,2334.00
735, 21.53496170, 1952.00,2700.00,2278.50
736, 21.97265625, 1912.00,2645.50,2233.50
737, 22.31542969, 1882.00,2602.50,2197.00
738, 22.50000000, 1859.50,2573.50,2173.50
739, 22.76367188, 1837.00,2542.50,2146.50
740, 23.02382660, 1811.00,2506.00,2116.50
741, 23.37363243, 1782.00,2463.00,2080.00
742, 23.73046875, 1743.50,2410.00,2036.00
743, 24.25781250, 1695.50,2345.00,1981.00
744, 24.85019493, 1642.50,2273.00,1921.00
745, 25.48828125, 1587.50,2196.00,1854.50
746, 26.01562500, 1530.50,2118.50,1791.50
747, 26.63085938, 1478.00,2045.00,1729.50
748, 27.16172028, 1431.00,1978.50,1673.50
749, 27.68554688, 1390.00,1922.00,1624.50
750, 28.03710938, 1357.50,1877.50,1587.50
751, 28.34648323, 1333.50,1844.50,1559.00
752, 28.56445313, 1314.50,1818.00,1537.00
753, 28.82812500, 1290.50,1785.00,1509.00
754, 29.12343597, 1268.00,1753.00,1481.50
755, 29.45038986, 1236.50,1710.50,1445.00
756, 29.88281250, 1202.00,1661.50,1404.50
757, 30.41015625, 1160.00,1602.00,1356.00
758, 31.02539063, 1112.00,1537.50,1300.50
759, 31.64062500, 1063.50,1468.50,1243.50
760, 32.25585937, 1015.50,1402.50,1187.50
761, 32.87109375, 970.50,1339.50,1133.50
762, 33.39843750, 929.00,1283.00,1087.00
763, 33.83789062, 896.00,1237.00,1049.00
764, 34.18945312, 870.00,1200.50,1018.50
765, 34.45312500, 854.50,1179.00,999.50
766, 34.62890625, 841.00,1160.50,984.50
767, 34.89257812, 821.50,1133.50,961.50
768, 35.24414062, 801.50,1105.50,936.50
769, 35.63261795, 771.00,1064.50,902.00
770, 36.12304687, 740.50,1022.00,866.50
771, 36.65039062, 705.50,973.00,826.00
772, 37.26562500, 666.50,917.00,779.50
773, 37.82636642, 628.50,865.00,735.50
774, 38.43808746, 591.50,814.50,693.00
775, 39.02343750, 557.00,765.00,652.00
776, 39.55078125, 527.50,724.00,617.00
777, 39.98847580, 503.50,690.00,589.50
778, 40.25390625, 488.00,671.00,572.00
779, 40.42968750, 476.50,653.50,558.50
780, 40.69335937, 465.00,638.50,544.50
781, 40.95703125, 449.50,616.50,527.00
782, 41.30859375, 432.00,592.50,506.50
783, 41.71464920, 410.00,562.00,480.00
784, 42.27011871, 385.00,527.00,451.00
785, 42.80273437, 358.50,490.00,419.50
786, 43.41796875, 329.50,450.00,386.50
787, 44.03320312, 303.50,413.00,353.00
788, 44.60976410, 278.00,378.50,325.50
789, 45.17578125, 251.50,346.50,298.00
790, 45.68379211, 236.00,318.00,275.00
791, 46.05468750, 222.50,299.00,260.00
792, 46.31835937, 211.50,287.00,250.00
793, 46.49414062, 202.00,278.50,241.00
794, 46.75781250, 198.50,268.00,231.50
795, 47.02148437, 189.00,254.50,218.50
796, 47.46093750, 175.50,235.00,204.50
797, 47.90039062, 162.00,216.50,188.50
798, 48.42773437, 147.00,195.50,171.00
799, 48.96738434, 131.00,173.00,152.00
800, 49.57031250, 116.00,153.00,134.50
801, 50.18203354, 96.50,133.50,113.00
802, 50.74980164, 89.50,116.00,97.00
803, 51.32461166, 74.50,98.00,91.00
804, 51.67968750, 72.50,91.00,76.50
805, 52.03125000, 61.50,83.50,76.00
806, 52.29492187, 57.50,79.00,67.50
807, 52.53222656, 60.00,74.00,67.50
808, 52.76250076, 56.00,63.50,58.00
809, 53.09824371, 52.00,63.00,58.00
810, 53.52363205, 48.00,57.00,53.00
811, 53.96484375, 43.00,44.00,47.00
812, 54.58007812, 32.00,38.50,42.00
813, 55.19531250, 35.00,37.00,37.50
814, 55.72265625, 26.00,36.00,34.50
815, 56.33789062, 32.00,30.50,33.50
816, 56.95312500, 26.00,35.50,33.50
817, 57.48046875, 33.50,37.00,35.00
818, 57.83730316, 35.50,39.00,37.00
819, 57.85488510, 35.50,39.50,37.00
819, 57.85488510, 35.50,39.50,37.00
819, 57.86542892, 36.00,39.00,30.50
819, 57.85664368, 36.00,39.00,37.50