0, 57.85312271, 36.50,35.00,37.00
0, 57.84785080, 36.50,34.50,31.50
0, 57.84433746, 36.50,40.00,31.50
0, 57.84433746, 36.50,37.00,34.00
0, 57.83906555, 37.00,40.50,32.00
1, 57.48046875, 34.50,37.50,35.00
2, 56.95488358, 27.00,36.00,34.00
3, 56.36601639, 32.50,35.50,33.50
4, 55.77890778, 34.00,31.50,35.00
5, 55.19531250, 36.00,40.00,35.50
6, 54.58007812, 39.50,45.00,36.50
7, 53.98066330, 37.00,44.50,41.50
8, 53.52539062, 48.50,58.00,49.50
9, 53.13866806, 53.00,59.00,57.50
10, 52.78183365, 54.00,70.00,57.00
11, 52.55859375, 54.00,75.00,67.00
12, 52.29492187, 63.50,79.50,65.50
13, 52.07343674, 67.50,79.00,75.00
14, 51.73241806, 73.00,92.50,82.00
15, 51.32812500, 75.00,99.00,91.00
16, 50.79726791, 90.00,117.50,102.50
17, 50.18554687, 98.00,135.50,112.00
18, 49.57909775, 116.50,149.50,134.00
19, 49.04296875, 130.50,170.00,150.50
20, 48.51562500, 139.00,194.00,161.50
21, 48.07617187, 156.00,207.00,179.00
22, 47.81250000, 167.00,221.00,193.00
23, 47.45742416, 172.00,239.50,205.00
24, 47.10937500, 182.00,253.50,217.00
25, 46.84570312, 191.50,267.00,226.50
26, 46.49414062, 208.00,280.50,241.50
27, 46.05468750, 222.50,304.00,258.50
28, 45.70312500, 233.00,321.50,272.50
29, 45.18105316, 256.00,350.50,297.50
30, 44.64843750, 276.50,383.00,324.00
31, 44.03320312, 303.00,418.50,351.50
32, 43.41796875, 328.00,454.50,385.00
33, 42.89062500, 354.50,489.00,413.00
34, 42.36855316, 376.00,522.50,441.50
35, 42.01171875, 398.50,552.00,466.00
36, 41.66015625, 415.50,575.00,485.00
37, 41.35253906, 430.50,595.00,501.50
38, 41.00976562, 447.00,618.50,522.50
39, 40.78125000, 461.50,638.50,538.50
40, 40.34179687, 481.50,667.50,562.50
41, 39.99023437, 503.00,697.50,587.50
42, 39.55078125, 527.00,730.50,615.00
43, 39.02519608, 557.50,772.50,650.00
44, 38.48203278, 591.50,821.50,691.00
45, 37.87031174, 628.50,872.50,733.50
46, 37.26562500, 665.50,924.50,776.50
47, 36.73828125, 696.50,967.50,813.00
48, 36.29355621, 729.50,1013.00,852.00
49, 35.86464691, 754.50,1048.00,881.50
50, 35.57284927, 776.50,1079.00,906.50
51, 35.24414062, 799.00,1109.50,931.50
52, 34.98046875, 817.50,1135.00,952.00
53, 34.62890625, 842.50,1169.50,980.50
54, 34.27207184, 869.50,1208.00,1012.50
55, 33.83789062, 898.00,1247.50,1045.00
56, 33.39843750, 932.50,1294.50,1083.50
57, 32.87109375, 973.00,1350.00,1130.50
58, 32.25585937, 1019.00,1414.50,1184.00
59, 31.64062500, 1066.50,1481.00,1239.00
60, 31.11328125, 1109.50,1542.50,1289.00
61, 30.59296799, 1148.50,1596.00,1333.00
62, 30.17461014, 1184.00,1645.50,1374.50
63, 29.79492188, 1211.50,1684.50,1406.50
64, 29.53125000, 1238.50,1720.00,1436.00
65, 29.17968750, 1266.50,1759.00,1468.50
66, 28.91601563, 1288.50,1790.00,1495.50
67, 28.56445313, 1317.50,1831.00,1529.00
68, 28.12500000, 1355.00,1884.00,1572.50
69, 27.68554688, 1393.00,1935.00,1615.50
70, 27.16874886, 1436.00,1997.50,1666.00
71, 26.63085938, 1484.00,2064.50,1721.50
72, 26.03847694, 1538.50,2138.50,1783.50
73, 25.48652458, 1591.00,2212.50,1844.50
74, 24.96093750, 1634.50,2272.00,1894.00
75, 24.52324104, 1673.00,2326.00,1936.50
76, 24.16992188, 1712.00,2379.50,1981.00
77, 23.81660271, 1744.50,2424.50,2018.50
78, 23.46679688, 1773.00,2466.00,2052.50
79, 23.19433594, 1802.50,2507.00,2086.00
80, 22.85507965, 1831.50,2546.00,2118.00
81, 22.50000000, 1864.00,2589.00,2157.50
82, 22.06054688, 1912.00,2654.00,2210.00
83, 21.62109375, 1954.50,2713.50,2259.50
84, 21.09375000, 2006.50,2784.00,2317.00
85, 20.47851563, 2064.00,2863.00,2381.50
86, 19.86328125, 2122.00,2943.50,2448.50
87, 19.31132889, 2179.00,3023.50,2512.50
88, 18.80859375, 2229.00,3091.50,2568.00
89, 18.36914063, 2274.50,3155.50,2621.50
90, 18.00703239, 2313.50,3208.50,2668.00
91, 17.66601563, 2346.00,3252.00,2703.50
92, 17.40234375, 2376.50,3292.50,2738.50
93, 17.05957031, 2406.00,3333.00,2774.00
94, 16.74492264, 2438.50,3377.50,2813.50
95, 16.29492188, 2484.00,3438.50,2863.00
96, 15.90820313, 2524.50,3496.50,2907.00
97, 15.46875000, 2571.50,3563.50,2958.50
98, 14.87109375, 2630.50,3642.00,3023.50
99, 14.25410080, 2693.00,3729.50,3095.00
100, 13.70214748, 2751.00,3814.50,3165.00
101, 13.18359375, 2806.00,3888.50,3227.50
102, 12.66504002, 2853.50,3955.50,3282.00
103, 12.28359318, 2900.50,4016.00,3333.00
104, 11.86699295, 2942.00,4070.50,3374.00
105, 11.60156250, 2974.00,4114.00,3413.50
106, 11.25000000, 3006.50,4157.50,3450.00
107, 10.98632813, 3035.00,4197.50,3483.00
108, 10.63476563, 3073.00,4249.00,3524.00
109, 10.19531250, 3118.50,4311.50,3574.00
110, 9.82441425, 3161.50,4371.50,3621.50
111, 9.31640625, 3212.00,4441.50,3679.50
112, 8.70117188, 3274.50,4526.00,3747.50
113, 8.09296894, 3338.00,4611.50,3820.50
114, 7.54980469, 3398.00,4695.00,3890.00
115, 7.03125000, 3450.00,4766.50,3946.50
116, 6.50742197, 3500.50,4836.00,4004.50
117, 6.15234375, 3541.00,4889.50,4050.50
118, 5.80078125, 3573.00,4936.50,4088.50
119, 5.53710938, 3603.00,4976.50,4122.50
120, 5.18554688, 3637.50,5021.00,4160.50
121, 4.92187500, 3664.00,5057.00,4190.00
122, 4.49121094, 3704.50,5109.00,4235.00
123, 4.04296875, 3752.00,5172.50,4286.50
124, 3.60351562, 3793.50,5233.50,4334.00
125, 3.07617187, 3847.00,5304.50,4393.50
126, 2.53300786, 3904.00,5384.50,4456.50
127, 1.93359375, 3964.00,5463.50,4520.00
128, 1.31835937, 4021.00,5537.50,4583.00
129, 0.87890625, 4064.00,5599.00,4637.00
130, 0.43945313, 4112.00,5664.00,4688.00
131, 0.00000000, 4147.50,5711.50,4726.00
132, 359.73632813, 4180.00,5752.50,4758.50
133, 359.38476563, 4209.00,5793.00,4793.00
134, 359.12109375, 4232.50,5829.00,4823.50
135, 358.76953125, 4267.00,5872.00,4859.50
136, 358.37753296, 4307.00,5922.50,4901.00
137, 357.90820313, 4348.50,5976.00,4946.00
138, 357.45117188, 4391.00,6034.50,4992.50
139, 356.92382813, 4443.50,6104.00,5050.50
140, 356.30859375, 4499.00,6181.50,5110.50
141, 355.69335938, 4552.00,6254.50,5171.50
142, 355.16778564, 4597.00,6317.50,5221.50
143, 354.68966675, 4642.50,6376.50,5271.00
144, 354.25546265, 4676.00,6423.50,5309.50
145, 353.88809204, 4703.00,6463.00,5342.00
146, 353.58398438, 4734.50,6502.00,5373.50
147, 353.23242188, 4764.00,6537.50,5404.50
148, 352.96875000, 4785.00,6567.00,5427.50
149, 352.61718750, 4816.50,6606.50,5461.00
150, 352.17773438, 4850.50,6653.50,5498.00
151, 351.74356079, 4887.00,6704.00,5534.50
152, 351.21444702, 4926.00,6758.50,5580.50
153, 350.68359375, 4971.00,6816.00,5634.00
154, 350.06835938, 5018.00,6877.50,5686.50
155, 349.45489502, 5064.00,6937.50,5739.50
156, 349.01016235, 5102.50,6984.50,5777.50
157, 348.48983765, 5140.50,7032.00,5814.50
158, 348.13476563, 5167.00,7071.50,5842.50
159, 347.78320313, 5193.00,7103.50,5867.00
160, 347.43164063, 5214.50,7138.50,5895.50
161, 347.16796875, 5236.50,7164.50,5919.50
162, 346.84454346, 5251.50,7195.00,5942.50
163, 346.46484375, 5277.50,7234.50,5975.00
164, 346.02539063, 5306.00,7270.00,6009.50
165, 345.58593750, 5339.50,7308.50,6040.00
166, 345.05859375, 5369.50,7355.50,6077.50
167, 344.44335938, 5410.50,7404.00,6118.00
168, 343.82812500, 5451.50,7456.00,6158.00
169, 343.30078125, 5490.00,7501.00,6193.50
170, 342.85604858, 5515.00,7537.00,6219.00
171, 342.33398438, 5548.00,7573.00,6249.50
172, 341.98242188, 5567.00,7600.50,6273.50
173, 341.71524048, 5582.50,7619.50,6288.50
174, 341.36718750, 5597.00,7641.00,6307.00
175, 341.10351563, 5614.50,7666.00,6326.00
176, 340.73086548, 5627.00,7690.00,6337.00
177, 340.31250000, 5646.00,7717.00,6356.50
178, 339.87304688, 5664.00,7745.00,6379.00
179, 339.43359375, 5693.00,7776.00,6403.00
180, 338.81835938, 5716.00,7810.00,6431.50
181, 338.20312500, 5739.00,7844.50,6457.50
182, 337.63888550, 5765.00,7882.00,6487.50
183, 337.14315796, 5785.50,7907.00,6509.50
184, 336.62109375, 5801.50,7927.50,6528.00
185, 336.18164063, 5818.00,7945.00,6542.00
186, 335.83007813, 5827.50,7955.50,6555.00
187, 335.56640625, 5835.00,7970.50,6562.50
188, 335.21484375, 5842.50,7988.00,6572.00
189, 334.95117188, 5852.00,7998.00,6581.00
190, 334.61541748, 5857.00,8013.00,6592.50
191, 334.16015625, 5873.00,8037.00,6607.00
192, 333.72070313, 5885.00,8051.00,6619.00
193, 333.19335938, 5897.00,8064.00,6632.00
194, 332.63436890, 5908.00,8083.50,6643.50
195, 332.05078125, 5922.50,8103.00,6656.00
196, 331.44259644, 5931.00,8116.50,6666.00
197, 330.99609375, 5935.50,8125.50,6674.50
198, 330.47579956, 5945.00,8134.00,6677.00
199, 330.11367798, 5952.00,8146.00,6680.00
200, 329.76562500, 5957.00,8154.50,6682.00
201, 329.50195313, 5964.50,8161.50,6684.00
202, 329.15039063, 5965.50,8168.00,6687.50
203, 328.88671875, 5964.50,8176.50,6688.50
204, 328.44726563, 5965.50,8179.00,6691.50
205, 328.00958252, 5969.00,8185.00,6694.00
206, 327.56835938, 5966.00,8186.00,6691.50
207, 327.01815796, 5967.50,8191.00,6690.50
208, 326.34667969, 5964.50,8192.50,6689.50
209, 325.77539063, 5966.00,8187.50,6690.00
210, 325.28320313, 5963.00,8184.00,6687.00
211, 324.77871704, 5959.50,8178.00,6686.50
212, 324.31640625, 5958.50,8176.00,6681.50
213, 323.96484375, 5955.00,8170.00,6677.50
214, 323.66250610, 5938.50,8166.50,6674.50
215, 323.34960938, 5951.00,8159.50,6671.00
216, 323.08593750, 5944.00,8152.50,6662.50
217, 322.73260498, 5939.50,8146.00,6660.00
218, 322.29492188, 5933.50,8135.00,6649.50
219, 321.85546875, 5928.50,8123.50,6639.00
220, 321.32812500, 5920.50,8114.50,6630.50
221, 320.80078125, 5905.00,8102.00,6614.00
222, 320.18554688, 5893.00,8089.50,6595.50
223, 319.57031250, 5871.50,8070.50,6578.00
224, 319.04473877, 5865.00,8056.50,6566.00
225, 318.60174561, 5854.50,8035.00,6551.00
226, 318.16406250, 5837.50,8012.50,6536.00
227, 317.81250000, 5830.00,8000.50,6526.00
228, 317.54882813, 5819.50,7990.00,6514.50
229, 317.19726563, 5804.50,7975.50,6500.50
230, 316.93359375, 5795.50,7965.50,6491.00
231, 316.57498169, 5788.50,7948.00,6478.50
232, 316.06698608, 5774.50,7926.50,6455.50
233, 315.65740967, 5758.50,7904.50,6436.50
234, 315.17578125, 5738.50,7877.50,6411.50
235, 314.56054688, 5711.50,7848.50,6378.50
236, 313.94531250, 5685.50,7811.00,6349.50
237, 313.40216064, 5657.00,7773.00,6321.00
238, 312.89062500, 5628.50,7740.50,6297.00
239, 312.38436890, 5600.50,7710.50,6269.00
240, 312.01171875, 5584.50,7680.00,6247.50
241, 311.66015625, 5569.00,7662.00,6232.50
242, 311.38943481, 5548.50,7635.50,6217.50
243, 311.04492188, 5539.00,7618.00,6197.00
244, 310.78125000, 5517.50,7595.50,6176.50
245, 310.34179688, 5492.00,7563.00,6148.00
246, 309.90234375, 5460.00,7530.50,6117.00
247, 309.46289063, 5436.00,7493.00,6090.00
248, 308.93554688, 5407.00,7450.50,6058.00
249, 308.32031250, 5367.50,7402.00,6013.50
250, 307.72967529, 5330.50,7354.00,5970.50
251, 307.17773438, 5296.50,7305.50,5925.00
252, 306.73828125, 5263.50,7262.00,5890.50
253, 306.22323608, 5232.50,7214.50,5860.00
254, 305.85937500, 5209.50,7186.00,5830.50
255, 305.59570313, 5184.50,7158.00,5808.00
256, 305.24414063, 5157.50,7126.50,5780.50
257, 304.98046875, 5137.50,7100.50,5760.50
258, 304.62890625, 5110.50,7066.00,5737.00
259, 304.18945313, 5077.00,7022.00,5700.00
260, 303.75000000, 5037.50,6978.50,5661.50
261, 303.29824829, 5008.00,6928.00,5620.50
262, 302.70761108, 4964.50,6867.50,5570.00
263, 302.08007813, 4920.50,6801.50,5518.00
264, 301.46484375, 4875.00,6732.50,5464.50
265, 301.02539063, 4835.50,6678.50,5418.50
266, 300.59823608, 4799.50,6629.50,5378.00
267, 300.23437500, 4767.50,6585.00,5343.00
268, 299.79492188, 4736.00,6540.50,5306.50
269, 299.49435425, 4708.00,6505.50,5274.00
270, 299.17968750, 4685.00,6471.00,5246.00
271, 298.87557983, 4653.00,6438.00,5216.50
272, 298.47833252, 4618.00,6400.00,5181.50
273, 298.09863281, 4578.50,6351.00,5139.00
274, 297.59765625, 4538.50,6294.00,5093.50
275, 297.07031250, 4490.00,6230.00,5038.00
276, 296.52188110, 4437.50,6161.50,4979.50
277, 295.92068481, 4382.00,6085.50,4919.50
278, 295.31250000, 4329.50,6012.50,4861.00
279, 294.85018921, 4285.00,5953.00,4812.00
280, 294.34570313, 4235.50,5889.50,4760.50
281, 293.99414063, 4199.00,5841.00,4719.50
282, 293.64257813, 4172.50,5802.00,4686.00
283, 293.37539673, 4140.00,5761.00,4654.50
284, 293.02911377, 4112.50,5723.50,4624.00
285, 292.74258423, 4079.00,5676.50,4585.50
286, 292.32421875, 4041.00,5623.00,4540.50
287, 291.88476563, 3996.50,5566.00,4492.50
288, 291.36093140, 3947.00,5499.00,4439.00
289, 290.83007813, 3893.50,5427.00,4379.50
290, 290.27108765, 3836.00,5348.50,4312.50
291, 289.68750000, 3775.00,5266.50,4246.00
292, 289.07403564, 3720.00,5190.50,4188.00
293, 288.63458252, 3674.50,5124.50,4134.50
294, 288.19335938, 3629.00,5062.00,4084.50
295, 287.84179688, 3595.00,5011.50,4044.00
296, 287.56582642, 3563.00,4973.00,4010.00
297, 287.22656250, 3532.50,4927.00,3970.50
298, 286.96112061, 3503.50,4887.50,3940.00
299, 286.61132813, 3470.00,4838.50,3902.00
300, 286.15429688, 3424.00,4773.00,3849.00
301, 285.73242188, 3381.50,4712.50,3799.50
302, 285.20507813, 3331.00,4642.00,3739.00
303, 284.67422485, 3274.00,4563.00,3676.00
304, 284.06250000, 3212.50,4476.50,3607.50
305, 283.44726563, 3150.50,4394.00,3540.00
306, 283.00781250, 3100.50,4325.00,3486.50
307, 282.52618408, 3052.50,4260.00,3431.50
308, 282.12890625, 3009.50,4200.00,3384.50
309, 281.78085327, 2975.00,4150.00,3345.50
310, 281.51367188, 2943.50,4107.00,3309.00
311, 281.16033936, 2907.00,4059.00,3269.00
312, 280.89492798, 2878.50,4017.50,3234.00
313, 280.54159546, 2843.00,3968.50,3195.50
314, 280.03887939, 2793.00,3901.50,3140.50
315, 279.60116577, 2749.50,3838.00,3089.00
316, 279.07382202, 2694.00,3764.00,3026.50
317, 278.51309204, 2633.00,3680.00,2959.50
318, 277.91015625, 2571.50,3594.00,2888.50
319, 277.34942627, 2518.00,3516.50,2827.50
320, 276.85546875, 2468.00,3448.00,2772.00
321, 276.41601563, 2421.50,3382.50,2719.50
322, 275.97656250, 2378.50,3323.00,2671.50
323, 275.62500000, 2344.50,3274.00,2633.00
324, 275.32968140, 2313.50,3230.00,2596.50
325, 275.00976563, 2283.50,3190.00,2563.50
326, 274.72500610, 2252.50,3147.00,2528.00
327, 274.30664063, 2216.00,3094.00,2485.00
328, 273.86718750, 2169.00,3029.50,2435.00
329, 273.42773438, 2123.00,2964.00,2383.50
330, 272.90039063, 2070.50,2889.50,2324.00
331, 272.28515625, 2011.00,2808.00,2258.50
332, 271.66992188, 1952.50,2724.50,2193.50
333, 271.12677002, 1901.00,2651.00,2136.00
334, 270.61523438, 1855.50,2588.00,2085.50
335, 270.17578125, 1812.00,2529.50,2038.00
336, 269.82421875, 1779.50,2482.00,2000.50
337, 269.56054688, 1752.50,2444.00,1969.50
338, 269.20898438, 1722.00,2401.50,1936.50
339, 268.94531250, 1695.50,2364.00,1907.00
340, 268.59375000, 1664.50,2320.50,1873.00
341, 268.15429688, 1623.50,2265.00,1827.00
342, 267.71484375, 1582.50,2207.00,1781.50
343, 267.18927002, 1537.50,2140.00,1730.50
344, 266.66015625, 1485.50,2069.50,1672.50
345, 266.04492188, 1433.00,1995.00,1613.50
346, 265.44549561, 1383.50,1926.00,1559.00
347, 264.99023438, 1343.50,1869.50,1513.50
348, 264.55078125, 1305.50,1815.00,1470.00
349, 264.16232300, 1271.00,1768.50,1432.00
350, 263.78613281, 1241.00,1725.00,1398.00
351, 263.49609375, 1214.50,1687.00,1366.50
352, 263.14453125, 1186.50,1649.50,1337.50
353, 262.88085938, 1164.00,1617.00,1311.00
354, 262.52929688, 1135.00,1577.00,1278.50
355, 262.08984375, 1099.00,1526.50,1238.50
356, 261.60116577, 1061.50,1474.00,1195.50
357, 261.03515625, 1019.50,1415.50,1148.50
358, 260.43399048, 975.00,1353.50,1097.50
359, 259.87500000, 929.00,1290.50,1047.00
360, 259.33358765, 890.00,1235.00,1003.00
361, 258.83789063, 854.00,1185.00,963.50
362, 258.39843750, 823.50,1141.50,929.00
363, 258.04336548, 797.50,1104.00,899.50
364, 257.69531250, 774.50,1073.50,874.50
365, 257.34375000, 751.00,1041.50,848.50
366, 257.08007813, 733.00,1013.50,826.50
367, 256.73202515, 711.50,985.50,803.00
368, 256.37695313, 685.00,947.50,772.00
369, 255.93750000, 658.50,910.00,742.00
370, 255.41015625, 627.00,864.00,706.00
371, 254.88281250, 592.50,816.00,667.50
372, 254.26757813, 557.00,766.50,627.00
373, 253.65234375, 523.00,719.00,588.50
374, 253.18124390, 495.00,679.00,556.00
375, 252.68554688, 468.50,643.00,527.00
376, 252.25137329, 445.50,611.00,501.00
377, 251.89453125, 426.50,584.50,479.00
378, 251.63085938, 411.50,563.00,463.00
379, 251.27929688, 394.50,540.00,443.00
380, 251.01562500, 380.50,521.00,428.00
381, 250.66406250, 366.50,500.50,411.50
382, 250.22460938, 343.00,470.50,387.50
383, 249.78515625, 325.00,442.00,364.50
384, 249.25781250, 299.00,409.00,336.00
385, 248.64257813, 278.50,374.50,311.50
386, 248.10118103, 255.00,341.50,285.00
387, 247.50175476, 233.50,313.00,260.50
388, 247.06054688, 216.00,289.50,237.50
389, 246.57186890, 199.50,266.00,222.00
390, 246.18164063, 181.50,244.50,207.00
391, 245.83007813, 175.50,232.50,190.00
392, 245.47851563, 164.50,217.50,182.50
393, 245.19375610, 150.50,202.00,172.50
394, 244.90194702, 147.00,194.00,163.00
395, 244.51171875, 137.00,179.50,151.50
396, 244.07226563, 122.00,159.00,138.50
397, 243.63281250, 114.00,145.00,120.50
398, 243.07557678, 101.50,125.50,112.00
399, 242.49198914, 90.00,111.50,95.50
400, 241.93652344, 72.50,98.00,85.50
401, 241.34941101, 69.50,80.50,75.50
402, 240.90820313, 56.00,75.50,67.00
403, 240.46875000, 56.00,67.00,54.50
404, 240.09082031, 51.50,61.00,49.00
405, 239.76562500, 48.00,55.50,50.50
406, 239.39825439, 44.50,44.50,44.00
407, 239.06777954, 42.00,48.00,44.00
408, 238.79882813, 33.50,39.00,36.50
409, 238.42617798, 37.50,35.00,39.00
410, 238.00781250, 29.00,38.50,30.50
411, 237.48046875, 33.50,36.50,28.50
412, 236.95312500, 33.00,29.00,34.50
413, 236.33789063, 29.00,36.50,35.00
414, 235.72618103, 35.00,35.00,37.50
415, 235.19531250, 37.50,37.00,40.50
416, 234.75585938, 40.50,42.00,44.00
417, 234.31640625, 44.50,51.50,48.00
418, 233.95956421, 47.50,56.50,52.50
419, 233.70117188, 50.50,61.00,50.00
420, 233.34960938, 54.50,66.00,60.50
421, 233.08593750, 52.00,71.00,64.50
422, 232.73437500, 62.50,77.50,70.00
423, 232.29492188, 63.50,85.50,78.00
424, 231.85546875, 76.50,98.00,80.50
425, 231.32812500, 85.50,107.50,91.50
426, 230.80078125, 97.00,122.00,106.00
427, 230.18554688, 104.50,145.00,125.50
428, 229.57031250, 124.00,165.00,138.50
429, 229.12205505, 137.00,183.00,152.00
430, 228.67382813, 149.50,198.00,172.00
431, 228.25195313, 161.00,217.50,182.00
432, 227.90039063, 166.50,232.00,197.00
433, 227.54882813, 181.50,246.50,205.00
434, 227.28340149, 191.00,258.00,221.00
435, 226.93359375, 197.00,274.00,232.50
436, 226.63478088, 209.50,289.00,243.00
437, 226.17596436, 229.50,313.00,265.00
438, 225.70312500, 245.50,333.50,283.50
439, 225.17578125, 262.50,362.50,306.50
440, 224.64843750, 285.00,397.00,334.00
441, 224.03320313, 311.00,432.00,361.00
442, 223.45487976, 339.50,468.50,391.50
443, 222.98027039, 361.00,499.00,418.50
444, 222.53906250, 380.00,528.00,442.50
445, 222.18750000, 399.50,553.00,463.50
446, 221.85527039, 414.00,574.50,481.50
447, 221.54237366, 431.50,599.00,501.50
448, 221.27345276, 445.00,617.00,517.50
449, 220.93066406, 463.00,642.50,538.00
450, 220.51757813, 485.00,672.00,563.00
451, 220.07637024, 509.50,706.50,591.50
452, 219.55253601, 537.00,745.00,622.50
453, 219.03573608, 565.00,785.50,657.00
454, 218.48905945, 599.50,834.00,697.50
455, 217.88085938, 634.00,882.50,737.50
456, 217.35351563, 667.00,930.50,777.00
457, 216.88945007, 697.00,972.00,812.50
458, 216.46932983, 724.50,1010.50,844.50
459, 216.12304688, 747.00,1042.50,871.50
460, 215.77148438, 766.00,1071.00,896.00
461, 215.46034241, 788.50,1101.50,920.50
462, 215.15625000, 807.00,1129.00,945.00
463, 214.80468750, 831.50,1163.50,972.50
464, 214.36875916, 861.00,1204.50,1007.50
465, 213.95039368, 889.50,1245.50,1040.50
466, 213.48632813, 924.50,1292.00,1080.50
467, 212.93437195, 965.00,1351.00,1128.50
468, 212.34375000, 1007.50,1412.00,1179.50
469, 211.72851563, 1052.00,1476.00,1233.00
470, 211.20117188, 1093.00,1532.00,1279.50
471, 210.67735291, 1132.00,1587.50,1326.00
472, 210.31170654, 1163.50,1632.00,1364.00
473, 210.01289368, 1186.50,1665.00,1391.50
474, 209.64375305, 1211.50,1702.00,1422.50
475, 209.37655640, 1233.50,1733.50,1449.50
476, 209.09179688, 1258.00,1769.50,1479.50
477, 208.72618103, 1288.00,1814.50,1516.00
478, 208.21289063, 1325.00,1867.00,1559.50
479, 207.84902954, 1358.00,1913.50,1599.00
480, 207.33398438, 1400.50,1975.50,1650.50
481, 206.71875000, 1449.00,2045.50,1708.50
482, 206.12460327, 1499.50,2117.00,1769.00
483, 205.57617188, 1551.00,2191.00,1828.00
484, 205.04882813, 1592.50,2251.00,1877.50
485, 204.60937500, 1629.00,2303.50,1923.00
486, 204.25428772, 1665.50,2353.50,1965.00
487, 203.90625000, 1696.00,2396.00,1998.50
488, 203.55468750, 1725.00,2439.50,2033.00
489, 203.22245789, 1750.50,2475.50,2062.50
490, 202.93945313, 1781.50,2521.50,2100.00
491, 202.58613586, 1815.00,2570.00,2140.50
492, 202.10801697, 1854.50,2624.50,2185.50
493, 201.62461853, 1895.00,2685.50,2237.00
494, 201.09550476, 1943.50,2755.00,2296.00
495, 200.49609375, 1997.00,2835.00,2360.00
496, 199.95117188, 2051.50,2912.00,2426.00
497, 199.35351563, 2107.00,2989.00,2489.50
498, 198.82440186, 2157.50,3060.50,2551.00
499, 198.37089539, 2198.00,3117.00,2598.50
500, 198.07910156, 2230.50,3162.00,2637.00
501, 197.75390625, 2259.00,3201.00,2671.00
502, 197.40234375, 2290.00,3245.50,2709.00
503, 197.14219666, 2315.00,3284.50,2740.50
504, 196.78710938, 2349.50,3335.50,2779.50
505, 196.43554688, 2386.50,3391.50,2825.50
506, 195.99609375, 2423.50,3446.50,2871.00
507, 195.46875000, 2473.00,3512.50,2928.50
508, 194.93612671, 2527.00,3590.50,2993.00
509, 194.32969666, 2584.00,3669.50,3059.00
510, 193.71093750, 2641.50,3752.00,3130.50
511, 193.26092529, 2689.00,3820.00,3189.50
512, 192.74414063, 2735.00,3884.50,3244.00
513, 192.39257813, 2772.00,3935.00,3287.50
514, 192.04101563, 2799.50,3977.50,3324.00
515, 191.77734375, 2829.00,4021.50,3359.50
516, 191.42578125, 2856.00,4062.00,3394.00
517, 191.16210938, 2886.00,4105.00,3432.50
518, 190.72265625, 2925.00,4160.00,3480.50
519, 190.28320313, 2966.00,4219.50,3527.50
520, 189.84375000, 3007.50,4279.50,3576.50
521, 189.32521057, 3056.50,4351.50,3635.50
522, 188.77148438, 3112.00,4431.00,3702.00
523, 188.16679382, 3169.00,4515.50,3770.50
524, 187.55859375, 3225.00,4596.00,3839.50
525, 187.03300476, 3273.50,4665.50,3899.00
526, 186.59179688, 3315.00,4726.00,3946.50
527, 186.24023438, 3348.50,4775.00,3988.50
528, 185.89042664, 3376.00,4824.00,4025.00
529, 185.62500000, 3403.00,4863.50,4055.50
530, 185.27343750, 3432.00,4906.00,4091.50
531, 184.92362976, 3464.50,4950.50,4131.50
532, 184.57031250, 3498.50,4999.00,4172.00
533, 184.13261414, 3538.00,5059.00,4223.00
534, 183.69140625, 3579.50,5123.00,4271.00
535, 183.13592529, 3630.50,5196.50,4330.00
536, 182.54882813, 3682.50,5273.00,4395.00
537, 181.93359375, 3735.50,5347.50,4461.00
538, 181.36230469, 3785.50,5420.00,4524.50
539, 180.84024048, 3831.00,5488.50,4582.00
540, 180.37265015, 3868.50,5544.50,4628.00
541, 180.08789063, 3896.50,5584.00,4663.00
542, 179.73632813, 3924.00,5623.00,4695.00
543, 179.39883423, 3954.50,5660.50,4729.00
544, 179.12461853, 3979.00,5695.00,4757.50
545, 178.76953125, 4008.00,5741.00,4797.50
546, 178.33007813, 4043.50,5789.50,4836.50
547, 177.97676086, 4076.00,5836.00,4874.50
548, 177.45117188, 4116.50,5895.00,4926.50
549, 176.87284851, 4163.50,5968.00,4985.50
550, 176.30859375, 4212.00,6037.50,5043.00
551, 175.69335938, 4261.00,6112.00,5105.00
552, 175.16601563, 4299.00,6167.00,5151.50
553, 174.71249390, 4336.00,6220.50,5198.50
554, 174.28710938, 4363.50,6263.00,5234.50
555, 174.01991272, 4387.50,6301.00,5266.00
556, 173.67187500, 4412.50,6338.00,5293.00
557, 173.40820313, 4435.00,6368.00,5322.00
558, 173.05311584, 4462.50,6411.50,5354.00
559, 172.63125610, 4494.50,6451.00,5388.00
560, 172.24276733, 4523.50,6492.50,5423.00
561, 171.80331421, 4551.50,6539.00,5463.00
562, 171.29707336, 4586.50,6595.50,5511.50
563, 170.68006897, 4626.00,6658.50,5562.50
564, 170.06835938, 4666.00,6716.00,5613.50
565, 169.46542358, 4709.50,6771.50,5659.50
566, 169.01367188, 4743.00,6816.50,5700.00
567, 168.49511719, 4770.00,6857.00,5735.00
568, 168.13829041, 4794.00,6895.50,5766.50
569, 167.86230469, 4812.00,6922.00,5787.00
570, 167.51953125, 4832.00,6948.00,5817.00
571, 167.25585938, 4849.00,6975.50,5836.50
572, 166.90429688, 4872.00,7003.00,5861.00
573, 166.46484375, 4898.50,7037.00,5892.00
574, 166.02891541, 4921.00,7069.00,5919.00
575, 165.58593750, 4946.50,7112.50,5950.00
576, 165.05506897, 4980.00,7161.50,5990.50
577, 164.44335938, 5011.50,7204.50,6031.50
578, 163.82812500, 5043.00,7249.00,6070.00
579, 163.29725647, 5071.00,7290.50,6106.00
580, 162.77696228, 5099.00,7330.50,6141.50
581, 162.33398438, 5117.00,7357.00,6163.00
582, 162.05801392, 5134.00,7377.00,6183.50
583, 161.71875000, 5150.50,7398.50,6201.50
584, 161.36718750, 5164.50,7425.50,6213.50
585, 161.10351563, 5176.50,7445.00,6222.50
586, 160.75019836, 5195.50,7474.50,6241.00
587, 160.31250000, 5212.50,7498.00,6268.00
588, 159.87480164, 5224.50,7523.00,6294.00
589, 159.36152649, 5242.50,7554.00,6317.50
590, 158.81132507, 5268.50,7583.00,6346.50
591, 158.20312500, 5295.00,7611.00,6374.00
592, 157.59843445, 5321.50,7634.00,6396.50
593, 157.06582642, 5343.00,7656.00,6420.50
594, 156.62109375, 5356.50,7679.50,6437.50
595, 156.25898743, 5369.50,7700.50,6450.00
596, 155.91796875, 5377.00,7719.00,6460.50
597, 155.56640625, 5383.50,7731.00,6470.50
598, 155.30273438, 5394.50,7744.00,6479.00
599, 154.95117188, 5403.50,7758.50,6491.00
600, 154.51347351, 5413.00,7778.00,6503.00
601, 154.16015625, 5425.50,7789.50,6513.50
602, 153.69433594, 5432.00,7807.50,6524.50
603, 153.15644836, 5435.50,7824.00,6538.50
604, 152.57812500, 5453.50,7844.00,6556.50
605, 151.96289063, 5464.00,7858.50,6566.50
606, 151.37402344, 5472.00,7870.50,6575.50
607, 150.83964539, 5481.00,7876.50,6588.00
608, 150.42127991, 5487.50,7888.00,6596.50
609, 150.03105164, 5492.50,7889.50,6599.50
610, 149.76562500, 5497.00,7892.00,6604.00
611, 149.41406250, 5499.00,7896.00,6606.00
612, 149.15039063, 5501.00,7902.50,6605.50
613, 148.88143921, 5500.00,7905.00,6609.50
614, 148.42440796, 5504.50,7916.50,6609.00
615, 148.00253296, 5505.00,7921.50,6611.50
616, 147.48046875, 5502.50,7918.50,6613.50
617, 146.95312500, 5502.50,7920.50,6616.50
618, 146.33789063, 5502.50,7916.50,6613.50
619, 145.72265625, 5504.00,7913.00,6614.50
620, 145.19531250, 5488.50,7903.00,6612.00
621, 144.67500305, 5499.50,7898.50,6609.00
622, 144.22851563, 5499.50,7886.00,6603.50
623, 143.96484375, 5498.50,7882.50,6602.00
624, 143.61328125, 5494.50,7876.00,6595.00
625, 143.30918884, 5493.00,7876.50,6593.50
626, 142.99804688, 5487.50,7869.50,6589.00
627, 142.62890625, 5480.50,7857.00,6584.50
628, 142.20703125, 5473.00,7850.00,6579.50
629, 141.76757813, 5472.00,7846.50,6574.50
630, 141.28242493, 5462.00,7834.00,6562.50
631, 140.71289063, 5451.50,7822.50,6551.00
632, 140.09765625, 5437.50,7803.00,6535.00
633, 139.48242188, 5427.50,7786.50,6519.50
634, 138.91113281, 5414.50,7763.50,6501.00
635, 138.51562500, 5403.00,7742.50,6483.50
636, 138.08671570, 5396.00,7737.50,6472.50
637, 137.81250000, 5382.00,7725.50,6459.00
638, 137.46093750, 5373.00,7715.00,6446.50
639, 137.19726563, 5366.00,7702.50,6435.00
640, 136.84570313, 5355.50,7687.00,6420.50
641, 136.42910767, 5344.00,7668.50,6410.50
642, 136.05468750, 5329.00,7648.00,6398.00
643, 135.57304382, 5309.50,7626.00,6378.50
644, 135.00000000, 5290.00,7597.50,6356.00
645, 134.38476563, 5268.50,7562.00,6325.00
646, 133.82577515, 5245.00,7521.50,6298.50
647, 133.24218750, 5224.50,7487.50,6270.50
648, 132.71484375, 5199.00,7452.50,6237.50
649, 132.28593445, 5179.00,7419.50,6209.00
650, 131.92735291, 5168.00,7403.00,6195.00
651, 131.66015625, 5154.00,7387.00,6178.50
652, 131.30683899, 5127.00,7339.50,6137.00
653, 130.69335938, 5109.50,7321.50,6121.50
654, 130.51757813, 5105.00,7304.00,6107.50
655, 130.25390625, 5091.50,7286.50,6091.50
656, 129.83027649, 5069.50,7257.50,6067.00
657, 129.35742188, 5046.50,7220.50,6039.50
658, 128.75976563, 5011.00,7174.50,6004.50
659, 128.14453125, 4981.50,7127.50,5963.50
660, 127.54862976, 4946.00,7074.00,5921.50
661, 126.93515778, 4910.50,7023.50,5879.50
662, 126.53612518, 4875.00,6972.00,5838.50
663, 126.12304688, 4859.50,6948.00,5818.00
664, 125.77148438, 4835.00,6904.50,5788.00
665, 125.47793579, 4817.00,6886.00,5772.00
666, 125.15625000, 4794.50,6848.00,5736.50
667, 124.89257813, 4782.50,6830.00,5724.00
668, 124.45312500, 4752.50,6780.00,5684.00
669, 124.01543427, 4729.50,6751.00,5661.50
670, 123.61640167, 4700.50,6711.50,5626.00
671, 123.05390167, 4666.50,6662.50,5583.50
672, 122.51776886, 4621.00,6605.50,5536.00
673, 121.88496399, 4581.50,6541.50,5486.00
674, 121.28906250, 4538.50,6485.00,5432.00
675, 120.79512024, 4502.50,6425.50,5380.50
676, 120.32578278, 4470.50,6383.00,5346.50
677, 119.94609070, 4442.00,6339.00,5309.00
678, 119.61914063, 4415.50,6307.50,5278.00
679, 119.26757813, 4391.50,6267.50,5247.50
680, 119.00390625, 4373.00,6240.00,5225.50
681, 118.65234375, 4344.50,6206.00,5192.50
682, 118.27090454, 4309.50,6158.50,5149.00
683, 117.86132813, 4279.00,6115.00,5112.00
684, 117.41835785, 4243.00,6061.50,5066.00
685, 116.81192017, 4199.00,5996.50,5012.00
686, 116.19316864, 4147.00,5925.50,4954.00
687, 115.59374237, 4094.50,5854.00,4892.50
688, 115.04882813, 4048.00,5784.00,4832.50
689, 114.58300018, 4006.00,5725.50,4781.00
690, 114.15761566, 3967.50,5669.00,4737.00
691, 113.81835938, 3941.00,5625.50,4700.00
692, 113.46679688, 3915.00,5587.50,4667.50
693, 113.11523438, 3883.50,5541.50,4635.50
694, 112.85156250, 3859.50,5508.00,4608.50
695, 112.50000000, 3824.00,5462.50,4573.00
696, 112.06054688, 3784.00,5404.50,4526.00
697, 111.62461090, 3747.00,5346.50,4480.50
698, 111.17987823, 3701.50,5280.50,4427.50
699, 110.56640625, 3653.00,5208.50,4363.00
700, 109.95117188, 3599.50,5131.50,4297.50
701, 109.33593750, 3544.50,5052.00,4231.50
702, 108.78221893, 3492.00,4977.00,4170.00
703, 108.28125000, 3444.50,4912.50,4115.00
704, 107.84179688, 3404.50,4859.00,4068.00
705, 107.49023438, 3369.50,4807.50,4027.50
706, 107.19316101, 3340.00,4764.00,3994.50
707, 106.87500000, 3309.50,4725.00,3964.00
708, 106.59902191, 3282.50,4680.50,3930.00
709, 106.25976563, 3250.00,4633.50,3888.50
710, 105.73242188, 3209.50,4569.00,3835.00
711, 105.29296875, 3171.00,4509.50,3787.00
712, 104.84648895, 3123.00,4442.00,3727.50
713, 104.24179840, 3070.00,4367.00,3665.50
714, 103.66347504, 3011.50,4283.00,3598.00
715, 103.09218597, 2955.00,4205.00,3528.00
716, 102.48046875, 2903.50,4132.00,3466.00
717, 102.04101563, 2858.50,4069.50,3413.00
718, 101.64727020, 2822.00,4015.50,3368.50
719, 101.33789063, 2789.50,3973.00,3333.00
720, 100.99863434, 2762.50,3930.50,3296.00
721, 100.72265625, 2735.50,3892.00,3265.00
722, 100.37109375, 2700.00,3841.00,3222.50
723, 100.01953125, 2663.00,3788.50,3180.00
724, 99.58886719, 2628.50,3739.50,3137.50
725, 99.14062500, 2586.00,3676.50,3086.00
726, 98.61328125, 2535.00,3600.00,3022.50
727, 97.99804688, 2475.50,3513.00,2952.50
728, 97.39160156, 2419.00,3435.00,2886.50
729, 96.85546875, 2361.00,3354.50,2815.50
730, 96.32812500, 2316.50,3290.50,2761.50
731, 95.88867188, 2274.00,3226.50,2711.00
732, 95.53887177, 2242.50,3180.50,2671.00
733, 95.22949219, 2214.50,3140.50,2637.00
734, 94.92187500, 2185.50,3102.00,2602.50
735, 94.65644073, 2156.50,3063.50,2569.50
736, 94.30664063, 2124.00,3014.00,2530.00
737, 93.85488129, 2082.00,2956.00,2481.50
738, 93.42597198, 2045.00,2897.00,2434.50
739, 92.90039063, 2000.00,2831.00,2381.00
740, 92.37304688, 1948.00,2758.00,2319.00
741, 91.75781250, 1893.00,2680.00,2254.00
742, 91.14257813, 1839.50,2603.50,2188.50
743, 90.68730164, 1793.50,2535.50,2132.00
744, 90.17578125, 1751.50,2476.50,2080.00
745, 89.73632813, 1713.00,2421.50,2036.00
746, 89.44277191, 1685.00,2381.50,2001.00
747, 89.11582184, 1656.50,2340.00,1966.50
748, 88.85742188, 1633.00,2306.50,1939.00
749, 88.50585938, 1605.00,2265.50,1904.00
750, 88.10683441, 1571.00,2217.50,1862.50
751, 87.69551086, 1536.50,2168.00,1821.50
752, 87.27539063, 1500.50,2117.00,1778.50
753, 86.74804688, 1457.50,2056.00,1727.00
754, 86.13281250, 1408.50,1984.50,1667.50
755, 85.56855774, 1357.50,1913.50,1608.50
756, 84.99023438, 1309.00,1843.50,1550.50
757, 84.46289063, 1270.50,1789.00,1503.50
758, 84.00937653, 1234.00,1735.50,1458.50
759, 83.60507965, 1205.50,1694.00,1423.00
760, 83.32031250, 1181.50,1660.50,1395.00
761, 82.98105621, 1157.50,1627.00,1365.50
762, 82.70507813, 1136.00,1598.50,1340.50
763, 82.35351563, 1108.00,1559.50,1307.00
764, 82.00195313, 1078.00,1515.00,1270.00
765, 81.56250000, 1046.50,1470.50,1231.00
766, 81.05097961, 1010.00,1418.50,1189.50
767, 80.50957489, 973.00,1365.00,1144.00
768, 79.95234680, 930.50,1304.00,1093.50
769, 79.36523438, 889.00,1245.00,1043.50
770, 78.75176239, 849.50,1188.50,996.00
771, 78.30527496, 817.00,1142.00,957.00
772, 77.84120941, 785.00,1098.00,921.00
773, 77.52304840, 764.00,1067.50,895.50
774, 77.21718597, 744.50,1039.50,871.00
775, 76.90429688, 723.50,1009.50,846.50
776, 76.57031250, 706.00,984.50,825.50
777, 76.28906250, 685.00,954.00,800.50
778, 75.84960938, 658.50,917.00,769.00
779, 75.41015625, 634.00,882.50,739.50
780, 74.96191406, 605.00,842.00,706.00
781, 74.35546875, 571.50,794.50,667.00
782, 73.74199677, 536.50,745.50,625.50
783, 73.16718292, 503.00,698.50,585.50
784, 72.68554688, 477.00,662.50,556.00
785, 72.24609375, 455.50,631.00,530.00
786, 71.86289215, 433.00,601.50,504.50
787, 71.45859528, 415.00,576.50,483.50
788, 71.19140625, 400.50,555.00,465.00
789, 70.84336090, 385.00,534.00,447.50
790, 70.57793427, 373.50,515.50,432.00
791, 70.20351410, 356.00,491.00,412.50
792, 69.70429993, 332.50,460.50,387.00
793, 69.26660156, 315.50,434.00,362.50
794, 68.76210785, 293.50,402.50,339.00
795, 68.20312500, 267.00,369.50,311.00
796, 67.58789063, 247.00,336.50,284.00
797, 66.98320007, 221.00,305.50,258.00
798, 66.46464539, 208.50,282.00,234.50
799, 66.08496094, 193.00,257.00,217.00
800, 65.65429688, 177.00,240.00,206.50
801, 65.39062500, 171.50,230.50,195.00
802, 65.07246399, 157.50,217.50,179.50
803, 64.77539063, 155.00,201.50,175.50
804, 64.42734528, 145.00,192.00,163.50
805, 63.98437500, 127.50,176.00,149.50
806, 63.62754059, 123.00,161.50,133.00
807, 63.10546875, 111.50,145.50,120.00
808, 62.57812500, 94.00,123.00,111.00
809, 61.97343826, 87.50,106.00,90.50
810, 61.35996246, 76.50,90.00,83.50
811, 60.82031250, 67.50,83.00,67.50
812, 60.38085937, 60.50,73.50,59.00
813, 59.94140625, 55.00,60.00,52.50
814, 59.58984375, 51.00,60.50,48.00
815, 59.32617187, 48.00,56.50,51.00
816, 58.97460937, 39.00,52.00,47.00
817, 58.71093750, 36.00,49.00,38.00
818, 58.35937500, 33.50,39.00,42.00
819, 58.35937500, 40.50,45.00,41.50
819, 58.35937500, 34.00,39.00,42.00
819, 58.35937500, 40.50,45.00,41.50
819, 58.35937500, 40.50,45.50,35.00