100.45546722,2148.00,2747.00,2240.00
100.65586090,2161.00,2763.00,2253.00
100.86503601,2176.00,2782.00,2270.00
101.07245636,2193.00,2805.00,2287.00
101.28691864,2214.00,2830.00,2308.00
101.62265778,2233.00,2856.00,2330.00
101.86523438,2257.00,2888.00,2355.00
102.13242340,2277.00,2912.00,2376.00
102.46289825,2302.00,2945.00,2402.00
102.77577972,2328.00,2979.00,2429.00
103.09746552,2354.00,3014.00,2456.00
103.44902802,2379.00,3047.00,2485.00
103.79882813,2408.00,3081.00,2512.00
104.15039063,2433.00,3115.00,2540.00
104.50195313,2460.00,3147.00,2568.00
104.84999847,2482.00,3177.00,2591.00
105.11718750,2505.00,3206.00,2615.00
105.41249847,2527.00,3234.00,2637.00
105.64276886,2543.00,3254.00,2655.00
105.84668732,2558.00,3275.00,2668.00
106.05937195,2570.00,3292.00,2683.00
106.19824982,2580.00,3304.00,2695.00
106.31601715,2593.00,3319.00,2708.00
106.53926086,2607.00,3336.00,2722.00
106.69219208,2620.00,3353.00,2735.00
106.90312195,2635.00,3377.00,2753.00
107.11933899,2653.00,3397.00,2770.00
107.39882660,2669.00,3420.00,2789.00
107.64668274,2692.00,3447.00,2810.00
107.97187042,2714.00,3475.00,2835.00
108.24082184,2738.00,3505.00,2860.00
108.59941101,2762.00,3539.00,2886.00
108.92812347,2789.00,3572.00,2914.00
109.32891083,2816.00,3605.00,2941.00
109.60839844,2839.00,3637.00,2968.00
109.95293427,2867.00,3672.00,2994.00
110.31855774,2892.00,3704.00,3021.00
110.65605927,2918.00,3736.00,3047.00
111.00585938,2941.00,3766.00,3071.00
111.29062653,2963.00,3794.00,3092.00
111.61054993,2982.00,3819.00,3114.00
111.82324982,2998.00,3838.00,3130.00
112.03242493,3011.00,3856.00,3145.00
112.17481232,3020.00,3867.00,3154.00
112.32070160,3029.00,3880.00,3165.00
112.41210938,3040.00,3894.00,3175.00
112.58789063,3051.00,3908.00,3188.00
112.78124237,3066.00,3925.00,3199.00
113.00273132,3080.00,3945.00,3216.00
113.25058746,3096.00,3964.00,3234.00
113.58456421,3118.00,3991.00,3255.00
113.82890320,3133.00,4014.00,3273.00
114.12069702,3156.00,4041.00,3296.00
114.39667511,3176.00,4069.00,3318.00
114.75351715,3199.00,4100.00,3343.00
115.05410767,3225.00,4131.00,3369.00
115.40039063,3248.00,4159.00,3394.00
115.75195313,3272.00,4189.00,3417.00
116.10351563,3295.00,4221.00,3443.00
116.45507813,3320.00,4251.00,3467.00
116.80664063,3341.00,4279.00,3492.00
117.15644073,3363.00,4309.00,3515.00
117.42187500,3382.00,4332.00,3535.00
117.69961548,3398.00,4353.00,3550.00
117.95098114,3412.00,4370.00,3565.00
118.13378906,3421.00,4383.00,3575.00
118.30780792,3433.00,4397.00,3586.00
118.38690948,3441.00,4406.00,3596.00
118.58202362,3449.00,4420.00,3604.00
118.73320770,3461.00,4434.00,3618.00
118.94413757,3474.00,4449.00,3630.00
119.12695313,3486.00,4464.00,3642.00
119.32909393,3501.00,4483.00,3658.00
119.65429688,3520.00,4511.00,3678.00
119.87578583,3533.00,4525.00,3692.00
120.20625305,3552.00,4551.00,3711.00
120.52265930,3571.00,4576.00,3733.00
120.83203888,3590.00,4601.00,3755.00
121.11679840,3613.00,4630.00,3774.00
121.46484375,3634.00,4652.00,3797.00
121.82343292,3652.00,4680.00,3817.00
122.17675781,3673.00,4707.00,3839.00
122.53007507,3694.00,4731.00,3858.00
122.88163757,3712.00,4756.00,3880.00
123.22265625,3729.00,4776.00,3897.00
123.55136871,3747.00,4801.00,3916.00
123.77987671,3760.00,4819.00,3929.00
124.02774048,3773.00,4834.00,3942.00
124.18593597,3781.00,4843.00,3951.00
124.33711243,3788.00,4856.00,3961.00
124.49883270,3797.00,4866.00,3966.00
124.59902954,3805.00,4874.00,3973.00
124.85565948,3815.00,4887.00,3986.00
125.00684357,3825.00,4897.00,3997.00
125.19843292,3834.00,4914.00,4008.00
125.49550629,3849.00,4929.00,4021.00
125.71523285,3861.00,4947.00,4036.00
126.05625153,3876.00,4964.00,4049.00
126.31992340,3891.00,4985.00,4066.00
126.63456726,3907.00,5006.00,4082.00
126.91406250,3924.00,5026.00,4099.00
127.26562500,3940.00,5046.00,4117.00
127.61718750,3958.00,5070.00,4134.00
127.96875000,3974.00,5090.00,4153.00
128.31678772,3989.00,5110.00,4168.00
128.66133118,4006.00,5131.00,4183.00
129.01640320,4021.00,5150.00,4201.00
129.30117798,4036.00,5168.00,4217.00
129.62812805,4050.00,5186.00,4231.00
129.89530945,4058.00,5193.00,4239.00
130.09394836,4067.00,5209.00,4249.00
130.22578430,4074.00,5216.00,4254.00
130.41035461,4081.00,5221.00,4260.00
130.55273438,4084.00,5230.00,4266.00
130.70214844,4091.00,5238.00,4272.00
130.81112671,4098.00,5247.00,4280.00
131.03788757,4107.00,5256.00,4287.00
131.28047180,4115.00,5267.00,4296.00
131.50019836,4125.00,5279.00,4306.00
131.79199219,4134.00,5293.00,4318.00
132.06269836,4146.00,5305.00,4329.00
132.36328125,4157.00,5321.00,4341.00
132.71484375,4172.00,5340.00,4355.00
133.03300476,4183.00,5356.00,4365.00
133.33183289,4193.00,5368.00,4378.00
133.68164063,4205.00,5381.00,4391.00
134.03320313,4217.00,5399.00,4403.00
134.38476563,4228.00,5411.00,4415.00
134.74160767,4241.00,5427.00,4426.00
135.08789063,4249.00,5437.00,4436.00
135.43945313,4258.00,5450.00,4448.00
135.70312500,4269.00,5461.00,4455.00
135.96504211,4274.00,5468.00,4461.00
136.16015625,4279.00,5475.00,4468.00
136.31307983,4284.00,5482.00,4474.00
136.54687500,4288.00,5486.00,4478.00
136.64530945,4292.00,5491.00,4482.00
136.77011108,4295.00,5496.00,4483.00
136.96347046,4299.00,5504.00,4490.00
137.17440796,4306.00,5511.00,4496.00
137.34667969,4310.00,5517.00,4500.00
137.61210632,4317.00,5524.00,4507.00
137.88984680,4324.00,5533.00,4515.00
138.21679688,4331.00,5542.00,4520.00
138.42773438,4338.00,5553.00,4529.00
138.79336548,4345.00,5561.00,4535.00
139.13085938,4353.00,5570.00,4545.00
139.48242188,4360.00,5579.00,4552.00
139.83398438,4366.00,5586.00,4559.00
140.16268921,4374.00,5596.00,4563.00
140.45274353,4377.00,5602.00,4567.00
140.88514709,4384.00,5609.00,4575.00
141.15409851,4389.00,5614.00,4582.00
141.50390625,4393.00,5621.00,4586.00
141.76757813,4398.00,5625.00,4589.00
142.03125000,4400.00,5628.00,4593.00
142.28437805,4401.00,5632.00,4597.00
142.36523438,4404.00,5634.00,4596.00
142.50410461,4406.00,5636.00,4597.00
142.70449829,4408.00,5640.00,4600.00
142.85038757,4409.00,5640.00,4599.00
143.01562500,4408.00,5641.00,4603.00
143.20547485,4411.00,5645.00,4606.00
143.42695618,4413.00,5648.00,4608.00
143.72225952,4417.00,5651.00,4612.00
143.95429993,4420.00,5656.00,4612.00
144.26893616,4423.00,5657.00,4615.00
144.56953430,4423.00,5660.00,4618.00
144.86660767,4425.00,5661.00,4619.00
145.19883728,4426.00,5661.00,4620.00
145.54687500,4429.00,5663.00,4622.00
145.89668274,4427.00,5667.00,4623.00
146.24824524,4428.00,5666.00,4622.00
146.59803772,4430.00,5667.00,4625.00
146.94609070,4429.00,5666.00,4626.00
147.28535461,4429.00,5666.00,4623.00
147.56835938,4428.00,5665.00,4625.00
147.85839844,4429.00,5666.00,4621.00
148.09217834,4428.00,5666.00,4622.00
148.31015015,4427.00,5664.00,4621.00
148.49824524,4425.00,5660.00,4619.00
148.57734680,4426.00,5662.00,4620.00
148.80937195,4424.00,5663.00,4622.00
148.90780640,4426.00,5660.00,4620.00
149.10469055,4425.00,5659.00,4618.00
149.31913757,4420.00,5659.00,4616.00
149.53886414,4421.00,5657.00,4617.00
149.78495789,4419.00,5654.00,4612.00
150.02226257,4414.00,5650.00,4610.00
150.38085938,4414.00,5647.00,4607.00
150.63749695,4412.00,5645.00,4604.00
150.97148132,4407.00,5640.00,4601.00
151.25976563,4403.00,5633.00,4598.00
151.61132813,4400.00,5627.00,4592.00
151.96289063,4395.00,5623.00,4587.00
152.31445313,4391.00,5616.00,4582.00
152.66601563,4385.00,5608.00,4578.00
153.01229858,4378.00,5601.00,4570.00
153.35331726,4373.00,5595.00,4564.00
153.63281250,4368.00,5587.00,4562.00
153.89648438,4363.00,5581.00,4558.00
154.15136719,4359.00,5577.00,4549.00
154.39395142,4354.00,5570.00,4547.00
154.52754211,4350.00,5567.00,4543.00
154.65762329,4350.00,5563.00,4542.00
154.80526733,4345.00,5559.00,4537.00
154.96699524,4343.00,5555.00,4533.00
155.14277649,4338.00,5551.00,4531.00
155.35371399,4336.00,5545.00,4527.00
155.59452820,4329.00,5539.00,4522.00
155.88456726,4323.00,5529.00,4511.00
156.06738281,4318.00,5525.00,4507.00
156.42597961,4308.00,5513.00,4499.00
156.71073914,4301.00,5504.00,4490.00
157.02714539,4294.00,5492.00,4484.00
157.33651733,4285.00,5480.00,4475.00
157.67578125,4275.00,5468.00,4464.00
158.02734375,4265.00,5455.00,4454.00
158.37890625,4255.00,5443.00,4444.00
158.73046875,4244.00,5429.00,4432.00
159.08203125,4234.00,5414.00,4422.00
159.43183899,4227.00,5400.00,4410.00
159.69726563,4215.00,5389.00,4400.00
159.96269226,4207.00,5379.00,4390.00
160.22460938,4198.00,5369.00,4383.00
160.35116577,4194.00,5361.00,4377.00
160.57441711,4188.00,5356.00,4372.00
160.66406250,4185.00,5350.00,4366.00
160.89082336,4179.00,5341.00,4361.00
161.04023743,4173.00,5333.00,4354.00
161.21073914,4164.00,5325.00,4348.00
161.44100952,4157.00,5316.00,4339.00
161.60273743,4150.00,5304.00,4332.00
161.96133423,4136.00,5289.00,4320.00
162.18281555,4130.00,5279.00,4310.00
162.47109985,4115.00,5263.00,4298.00
162.79804993,4103.00,5246.00,4283.00
163.11972046,4090.00,5228.00,4271.00
163.47656250,4075.00,5209.00,4256.00
163.75430298,4060.00,5190.00,4239.00
164.09179688,4046.00,5174.00,4226.00
164.45565796,4032.00,5153.00,4209.00
164.79492188,4016.00,5133.00,4192.00
165.14648438,4000.00,5112.00,4175.00
165.48046875,3985.00,5094.00,4160.00
165.76347351,3972.00,5076.00,4148.00
166.02011108,3962.00,5065.00,4137.00
166.26797485,3949.00,5049.00,4123.00
166.43847656,3943.00,5039.00,4116.00
166.55625916,3934.00,5029.00,4107.00
166.71621704,3928.00,5020.00,4102.00
166.86035156,3922.00,5013.00,4094.00
167.09941101,3911.00,4999.00,4084.00
167.22245789,3902.00,4989.00,4076.00
167.42460632,3892.00,4974.00,4065.00
167.68301392,3880.00,4961.00,4050.00
167.95722961,3865.00,4941.00,4038.00
168.26307678,3854.00,4923.00,4022.00
168.51269531,3837.00,4902.00,4006.00
168.84492493,3819.00,4880.00,3986.00
169.13496399,3802.00,4858.00,3970.00
169.51289368,3784.00,4835.00,3951.00
169.81347656,3764.00,4810.00,3930.00
170.19140625,3746.00,4786.00,3911.00
170.50781250,3726.00,4763.00,3891.00
170.85937500,3706.00,4736.00,3870.00
171.20918274,3686.00,4711.00,3849.00
171.52734375,3669.00,4687.00,3833.00
171.82617188,3652.00,4667.00,3813.00
172.08808899,3639.00,4648.00,3800.00
172.29199219,3623.00,4631.00,3784.00
172.41503906,3617.00,4620.00,3778.00
172.58906555,3608.00,4610.00,3767.00
172.77363586,3597.00,4598.00,3757.00
172.91073608,3590.00,4587.00,3749.00
173.06718445,3581.00,4574.00,3738.00
173.30097961,3567.00,4557.00,3725.00
173.42929077,3556.00,4543.00,3714.00
173.75273132,3539.00,4522.00,3694.00
173.98828125,3523.00,4500.00,3680.00
174.26953125,3505.00,4476.00,3658.00
174.58065796,3488.00,4452.00,3640.00
174.88827515,3465.00,4424.00,3616.00
175.20468140,3444.00,4398.00,3597.00
175.51757813,3425.00,4373.00,3575.00
175.86914063,3401.00,4344.00,3551.00
176.21542358,3378.00,4315.00,3527.00
176.49667358,3357.00,4288.00,3506.00
176.87109375,3335.00,4257.00,3480.00
177.18750000,3314.00,4229.00,3458.00
177.53906250,3292.00,4203.00,3436.00
177.80273438,3273.00,4177.00,3416.00
178.07168579,3258.00,4156.00,3399.00
178.32304382,3242.00,4137.00,3385.00
178.45312500,3234.00,4127.00,3374.00
178.58671570,3223.00,4113.00,3363.00
178.79765320,3208.00,4095.00,3349.00
178.91191101,3202.00,4083.00,3341.00
179.06835938,3189.00,4070.00,3330.00
179.27754211,3174.00,4052.00,3315.00
179.50430298,3161.00,4032.00,3299.00
179.77323914,3144.00,4010.00,3282.00
179.99472046,3127.00,3987.00,3262.00
180.28652954,3103.00,3960.00,3240.00
180.60995483,3083.00,3933.00,3218.00
180.87890625,3060.00,3904.00,3194.00
181.24980164,3035.00,3871.00,3168.00
181.58027649,3010.00,3840.00,3142.00
181.93359375,2988.00,3811.00,3118.00
182.28515625,2960.00,3777.00,3090.00
182.64024353,2937.00,3746.00,3066.00
182.98475647,2911.00,3713.00,3040.00
183.33808899,2889.00,3683.00,3014.00
183.60351563,2866.00,3654.00,2990.00
183.94102478,2845.00,3628.00,2968.00
184.14315796,2830.00,3606.00,2952.00
184.39453125,2812.00,3585.00,2932.00
184.52108765,2802.00,3571.00,2922.00
184.65820313,2791.00,3558.00,2911.00
184.83045959,2779.00,3543.00,2898.00
184.92890930,2770.00,3533.00,2890.00
185.17324829,2756.00,3512.00,2873.00
185.30508423,2740.00,3495.00,2859.00
185.56875610,2726.00,3473.00,2844.00
185.85702515,2703.00,3446.00,2820.00
186.09434509,2686.00,3422.00,2802.00
186.43359375,2662.00,3392.00,2775.00
186.70957947,2640.00,3365.00,2754.00
187.03477478,2615.00,3333.00,2727.00
187.38281250,2589.00,3298.00,2700.00
187.73262024,2564.00,3266.00,2673.00
188.01034546,2537.00,3234.00,2646.00
188.37422180,2510.00,3198.00,2618.00
188.75039673,2483.00,3164.00,2590.00
189.05625916,2458.00,3131.00,2563.00
189.40429688,2433.00,3100.00,2537.00
189.68026733,2410.00,3072.00,2515.00
190.00195313,2390.00,3045.00,2492.00
190.23045349,2373.00,3023.00,2474.00
190.38690186,2359.00,3006.00,2461.00
190.54687500,2346.00,2988.00,2446.00
190.71737671,2337.00,2977.00,2436.00
190.84043884,2326.00,2961.00,2423.00
190.98632813,2315.00,2948.00,2411.00
191.17791748,2297.00,2926.00,2397.00
191.42402649,2283.00,2907.00,2380.00
191.60156250,2266.00,2886.00,2364.00
191.91798401,2242.00,2858.00,2338.00
192.16404724,2227.00,2835.00,2321.00
192.46466064,2202.00,2804.00,2296.00
192.75294495,2178.00,2773.00,2271.00
193.10273743,2153.00,2739.00,2246.00
193.37695313,2127.00,2708.00,2216.00
193.72149658,2101.00,2675.00,2191.00
194.06250000,2075.00,2641.00,2163.00
194.41406250,2050.00,2609.00,2136.00
194.76210022,2023.00,2574.00,2108.00
195.11190796,1997.00,2540.00,2081.00
195.39843750,1972.00,2508.00,2055.00
195.73242188,1950.00,2479.00,2032.00
195.99081421,1931.00,2455.00,2010.00
196.25801086,1911.00,2432.00,1992.00
196.43554688,1898.00,2414.00,1978.00
196.57968140,1886.00,2401.00,1967.00
196.69921875,1877.00,2388.00,1956.00
196.88203430,1866.00,2373.00,1945.00
197.04197693,1853.00,2358.00,1931.00
197.19667053,1839.00,2338.00,1915.00
197.40234375,1825.00,2320.00,1901.00
197.65721130,1805.00,2296.00,1882.00
197.92968750,1783.00,2269.00,1859.00
198.15821838,1767.00,2247.00,1841.00
198.46231079,1743.00,2216.00,1816.00
198.79454041,1720.00,2186.00,1792.00
199.07226563,1697.00,2155.00,1766.00
199.42382813,1670.00,2123.00,1739.00
199.77539063,1644.00,2089.00,1711.00
200.12342834,1619.00,2058.00,1687.00
200.47323608,1594.00,2026.00,1660.00
200.80018616,1568.00,1993.00,1632.00
201.12539673,1544.00,1960.00,1608.00
201.44531250,1521.00,1932.00,1584.00
201.77050781,1499.00,1905.00,1563.00
201.98846436,1483.00,1883.00,1544.00
202.23104858,1467.00,1862.00,1526.00
202.43496704,1451.00,1845.00,1512.00
202.58613586,1442.00,1831.00,1501.00
202.68106079,1434.00,1821.00,1492.00
202.82167053,1423.00,1808.00,1482.00
203.03086853,1409.00,1791.00,1466.00
203.29454041,1395.00,1772.00,1453.00
203.46504211,1379.00,1751.00,1436.00
203.64785767,1365.00,1732.00,1420.00
203.93086243,1345.00,1709.00,1401.00
204.21034241,1327.00,1686.00,1381.00
204.52148438,1305.00,1656.00,1358.00
204.79043579,1283.00,1630.00,1334.00
205.13847351,1260.00,1598.00,1311.00
205.48828125,1235.00,1569.00,1286.00
205.80293274,1211.00,1539.00,1262.00
206.16503906,1189.00,1508.00,1237.00
206.46737671,1166.00,1479.00,1213.00
206.88749695,1142.00,1450.00,1188.00
207.15820313,1119.00,1421.00,1165.00
207.50976563,1100.00,1394.00,1143.00
207.77519226,1081.00,1370.00,1125.00
208.03535461,1065.00,1352.00,1109.00
208.23222351,1052.00,1332.00,1093.00
208.38867188,1043.00,1322.00,1084.00
208.55564880,1032.00,1308.00,1074.00
208.68925476,1023.00,1297.00,1063.00
208.82812500,1013.00,1286.00,1054.00
209.01795959,1003.00,1270.00,1042.00
209.19902039,990.00,1254.00,1030.00
209.44511414,975.00,1236.00,1014.00
209.62266541,962.00,1218.00,1000.00
209.94256592,945.00,1197.00,983.00
210.22032166,927.00,1174.00,962.00
210.53495789,908.00,1149.00,942.00
210.84608459,889.00,1125.00,924.00
211.16250610,869.00,1099.00,901.00
211.53868103,846.00,1072.00,879.00
211.84277344,827.00,1046.00,857.00
212.18026733,805.00,1019.00,837.00
212.52128601,787.00,994.00,817.00
212.87109375,767.00,969.00,796.00
213.22265625,748.00,945.00,775.00
213.52499390,731.00,922.00,757.00
213.83789063,713.00,902.00,740.00
214.02070618,703.00,886.00,728.00
214.30195618,690.00,871.00,714.00
214.39337158,683.00,863.00,707.00
214.54101563,676.00,853.00,700.00
214.72032166,666.00,840.00,690.00
214.87149048,659.00,831.00,683.00
215.01385498,651.00,820.00,674.00
215.16328430,641.00,807.00,663.00
215.40762329,629.00,793.00,651.00
215.74159241,614.00,773.00,635.00
215.93846130,603.00,759.00,624.00
216.24607849,586.00,738.00,606.00
216.50450134,572.00,721.00,593.00
216.86483765,556.00,698.00,574.00
217.19003296,538.00,677.00,556.00
217.52929688,523.00,657.00,538.00
217.88085938,505.00,635.00,522.00
218.16561890,489.00,614.00,504.00
218.49784851,473.00,594.00,487.00
218.85995483,459.00,575.00,471.00
219.19921875,442.00,557.00,457.00
219.46641541,431.00,540.00,443.00
219.73359680,421.00,527.00,432.00
219.99023438,411.00,513.00,422.00
220.12382507,404.00,503.00,414.00
220.33476257,394.00,495.00,407.00
220.46133423,386.00,487.00,400.00
220.65644836,379.00,478.00,388.00
220.76544189,374.00,472.00,383.00
220.96055603,365.00,459.00,378.00
221.15039063,357.00,452.00,366.00
221.40176392,349.00,439.00,361.00
221.66015625,343.00,424.00,351.00
221.89569092,333.00,414.00,340.00
222.20155334,321.00,397.00,323.00
222.53378296,309.00,383.00,310.00
222.84843445,297.00,367.00,302.00
223.17362976,278.00,348.00,289.00
223.50585938,272.00,336.00,270.00
223.85742188,254.00,321.00,265.00
224.20898438,242.00,306.00,252.00
224.56054688,238.00,292.00,240.00
224.91210938,220.00,272.00,221.00
225.17578125,209.00,265.00,219.00
225.52206421,209.00,254.00,209.00
225.77520752,191.00,237.00,200.00
226.01954651,194.00,235.00,185.00
226.23046875,189.00,221.00,188.00
226.33241272,185.00,224.00,175.00
226.45195007,181.00,211.00,180.00
226.62950134,176.00,213.00,175.00
226.77539063,164.00,208.00,163.00
226.94062805,168.00,203.00,158.00
227.12695313,153.00,196.00,162.00
227.37304688,158.00,189.00,155.00
227.60507202,151.00,181.00,149.00
227.89863586,135.00,173.00,132.00
228.19042969,138.00,163.00,134.00
228.47520447,132.00,145.00,127.00
228.77929688,114.00,146.00,110.00
229.16250610,117.00,136.00,101.00
229.49822998,99.00,116.00,94.00
229.83398438,92.00,109.00,87.00
230.18554688,85.00,111.00,91.00
230.53710938,91.00,103.00,85.00
230.88163757,74.00,96.00,79.00
231.20858765,80.00,77.00,74.00
231.48104858,65.00,85.00,69.00
231.76582336,73.00,80.00,66.00
231.96444702,70.00,76.00,62.00
232.15252686,68.00,73.00,48.00
232.29139709,66.00,60.00,47.00
232.39161682,65.00,69.00,45.00
232.57617188,51.00,66.00,55.00
232.75018311,61.00,64.00,53.00
232.90312195,46.00,49.00,51.00
233.08593750,57.00,47.00,36.00
233.34257507,43.00,57.00,33.00
233.62908936,52.00,53.00,44.00
233.83828735,51.00,51.00,42.00
234.18809509,35.00,34.00,39.00
234.46582031,46.00,32.00,24.00
234.78924561,45.00,42.00,22.00
235.14256287,42.00,40.00,33.00
235.52929688,40.00,25.00,18.00
235.82460022,27.00,36.00,31.00
236.16386414,39.00,22.00,17.00
236.51367188,26.00,35.00,29.00
236.86523438,38.00,35.00,29.00
237.21679688,39.00,35.00,29.00
237.48399353,26.00,22.00,16.00
237.72833252,27.00,36.00,29.00
237.93222046,40.00,24.00,17.00
238.10800171,28.00,38.00,31.00
238.27148438,41.00,38.00,32.00
238.39451599,30.00,39.00,32.00
238.53515625,29.00,39.00,33.00
238.71621704,30.00,28.00,20.00
238.88496399,31.00,29.00,35.00
239.06250000,45.00,44.00,36.00
239.32264709,47.00,33.00,25.00
239.58984375,36.00,48.00,26.00
239.84999084,38.00,50.00,28.00
240.15057373,53.00,54.00,44.00
240.47755432,44.00,57.00,47.00
240.79745483,60.00,62.00,50.00
241.17715454,52.00,55.00,55.00
241.52343750,56.00,73.00,47.00
241.87147522,61.00,78.00,64.00
242.22303772,78.00,84.00,69.00
242.50956726,83.00,80.00,62.00
242.87518311,88.00,97.00,67.00
243.17578125,81.00,104.00,73.00
243.45878601,97.00,110.00,79.00
243.65214539,101.00,104.00,94.00
243.90176392,106.00,120.00,98.00
244.06874084,98.00,124.00,101.00
244.23399353,112.00,128.00,93.00
244.33593750,114.00,131.00,107.00
244.48007202,107.00,125.00,99.00
244.68222046,110.00,139.00,114.00
244.87384033,124.00,144.00,107.00
245.08300781,130.00,149.00,123.00
245.30273438,125.00,157.00,118.00
245.56640625,141.00,165.00,134.00
245.81074524,147.00,164.00,141.00
246.18164063,145.00,173.00,149.00
246.46112061,162.00,193.00,157.00
246.79687500,162.00,204.00,166.00
247.17480469,172.00,216.00,177.00
247.51405334,183.00,229.00,179.00
247.85508728,201.00,234.00,198.00
248.20312500,211.00,247.00,208.00
248.55996704,222.00,268.00,211.00
248.89921570,232.00,281.00,222.00
249.19628906,242.00,287.00,240.00
249.43534851,243.00,304.00,241.00
249.68846130,251.00,314.00,257.00
249.87832642,258.00,323.00,257.00
250.00312805,270.00,328.00,262.00
250.18418884,276.00,336.00,274.00
250.32305908,274.00,342.00,274.00
250.51641846,280.00,345.00,286.00
250.66406250,286.00,357.00,286.00
250.85917664,293.00,366.00,299.00
251.06660461,306.00,375.00,301.00
251.30215454,315.00,384.00,311.00
251.57461548,325.00,397.00,321.00
251.85411072,334.00,413.00,338.00
252.14939880,348.00,428.00,350.00
252.49395752,358.00,446.00,365.00
252.80157471,370.00,463.00,375.00
253.20408630,390.00,482.00,394.00
253.56620789,406.00,502.00,411.00
253.91249084,420.00,522.00,427.00
254.26757813,435.00,540.00,441.00
254.61561584,451.00,559.00,457.00
254.90214539,464.00,578.00,473.00
255.23612976,478.00,596.00,488.00
255.49804688,492.00,612.00,501.00
255.68438721,502.00,625.00,512.00
255.93397522,511.00,638.00,522.00
256.02539063,517.00,644.00,527.00
256.19238281,526.00,656.00,536.00
256.38925171,533.00,666.00,545.00
256.46484375,540.00,673.00,551.00
256.72500610,549.00,684.00,561.00
256.86563110,558.00,695.00,570.00
257.07128906,567.00,707.00,580.00
257.36309814,583.00,727.00,596.00
257.60742188,595.00,743.00,609.00
257.87637329,609.00,761.00,623.00
258.15057373,625.00,782.00,640.00
258.48983765,642.00,803.00,657.00
258.85723877,660.00,826.00,677.00
259.21231079,682.00,853.00,699.00
259.60076904,701.00,877.00,720.00
259.92773438,721.00,903.00,740.00
260.27401733,741.00,929.00,760.00
260.62384033,759.00,953.00,780.00
260.94726563,779.00,976.00,800.00
261.27947998,796.00,998.00,819.00
261.56072998,811.00,1018.00,835.00
261.74179077,825.00,1034.00,848.00
261.99139404,837.00,1051.00,862.00
262.05819702,842.00,1057.00,867.00
262.23223877,852.00,1070.00,877.00
262.36230469,862.00,1083.00,887.00
262.48535156,868.00,1092.00,895.00
262.68572998,880.00,1105.00,904.00
262.88085938,891.00,1120.00,917.00
263.07070923,903.00,1136.00,931.00
263.35546875,920.00,1158.00,949.00
263.58398438,936.00,1178.00,965.00
263.93377686,956.00,1202.00,985.00
264.19921875,974.00,1226.00,1004.00
264.54199219,995.00,1253.00,1026.00
264.91992188,1019.00,1282.00,1050.00
265.27676392,1043.00,1313.00,1076.00
265.60546875,1064.00,1340.00,1099.00
265.96759033,1088.00,1371.00,1123.00
266.31036377,1110.00,1399.00,1146.00
266.66015625,1132.00,1427.00,1169.00
266.98184204,1154.00,1455.00,1192.00
267.27716064,1174.00,1480.00,1213.00
267.54611206,1192.00,1503.00,1231.00
267.79568481,1207.00,1522.00,1248.00
267.96093750,1219.00,1539.00,1260.00
268.05761719,1226.00,1547.00,1266.00
268.16659546,1235.00,1559.00,1277.00
268.37930298,1249.00,1575.00,1291.00
268.50585938,1258.00,1587.00,1300.00
268.69744873,1269.00,1602.00,1313.00
268.89431763,1285.00,1622.00,1329.00
269.12637329,1301.00,1641.00,1346.00
269.40762329,1319.00,1665.00,1364.00
269.65194702,1337.00,1687.00,1382.00
269.92617798,1359.00,1716.00,1405.00
270.27423096,1379.00,1742.00,1428.00
270.61172485,1405.00,1774.00,1454.00
270.96328735,1428.00,1805.00,1478.00
271.30606079,1455.00,1837.00,1506.00
271.66992188,1483.00,1872.00,1534.00
272.03378296,1509.00,1905.00,1562.00
272.37304688,1532.00,1937.00,1587.00
272.72109985,1556.00,1967.00,1612.00
273.06210327,1581.00,1999.00,1638.00
273.30819702,1599.00,2021.00,1657.00
273.54376221,1618.00,2046.00,1677.00
273.78985596,1634.00,2068.00,1693.00
273.95507813,1648.00,2084.00,1708.00
274.04824829,1656.00,2093.00,1715.00
274.21875000,1667.00,2108.00,1726.00
274.39276123,1679.00,2123.00,1739.00
274.55450439,1692.00,2140.00,1754.00
274.74258423,1705.00,2157.00,1767.00
274.92715454,1720.00,2176.00,1783.00
275.18554688,1739.00,2200.00,1801.00
275.41934204,1757.00,2224.00,1823.00
275.68124390,1775.00,2247.00,1840.00
275.98535156,1799.00,2279.00,1866.00
276.30703735,1821.00,2307.00,1889.00
276.62518311,1849.00,2340.00,1917.00
277.02246094,1877.00,2375.00,1945.00
277.38632202,1905.00,2410.00,1973.00
277.74316406,1933.00,2448.00,2003.00
278.08593750,1959.00,2481.00,2032.00
278.43927002,1986.00,2514.00,2058.00
278.78201294,2011.00,2547.00,2085.00
279.10723877,2035.00,2576.00,2109.00
279.34454346,2056.00,2603.00,2129.00
279.58007813,2072.00,2625.00,2150.00
279.76641846,2088.00,2646.00,2166.00
279.96853638,2103.00,2664.00,2181.00
280.10742188,2112.00,2675.00,2190.00
280.24804688,2124.00,2689.00,2202.00
280.37109375,2134.00,2707.00,2214.00
280.56094360,2148.00,2721.00,2228.00
280.74200439,2161.00,2735.00,2241.00
280.98632813,2179.00,2762.00,2261.00
281.20956421,2197.00,2783.00,2278.00
281.47851563,2217.00,2810.00,2299.00
281.70526123,2238.00,2835.00,2321.00
282.04101563,2261.00,2866.00,2346.00
282.32403564,2285.00,2897.00,2371.00
282.70019531,2311.00,2927.00,2396.00
283.08691406,2341.00,2966.00,2427.00
283.43496704,2367.00,3001.00,2455.00
283.77597046,2395.00,3035.00,2483.00
284.06250000,2420.00,3068.00,2511.00
284.48260498,2447.00,3102.00,2538.00
284.76562500,2473.00,3136.00,2566.00
285.11718750,2498.00,3168.00,2591.00
285.37908936,2518.00,3193.00,2611.00
285.62167358,2537.00,3215.00,2630.00
285.84317017,2554.00,3238.00,2648.00
285.99609375,2565.00,3253.00,2660.00
286.17010498,2577.00,3268.00,2672.00
286.28964233,2587.00,3281.00,2684.00
286.44433594,2598.00,3293.00,2692.00
286.62539673,2613.00,3312.00,2710.00
286.78710938,2622.00,3327.00,2721.00
286.97695923,2639.00,3346.00,2737.00
287.23007202,2658.00,3371.00,2757.00
287.51483154,2679.00,3398.00,2779.00
287.75390625,2697.00,3420.00,2797.00
288.08789063,2720.00,3450.00,2822.00
288.43243408,2745.00,3481.00,2846.00
288.72070313,2768.00,3512.00,2872.00
289.10565186,2799.00,3546.00,2902.00
289.50643921,2824.00,3582.00,2931.00
289.77539063,2848.00,3613.00,2956.00
290.12695313,2875.00,3645.00,2982.00
290.47851563,2900.00,3678.00,3007.00
290.83007813,2922.00,3706.00,3033.00
291.10781860,2942.00,3732.00,3053.00
291.35919189,2960.00,3757.00,3072.00
291.55957031,2976.00,3775.00,3090.00
291.75820923,2992.00,3793.00,3103.00
291.97265625,3004.00,3810.00,3118.00
292.07989502,3015.00,3824.00,3129.00
292.24511719,3026.00,3837.00,3141.00
292.42089844,3037.00,3854.00,3151.00
292.58612061,3050.00,3869.00,3165.00
292.81817627,3065.00,3890.00,3183.00
293.02383423,3080.00,3907.00,3196.00
293.21893311,3097.00,3927.00,3214.00
293.53182983,3116.00,3952.00,3235.00
293.81835938,3135.00,3977.00,3253.00
294.10662842,3159.00,4009.00,3277.00
294.44064331,3181.00,4037.00,3301.00
294.79043579,3204.00,4067.00,3325.00
295.19296265,3229.00,4098.00,3351.00
295.53045654,3254.00,4131.00,3376.00
295.88555908,3277.00,4161.00,3403.00
296.19668579,3300.00,4190.00,3425.00
296.54473877,3324.00,4219.00,3449.00
296.89102173,3345.00,4243.00,3472.00
297.15820313,3361.00,4265.00,3487.00
297.41482544,3378.00,4288.00,3507.00
297.60821533,3393.00,4309.00,3521.00
297.80331421,3406.00,4322.00,3534.00
298.01425171,3418.00,4338.00,3548.00
298.14434814,3428.00,4349.00,3555.00
298.30255127,3436.00,4361.00,3566.00
298.47479248,3448.00,4377.00,3576.00
298.65234375,3460.00,4389.00,3589.00
298.82812500,3471.00,4405.00,3600.00
299.05841064,3485.00,4426.00,3617.00
299.34490967,3504.00,4446.00,3637.00
299.54354858,3516.00,4464.00,3648.00
299.83007813,3536.00,4488.00,3668.00
300.20272827,3556.00,4514.00,3689.00
300.49453735,3575.00,4538.00,3710.00
300.86367798,3597.00,4568.00,3733.00
301.21173096,3620.00,4596.00,3757.00
301.55273438,3641.00,4618.00,3777.00
301.90429688,3661.00,4646.00,3798.00
302.25585938,3680.00,4671.00,3820.00
302.61798096,3702.00,4697.00,3840.00
302.95898438,3721.00,4722.00,3860.00
303.31054688,3738.00,4745.00,3879.00
303.57070923,3754.00,4762.00,3895.00
303.76406860,3764.00,4777.00,3908.00
304.01367188,3777.00,4793.00,3919.00
304.10156250,3780.00,4800.00,3924.00
304.27557373,3792.00,4812.00,3934.00
304.44256592,3799.00,4824.00,3943.00
304.55859375,3808.00,4831.00,3953.00
304.72384644,3817.00,4843.00,3959.00
304.90664673,3825.00,4855.00,3969.00
305.14569092,3838.00,4869.00,3982.00
305.34432983,3851.00,4883.00,3994.00
305.68182373,3865.00,4904.00,4010.00
305.97186279,3882.00,4926.00,4027.00
306.26016235,3895.00,4942.00,4041.00
306.61172485,3914.00,4963.00,4060.00
306.94219971,3931.00,4985.00,4078.00
307.32714844,3948.00,5009.00,4096.00
307.70330811,3965.00,5031.00,4115.00
308.01797485,3981.00,5051.00,4130.00
308.32031250,3997.00,5068.00,4147.00
308.67892456,4013.00,5092.00,4165.00
309.02343750,4028.00,5110.00,4179.00
309.30117798,4040.00,5125.00,4190.00
309.56658936,4051.00,5137.00,4204.00
309.81622314,4063.00,5151.00,4212.00
310.02011108,4070.00,5164.00,4221.00
310.12030029,4075.00,5169.00,4226.00
310.25390625,4080.00,5177.00,4232.00
310.45254517,4089.00,5188.00,4240.00
310.55975342,4093.00,5193.00,4247.00
310.79531860,4100.00,5202.00,4254.00
310.97460938,4110.00,5211.00,4263.00
311.20663452,4116.00,5222.00,4272.00
311.49493408,4128.00,5237.00,4284.00
311.70587158,4138.00,5251.00,4294.00
312.02752686,4150.00,5263.00,4306.00
312.35449219,4160.00,5279.00,4315.00
312.66033936,4172.00,5292.00,4329.00
313.00665283,4184.00,5308.00,4342.00
313.34588623,4198.00,5325.00,4356.00
313.69042969,4209.00,5341.00,4369.00
314.03671265,4221.00,5356.00,4379.00
314.46560669,4234.00,5369.00,4390.00
314.73632813,4244.00,5385.00,4405.00
315.10195923,4254.00,5395.00,4415.00
315.39022827,4263.00,5407.00,4422.00
315.68731689,4272.00,5417.00,4430.00
315.88418579,4276.00,5424.00,4437.00
316.07049561,4282.00,5434.00,4441.00
316.16015625,4283.00,5435.00,4445.00
316.31835938,4289.00,5440.00,4450.00
316.48535156,4294.00,5446.00,4453.00
316.60137939,4298.00,5452.00,4458.00
316.84570313,4302.00,5457.00,4463.00
317.04608154,4309.00,5466.00,4470.00
317.20956421,4316.00,5473.00,4474.00
317.54882813,4322.00,5484.00,4481.00
317.75625610,4327.00,5488.00,4486.00
318.10076904,4335.00,5497.00,4496.00
318.39257813,4342.00,5507.00,4501.00
318.71777344,4348.00,5516.00,4510.00
319.10449219,4357.00,5527.00,4519.00
319.46835327,4365.00,5537.00,4527.00
319.78298950,4372.00,5545.00,4533.00
320.13983154,4377.00,5552.00,4539.00
320.44921875,4383.00,5561.00,4544.00
320.80078125,4388.00,5565.00,4550.00
321.08731079,4393.00,5569.00,4554.00
321.35098267,4398.00,5576.00,4559.00
321.59356689,4399.00,5583.00,4565.00
321.84490967,4405.00,5583.00,4565.00
321.98730469,4406.00,5586.00,4565.00
322.14727783,4409.00,5588.00,4571.00
322.29492188,4411.00,5594.00,4573.00
322.47421265,4412.00,5595.00,4575.00
322.64648438,4415.00,5597.00,4576.00
322.80819702,4416.00,5600.00,4580.00
323.02441406,4417.00,5604.00,4579.00
323.26171875,4421.00,5604.00,4583.00
323.52011108,4424.00,5609.00,4584.00
323.78906250,4427.00,5610.00,4588.00
324.08963013,4429.00,5615.00,4589.00
324.42364502,4431.00,5618.00,4591.00
324.75408936,4434.00,5620.00,4594.00
325.10742188,4436.00,5620.00,4595.00
325.47305298,4436.00,5623.00,4597.00
325.81231689,4437.00,5626.00,4600.00
326.16210938,4439.00,5624.00,4598.00
326.51367188,4440.00,5623.00,4598.00
326.86523438,4438.00,5625.00,4600.00
327.14120483,4439.00,5623.00,4599.00
327.39962769,4441.00,5623.00,4602.00
327.65625000,4440.00,5623.00,4599.00
327.86718750,4440.00,5623.00,4600.00
328.05526733,4438.00,5621.00,4598.00
328.20645142,4439.00,5623.00,4598.00
328.32598877,4437.00,5620.00,4597.00
328.54220581,4438.00,5616.00,4595.00
328.70214844,4437.00,5616.00,4594.00
328.88671875,4435.00,5617.00,4595.00
329.06427002,4435.00,5614.00,4592.00
329.32617188,4434.00,5612.00,4591.00
329.58105469,4431.00,5608.00,4590.00
329.88516235,4429.00,5609.00,4586.00
330.16464233,4429.00,5604.00,4582.00
330.50918579,4426.00,5599.00,4580.00
330.85195923,4420.00,5595.00,4578.00
331.23867798,4417.00,5587.00,4572.00
331.54980469,4412.00,5583.00,4566.00
331.94882202,4407.00,5575.00,4562.00
332.23535156,4403.00,5572.00,4556.00
332.59219360,4399.00,5564.00,4552.00
332.93145752,4394.00,5558.00,4547.00
333.26367188,4389.00,5549.00,4539.00
333.55371094,4384.00,5543.00,4537.00
333.80508423,4380.00,5540.00,4532.00
333.98614502,4377.00,5534.00,4527.00
334.15136719,4372.00,5527.00,4525.00
334.29376221,4368.00,5524.00,4521.00
334.42382813,4365.00,5522.00,4518.00
334.53808594,4364.00,5518.00,4515.00
334.77539063,4362.00,5513.00,4512.00
334.95822144,4355.00,5511.00,4507.00
335.15509033,4352.00,5500.00,4500.00
335.40469360,4348.00,5494.00,4496.00
335.65606689,4339.00,5487.00,4489.00
335.94433594,4334.00,5480.00,4484.00
336.26776123,4326.00,5469.00,4476.00
336.55429077,4319.00,5458.00,4466.00
336.92694092,4310.00,5450.00,4459.00
337.31015015,4299.00,5436.00,4449.00
337.59140015,4290.00,5421.00,4435.00
338.01504517,4279.00,5409.00,4425.00
338.29101563,4269.00,5397.00,4416.00
338.69357300,4260.00,5384.00,4405.00
338.99414063,4250.00,5370.00,4392.00
339.34570313,4238.00,5356.00,4383.00
339.60760498,4229.00,5348.00,4374.00
339.82382202,4220.00,5335.00,4368.00
340.04882813,4215.00,5327.00,4358.00
340.19122314,4209.00,5318.00,4353.00
340.37051392,4203.00,5314.00,4347.00
340.50057983,4200.00,5307.00,4343.00
340.66934204,4196.00,5300.00,4337.00
340.80996704,4187.00,5291.00,4331.00
341.01385498,4182.00,5284.00,4325.00
341.21777344,4175.00,5274.00,4315.00
341.45684814,4165.00,5263.00,4306.00
341.78555298,4153.00,5247.00,4294.00
341.98242188,4143.00,5237.00,4286.00
342.29003906,4131.00,5221.00,4274.00
342.62051392,4119.00,5205.00,4259.00
342.97381592,4106.00,5188.00,4245.00
343.30783081,4091.00,5170.00,4231.00
343.66290283,4076.00,5151.00,4215.00
344.00918579,4062.00,5132.00,4199.00
344.35723877,4046.00,5111.00,4183.00
344.70703125,4029.00,5091.00,4165.00
345.05859375,4015.00,5071.00,4151.00
345.40664673,3999.00,5051.00,4134.00
345.67205811,3986.00,5035.00,4121.00
345.84960938,3977.00,5024.00,4111.00
346.10623169,3967.00,5011.00,4099.00
346.21347046,3961.00,5004.00,4094.00
346.34356689,3953.00,4995.00,4086.00
346.50350952,3945.00,4984.00,4079.00
346.63711548,3940.00,4975.00,4074.00
346.83749390,3932.00,4964.00,4063.00
346.99395752,3921.00,4953.00,4053.00
347.24530029,3910.00,4939.00,4040.00
347.49139404,3899.00,4924.00,4029.00
347.76211548,3886.00,4903.00,4015.00
348.05215454,3871.00,4885.00,4001.00
348.31054688,3855.00,4865.00,3983.00
348.68319702,3836.00,4840.00,3964.00
349.03125000,3819.00,4820.00,3944.00
349.36523438,3798.00,4794.00,3925.00
349.71679688,3779.00,4771.00,3904.00
350.06835938,3759.00,4744.00,3883.00
350.41992188,3741.00,4721.00,3864.00
350.77148438,3720.00,4694.00,3844.00
351.12304688,3702.00,4670.00,3824.00
351.38671875,3686.00,4650.00,3807.00
351.66973877,3669.00,4628.00,3789.00
351.90527344,3657.00,4614.00,3776.00
352.09512329,3644.00,4596.00,3762.00
352.21817017,3638.00,4589.00,3755.00
352.35351563,3628.00,4573.00,3747.00
352.55215454,3615.00,4561.00,3735.00
352.64532471,3610.00,4555.00,3727.00
352.88085938,3599.00,4539.00,3715.00
353.06192017,3587.00,4520.00,3703.00
353.25177002,3573.00,4506.00,3689.00
353.52246094,3559.00,4485.00,3673.00
353.75976563,3542.00,4466.00,3657.00
354.09725952,3522.00,4442.00,3636.00
354.39608765,3503.00,4415.00,3615.00
354.72656250,3484.00,4391.00,3595.00
355.04473877,3460.00,4362.00,3572.00
355.42968750,3437.00,4332.00,3547.00
355.74609375,3415.00,4303.00,3524.00
356.12576294,3390.00,4274.00,3500.00
356.48437500,3368.00,4245.00,3477.00
356.83416748,3345.00,4213.00,3452.00
357.09960938,3322.00,4189.00,3429.00
357.45117188,3303.00,4163.00,3408.00
357.70779419,3283.00,4137.00,3391.00
357.89062500,3270.00,4121.00,3375.00
358.08926392,3256.00,4102.00,3360.00
358.24923706,3248.00,4091.00,3352.00
358.40390015,3239.00,4080.00,3342.00
358.60955811,3226.00,4062.00,3327.00
358.70272827,3218.00,4055.00,3322.00
358.85742188,3205.00,4037.00,3305.00
359.07186890,3191.00,4021.00,3293.00
359.28808594,3178.00,4004.00,3279.00
359.59744263,3156.00,3973.00,3255.00
359.82244873,3139.00,3953.00,3240.00
0.13886718,3116.00,3924.00,3214.00
0.43945313,3097.00,3900.00,3195.00
0.72773433,3073.00,3870.00,3170.00
1.11796880,3047.00,3838.00,3144.00
1.44140625,3022.00,3807.00,3117.00
1.81582034,2996.00,3774.00,3092.00
2.12871099,2971.00,3742.00,3066.00
2.46093750,2947.00,3712.00,3040.00
2.82304668,2923.00,3682.00,3014.00
3.13769531,2901.00,3653.00,2990.00
3.43476582,2878.00,3627.00,2971.00
3.68085957,2861.00,3603.00,2952.00
3.88476563,2845.00,3584.00,2935.00
4.04472637,2832.00,3566.00,2921.00
4.24160147,2819.00,3550.00,2908.00
4.39277363,2808.00,3536.00,2898.00
4.51757813,2797.00,3523.00,2885.00
4.73027325,2784.00,3504.00,2870.00
4.91835928,2769.00,3488.00,2858.00
5.11171865,2754.00,3465.00,2841.00
5.34375000,2736.00,3445.00,2823.00
5.60214853,2717.00,3422.00,2802.00
5.84824228,2698.00,3396.00,2783.00
6.15234375,2674.00,3366.00,2759.00
6.49511719,2652.00,3338.00,2734.00
6.81328106,2625.00,3304.00,2708.00
7.17539072,2597.00,3269.00,2680.00
7.53574181,2569.00,3235.00,2651.00
7.88027382,2543.00,3200.00,2622.00
8.18964863,2515.00,3168.00,2595.00
8.55351543,2489.00,3132.00,2567.00
8.87695313,2462.00,3099.00,2540.00
9.24609375,2436.00,3068.00,2514.00
9.49218750,2414.00,3041.00,2493.00
9.80331993,2394.00,3015.00,2471.00
10.00898457,2378.00,2995.00,2454.00
10.21113300,2363.00,2975.00,2439.00
10.32187557,2354.00,2964.00,2429.00
10.45898438,2343.00,2951.00,2419.00
10.61894512,2331.00,2933.00,2403.00
10.75957012,2318.00,2919.00,2393.00
10.99511719,2305.00,2902.00,2378.00
11.16210938,2288.00,2881.00,2362.00
11.35898495,2272.00,2859.00,2345.00
11.69999981,2249.00,2831.00,2320.00
11.86699295,2232.00,2809.00,2304.00
12.24140644,2205.00,2778.00,2277.00
12.55605507,2181.00,2746.00,2252.00
12.84082127,2156.00,2716.00,2226.00
13.18886662,2129.00,2680.00,2197.00
13.54218769,2102.00,2646.00,2170.00
13.88671875,2077.00,2611.00,2142.00
14.23652267,2048.00,2578.00,2114.00
14.58632851,2020.00,2543.00,2087.00
14.93085957,1994.00,2512.00,2060.00
15.25253868,1970.00,2479.00,2033.00
15.52675819,1948.00,2452.00,2011.00
15.80976582,1929.00,2427.00,1990.00
16.03476524,1910.00,2407.00,1974.00
16.20703125,1897.00,2387.00,1958.00
16.33183670,1889.00,2377.00,1949.00
16.45136642,1877.00,2363.00,1939.00
16.61132813,1866.00,2349.00,1926.00
16.81523514,1853.00,2335.00,1914.00
16.98046875,1840.00,2317.00,1900.00
17.14394569,1827.00,2298.00,1884.00
17.39003944,1809.00,2276.00,1868.00
17.67304611,1784.00,2247.00,1841.00
17.95956993,1768.00,2223.00,1825.00
18.24257851,1742.00,2192.00,1799.00
18.56425858,1719.00,2163.00,1774.00
18.88418007,1695.00,2134.00,1750.00
19.22695351,1669.00,2100.00,1721.00
19.57675743,1642.00,2067.00,1695.00
19.93359375,1616.00,2033.00,1668.00
20.28691483,1590.00,2002.00,1642.00
20.57343674,1566.00,1971.00,1615.00
20.91796875,1543.00,1939.00,1592.00
21.23085976,1521.00,1914.00,1569.00
21.51210976,1502.00,1889.00,1549.00
21.73183632,1483.00,1867.00,1531.00
21.93398476,1469.00,1848.00,1516.00
22.14492226,1456.00,1832.00,1502.00
22.26796913,1445.00,1818.00,1491.00
22.45253944,1434.00,1803.00,1480.00
22.58789063,1423.00,1790.00,1467.00
22.74609184,1412.00,1775.00,1456.00
22.94297028,1399.00,1758.00,1442.00
23.11523438,1384.00,1740.00,1426.00
23.41757774,1366.00,1718.00,1409.00
23.64433479,1348.00,1696.00,1391.00
23.93613243,1328.00,1670.00,1369.00
24.22968674,1305.00,1642.00,1346.00
24.56542969,1283.00,1613.00,1323.00
24.88710976,1259.00,1584.00,1299.00
25.22460938,1235.00,1552.00,1272.00
25.57617188,1211.00,1522.00,1248.00
25.92773438,1188.00,1493.00,1223.00
26.23359489,1164.00,1465.00,1201.00
26.62558556,1141.00,1435.00,1176.00
26.91035080,1120.00,1407.00,1155.00
27.24081993,1100.00,1381.00,1133.00
27.49042892,1083.00,1360.00,1116.00
27.74179840,1067.00,1341.00,1100.00
27.94921875,1054.00,1324.00,1086.00
28.12675667,1042.00,1308.00,1073.00
28.29375076,1033.00,1296.00,1063.00
28.39921761,1023.00,1284.00,1054.00
28.59960938,1012.00,1271.00,1043.00
28.78417969,1001.00,1258.00,1031.00
28.98456955,989.00,1241.00,1019.00
29.19199371,975.00,1224.00,1003.00
29.41172028,960.00,1205.00,989.00
29.66660309,943.00,1184.00,971.00
29.89863205,927.00,1163.00,954.00
30.26777458,906.00,1136.00,932.00
30.57187462,887.00,1113.00,913.00
30.93925667,867.00,1086.00,891.00
31.24511719,844.00,1058.00,868.00
31.62656212,825.00,1033.00,848.00
31.94296837,803.00,1005.00,825.00
32.28398514,783.00,982.00,804.00
32.68828201,762.00,954.00,783.00
32.95898437,744.00,932.00,764.00
33.30878830,727.00,909.00,747.00
33.57421875,711.00,888.00,730.00
33.82910156,698.00,873.00,716.00
34.07343674,685.00,858.00,704.00
34.18769455,679.00,850.00,698.00
34.32656097,671.00,838.00,688.00
34.50937653,663.00,829.00,681.00
34.61484528,656.00,820.00,673.00
34.83808517,646.00,806.00,663.00
35.01210785,636.00,794.00,652.00
35.19140625,626.00,782.00,643.00
35.41992187,613.00,765.00,627.00
35.74160004,597.00,745.00,612.00
36.06855392,581.00,725.00,596.00
36.32168198,567.00,708.00,582.00
36.65039062,551.00,688.00,565.00
36.94921875,534.00,666.00,547.00
37.26562500,518.00,645.00,529.00
37.63124847,500.00,624.00,512.00
37.96875000,485.00,603.00,494.00
38.33437347,468.00,583.00,478.00
38.67187500,451.00,562.00,461.00
39.02343750,438.00,543.00,446.00
39.28886795,421.00,526.00,433.00
39.61406326,410.00,512.00,417.00
39.81445312,403.00,500.00,408.00
40.07636642,393.00,488.00,398.00
40.19765472,390.00,482.00,396.00
40.33827972,383.00,474.00,388.00
40.47890472,376.00,464.00,382.00
40.62832260,367.00,459.00,378.00
40.79355621,364.00,451.00,369.00
40.99394608,356.00,440.00,362.00
41.19257736,347.00,427.00,353.00
41.50019455,331.00,415.00,335.00
41.70234299,327.00,403.00,331.00
42.07324219,308.00,387.00,318.00
42.29648209,298.00,375.00,307.00
42.67089844,292.00,359.00,289.00
42.97499847,272.00,343.00,282.00
43.33007812,260.00,328.00,269.00
43.67285156,249.00,308.00,257.00
44.02968597,244.00,299.00,237.00
44.38476562,233.00,285.00,226.00
44.73632812,222.00,263.00,222.00
45.02285385,212.00,250.00,212.00
45.33750153,195.00,247.00,202.00
45.61523437,195.00,236.00,194.00
45.84374619,189.00,228.00,187.00
46.08281326,184.00,213.00,182.00
46.22871017,171.00,218.00,179.00
46.33066559,177.00,214.00,166.00
46.48886871,172.00,198.00,161.00
46.66464996,170.00,203.00,167.00
46.87382889,154.00,197.00,151.00
46.98105240,150.00,190.00,146.00
47.22714996,153.00,183.00,140.00
47.54882812,136.00,164.00,142.00
47.74570084,131.00,158.00,137.00
48.06913757,134.00,148.00,129.00
48.38906097,117.00,150.00,122.00
48.68262100,120.00,130.00,115.00
49.04296875,113.00,131.00,97.00
49.30664062,107.00,113.00,89.00
49.65820312,88.00,104.00,95.00
50.00976562,82.00,96.00,88.00
50.36132812,76.00,89.00,70.00
50.71289062,82.00,92.00,75.00
50.97832108,66.00,76.00,71.00
51.32461166,62.00,82.00,67.00
51.58124924,71.00,78.00,51.00
51.78339767,68.00,62.00,60.00
52.01015854,66.00,59.00,58.00
52.15781403,51.00,69.00,43.00
52.25976181,63.00,67.00,54.00
52.48476410,60.00,65.00,52.00
52.60429764,58.00,50.00,51.00
52.81699371,57.00,60.00,49.00
52.99804687,54.00,57.00,46.00
53.24238586,52.00,41.00,44.00
53.47793198,51.00,52.00,42.00
53.78554916,49.00,49.00,40.00
54.06679535,46.00,33.00,23.00
54.38320541,32.00,43.00,35.00
54.68906021,30.00,42.00,33.00
55.01953125,28.00,27.00,32.00
55.36933517,40.00,25.00,30.00
55.72265625,39.00,24.00,29.00
56.07070541,26.00,35.00,29.00
56.42578125,39.00,36.00,28.00
56.77734375,25.00,36.00,28.00
57.12714767,26.00,36.00,29.00
57.38027191,26.00,37.00,30.00
57.65800858,41.00,38.00,30.00
57.85136414,40.00,26.00,17.00
58.03066635,28.00,40.00,31.00
58.18359375,29.00,27.00,32.00
58.32949066,30.00,41.00,19.00
58.51054382,31.00,29.00,34.00
58.62480545,44.00,43.00,35.00
58.83926010,45.00,45.00,35.00
59.00976944,47.00,46.00,37.00
59.29101181,36.00,49.00,39.00
59.57753754,38.00,39.00,41.00
59.79902267,53.00,54.00,43.00
60.11191559,56.00,57.00,33.00
60.39140701,46.00,49.00,49.00
60.73242187,50.00,54.00,53.00
61.06640625,55.00,72.00,58.00
61.43203354,72.00,65.00,49.00
61.72207260,64.00,71.00,67.00
62.05078125,81.00,89.00,59.00
62.44804764,86.00,85.00,77.00
62.75390625,92.00,104.00,83.00
63.10546875,97.00,111.00,77.00
63.36914062,91.00,118.00,94.00
63.64159775,107.00,122.00,99.00
63.87715149,112.00,117.00,103.00
63.99668121,103.00,132.00,95.00
64.16542816,117.00,126.00,99.00
64.36933899,109.00,140.00,101.00
64.50117493,112.00,144.00,116.00
64.63828278,126.00,138.00,120.00
64.88085938,130.00,154.00,123.00
65.04433441,124.00,149.00,128.00
65.25702667,130.00,157.00,134.00
65.56113434,137.00,166.00,131.00
65.82480621,144.00,173.00,147.00
66.11660004,161.00,185.00,146.00
66.44707489,170.00,195.00,165.00
66.76699066,179.00,214.00,174.00
67.06054688,189.00,226.00,184.00
67.42265320,191.00,239.00,194.00
67.76367188,199.00,245.00,195.00
68.11523438,219.00,266.00,215.00
68.46679688,221.00,279.00,226.00
68.81835938,240.00,286.00,237.00
69.16640472,243.00,300.00,248.00
69.43359375,260.00,312.00,257.00
69.65155792,267.00,328.00,265.00
69.86250305,274.00,332.00,266.00
70.05586243,279.00,339.00,279.00
70.16835785,284.00,345.00,277.00
70.31426239,290.00,352.00,290.00
70.43027496,293.00,362.00,293.00
70.64648438,294.00,370.00,300.00
70.81874847,308.00,375.00,302.00
71.02793121,315.00,389.00,316.00
71.30566406,320.00,398.00,326.00
71.53945160,330.00,414.00,331.00
71.86991882,342.00,429.00,348.00
72.12480164,358.00,442.00,361.00
72.47812653,367.00,459.00,370.00
72.77167511,384.00,476.00,385.00
73.12500000,399.00,497.00,400.00
73.46601868,411.00,515.00,416.00
73.82812500,429.00,535.00,435.00
74.17792511,444.00,555.00,452.00
74.53125000,460.00,575.00,466.00
74.86875153,474.00,593.00,482.00
75.14648438,490.00,612.00,497.00
75.41719055,502.00,630.00,512.00
75.67382813,513.00,643.00,523.00
75.91113281,525.00,657.00,535.00
76.02715302,529.00,662.00,540.00
76.17832184,537.00,672.00,547.00
76.36289215,544.00,683.00,556.00
76.44902039,550.00,689.00,561.00
76.65644836,560.00,703.00,572.00
76.83573914,569.00,715.00,582.00
77.01679993,579.00,728.00,592.00
77.36660004,594.00,746.00,608.00
77.60214996,607.00,762.00,621.00
77.90976715,623.00,785.00,639.00
78.14179993,637.00,801.00,652.00
78.48632813,654.00,824.00,672.00
78.83789063,674.00,848.00,691.00
79.16308594,691.00,870.00,709.00
79.49707031,711.00,895.00,729.00
79.85742188,729.00,920.00,749.00
80.16152191,750.00,945.00,770.00
80.51308441,768.00,969.00,790.00
80.82597351,785.00,991.00,808.00
81.13183594,802.00,1013.00,825.00
81.41835785,817.00,1032.00,842.00
81.64511871,830.00,1048.00,855.00
81.82617188,841.00,1062.00,867.00
82.02128601,851.00,1074.00,877.00
82.10742188,859.00,1086.00,885.00
82.30253601,869.00,1098.00,897.00
82.46952820,878.00,1109.00,906.00
82.62422180,888.00,1124.00,916.00
82.82637024,902.00,1142.00,930.00
83.14276886,917.00,1160.00,945.00
83.34843445,931.00,1179.00,961.00
83.62792969,948.00,1198.00,976.00
83.87754059,966.00,1225.00,999.00
84.21504211,987.00,1250.00,1019.00
84.52265930,1008.00,1276.00,1040.00
84.87597656,1029.00,1304.00,1063.00
85.20644379,1052.00,1334.00,1087.00
85.59667969,1074.00,1362.00,1111.00
85.89023590,1097.00,1392.00,1135.00
86.26816559,1120.00,1421.00,1160.00
86.57402802,1142.00,1451.00,1183.00
86.92382813,1165.00,1479.00,1206.00
87.20156097,1184.00,1504.00,1226.00
87.52851868,1202.00,1527.00,1245.00
87.71484375,1216.00,1545.00,1260.00
87.97675323,1231.00,1565.00,1276.00
88.09101868,1239.00,1575.00,1284.00
88.20878601,1249.00,1588.00,1294.00
88.37050629,1261.00,1601.00,1307.00
88.50585938,1269.00,1612.00,1316.00
88.71504211,1281.00,1630.00,1329.00
88.91542816,1295.00,1648.00,1344.00
89.13339996,1311.00,1667.00,1361.00
89.42343903,1332.00,1694.00,1383.00
89.64843750,1348.00,1714.00,1399.00
90.00000000,1371.00,1746.00,1423.00
90.28124237,1391.00,1770.00,1444.00
90.60292816,1414.00,1800.00,1470.00
90.95449066,1439.00,1833.00,1495.00
91.29726410,1463.00,1862.00,1519.00
91.59082031,1490.00,1894.00,1546.00
91.93535614,1513.00,1926.00,1573.00
92.29746246,1537.00,1960.00,1599.00
92.63671875,1563.00,1992.00,1624.00
92.98828125,1585.00,2020.00,1646.00
93.25195313,1607.00,2047.00,1670.00
93.52969360,1626.00,2072.00,1689.00
93.76347351,1641.00,2091.00,1705.00
93.92870331,1654.00,2108.00,1719.00
94.09043121,1666.00,2123.00,1731.00
94.21875000,1675.00,2135.00,1742.00
94.39453125,1689.00,2154.00,1756.00
94.53515625,1700.00,2166.00,1769.00
94.76718903,1716.00,2187.00,1784.00
94.98691559,1731.00,2207.00,1802.00
95.19433594,1749.00,2229.00,1821.00
95.47031403,1767.00,2252.00,1838.00
95.71289063,1787.00,2281.00,1860.00
96.09785461,1812.00,2311.00,1885.00
96.36855316,1837.00,2342.00,1911.00
96.69725800,1860.00,2373.00,1937.00
97.01718140,1885.00,2407.00,1962.00
97.38281250,1912.00,2439.00,1990.00
97.72383118,1938.00,2474.00,2019.00
98.08242035,1964.00,2508.00,2046.00
98.40937805,1990.00,2543.00,2073.00
98.77851868,2015.00,2575.00,2100.00
99.06152344,2042.00,2608.00,2127.00
99.39901733,2062.00,2635.00,2149.00
99.64159393,2083.00,2661.00,2170.00
99.84375000,2099.00,2682.00,2186.00
100.01953125,2112.00,2697.00,2199.00
100.19355011,2123.00,2713.00,2212.00
100.33066559,2134.00,2726.00,2225.00
100.50644684,2144.00,2742.00,2237.00
100.66640472,2158.00,2759.00,2251.00
100.82987976,2172.00,2778.00,2264.00
101.00917816,2185.00,2793.00,2277.00
101.25000000,2205.00,2817.00,2298.00
101.59628296,2228.00,2849.00,2322.00
101.85116577,2247.00,2874.00,2342.00
102.13242340,2272.00,2902.00,2367.00
102.43300629,2295.00,2935.00,2392.00
102.75292969,2318.00,2966.00,2420.00
103.09570313,2346.00,3000.00,2446.00
103.44726563,2372.00,3033.00,2473.00
103.79882813,2400.00,3069.00,2503.00
104.15039063,2425.00,3100.00,2530.00
104.50195313,2450.00,3135.00,2557.00
104.85351563,2477.00,3168.00,2583.00
105.11718750,2499.00,3198.00,2608.00
105.41952515,2519.00,3224.00,2629.00
105.64453125,2537.00,3247.00,2648.00
105.89063263,2556.00,3269.00,2665.00
106.05410767,2566.00,3284.00,2676.00
106.23339081,2580.00,3302.00,2691.00
106.33711243,2589.00,3313.00,2702.00
106.55155945,2605.00,3334.00,2718.00
106.70976257,2616.00,3346.00,2730.00
106.89785004,2633.00,3369.00,2745.00
107.15624237,2648.00,3387.00,2762.00
107.40410614,2667.00,3412.00,2782.00
107.61504364,2684.00,3434.00,2802.00
107.90507507,2706.00,3461.00,2823.00
108.20038605,2729.00,3493.00,2848.00
108.59941101,2757.00,3528.00,2877.00
108.90176392,2780.00,3558.00,2902.00
109.26035309,2807.00,3595.00,2932.00
109.59960938,2833.00,3626.00,2956.00
109.95117188,2861.00,3659.00,2986.00
110.30273438,2883.00,3692.00,3010.00
110.65429688,2909.00,3723.00,3037.00
111.00585938,2933.00,3756.00,3063.00
111.28007507,2956.00,3783.00,3086.00
111.61581421,2977.00,3811.00,3107.00
111.81972504,2993.00,3830.00,3123.00
112.05000305,3008.00,3850.00,3140.00
112.18183899,3017.00,3862.00,3152.00
112.34004211,3028.00,3875.00,3162.00
112.51582336,3042.00,3894.00,3175.00
112.63007355,3049.00,3903.00,3184.00
112.84980011,3064.00,3923.00,3198.00
113.06426239,3076.00,3939.00,3213.00
113.20488739,3091.00,3958.00,3226.00
113.50195313,3110.00,3981.00,3245.00
113.76738739,3126.00,4003.00,3265.00
114.04511261,3148.00,4031.00,3287.00
114.39316559,3171.00,4059.00,3309.00
114.72890472,3193.00,4088.00,3333.00
115.03125763,3216.00,4117.00,3360.00
115.40039063,3242.00,4150.00,3386.00
115.72031403,3264.00,4178.00,3407.00
116.10175323,3290.00,4210.00,3434.00
116.44453430,3312.00,4239.00,3459.00
116.80664063,3334.00,4271.00,3483.00
117.11249542,3358.00,4299.00,3505.00
117.42187500,3377.00,4322.00,3527.00
117.70137024,3395.00,4348.00,3545.00
117.94921875,3411.00,4367.00,3562.00
118.16191864,3424.00,4383.00,3575.00
118.32890320,3432.00,4392.00,3585.00