306.64862061,2838,4323,3910
306.29882813,2826,4306,3897
306.64688110,2837,4321,3911
307.07315063,2850,4343,3930
307.44140625,2862,4361,3948
307.93185425,2876,4382,3967
308.38885498,2890,4404,3986
308.84942627,2902,4425,4003
309.28710938,2915,4443,4020
309.63867188,2924,4457,4034
309.98318481,2932,4471,4045
310.17041016,2939,4479,4055
310.34442139,2943,4485,4060
310.61688232,2949,4495,4068
310.78125000,2953,4502,4072
311.05371094,2959,4513,4085
311.31387329,2967,4524,4093
311.68212891,2975,4537,4103
312.09960938,2983,4549,4117
312.52236938,2992,4565,4131
312.95742798,3002,4579,4144
313.41796875,3012,4597,4158
313.86093140,3021,4608,4172
314.38388062,3031,4625,4182
314.82421875,3039,4638,4193
315.26367188,3046,4649,4206
315.62402344,3051,4659,4214
315.96942139,3057,4666,4217
316.23046875,3061,4672,4222
316.39132690,3064,4678,4221
316.54336548,3067,4684,4218
316.76132202,3070,4686,4218
317.02148438,3073,4690,4231
317.29132080,3077,4699,4239
317.72460938,3083,4705,4246
318.07617188,3086,4713,4254
318.43124390,3092,4722,4259
318.88653564,3095,4727,4265
319.39364624,3099,4734,4273
319.83486938,3104,4743,4277
320.27343750,3105,4748,4282
320.78936768,3111,4755,4290
321.15322876,3113,4760,4296
321.50479126,3115,4762,4300
321.85018921,3118,4764,4302
322.03125000,3118,4766,4305
322.29492188,3120,4765,4307
322.47247314,3119,4768,4310
322.66229248,3120,4770,4312
322.94091797,3122,4772,4313
323.26260376,3121,4773,4316
323.61328125,3122,4775,4316
323.96484375,3123,4775,4316
324.40429688,3124,4777,4318
324.84375000,3122,4773,4318
325.28759766,3123,4775,4317
325.79647827,3121,4773,4317
326.25000000,3120,4773,4315
326.69384766,3120,4771,4312
327.13067627,3116,4768,4308
327.48135376,3116,4765,4304
327.83026123,3113,4762,4303
328.09570313,3112,4758,4300
328.27148438,3110,4758,4298
328.48944092,3109,4756,4294
328.71182251,3105,4755,4294
328.97460938,3106,4750,4290
329.23828125,3102,4747,4286
329.58984375,3099,4742,4282
329.94491577,3095,4736,4278
330.38085938,3092,4731,4272
330.82119751,3085,4720,4263
331.34765625,3080,4711,4255
331.78710938,3074,4701,4247
332.22744751,3068,4693,4239
332.70468140,3061,4681,4230
333.18630981,3054,4670,4218
333.54492188,3047,4661,4213
333.81036377,3043,4652,4205
334.16015625,3034,4646,4195
334.33856201,3032,4639,4191
334.51171875,3029,4634,4188
334.76571655,3025,4629,4181
334.95205688,3020,4623,4177
335.29132080,3014,4610,4167
335.57345581,3009,4601,4159
335.91708374,3001,4593,4149
336.35742188,2991,4578,4138
336.79687500,2981,4564,4125
337.27499390,2972,4547,4109
337.76190186,2959,4528,4096
338.20312500,2948,4512,4079
338.65225220,2935,4494,4065
339.10662842,2925,4477,4048
339.52148438,2913,4460,4034
339.87304688,2905,4444,4019
340.13671875,2898,4432,4009
340.32919312,2892,4423,4001
340.57440186,2885,4414,3992
340.67636108,2881,4409,3986
341.01473999,2873,4395,3977
341.23358154,2865,4384,3967
341.54296875,2857,4368,3953
341.89892578,2844,4354,3939
342.33398438,2831,4334,3923
342.75674438,2819,4314,3906
343.21377563,2803,4290,3885
343.67694092,2788,4266,3863
344.17352295,2771,4240,3842
344.61914063,2755,4217,3820
345.05859375,2738,4190,3797
345.49804688,2725,4167,3775
345.79510498,2713,4150,3759
346.11328125,2703,4131,3744
346.28906250,2696,4122,3735
346.46835327,2688,4111,3727
346.72763062,2679,4099,3715
346.91046143,2672,4087,3704
347.19082642,2661,4072,3690
347.51953125,2650,4052,3671
347.87109375,2636,4033,3653
348.22616577,2620,4007,3635
348.67178345,2603,3980,3609
349.10333252,2585,3954,3585
349.62890625,2565,3921,3559
350.06835938,2544,3890,3530
350.57461548,2525,3862,3504
351.01406860,2506,3830,3477
351.41131592,2487,3801,3450
351.80419922,2472,3778,3430
352.08105469,2459,3759,3411
352.26562500,2452,3745,3401
352.47305298,2441,3730,3388
352.61895752,2434,3719,3376
352.88436890,2424,3702,3362
353.14541626,2411,3685,3347
353.49258423,2398,3662,3329
353.77294922,2382,3638,3308
354.20800781,2363,3608,3282
354.63867188,2345,3580,3255
355.07989502,2323,3545,3224
355.60546875,2300,3513,3193
356.04492188,2277,3478,3162
356.48437500,2257,3443,3131
356.92382813,2233,3407,3101
357.36328125,2212,3375,3070
357.73858643,2193,3346,3044
358.06112671,2181,3327,3024
358.24307251,2169,3309,3009
358.42501831,2160,3293,2997
358.68164063,2149,3278,2982
358.85742188,2138,3262,2969
359.12109375,2125,3242,2949
359.38739014,2111,3220,2930
359.81103516,2093,3191,2904
0.17666015,2072,3158,2875
0.61435544,2052,3128,2847
1.05468750,2028,3094,2816
1.49414062,2005,3057,2782
1.93359375,1980,3019,2748
2.44863296,1957,2983,2715
2.89951181,1933,2945,2682
3.25283194,1911,2913,2651
3.62988281,1893,2882,2627
3.94365215,1878,2860,2605
4.21875000,1864,2837,2584
4.39541006,1853,2821,2569
4.57470703,1840,2804,2554
4.83486319,1828,2787,2539
5.09765625,1816,2766,2517
5.36132813,1800,2741,2497
5.71289063,1780,2714,2472
6.09785128,1761,2682,2443
6.50654268,1738,2650,2412
6.94511700,1714,2614,2379
7.39160156,1688,2574,2343
7.91015625,1664,2534,2309
8.36894512,1638,2495,2272
8.85498047,1613,2457,2237
9.31640625,1589,2419,2203
9.66796875,1568,2389,2175
9.94746113,1551,2364,2152
10.28320313,1535,2339,2130
10.45898438,1527,2325,2119
10.63476563,1516,2310,2104
10.81142616,1506,2294,2088
11.07421875,1491,2272,2068
11.33964920,1476,2247,2047
11.77734375,1456,2218,2020
12.04980564,1436,2188,1994
12.48046875,1416,2155,1964
12.91992188,1393,2120,1933
13.37080097,1367,2080,1896
13.80849648,1342,2043,1862
14.30859375,1318,2006,1828
14.76738358,1292,1967,1793
15.20507813,1269,1930,1758
15.58300781,1249,1900,1732
15.95742130,1230,1871,1707
16.25888634,1214,1846,1683
16.42148399,1206,1834,1673
16.61220741,1196,1819,1660
16.78710938,1185,1803,1644
17.05166054,1173,1783,1626
17.31445313,1160,1763,1609
17.67831993,1139,1732,1579
18.01757813,1123,1707,1557
18.37265587,1103,1676,1527
18.81826210,1080,1640,1495
19.30078125,1056,1604,1463
19.77539063,1032,1568,1431
20.21484375,1009,1531,1397
20.65429688,986,1497,1366
21.09375000,965,1464,1335
21.46552658,946,1436,1311
21.79951096,929,1409,1287
22.13173866,916,1390,1267
22.32421875,906,1374,1254
22.50439262,896,1359,1241
22.68457031,886,1344,1226
22.93945313,875,1325,1210
23.20312500,861,1304,1191
23.55468750,846,1281,1169
23.90449333,830,1257,1147
24.28857422,810,1225,1118
24.72539139,790,1195,1092
25.22460938,767,1161,1060
25.66406250,746,1129,1031
26.10351563,725,1096,1002
26.54384804,705,1065,972
27.01142502,686,1035,945
27.38935661,669,1010,922
27.73124886,654,986,901
28.00459099,642,969,885
28.21464729,632,953,871
28.47128868,624,940,859
28.65234375,613,926,846
28.89316368,605,911,832
29.17968750,592,893,816
29.53037071,578,870,796
29.79843903,566,851,777
30.23701096,548,825,753
30.67382813,531,799,731
31.11328125,513,771,705
31.55537033,495,743,679
32.08007812,476,715,653
32.51953125,459,688,629
32.95898437,442,662,605
33.39843750,427,639,584
33.75000000,413,619,566
34.09540939,403,604,552
34.19208908,397,594,543
34.44873047,390,583,533
34.62978745,384,573,524
34.81962967,376,560,513
35.15449142,366,547,500
35.42080307,356,532,485
35.78993988,344,513,468
36.21093750,330,492,449
36.65039062,317,471,431
37.08984375,304,451,411
37.52929687,290,428,389
37.96875000,275,408,372
38.47412109,262,387,354
38.93466568,249,367,331
39.28799057,238,347,319
39.72568130,228,330,300
39.99023437,220,323,294
40.17128754,215,316,288
40.34179687,211,308,275
40.52021408,206,296,274
40.78300858,199,292,266
41.04668045,193,282,257
41.39296722,186,271,241
41.74804687,177,257,234
42.10224533,168,237,221
42.55751801,158,228,200
42.97851562,149,214,194
43.41884995,139,200,173
43.94004059,130,178,159
44.38476562,121,172,156
44.82421875,114,160,144
45.26367187,105,148,134
45.61523437,100,139,115
45.96152496,95,131,118
46.14433670,92,126,104
46.31835937,89,122,110
46.49589920,86,118,106
46.75781250,82,113,91
47.02060318,79,107,85
47.28955078,75,101,91
47.71494293,70,93,73
48.07617187,65,76,77
48.42773437,60,79,71
48.94189072,55,72,64
49.34091949,52,64,57
49.83398437,47,58,51
50.27343750,43,53,46
50.71377182,40,47,41
51.15058517,37,31,38
51.50390625,36,28,34
51.76757812,34,38,32
52.03125000,33,24,18
52.20703125,32,22,17
52.46543121,31,22,16
52.64736557,30,32,27
52.91542816,29,31,26
53.26171875,28,30,25
53.52714920,28,29,11
53.96572495,28,28,23
54.35771179,28,28,23
54.84375000,27,15,23
55.27441788,28,29,23
55.72705078,29,30,24
56.16210937,30,33,15
56.68330002,32,35,16
57.12890625,34,26,20
57.48046875,37,42,35
57.80302429,39,44,37
58.06933594,40,47,27
58.26972580,41,37,29
58.44726562,43,51,44
58.62304687,44,53,46
58.88847733,46,45,48
59.15039062,49,48,52
59.59072495,53,66,57
59.88603592,56,60,62
60.29296875,61,77,67
60.73330307,65,86,74
61.17187500,71,83,72
61.63066101,77,93,91
62.12548447,84,113,89
62.58163834,91,123,110
63.01757812,98,125,119
63.41484451,104,143,129
63.72246170,109,152,126
63.98525620,114,150,142
64.16719055,117,163,137
64.42382813,122,163,153
64.59960938,125,167,148
64.86240387,129,182,154
65.12695313,135,181,171
65.49169922,143,203,173
65.83007813,150,206,191
66.19130707,157,225,203
66.67910004,168,240,217
67.14843750,179,250,232
67.58789063,190,273,241
68.05810547,201,290,263
68.54765320,213,304,279
68.97393036,225,321,296
69.34570313,235,341,310
69.69638824,244,351,318
69.96357727,251,363,333
70.13671875,256,373,339
70.31513977,262,382,344
70.48828125,267,388,350
70.75195313,274,398,364
71.01650238,282,413,376
71.45243835,295,432,390
71.75038910,304,445,406
72.15996552,317,465,424
72.61962891,331,488,444
73.03710938,345,508,462
73.48447418,360,531,485
73.99247742,377,556,507
74.44599915,394,581,530
74.88281250,408,604,550
75.30293274,423,626,571
75.67118835,434,644,588
75.93750000,447,662,604
76.11328125,453,671,613
76.29697418,460,681,622
76.47275543,467,692,631
76.73378754,477,707,646
76.99218750,486,721,659
77.35253906,501,743,679
77.69618988,513,762,697
78.13652802,529,788,720
78.56894684,546,814,745
78.99784851,564,841,769
79.45312500,584,870,796
79.89257813,604,899,823
80.33290863,623,927,848
80.77148438,641,956,875
81.21093750,658,982,897
81.55898285,673,1003,919
81.79189301,684,1019,932
82.00195313,694,1034,947
82.18037415,702,1047,959
82.43964386,713,1063,975
82.61894989,723,1079,988
82.96875000,736,1099,1007
83.23242188,752,1122,1028
83.58574677,767,1145,1049
84.04101563,787,1176,1079
84.46289063,806,1207,1107
84.98583984,829,1239,1136
85.38310242,850,1271,1165
85.86914063,873,1305,1197
86.30859375,896,1340,1228
86.80517578,917,1373,1258
87.18750000,937,1403,1286
87.53906250,954,1430,1311
87.88798523,970,1452,1331
88.06816864,978,1466,1345
88.24306488,988,1481,1358
88.41796875,998,1495,1370
88.68428040,1011,1514,1389
88.93300629,1022,1533,1406
89.29511261,1039,1557,1428
89.64140320,1058,1586,1455
90.01406860,1079,1616,1482
90.49570465,1102,1651,1515
90.87890625,1123,1685,1546
91.31835938,1146,1719,1579
91.84394073,1172,1756,1612
92.28515625,1196,1793,1646
92.72460938,1219,1828,1680
93.16406250,1240,1860,1708
93.51562500,1257,1888,1733
93.77929688,1274,1911,1754
93.96210480,1285,1929,1770
94.21962738,1296,1945,1785
94.44726563,1310,1965,1804
94.65908051,1320,1982,1818
95.00888824,1338,2008,1844
95.27431488,1355,2032,1864
95.62500000,1372,2061,1891
96.06181335,1394,2094,1920
96.44853210,1417,2126,1952
96.86249542,1439,2161,1984
97.31777191,1465,2200,2020
97.81874847,1489,2239,2055
98.26171875,1515,2274,2090
98.70381165,1540,2312,2125
99.14062500,1563,2348,2155
99.49570465,1583,2379,2182
99.84375000,1599,2403,2205
100.02040863,1610,2420,2221
100.26035309,1621,2437,2237
100.46250153,1631,2451,2251
100.65761566,1645,2472,2269
100.97930145,1659,2494,2290
101.25000000,1675,2517,2309
101.60332489,1695,2548,2339
102.04101563,1717,2581,2369
102.40224457,1739,2613,2400
102.83643341,1762,2648,2433
103.28379059,1786,2685,2464
103.79795074,1812,2724,2500
104.24794769,1836,2761,2534
104.68476105,1859,2796,2568
105.11718750,1881,2829,2597
105.49774933,1901,2858,2624
105.81416321,1917,2884,2649
106.01542664,1929,2900,2664
106.25712585,1938,2915,2677
106.43554688,1951,2934,2695
106.69921875,1964,2952,2712
106.96289063,1978,2974,2731
107.31445313,1996,3000,2756
107.57988739,2012,3025,2777
108.01845551,2033,3057,2807
108.45703125,2055,3091,2839
108.89648438,2077,3126,2870
109.33593750,2103,3162,2904
109.86328125,2126,3198,2936
110.30273438,2150,3233,2969
110.75009155,2175,3267,3002
111.18164063,2194,3302,3031
111.62109375,2214,3329,3057
111.88652802,2228,3351,3078
112.15019989,2240,3372,3096
112.32509613,2250,3383,3107
112.51757050,2259,3400,3120
112.76367188,2270,3414,3135
113.02734375,2282,3434,3153
113.30068207,2297,3457,3172
113.65927124,2315,3480,3195
114.00820923,2332,3509,3222
114.43711090,2352,3538,3249
114.96006012,2373,3569,3278
115.40039063,2395,3603,3309
115.83984375,2416,3634,3337
116.28017426,2437,3666,3368
116.80664063,2459,3698,3396
117.25137329,2479,3729,3423
117.64688110,2495,3752,3446
117.95098114,2508,3773,3466
118.21289063,2519,3790,3481
118.38954926,2530,3803,3493
118.65234375,2538,3816,3505
118.82548523,2545,3828,3517
119.06103516,2556,3843,3529
119.34228516,2569,3862,3547
119.79051971,2584,3887,3570
120.08671570,2600,3908,3590
120.49804688,2615,3932,3610
120.93750000,2633,3958,3636
121.37695313,2651,3985,3661
121.81640625,2669,4011,3687
122.34375000,2688,4040,3711
122.78408051,2705,4066,3736
123.22265625,2721,4093,3759
123.66210938,2737,4113,3778
124.00926971,2748,4132,3795
124.27558136,2757,4143,3807
124.45312500,2764,4156,3818
124.71064758,2772,4167,3828
124.82753754,2778,4178,3836
125.07012177,2787,4191,3847
125.38564301,2796,4204,3861
125.77412415,2809,4223,3880
126.12304688,2822,4239,3894
126.47724915,2834,4259,3912
126.91493988,2848,4280,3934
127.40448761,2863,4301,3952
127.88085938,2876,4321,3971
128.32031250,2890,4344,3992
128.75976563,2903,4363,4010
129.19921875,2917,4381,4028
129.63867188,2928,4398,4043
129.98847961,2937,4413,4054
130.25743103,2943,4424,4065
130.43583679,2949,4429,4070
130.68457031,2954,4439,4077
130.87089539,2958,4444,4085
131.13281250,2965,4455,4090
131.39120483,2972,4462,4102
131.75068665,2982,4478,4115
132.09960938,2990,4490,4123
132.49511719,2999,4503,4138
132.97851563,3009,4517,4149
133.41796875,3019,4535,4167
133.85742188,3028,4545,4178
134.29687500,3039,4561,4191
134.82421875,3045,4574,4205
135.26367188,3053,4587,4213
135.61523438,3061,4597,4223
135.99755859,3068,4609,4231
136.31835938,3071,4613,4237
136.49678040,3075,4620,4243
136.67080688,3078,4622,4246
136.84745789,3080,4627,4249
137.10937500,3084,4630,4253
137.37568665,3088,4637,4260
137.73251343,3093,4646,4268
138.07617188,3097,4654,4274
138.51651001,3102,4660,4281
138.95507813,3107,4668,4288
139.39628601,3112,4678,4295
139.83750916,3117,4683,4301
140.36132813,3120,4687,4306
140.80078125,3124,4697,4310
141.24023438,3127,4700,4314
141.67968750,3129,4702,4318
142.03125000,3133,4707,4322
142.29492188,3133,4709,4322
142.50410461,3137,4711,4324
142.73173523,3135,4710,4326
142.91015625,3137,4711,4326
143.17294312,3137,4714,4329
143.43750000,3138,4714,4330
143.78553772,3139,4714,4330
144.13973999,3139,4715,4331
144.54931641,3141,4716,4331
144.93164063,3139,4718,4330
145.37109375,3140,4716,4330
145.85624695,3141,4717,4329
146.33436584,3138,4713,4326
146.77734375,3137,4712,4324
147.23524475,3136,4709,4322
147.65625000,3134,4706,4320
148.00781250,3131,4703,4319
148.35937500,3129,4703,4315
148.53779602,3127,4696,4314
148.71357727,3128,4696,4310
148.97372437,3126,4694,4309
149.15303040,3122,4691,4304
149.41406250,3122,4689,4304
149.76562500,3118,4685,4300
150.11982727,3114,4678,4293
150.55311584,3110,4672,4290
150.98379517,3106,4663,4282
151.34941101,3099,4656,4275
151.78974915,3096,4649,4266
152.30566406,3089,4639,4258
152.75390625,3082,4628,4249
153.19424438,3075,4619,4240
153.63281250,3069,4607,4231
153.98437500,3063,4600,4225
154.33593750,3057,4591,4216
154.51347351,3053,4584,4211
154.77539063,3050,4581,4206
154.95117188,3046,4573,4201
155.21484375,3042,4567,4195
155.39414978,3036,4561,4187
155.74307251,3031,4551,4179
156.09375000,3024,4540,4170
156.53320313,3015,4526,4159
156.91201782,3007,4513,4145
157.34266663,2998,4500,4133
157.85067749,2985,4484,4118
158.29013062,2974,4467,4101
158.73046875,2964,4452,4087
159.16992188,2953,4432,4069
159.62431335,2942,4417,4054
159.96533203,2931,4401,4042
160.31250000,2923,4390,4029
160.57264709,2915,4381,4020
160.75370789,2910,4371,4013
160.93212891,2904,4363,4005
161.19140625,2898,4353,3996
161.46650696,2891,4341,3983
161.72314453,2883,4331,3973
162.10986328,2872,4315,3958
162.51152039,2858,4294,3942
162.88682556,2846,4276,3924
163.38691711,2835,4255,3905
163.81669617,2818,4235,3885
164.26669312,2803,4212,3863
164.70703125,2787,4187,3840
165.15000916,2772,4164,3818
165.58593750,2757,4140,3797
165.94979858,2742,4121,3781
166.30136108,2731,4103,3763
166.55273438,2722,4092,3751
166.73641968,2716,4077,3740
166.94384766,2709,4069,3731
167.16796875,2700,4055,3718
167.43164063,2690,4040,3705
167.72256470,2680,4027,3690
168.11894226,2665,4002,3671
168.48808289,2649,3981,3648
168.83964539,2635,3958,3628
169.28173828,2617,3931,3605
169.71679688,2597,3905,3580
170.23799133,2579,3875,3552
170.67568970,2560,3848,3526
171.12304688,2541,3816,3496
171.56250000,2523,3788,3470
171.92636108,2505,3764,3449
172.26562500,2492,3743,3430
172.53018188,2480,3725,3414
172.70683289,2471,3713,3402
172.95030212,2462,3699,3389
173.14453125,2453,3687,3378
173.40820313,2442,3668,3359
173.67012024,2430,3650,3343
174.03837585,2409,3622,3318
174.44003296,2394,3597,3295
174.81445313,2378,3571,3271
175.25390625,2355,3539,3241
175.69247437,2336,3508,3213
176.13281250,2314,3475,3184
176.57226563,2292,3444,3154
177.03897095,2270,3410,3121
177.48632813,2250,3376,3091
177.88887024,2229,3347,3065
178.24218750,2212,3323,3040
178.50585938,2199,3302,3023
178.68339539,2190,3289,3010
178.94531250,2177,3271,2994
179.07890320,2169,3257,2984
179.34872437,2157,3239,2965
179.64843750,2143,3217,2944
180.04042053,2123,3188,2916
180.35331726,2107,3162,2892
180.79101563,2085,3131,2865
181.21817017,2064,3098,2834
181.61456299,2039,3063,2802
182.10937500,2017,3027,2769
182.56816101,1991,2989,2736
183.03398132,1968,2952,2701
183.46640015,1944,2917,2669
183.90673828,1923,2885,2639
184.21875000,1905,2859,2614
184.56942749,1889,2834,2592
184.73468018,1879,2820,2580
184.92187500,1870,2803,2564
185.10118103,1859,2790,2552
185.36132813,1846,2770,2533
185.62588501,1830,2747,2513
186.06445313,1809,2715,2483
186.37471008,1793,2690,2461
186.76757813,1771,2657,2430
187.20614624,1747,2619,2396
187.64823914,1721,2584,2361
188.08593750,1697,2545,2327
188.57814026,1672,2508,2293
189.01759338,1646,2470,2259
189.49218750,1623,2433,2225
189.85780334,1601,2402,2196
190.19706726,1583,2373,2170
190.54423523,1567,2350,2147
190.72265625,1555,2331,2132
190.90019226,1546,2317,2119
191.10935974,1535,2301,2103
191.34492493,1521,2281,2086
191.60156250,1508,2262,2065
191.95312500,1490,2232,2042
192.30468750,1469,2203,2015
192.73974609,1447,2171,1984
193.18359375,1424,2134,1950
193.62304688,1398,2097,1917
194.06074524,1374,2061,1883
194.50195313,1350,2023,1848
194.95108032,1325,1986,1815
195.40811157,1302,1950,1783
195.82031250,1279,1918,1753
196.17187500,1261,1889,1725
196.50674438,1244,1863,1702
196.69921875,1233,1847,1688
196.87500000,1224,1832,1675
197.05078125,1213,1816,1659
197.31445313,1202,1798,1642
197.59042358,1187,1777,1623
197.92088318,1169,1751,1600
198.28125000,1151,1722,1574
198.65126038,1129,1691,1544
199.07226563,1108,1658,1515
199.51171875,1086,1623,1482
200.00215149,1061,1586,1448
200.47587585,1036,1551,1417
200.91796875,1015,1516,1384
201.35742188,991,1481,1352
201.79512024,971,1451,1325
202.13963318,952,1424,1301
202.41474915,939,1401,1280
202.58789063,928,1386,1265
202.77423096,918,1373,1252
203.02645874,909,1357,1240
203.23477173,897,1338,1222
203.55468750,884,1318,1205
203.87547302,869,1296,1184
204.21298218,851,1271,1160
204.60937500,832,1241,1134
205.04090881,812,1212,1106
205.48828125,789,1179,1075
205.92773438,768,1146,1045
206.36718750,747,1113,1016
206.89453125,726,1082,987
207.33222961,706,1051,959
207.71632385,687,1023,934
208.10391235,671,998,911
208.37637329,659,981,894
208.56620789,650,967,883
208.76837158,641,954,870
208.92393494,633,941,858
209.18672180,622,925,843
209.46180725,609,906,827
209.78436279,599,890,810
210.13243103,584,866,791
210.52001953,566,840,767
210.93925476,549,816,743
211.37695313,531,787,718
211.89726257,512,760,693
212.34375000,494,731,667
212.78320313,476,705,643
213.22265625,459,679,618
213.66210938,443,656,598
214.01367188,429,634,578
214.36523438,419,618,563
214.54277039,411,606,552
214.71768188,405,596,544
214.90487671,398,587,534
215.15449524,390,574,523
215.41903687,381,561,511
215.68623352,370,545,496
216.03955078,358,527,479
216.47549438,343,504,459
216.90438843,331,485,442
217.35351563,317,464,421
217.79208374,303,443,400
218.21836853,288,422,384
218.67187500,275,398,362
219.11132813,262,381,346
219.54989624,250,361,331
219.90145874,241,346,314
220.16601563,232,337,306
220.37693787,226,329,294
220.61074829,220,319,283
220.78213501,216,312,277
221.04844666,209,303,269
221.31034851,203,293,266
221.59687805,195,280,255
221.92382813,187,263,243
222.36328125,177,254,230
222.73065186,168,239,211
223.23866272,157,217,203
223.68164063,148,209,181
224.12109375,138,187,176
224.56054688,129,181,164
225.00000000,120,168,142
225.44561768,112,156,141
225.79190063,106,146,132
226.14346313,100,129,124
226.40449524,97,122,109
226.58203125,94,128,105
226.81317139,90,122,100
226.93623352,87,118,106
227.19990540,84,113,91
227.46269226,79,106,96
227.90039063,75,99,78
228.25195313,69,81,71
228.66326904,65,84,75
229.04913330,60,77,68
229.57031250,55,57,61
230.00976563,51,61,55
230.44921875,46,44,38
230.89131165,43,50,44
231.32812500,39,46,28
231.76493835,37,42,24
232.03300476,35,27,34
232.31250000,33,24,32
232.47070313,33,36,31
232.73348999,32,34,17
232.90663147,32,21,28
233.08769226,30,32,28
233.36630249,30,31,26
233.78553772,28,29,13
234.14062500,28,16,12
234.49394226,27,28,23
234.93164063,27,27,23
235.45898438,28,27,23
235.89843750,28,28,25
236.33789063,29,30,26
236.86523438,32,20,28
237.30468750,33,36,18
237.65625000,35,38,33
237.93397522,37,29,36
238.20909119,38,43,37
238.44726563,40,45,39
238.62304688,41,48,41
238.79971313,42,49,31
239.06250000,44,52,45
239.32617188,47,55,36
239.68125916,51,61,53
240.00379944,53,65,58
240.45645142,57,72,63
240.84403992,62,79,70
241.34765625,68,76,66
241.78710938,74,98,74
242.30303955,81,106,94
242.75390625,87,116,103
243.17491150,94,127,112
243.54492188,100,135,121
243.86483765,105,134,129
244.16104126,111,152,126
244.33329773,114,156,140
244.51260376,117,161,144
244.69013977,120,166,149
244.95117188,126,174,156
245.21572876,131,173,163
245.56640625,137,192,172
245.91885376,144,202,181
246.33808899,154,209,194
246.79598999,163,230,207
247.23721313,175,240,222
247.76367188,186,264,237
248.20312500,197,276,254
248.64257813,209,293,263
249.08203125,220,316,285
249.43359375,230,331,298
249.78515625,239,344,306
250.05058289,247,357,322
250.31250000,253,365,325
250.48828125,258,370,332
250.66406250,264,380,344
250.93037415,271,392,354
251.18437195,279,402,365
251.51571655,288,417,376
251.81980896,300,436,393
252.25312805,313,454,411
252.68554688,326,475,427
253.12675476,342,498,451
253.65234375,359,523,473
254.09619141,374,548,495
254.58836365,390,572,517
255.05859375,406,596,540
255.42071533,421,618,559
255.76171875,433,636,576
256.03945923,444,652,589
256.20379639,450,662,599
256.45867920,458,674,609
256.61514282,465,683,618
256.81729126,474,698,630
257.14511108,486,715,647
257.43515015,499,735,664
257.78320313,511,753,681
258.18838501,527,777,704
258.57684326,545,802,727
259.10418701,566,835,756
259.58407593,586,865,782
260.06658936,605,894,809
260.50781250,624,925,837
260.94815063,645,955,864
261.38760376,662,981,888
261.73828125,677,1004,908
262.00283813,691,1024,927
262.17773438,699,1034,938
262.35791016,707,1048,949
262.53018188,717,1060,961
262.79296875,726,1077,975
263.05752563,739,1096,993
263.40820313,753,1119,1014
263.75625610,771,1143,1036
264.19131470,790,1174,1063
264.55078125,809,1201,1088
264.99374390,830,1233,1118
265.51580811,854,1271,1151
266.00097656,877,1306,1183
266.48348999,900,1339,1214
266.91592407,923,1375,1244
267.30877686,943,1406,1274
267.66827393,962,1432,1298
267.89941406,975,1453,1316
268.15429688,987,1470,1331
268.33007813,994,1482,1342
268.51727295,1005,1500,1358
268.76953125,1017,1516,1373
269.03408813,1031,1538,1392
269.30566406,1047,1561,1413
269.71963501,1065,1588,1439
270.08789063,1085,1619,1467
270.50097656,1106,1651,1496
270.97119141,1132,1688,1529
271.48797607,1156,1728,1565
271.93359375,1182,1766,1601
272.37304688,1207,1803,1633
272.88983154,1231,1840,1668
273.28271484,1253,1875,1699
273.61492920,1273,1903,1723
273.95156860,1288,1926,1744
274.13085938,1300,1945,1762
274.30752563,1310,1961,1775
274.48504639,1321,1974,1788
274.74609375,1333,1993,1807
275.01239014,1348,2016,1827
275.28750610,1364,2041,1849
275.68740845,1383,2072,1875
276.06182861,1404,2103,1902
276.43093872,1425,2135,1933
276.90292358,1453,2173,1968
277.38281250,1477,2213,2004
277.91015625,1505,2256,2043
278.34960938,1530,2294,2077
278.79168701,1555,2331,2110
279.22851563,1578,2366,2143
279.58184814,1599,2396,2170
279.85693359,1614,2423,2193
280.11883545,1628,2442,2212
280.28497314,1637,2453,2221
280.53720093,1650,2474,2241
280.69979858,1659,2489,2253
280.98632813,1674,2509,2272
281.25000000,1689,2532,2293
281.60156250,1709,2563,2322
282.03924561,1731,2597,2351
282.37411499,1751,2628,2379
282.83203125,1775,2666,2412
283.35937500,1803,2708,2451
283.79882813,1829,2748,2486
284.23916626,1854,2786,2520
284.69003296,1878,2823,2554
285.19979858,1903,2858,2586
285.55313110,1921,2889,2614
285.89239502,1939,2916,2638
286.09979248,1954,2936,2657
286.26943970,1963,2951,2670
286.52960205,1975,2972,2688
286.69921875,1985,2985,2700
286.96200562,1997,3004,2718
287.22656250,2012,3026,2737
287.64404297,2034,3059,2768
287.92968750,2048,3082,2786
288.36297607,2069,3113,2818
288.80596924,2092,3149,2848
289.25067139,2119,3188,2883
289.76309204,2142,3225,2916
290.21484375,2166,3262,2948
290.65429688,2188,3298,2981
291.08758545,2209,3330,3010
291.44354248,2227,3356,3035
291.71075439,2241,3381,3055
292.00955200,2256,3401,3075
292.15722656,2265,3416,3086
292.41210938,2275,3433,3102
292.64590454,2286,3451,3117
292.85156250,2298,3467,3132
293.15213013,2313,3491,3154
293.48614502,2331,3517,3176
293.89569092,2347,3541,3199
294.27273560,2367,3574,3228
294.69815063,2387,3606,3254
295.22460938,2411,3641,3289
295.72381592,2433,3675,3320
296.19140625,2454,3707,3347
296.63085938,2474,3739,3376
297.07031250,2494,3768,3401
297.42187500,2508,3792,3423
297.77081299,2523,3813,3443
297.96063232,2536,3832,3459
298.21289063,2543,3845,3471
298.38867188,2553,3860,3483
298.65234375,2564,3877,3499
298.83163452,2573,3890,3511
299.16738892,2586,3909,3529
299.52774048,2599,3932,3549
299.87225342,2614,3954,3569
300.23614502,2631,3979,3592
300.74853516,2650,4008,3616
301.19854736,2668,4035,3642
301.64062500,2686,4066,3672
302.14862061,2706,4094,3696
302.60742188,2724,4120,3721
303.04687500,2739,4147,3744
303.45996094,2754,4169,3763
303.76406860,2766,4185,3780
304.10067749,2778,4204,3796
304.27734375,2785,4214,3805
304.45312500,2791,4222,3812
304.62979126,2797,4233,3824
304.89608765,2805,4247,3833
305.15625000,2813,4260,3846
305.47616577,2825,4278,3860
305.85937500,2837,4294,3878
306.27069092,2852,4317,3897
306.66357422,2866,4339,3917
307.17422485,2880,4361,3938
307.62423706,2894,4384,3959
308.12432861,2909,4404,3978
308.58398438,2922,4426,3998
309.02081299,2934,4445,4015
309.46026611,2946,4462,4030
309.79248047,2955,4481,4044
310.06143188,2962,4489,4053
310.25390625,2968,4496,4061
310.42968750,2972,4506,4067
310.62567139,2977,4513,4075
310.86914063,2983,4522,4082
311.13632202,2989,4532,4093
311.48437500,2998,4545,4103
311.83682251,3006,4556,4117
312.19277954,3015,4572,4129
312.65771484,3024,4586,4141
313.14639282,3035,4602,4156
313.59375000,3045,4618,4170
314.03320313,3052,4632,4183
314.56054688,3062,4645,4196
315.00000000,3070,4659,4210
315.43417358,3079,4670,4219
315.79101563,3084,4681,4227
316.05468750,3088,4684,4233
316.24365234,3091,4691,4238
316.40713501,3095,4695,4241
316.66992188,3098,4699,4246
316.84570313,3100,4704,4249
317.11288452,3104,4711,4255
317.42755127,3109,4716,4262
317.81250000,3113,4723,4268
318.25195313,3119,4732,4277
318.60440063,3122,4741,4282
319.05001831,3127,4746,4288
319.57031250,3132,4754,4296
320.00976563,3137,4761,4302
320.48175049,3138,4767,4305
320.89129639,3142,4772,4311
321.32812500,3145,4775,4316
321.60321045,3146,4779,4316
321.94335938,3146,4782,4319
322.11914063,3149,4785,4323
322.38281250,3149,4785,4321
322.55859375,3150,4787,4325
322.78887939,3151,4788,4326
323.08593750,3152,4789,4326
323.35049438,3152,4791,4328
323.70117188,3153,4790,4329
324.10195923,3152,4791,4331
324.49481201,3154,4792,4331
325.01776123,3154,4790,4331
325.46865845,3152,4791,4330
325.92041016,3151,4791,4328
326.39239502,3149,4787,4325
326.86611938,3148,4784,4324
327.25811768,3146,4781,4322
327.65536499,3143,4780,4320
327.91992188,3141,4778,4318
328.18359375,3140,4776,4315
328.36026001,3137,4770,4313
328.58615112,3137,4768,4312
328.79882813,3134,4767,4309
329.06250000,3132,4762,4306
329.41406250,3129,4759,4303
329.67861938,3127,4752,4299
330.08554077,3124,4747,4294
330.49511719,3118,4741,4288
330.99609375,3112,4733,4281
331.43994141,3107,4726,4272
331.96289063,3099,4713,4265
332.40234375,3093,4705,4256
332.85321045,3084,4694,4245
333.28213501,3078,4681,4234
333.70401001,3071,4673,4229
333.98086548,3067,4664,4222
334.24804688,3061,4657,4216
334.42382813,3057,4652,4211
334.62158203,3054,4647,4205
334.85449219,3051,4639,4199
335.05224609,3045,4633,4193
335.34140015,3041,4624,4186
335.74130249,3032,4614,4177
336.08935547,3026,4602,4165
336.45321655,3015,4589,4153
336.97265625,3005,4573,4138
337.41210938,2994,4555,4124
337.93240356,2983,4538,4111
338.36483765,2971,4523,4092
338.81835938,2960,4503,4077
339.25781250,2948,4487,4062
339.61026001,2938,4471,4047
339.96093750,2928,4459,4036
340.22723389,2920,4443,4023
340.41357422,2914,4438,4019
340.65878296,2909,4428,4009
340.77130127,2905,4419,4004
341.10351563,2895,4409,3991
341.32586670,2887,4396,3980
341.71697998,2878,4380,3969
342.06063843,2867,4364,3951
342.42626953,2854,4346,3934
342.86221313,2840,4323,3915
343.35440063,2824,4298,3894
343.82812500,2808,4274,3872
344.34841919,2791,4251,3849
344.79315186,2774,4223,3826
345.23175049,2759,4197,3805
345.58770752,2745,4179,3787
345.93661499,2733,4160,3769
346.23281860,2722,4143,3756
346.37432861,2717,4136,3748
346.55450439,2709,4123,3737
346.73818970,2702,4115,3728
346.99218750,2693,4097,3715
347.25848389,2682,4082,3699
347.60742188,2670,4063,3683
347.97479248,2655,4040,3663
348.39755249,2638,4014,3640
348.82733154,2621,3988,3615
349.30459595,2600,3959,3588
349.79589844,2580,3928,3561
350.24414063,2560,3898,3534
350.68359375,2540,3867,3505
351.20916748,2521,3836,3480
351.56250000,2504,3810,3455
351.89648438,2489,3787,3436
352.17773438,2477,3768,3417
352.35440063,2468,3755,3408
352.52929688,2459,3741,3394
352.70684814,2449,3729,3381
352.96875000,2439,3712,3368
353.24209595,2425,3690,3347
353.58398438,2412,3670,3328
353.93554688,2394,3645,3308
354.37500000,2375,3614,3279
354.80038452,2355,3583,3251
355.25390625,2332,3549,3221
355.69335938,2309,3515,3189
356.21807861,2286,3479,3158
356.66015625,2263,3443,3127
357.09960938,2242,3412,3096
357.49160767,2221,3381,3068
357.84667969,2204,3354,3044
358.09188843,2189,3330,3024
358.33007813,2178,3315,3010
358.50585938,2170,3303,2998
358.68164063,2161,3289,2985
358.94619751,2148,3268,2967
359.20898438,2135,3249,2948
359.54736328,2117,3221,2927
359.91122437,2101,3197,2903
0.26367188,2079,3167,2872
0.70400393,2058,3129,2842
1.16806638,2033,3094,2811
1.66728508,2009,3057,2776
2.10937500,1985,3020,2742
2.54882812,1961,2983,2709
3.04277325,1937,2946,2676
3.41982412,1916,2917,2649
3.71425772,1898,2889,2623
4.04296875,1883,2864,2601
4.29785156,1870,2845,2587
4.48242188,1861,2829,2570
4.66611338,1848,2811,2554
4.92187500,1837,2794,2537
5.18554688,1822,2771,2517
5.53710938,1806,2745,2494
5.81220675,1786,2719,2468
6.24023438,1766,2686,2439
6.67968750,1742,2650,2407
7.11914063,1717,2612,2372
7.61748028,1691,2571,2336
8.08593750,1664,2531,2301
8.52539063,1640,2494,2265
8.96572304,1614,2455,2231
9.40429688,1592,2419,2199
9.84199238,1571,2389,2171
10.10742188,1556,2364,2149
10.29287148,1543,2346,2132
10.52314472,1532,2331,2118
10.72265625,1521,2313,2102
10.90371037,1509,2295,2087
11.16210938,1496,2274,2065
11.44248104,1480,2251,2046
11.83447170,1460,2218,2016
12.21679688,1438,2186,1988
12.63427734,1416,2152,1957
13.09218788,1393,2117,1925
13.53515625,1367,2076,1889
13.98076248,1342,2038,1855
14.47998047,1317,2001,1821
14.94052792,1292,1962,1785
15.38085938,1269,1928,1754
15.73242188,1250,1897,1726
16.08310509,1232,1873,1703
16.31777382,1219,1850,1683
16.48916054,1211,1838,1672
16.69921875,1199,1821,1656
16.87324142,1188,1805,1643
17.13867188,1175,1784,1625
17.40234375,1162,1762,1603
17.75830078,1141,1731,1576
18.13974571,1122,1701,1549
18.54404259,1102,1672,1521
18.98437500,1079,1637,1489
19.42382813,1054,1600,1455
19.92656326,1030,1563,1423
20.39062500,1007,1526,1389
20.83007813,984,1492,1358
21.25722694,963,1461,1330
21.62109375,946,1434,1305
21.88476563,931,1410,1283
22.14931679,918,1391,1266
22.34179688,907,1375,1252
22.58789063,897,1361,1239
22.76367188,887,1345,1224
23.00976372,877,1328,1210
23.29453278,863,1305,1188
23.64257813,847,1281,1165
23.99589729,829,1254,1141
24.43359375,810,1224,1115
24.87304688,788,1192,1085
25.39775467,765,1159,1054
25.83984375,744,1125,1023
26.27314377,723,1092,995
26.71875000,702,1061,966
27.15820313,684,1032,940
27.50976563,667,1007,917
27.85693550,654,986,899
28.12236404,642,968,881
28.30166054,633,954,868
28.55654335,624,941,857
28.74023438,614,926,842
29.00390625,605,912,830
29.26757813,593,893,813
29.61650467,578,871,793
29.97070313,563,847,772
30.41015625,546,820,748
30.84433556,528,795,724
31.28906250,510,766,698
31.72851563,491,739,673
32.25497818,474,711,648
32.69531250,456,684,623
33.13476562,439,659,600
33.53379059,425,638,579
33.83789062,413,619,563
34.18945312,402,602,548
34.32920074,396,593,540
34.53837967,390,583,531
34.71679687,382,571,521
34.92773437,375,560,510
35.21074295,366,546,498
35.58164215,353,528,481
35.89540863,344,511,465
36.30146408,329,491,445
36.74267578,315,468,426
37.22695160,301,446,407
37.66728592,287,426,387
38.14453125,273,404,368
38.58398437,259,383,348
39.02959061,247,365,327
39.46289062,235,347,316
39.79511642,227,333,298
40.07812500,219,321,292
40.25390625,215,310,280
40.42968750,209,303,273
40.60722733,205,301,267
40.91748047,198,285,264
41.13281250,192,281,255
41.50898361,184,261,243
41.83593750,175,256,232
42.27450943,166,235,218
42.70517731,157,227,206
43.15429687,147,211,191
43.59286880,137,198,178
44.03320312,128,183,165
44.55878830,119,169,153
44.99296951,111,158,141
45.35156250,104,146,122
45.75585556,99,137,114
46.05468750,94,120,106
46.22168350,91,126,104
46.40625000,89,122,110
46.58203125,85,107,105
46.84130859,81,112,100
47.10849380,79,107,96
47.37480545,74,100,78
47.81161880,69,93,82
48.16494370,64,85,76
48.60351562,59,77,68
49.04296875,55,70,61
49.48242187,50,64,43
49.94296646,46,57,49
50.44482422,42,51,32
50.88867187,39,47,40
51.24287415,37,30,36
51.59355545,35,40,34
51.86250305,34,37,32
52.11914062,33,36,30
52.29492187,31,35,17
52.49091721,31,21,15
52.73525620,30,32,27
53.00683212,29,19,13
53.34960937,28,30,12
53.70293045,28,29,23
54.13447189,28,29,23
54.49658203,27,16,10
54.93428040,28,29,23
55.42207336,29,29,11
55.89843750,30,19,25
56.33789062,31,20,28
56.82392883,33,24,31
57.21679687,35,39,32
57.65536880,38,43,36
57.91992187,39,45,38
58.13876724,40,48,40
58.28379059,42,50,42
58.53427505,43,52,33
58.71093750,45,43,46
58.97549057,47,57,49
59.32617187,50,50,41
59.65224838,53,67,58
60.03896332,57,73,64
60.46875000,63,80,59
60.90820312,67,88,77
61.34765625,72,96,74
61.78799057,79,106,93
62.24677658,85,106,103
62.74423981,93,127,112
63.19335937,99,127,122
63.54492187,105,137,130
63.83407974,110,154,137
64.07226563,115,161,143
64.25331879,118,156,148
64.43437195,121,171,153
64.68837738,126,178,150
64.95996094,131,176,156
65.21484375,136,192,164
65.58222961,143,204,175
66.00849915,152,217,196
66.43740082,161,231,207
66.86103058,171,246,214
67.32421875,181,262,236
67.76367188,193,273,251
68.20927429,204,297,262
68.72080231,216,309,284
69.08203125,226,330,293
69.52148438,237,347,309
69.78515625,245,355,324
70.04882813,252,367,335
70.20263672,257,376,336
70.40390778,262,382,345
70.65087891,268,395,358
70.84248352,276,406,368
71.19140625,284,417,380
71.54296875,296,436,396
71.91650391,307,452,411
72.28564453,319,472,427
72.77343750,333,493,448
73.21289063,348,517,470
73.65234375,364,541,491
74.11640930,380,564,513
74.61914063,397,589,535
75.05859375,412,613,557
75.41015625,425,633,577
75.76084137,436,649,591
76.02539063,447,667,607
76.20117188,454,676,616
76.42266083,462,689,627
76.56327820,468,698,636
76.81904602,477,712,649
77.08359528,489,728,663
77.52304840,504,753,686
77.87109375,518,774,705
78.22265625,532,795,726
78.70166016,551,823,751
79.10595703,569,851,777
79.59287262,588,880,804
80.06835938,607,909,830
80.50781250,626,939,857
80.94726563,645,965,882
81.30761719,660,991,904
81.64160156,674,1011,923
81.91406250,685,1028,940
82.08984375,694,1041,952
82.26562500,704,1055,963
82.53193665,713,1070,979
82.78857422,724,1088,995
83.05664063,738,1107,1012
83.39589691,752,1130,1033
83.75976563,770,1157,1057
84.19921875,790,1188,1085
84.63867188,811,1218,1113
85.07812500,833,1252,1144
85.60459137,856,1286,1176
86.04492188,877,1318,1207
86.48437500,899,1353,1238
86.92382813,920,1386,1269
87.33515930,941,1414,1294
87.62695313,956,1440,1318
87.98027802,971,1463,1339
88.15429688,980,1475,1351
88.33007813,990,1490,1364
88.50673676,999,1503,1376
88.79502106,1013,1525,1396
89.03320313,1026,1544,1413
89.42958832,1044,1572,1439
89.73984528,1061,1598,1464
90.17578125,1081,1629,1492
90.61523438,1103,1664,1524
91.05468750,1127,1697,1557
91.49414063,1151,1735,1589
91.93359375,1175,1771,1623
92.45478821,1199,1808,1656
92.89951324,1222,1843,1689
93.25195313,1243,1874,1718
93.60527802,1262,1902,1744
93.86718750,1274,1921,1760
94.08779144,1287,1939,1778
94.30576324,1297,1955,1792
94.52548981,1309,1976,1810
94.75488281,1322,1993,1827
95.01328278,1338,2018,1849
95.36660767,1356,2045,1873
95.71465302,1373,2071,1899
96.16377258,1397,2108,1932
96.59179688,1420,2142,1964
97.03125000,1443,2178,1997
97.47334290,1468,2215,2030
97.94355774,1493,2255,2069
98.43662262,1518,2291,2101
98.87607574,1541,2328,2136
99.31640625,1564,2361,2165
99.66709137,1583,2391,2194
100.01425171,1601,2418,2217
100.19531250,1612,2434,2231
100.37109375,1622,2446,2245
100.54951477,1632,2463,2258
100.77803040,1645,2484,2278
101.02236938,1658,2504,2295
101.35371399,1676,2532,2322
101.77734375,1696,2561,2349
102.13154602,1717,2594,2379
102.56835938,1739,2627,2410
103.00781250,1764,2665,2444
103.44902802,1788,2703,2479
103.95175934,1814,2740,2514
104.41318512,1838,2775,2546
104.85351563,1861,2810,2579
105.23759460,1883,2845,2608
105.63222504,1901,2873,2634
105.90820313,1917,2894,2656
106.15692902,1929,2914,2673
106.30458832,1938,2928,2685
106.61220551,1952,2951,2707
106.78710938,1962,2963,2720
107.05342102,1978,2990,2741
107.40498352,1995,3015,2764
107.75566864,2012,3041,2789
108.15731812,2033,3073,2819
108.63545227,2058,3109,2851
109.07226563,2082,3144,2885
109.51171875,2103,3179,2916
110.01708984,2128,3216,2950
110.47851563,2152,3250,2982
110.91796875,2174,3285,3014
111.35654449,2194,3316,3041
111.71074677,2212,3345,3067
111.99286652,2227,3365,3086
112.23545074,2236,3382,3100
112.41210938,2245,3395,3115
112.58965302,2254,3409,3128
112.85684204,2267,3428,3145
113.11435699,2279,3447,3161
113.46943665,2298,3473,3185
113.79550934,2311,3495,3203
114.25781250,2332,3527,3234
114.61113739,2352,3553,3259
115.08574677,2373,3586,3290
115.57617188,2394,3620,3321
116.01562500,2416,3650,3350
116.45595551,2437,3683,3378
116.96221161,2457,3714,3407
117.41923523,2476,3743,3433
117.77343750,2492,3767,3457
118.03798676,2505,3788,3476
118.21903992,2513,3800,3486
118.47743988,2524,3813,3497
118.65322113,2531,3826,3509
118.91161346,2541,3840,3524
119.17968750,2552,3858,3538
119.44950867,2563,3878,3557
119.85732269,2579,3899,3578
120.26865387,2598,3925,3602
120.65361786,2613,3950,3622
121.11328125,2631,3976,3646
121.55273438,2648,4003,3672
121.99218750,2667,4030,3697
122.43604279,2684,4056,3719
122.95810699,2703,4083,3746
123.39579773,2717,4109,3766
123.75000000,2732,4129,3787
124.10243988,2744,4144,3802
124.27822113,2750,4155,3814
124.52783203,2757,4167,3822
124.73086548,2766,4179,3832
124.92157745,2773,4190,3843
125.23271179,2781,4203,3857
125.50781250,2793,4217,3868
125.85937500,2804,4236,3887
126.25048065,2817,4256,3904
126.65126801,2831,4275,3921
127.08984375,2841,4295,3941
127.53281403,2858,4315,3959
127.96962738,2872,4337,3978
128.49609375,2886,4359,4000
128.93554688,2898,4376,4019
129.37500000,2911,4394,4036
129.79862976,2921,4413,4048
130.07812500,2928,4425,4059
130.34179688,2935,4434,4069
130.51933289,2941,4443,4077
130.78036499,2947,4449,4083
130.95703125,2952,4458,4089
131.21542358,2957,4467,4100
131.48437500,2964,4477,4107
131.87635803,2974,4491,4121
132.27539063,2982,4501,4132
132.62695313,2991,4517,4146
133.07608032,3001,4532,4160
133.56825256,3011,4545,4174
134.03320313,3021,4561,4185
134.47265625,3030,4574,4196
134.91210938,3039,4588,4210
135.43241882,3047,4602,4222
135.79101563,3054,4610,4230
136.08105469,3060,4619,4237
136.40800476,3064,4626,4243
136.58378601,3065,4629,4246
136.75956726,3070,4633,4252
136.93447876,3072,4638,4253
137.20166016,3076,4644,4260
137.46269226,3079,4650,4265
137.90391541,3085,4658,4272
138.25195313,3091,4668,4278
138.60351563,3095,4672,4287
139.13085938,3100,4681,4291
139.57031250,3104,4686,4297
140.00976563,3108,4693,4305
140.44921875,3112,4699,4309
140.95634460,3117,4704,4314
141.41513062,3119,4709,4320
141.76757813,3123,4713,4321
142.11914063,3124,4716,4325
142.38369751,3125,4719,4329
142.56649780,3125,4719,4328
142.82226563,3128,4721,4330
142.99716187,3127,4722,4332
143.25996399,3130,4722,4332