
1.29,4234,925
2.58,4005,882
3.87,3837,849
5.16,3567,792
6.45,3326,743
7.73,3077,691
9.02,2893,653
10.31,2691,612
11.60,2453,564
12.89,2245,522
14.18,2078,487
15.47,1872,444
16.76,1683,406
18.05,1543,376
19.34,1368,340
20.62,1226,312
21.91,1082,282
23.20,943,252
24.49,817,227
25.78,686,201
27.07,583,180
28.36,499,162
29.65,415,144
30.94,343,129
32.23,284,118
33.52,234,108
34.80,196,99
36.09,172,95
37.38,159,92
38.67,159,92
39.96,174,95
41.25,201,101
42.54,235,107
43.83,285,118
45.12,338,128
46.41,404,142
47.70,490,160
48.98,580,179
50.27,689,201
51.56,806,225
52.85,900,244
54.14,1020,267
55.43,1171,300
56.72,1292,325
58.01,1453,357
59.30,1652,399
60.59,1788,426
61.88,1944,459
63.16,2140,499
64.45,2346,542
65.74,2541,583
67.03,2727,621
68.32,2950,668
69.61,3176,713
70.90,3384,757
72.19,3584,797
73.48,3821,846
74.77,3990,881
76.05,4296,945
77.34,4547,999
78.63,4774,1045
79.92,4986,1088
81.21,5225,1138
82.50,5480,1191
83.79,5734,1243
85.08,5916,1280
86.37,6147,1329
87.66,6354,1373
88.95,6586,1421
90.23,6816,1468
91.52,7011,1508
92.81,7223,1554
94.10,7365,1582
95.39,7651,1641
96.68,7876,1689
97.97,8057,1726
99.26,8288,1774
100.55,8511,1822
101.84,8679,1855
103.12,8829,1887
104.41,9083,1940
105.70,9251,1976
106.99,9380,2002
108.28,9574,2043
109.57,9752,2080
110.86,9873,2105
112.15,10026,2137
113.44,10158,2164
114.73,10240,2181
116.02,10359,2205
117.30,10418,2218
118.59,10531,2243
119.88,10629,2263
121.17,10757,2289
122.46,10785,2296
123.75,10853,2311
125.04,10835,2305
126.33,10887,2317
127.62,10888,2317
128.91,10899,2319
130.20,10894,2319
131.48,10932,2326
132.77,10773,2293
134.06,10814,2303
135.35,10568,2252
136.64,10438,2227
137.93,10471,2232
139.22,10393,2216
140.51,10202,2175
141.80,10126,2159
143.09,10068,2146
144.38,9848,2100
145.66,9749,2079
146.95,9455,2015
148.24,9310,1986
149.53,9285,1982
150.82,9191,1962
152.11,9034,1930
153.40,8878,1899
154.69,8717,1865
155.98,8487,1815
157.27,8261,1767
158.55,8045,1723
159.84,7836,1681
161.13,7613,1634
162.42,7378,1586
163.71,7113,1531
165.00,6837,1473
166.29,6684,1441
167.58,6296,1359
168.87,6224,1345
170.16,6037,1307
171.45,5780,1253
172.73,5527,1202
174.02,5281,1150
175.31,5075,1106
176.60,4759,1039
177.89,4593,1007
179.18,4339,953
180.47,4153,915
181.76,3908,864
183.05,3665,815
184.34,3448,770
185.63,3249,729
186.91,3037,684
188.20,2827,641
189.49,2616,597
190.78,2451,563
192.07,2261,525
193.36,2087,489
194.65,1931,456
195.94,1754,420
197.23,1601,388
198.52,1421,351
199.80,1282,322
201.09,1146,295
202.38,1018,268
203.67,897,243
204.96,780,220
206.25,682,198
207.54,584,179
208.83,488,159
210.12,412,144
211.41,339,128
212.70,284,117
213.98,231,107
215.27,198,99
216.56,174,94
217.85,156,90
219.14,152,89
220.43,159,92
221.72,177,95
223.01,207,102
224.30,247,109
225.59,299,120
226.88,361,132
228.16,435,148
229.45,524,167
230.74,617,186
232.03,704,202
233.32,821,228
234.61,947,253
235.90,1120,289
237.19,1263,319
238.48,1396,346
239.77,1557,378
241.05,1720,412
242.34,1929,456
243.63,2112,494
244.92,2339,541
246.21,2537,582
247.50,2724,620
248.79,2992,675
250.08,3239,726
251.37,3430,766
252.66,3673,815
253.95,3900,862
255.23,4128,910
256.52,4427,972
257.81,4635,1015
259.10,4901,1071
260.39,5092,1110
261.68,5361,1166
262.97,5531,1201
264.26,5777,1253
265.55,6095,1319
266.84,6232,1348
268.13,6497,1402
269.41,6759,1458
270.70,6997,1507
271.99,7211,1552
273.28,7397,1591
274.57,7603,1634
275.86,7831,1680
277.15,8066,1729
278.44,8199,1758
279.73,8428,1806
281.02,8635,1849
282.30,8751,1873
283.59,8981,1922
284.88,9170,1961
286.17,9310,1990
287.46,9457,2020
288.75,9598,2053
290.04,9717,2075
291.33,9844,2103
292.62,9988,2132
293.91,10104,2156
295.20,10204,2177
296.48,10311,2200
297.77,10439,2225
299.06,10496,2238
300.35,10506,2240
301.64,10610,2261
302.93,10615,2264
304.22,10656,2272
305.51,10699,2281
306.80,10703,2282
308.09,10723,2286
309.38,10735,2288
310.66,10679,2278
311.95,10695,2280
313.24,10671,2275
314.53,10782,2296
315.82,10538,2246
317.11,10573,2255
318.40,10457,2229
319.69,10369,2211
320.98,10275,2191
322.27,10151,2167
323.55,10024,2140
324.84,9906,2114
326.13,9750,2081
327.42,9651,2061
328.71,9464,2021
330.00,9349,1997
331.29,9300,1985
332.58,8988,1919
333.87,8833,1888
335.16,8698,1859
336.45,8435,1804
337.73,8304,1778
339.02,8056,1725
340.31,7813,1675
341.60,7447,1598
342.89,7232,1554
344.18,7072,1522
345.47,6857,1477
346.76,6538,1410
348.05,6354,1373
349.34,6149,1330
350.63,5839,1265
351.91,5643,1224
353.20,5372,1168
354.49,5150,1122
355.78,4908,1071
357.07,4650,1018
358.36,4386,963
359.65,4151,914
360.94,3959,874
362.23,3721,824
363.52,3485,776
364.80,3271,733
366.09,3046,685
367.38,2791,632
368.67,2618,597
369.96,2445,562
371.25,2251,522
372.54,2061,484
373.83,1884,446
375.12,1700,409
376.41,1546,377
377.70,1383,343
378.98,1248,315
380.27,1121,289
381.56,971,258
382.85,856,235
384.14,748,212
385.43,641,190
386.72,551,172
388.01,461,153
389.30,380,136
390.59,319,124
391.88,270,113
393.16,228,105
394.45,189,97
395.74,172,94
397.03,157,90
398.32,153,90
399.61,161,90
400.90,175,95
402.19,200,99
403.48,235,106
404.77,276,115
406.05,326,125
407.34,390,138
408.63,458,152
409.92,536,168
411.21,629,187
412.50,731,208
413.79,847,232
415.08,967,256
416.37,1086,281
417.66,1219,309
418.95,1377,341
420.23,1538,375
421.52,1726,414
422.81,1848,438
424.10,2042,478
425.39,2215,514
426.68,2358,544
427.97,2557,585
429.26,2746,624
430.55,2953,666
431.84,3117,702
433.13,3355,749
434.41,3570,793
435.70,3779,838
436.99,4060,897
438.28,4286,942
439.57,4513,991
440.86,4740,1038
442.15,4973,1086
443.44,5230,1138
444.73,5512,1197
446.02,5789,1256
447.30,6039,1307
448.59,6325,1367
449.88,6602,1424
451.17,6876,1481
452.46,7147,1537
453.75,7349,1577
455.04,7632,1636
456.33,7838,1679
457.62,8108,1736
458.91,8260,1765
460.20,8589,1835
461.48,8797,1880
462.77,8963,1915
464.06,9164,1956
465.35,9257,1974
466.64,9483,2023
467.93,9590,2044
469.22,9764,2082
470.51,9968,2124
471.80,10075,2147
473.09,10238,2181
474.38,10356,2207
475.66,10471,2230
476.95,10567,2250
478.24,10654,2270
479.53,10716,2281
480.82,10728,2284
482.11,10853,2309
483.40,10866,2312
484.69,10896,2319
485.98,10954,2330
487.27,10934,2327
488.55,10908,2322
489.84,10898,2318
491.13,10912,2321
492.42,10779,2293
493.71,10810,2302
495.00,10588,2254
496.29,10614,2261
497.58,10392,2214
498.87,10243,2184
500.16,10219,2178
501.45,10247,2183
502.73,10053,2143
504.02,9913,2112
505.31,9699,2066
506.60,9555,2037
507.89,9417,2008
509.18,9362,1997
510.47,9303,1986
511.76,9182,1961
513.05,8904,1905
514.34,8749,1873
515.63,8585,1838
516.91,8408,1799
518.20,8139,1745
519.49,8029,1720
520.78,7763,1667
522.07,7627,1637
523.36,7486,1607
524.65,7281,1564
525.94,7057,1518
527.23,6684,1437
528.52,6461,1393
529.80,6259,1351
531.09,6013,1300
532.38,5846,1265
533.67,5586,1213
534.96,5381,1169
536.25,5133,1118
537.54,4890,1068
538.83,4644,1016
540.12,4408,967
541.41,4178,920
542.70,3912,865
543.98,3675,816
545.27,3460,772
546.56,3260,730
547.85,3020,681
549.14,2766,630
550.43,2589,592
551.72,2388,551
553.01,2185,510
554.30,1976,466
555.59,1805,430
556.88,1613,391
558.16,1438,354
559.45,1276,322
560.74,1112,288
562.03,992,263
563.32,853,235
564.61,724,208
565.90,608,184
567.19,525,167
568.48,431,147
569.77,349,131
571.05,293,118
572.34,251,111
573.63,209,102
574.92,177,96
576.21,160,92
577.50,153,90
578.79,161,93
580.08,177,96
581.37,204,101
582.66,240,109
583.95,284,117
585.23,345,130
586.52,405,142
587.81,493,161
589.10,584,180
590.39,677,199
591.68,787,221
592.97,887,242
594.26,1020,268
595.55,1167,300
596.84,1303,328
598.13,1461,360
599.41,1639,397
600.70,1827,435
601.99,1994,470
603.28,2154,503
604.57,2353,543
605.86,2558,587
607.15,2733,623
608.44,2905,657
609.73,3132,704
611.02,3358,752
612.30,3570,794
613.59,3772,838
614.88,3934,871
616.17,4236,932
617.46,4413,969
618.75,4651,1019
620.04,4911,1073
621.33,5124,1117
622.62,5432,1181
623.91,5636,1223
625.20,5851,1269
626.48,6083,1317
627.77,6275,1357
629.06,6500,1403
630.35,6826,1469
631.64,7020,1512
632.93,7232,1555
634.22,7426,1597
635.51,7673,1647
636.80,7927,1701
638.09,8052,1727
639.38,8330,1784
640.66,8522,1826
641.95,8742,1871
643.24,8881,1900
644.53,9103,1946
645.82,9319,1992
647.11,9484,2025
648.40,9588,2048
649.69,9719,2077
650.98,9936,2121
652.27,10088,2155
653.55,10228,2182
654.84,10310,2199
656.13,10369,2211
657.42,10468,2230
658.71,10595,2259
660.00,10678,2277
661.29,10847,2312
662.58,10854,2313
663.87,10857,2314
665.16,10902,2323
666.45,10885,2320
667.73,10904,2324
669.02,10895,2323
670.31,10838,2309
671.60,10898,2322
672.89,10817,2307
674.18,10721,2286
675.47,10705,2281
676.76,10653,2270
678.05,10550,2250
679.34,10445,2225
680.63,10363,2210
681.91,10284,2192
683.20,10116,2158
684.49,10022,2138
685.78,9837,2100
687.07,9712,2074
688.36,9533,2035
689.65,9374,2002
690.94,9229,1971
692.23,9066,1937
693.52,8867,1895
694.80,8721,1864
696.09,8521,1824
697.38,8288,1773
698.67,8048,1725
699.96,7844,1682
701.25,7693,1651
702.54,7437,1598
703.83,7215,1551
705.12,6977,1503
706.41,6696,1444
707.70,6489,1400
708.98,6252,1350
710.27,6046,1308
711.56,5821,1261
712.85,5613,1218
714.14,5383,1170
715.43,5134,1119
716.72,4907,1071
718.01,4641,1017
719.30,4416,971
720.59,4204,927
721.88,3995,883
723.16,3774,837
724.45,3529,786
725.74,3361,751
727.03,3124,703
728.32,2878,651
729.61,2701,617
730.90,2519,578
732.19,2360,546
733.48,2144,501
734.77,1987,469
736.05,1803,431
737.34,1622,393
738.63,1459,360
739.92,1298,327
741.21,1157,297
742.50,1019,269
743.79,888,241
745.08,770,218
746.37,665,196
747.66,571,177
748.95,480,158
750.23,409,144
751.52,329,125
752.81,279,117
754.10,229,107
755.39,191,99
756.68,172,94
757.97,159,92
759.26,156,91
760.55,167,93
761.84,185,98
763.13,219,104
764.41,257,110
765.70,314,124
766.99,387,138
768.28,468,155
769.57,553,173
770.86,653,194
772.15,776,219
773.44,888,242
774.73,1033,272
776.02,1199,306
777.30,1348,337
778.59,1504,369
779.88,1681,405
781.17,1872,444
782.46,2064,484
783.75,2234,519
785.04,2436,561
786.33,2632,601
787.62,2886,654
788.91,3054,689
790.20,3310,741
791.48,3524,786
792.77,3752,834
794.06,3832,849
795.35,4210,928
796.64,4420,971
797.93,4631,1014
799.22,4983,1089
800.51,5210,1136
801.80,5420,1179
803.09,5622,1221
804.38,5828,1263
805.66,6139,1327
806.95,6391,1381
808.24,6649,1434
809.53,6858,1478
810.82,7142,1537
812.11,7377,1585
813.40,7541,1620
814.69,7780,1670
815.98,8001,1715
817.27,8190,1753
818.55,8395,1799
819.84,8595,1839
821.13,8784,1878
822.42,8965,1917
823.71,9177,1961
825.00,9326,1993
826.29,9517,2033
827.58,9686,2068
828.87,9813,2095
830.16,9995,2132
831.45,10086,2151
832.73,10242,2182
834.02,10324,2199
835.31,10492,2236
836.60,10598,2257
837.89,10665,2273
839.18,10787,2298
840.47,10857,2312
841.76,10876,2315
843.05,10979,2338
844.34,11005,2343
845.63,11046,2351
846.91,11190,2380
848.20,11099,2362
849.49,11073,2355
850.78,11078,2357
852.07,11070,2355
853.36,10890,2316
854.65,10987,2337
855.94,10754,2288
857.23,10830,2306
858.52,10662,2270
859.80,10649,2267
861.09,9758,2082
862.38,10176,2169
863.67,10193,2172
864.96,10137,2158
866.25,9907,2111
867.54,9683,2063
868.83,9392,2001
870.12,9448,2014
871.41,9155,1956
872.70,9235,1973
873.98,9042,1933
875.27,8966,1917
876.56,8704,1861
877.85,8511,1821
879.14,8146,1744
880.43,8050,1725
881.72,7678,1649
883.01,7440,1598
884.30,7164,1542
885.59,6932,1492
886.88,6660,1437
888.16,6420,1385
889.45,6264,1355
890.74,5948,1289
892.03,5659,1228
893.32,5409,1177
894.61,5156,1126
895.90,4966,1086
897.19,4799,1050
898.48,4566,1002
899.77,4294,945
901.05,4068,898
902.34,3838,851
903.63,3585,799
904.92,3340,747
906.21,3156,709
907.50,2931,663
908.79,2740,625
910.08,2538,582
911.37,2341,542
912.66,2158,504
913.95,1963,464
915.23,1777,426
916.52,1601,390
917.81,1442,356
919.10,1290,326
920.39,1145,296
921.68,1017,270
922.97,884,242
924.26,790,223
925.55,674,199
926.84,584,180
928.13,501,164
929.41,421,147
930.70,354,133
931.99,299,122
933.28,256,113
934.57,215,104
935.86,187,99
937.15,167,94
938.44,157,92
939.73,160,93
941.02,175,97
942.30,197,101
943.59,230,107
944.88,273,117
946.17,322,126
947.46,389,140
948.75,465,155
950.04,557,175
951.33,653,194
952.62,772,219
953.91,890,244
955.20,1014,268
956.48,1145,295
957.77,1299,327
959.06,1468,362
960.35,1624,393
961.64,1829,436
962.93,1965,464
964.22,2150,503
965.51,2343,542
966.80,2510,575
968.09,2699,615
969.38,2878,652
970.66,3104,700
971.95,3306,740
973.24,3518,785
974.53,3729,829
975.82,3960,878
977.11,4180,922
978.40,4428,975
979.69,4679,1026
980.98,4957,1085
982.27,5196,1134
983.55,5461,1190
984.84,5706,1241
986.13,5989,1299
987.42,6278,1360
988.71,6555,1418
990.00,6825,1474
991.29,7149,1540
992.58,7425,1597
993.87,7676,1648
995.16,7851,1685
996.45,8131,1743
997.73,8384,1795
999.02,8604,1842
1000.31,8736,1867
1001.60,9001,1924
1002.89,9179,1963
1004.18,9342,1997
1005.47,9522,2035
1006.76,9710,2072
1008.05,9824,2097
1009.34,9978,2129
1010.63,10192,2173
1011.91,10294,2196
1013.20,10456,2228
1014.49,10548,2247
1015.78,10596,2258
1017.07,10720,2284
1018.36,10800,2301
1019.65,10849,2311
1020.94,10941,2330
1022.23,10972,2337
1023.52,11036,2349
1024.80,11034,2350
1026.09,11063,2355
1027.38,11093,2360
1028.67,11197,2382
1029.96,11033,2349
1031.25,11083,2358
1032.54,10969,2337
1033.83,10997,2340
1035.12,10815,2303
1036.41,10816,2303
1037.70,10742,2287
1038.98,10719,2282
1040.27,10609,2261
1041.56,10532,2243
1042.85,10427,2221
1044.14,10451,2225
1045.43,10137,2161
1046.72,9973,2125
1048.01,9846,2099
1049.30,9737,2078
1050.59,9536,2035
1051.88,9396,2008
1053.16,9027,1930
1054.45,8848,1893
1055.74,8664,1854
1057.03,8519,1826
1058.32,8271,1773
1059.61,8116,1741
1060.90,7830,1681
1062.19,7658,1645
1063.48,7397,1589
1064.77,7079,1526
1066.05,6920,1492
1067.34,6738,1452
1068.63,6369,1376
1069.92,6195,1341
1071.21,5932,1286
1072.50,5718,1241
1073.79,5441,1183
1075.08,5202,1133
1076.37,4972,1086
1077.66,4774,1045
1078.95,4527,993
1080.23,4287,944
switching colors
1081.52,7378,408
1082.81,6931,382
1084.10,6543,361
1085.39,6154,339
1086.68,5641,311
1087.97,5210,287
1089.26,4830,267
1090.55,4374,241
1091.84,4005,221
1093.13,3665,202
1094.41,3287,181
1095.70,2948,162
1096.99,2640,146
1098.28,2348,129
1099.57,2040,112
1100.86,1721,95
1102.15,1498,83
1103.44,1297,73
1104.73,1085,61
1106.02,878,49
1107.30,693,39
1108.59,573,32
1109.88,443,26
1111.17,330,19
1112.46,238,15
1113.75,173,11
1115.04,118,7
1116.33,83,5
1117.62,71,5
1118.91,77,6
1120.20,105,7
1121.48,151,9
1122.77,215,13
1124.06,311,18
1125.35,407,23
1126.64,538,30
1127.93,673,38
1129.22,853,48
1130.51,1031,58
1131.80,1223,67
1133.09,1418,79
1134.38,1642,91
1135.66,1873,103
1136.95,2141,118
1138.24,2404,133
1139.53,2699,149
1140.82,3023,166
1142.11,3301,182
1143.40,3602,198
1144.69,3812,211
1145.98,4209,233
1147.27,4448,246
1148.55,4860,269
1149.84,5214,289
1151.13,5640,314
1152.42,6010,334
1153.71,6474,359
1155.00,6773,376
1156.29,7286,404
1157.58,7778,431
1158.87,8247,457
1160.16,8587,475
1161.45,9023,500
1162.73,9561,530
1164.02,9955,552
1165.31,10377,576
1166.60,10923,607
1167.89,11253,625
1169.18,11686,650
1170.47,12065,670
1171.76,12579,699
1173.05,13106,729
1174.34,13451,749
1175.63,13999,778
1176.91,14438,803
1178.20,14844,826
1179.49,15228,847
1180.78,15495,862
1182.07,15858,883
1183.36,16300,907
1184.65,16706,930
1185.94,17037,949
1187.23,17315,964
1188.52,17705,986
1189.80,17980,1002
1191.09,17979,1003
1192.38,18498,1030
1193.67,18785,1047
1194.96,18955,1057
1196.25,18951,1057
1197.54,19330,1078
1198.83,19520,1089
1200.12,19540,1089
1201.41,19627,1096
1202.70,19930,1112
1203.98,19899,1109
1205.27,20000,1114
1206.56,19833,1106
1207.85,19815,1107
1209.14,19880,1110
1210.43,19830,1107
1211.72,19778,1104
1213.01,19649,1098
1214.30,19502,1090
1215.59,19656,1096
1216.88,19454,1084
1218.16,19435,1083
1219.45,19303,1076
1220.74,19097,1063
1222.03,18934,1054
1223.32,18655,1038
1224.61,18302,1018
1225.90,17960,998
1227.19,17722,985
1228.48,17520,973
1229.77,17254,959
1231.05,17030,946
1232.34,16783,932
1233.63,16485,916
1234.92,15929,886
1236.21,15282,851
1237.50,15097,841
1238.79,14812,823
1240.08,14515,805
1241.37,14172,786
1242.66,13773,764
1243.95,13371,741
1245.23,12988,720
1246.52,12462,690
1247.81,12076,669
1249.10,11586,641
1250.39,11283,625
1251.68,10858,601
1252.97,10469,578
1254.26,10040,554
1255.55,9566,529
1256.84,9156,506
1258.13,8629,477
1259.41,8170,452
1260.70,7787,431
1261.99,7326,405
1263.28,6837,379
1264.57,6409,355
1265.86,6005,333
1267.15,5609,311
1268.44,5206,288
1269.73,4758,263
1271.02,4374,242
1272.30,4059,225
1273.59,3700,205
1274.88,3354,186
1276.17,3055,169
1277.46,2754,153
1278.75,2389,132
1280.04,2120,117
1281.33,1879,105
1282.62,1608,89
1283.91,1391,78
1285.20,1198,67
1286.48,974,55
1287.77,813,46
1289.06,648,37
1290.35,489,28
1291.64,360,21
1292.93,267,15
1294.22,191,11
1295.51,127,8
1296.80,88,6
1298.09,73,6
1299.38,78,5
1300.66,106,7
1301.95,167,10
1303.24,252,15
1304.53,338,20
1305.82,468,27
1307.11,609,34
1308.40,770,43
1309.69,931,52
1310.98,1138,63
1312.27,1344,74
1313.55,1599,88
1314.84,1870,104
1316.13,2141,118
1317.42,2428,134
1318.71,2682,148
1320.00,2993,166
1321.29,3320,183
1322.58,3683,203
1323.87,4081,225
1325.16,4405,243
1326.45,4803,265
1327.73,5266,290
1329.02,5629,310
1330.31,5986,330
1331.60,6414,354
1332.89,6867,379
1334.18,7295,403
1335.47,7734,427
1336.76,8173,451
1338.05,8683,479
1339.34,9119,504
1340.63,9598,529
1341.91,9888,546
1343.20,10513,581
1344.49,10894,602
1345.78,11259,622
1347.07,11585,642
1348.36,11999,665
1349.65,12620,699
1350.94,12897,715
1352.23,13213,734
1353.52,13594,755
1354.80,13984,777
1356.09,14320,796
1357.38,14401,801
1358.67,15073,839
1359.96,15389,857
1361.25,15724,876
1362.54,16087,897
1363.83,16393,914
1365.12,16572,925
1366.41,17007,949
1367.70,17285,965
1368.98,17648,985
1370.27,17795,994
1371.56,17893,1001
1372.85,18343,1025
1374.14,18540,1036
1375.43,18671,1046
1376.72,18909,1058
1378.01,19057,1067
1379.30,19343,1083
1380.59,19522,1092
1381.88,19535,1094
1383.16,19617,1098
1384.45,19628,1098
1385.74,19693,1102
1387.03,19830,1109
1388.32,19820,1108
1389.61,19697,1103
1390.90,19767,1106
1392.19,19537,1094
1393.48,19502,1092
1394.77,19579,1095
1396.05,19442,1087
1397.34,19347,1082
1398.63,19148,1070
1399.92,19006,1063
1401.21,18897,1056
1402.50,18572,1038
1403.79,18366,1026
1405.08,17994,1006
1406.37,17480,979
1407.66,17599,981
1408.95,17165,958
1410.23,17008,948
1411.52,16561,922
1412.81,16425,913
1414.10,16225,901
1415.39,15773,876
1416.68,15311,850
1417.97,14816,823
1419.26,14592,809
1420.55,14198,787
1421.84,13853,768
1423.13,13360,740
1424.41,13052,722
1425.70,12422,689
1426.99,12112,669
1428.28,11715,648
1429.57,11177,618
1430.86,10663,590
1432.15,10304,570
1433.44,9884,547
1434.73,9424,521
1436.02,8978,496
1437.30,8533,472
1438.59,8111,448
1439.88,7669,424
1441.17,7244,399
1442.46,6810,375
1443.75,6412,354
1445.04,5973,330
1446.33,5566,306
1447.62,5137,283
1448.91,4819,266
1450.20,4451,245
1451.48,4072,224
1452.77,3779,209
1454.06,3452,191
1455.35,3121,172
1456.64,2776,153
1457.93,2516,139
1459.22,2263,125
1460.51,2006,111
1461.80,1768,98
1463.09,1543,86
1464.38,1330,74
1465.66,1134,64
1466.95,917,51
1468.24,775,44
1469.53,605,34
1470.82,480,27
1472.11,362,21
1473.40,268,16
1474.69,194,12
1475.98,135,8
1477.27,94,6
1478.55,74,5
1479.84,76,5
1481.13,100,7
1482.42,142,9
1483.71,199,12
1485.00,283,16
1486.29,380,22
1487.58,499,28
1488.87,645,36
1490.16,818,46
1491.45,1020,57
1492.73,1222,68
1494.02,1449,79
1495.31,1682,93
1496.60,1919,106
1497.89,2225,122
1499.18,2475,136
1500.47,2807,155
1501.76,3131,172
1503.05,3471,191
1504.34,3843,211
1505.63,4148,229
1506.91,4567,252
1508.20,5020,277
1509.49,5399,298
1510.78,5818,322
1512.07,6302,348
1513.36,6703,370
1514.65,7210,398
1515.94,7753,429
1517.23,8228,455
1518.52,8617,477
1519.80,9226,511
1521.09,9625,533
1522.38,10095,559
1523.67,10470,580
1524.96,11038,610
1526.25,11427,632
1527.54,11878,658
1528.83,12417,687
1530.12,12805,708
1531.41,13181,730
1532.70,13451,746
1533.98,14017,777
1535.27,14440,801
1536.56,14788,820
1537.85,15274,846
1539.14,15716,871
1540.43,16057,890
1541.72,16389,909
1543.01,16778,931
1544.30,17037,947
1545.59,17246,957
1546.88,17713,983
1548.16,17990,999
1549.45,18344,1019
1550.74,18530,1029
1552.03,18808,1044
1553.32,18932,1052
1554.61,19205,1068
1555.90,19476,1082
1557.19,19621,1091
1558.48,19755,1098
1559.77,19911,1107
1561.05,20029,1113
1562.34,20098,1117
1563.63,20218,1124
1564.92,20231,1124
1566.21,20182,1122
1567.50,20248,1126
1568.79,20290,1128
1570.08,20262,1128
1571.37,20295,1129
1572.66,20195,1123
1573.95,19956,1109
1575.23,20020,1112
1576.52,20007,1112
1577.81,19778,1100
1579.10,19667,1094
1580.39,19512,1084
1581.68,19097,1064
1582.97,18868,1049
1584.26,18532,1030
1585.55,18431,1023
1586.84,17844,991
1588.13,17797,988
1589.41,17517,973
1590.70,17306,961
1591.99,17070,947
1593.28,16974,942
1594.57,16539,918
1595.86,15978,887
1597.15,15643,869
1598.44,15188,843
1599.73,15024,833
1601.02,14417,800
1602.30,14117,783
1603.59,13677,758
1604.88,13307,737
1606.17,12923,716
1607.46,12322,682
1608.75,11880,657
1610.04,11404,630
1611.33,10958,606
1612.62,10519,580
1613.91,10054,555
1615.20,9535,526
1616.48,9151,505
1617.77,8471,468
1619.06,7991,441
1620.35,7624,420
1621.64,7070,390
1622.93,6665,367
1624.22,6234,344
1625.51,5782,319
1626.80,5295,291
1628.09,4971,274
1629.38,4622,255
1630.66,4179,230
1631.95,3825,210
1633.24,3471,191
1634.53,3164,174
1635.82,2848,157
1637.11,2545,140
1638.40,2271,125
1639.69,1991,110
1640.98,1768,97
1642.27,1481,82
1643.55,1278,71
1644.84,1068,60
1646.13,893,50
1647.42,723,41
1648.71,568,32
1650.00,444,25
1651.29,341,20
1652.58,238,14
1653.87,173,11
1655.16,122,8
1656.45,83,6
1657.73,73,5
1659.02,80,6
1660.31,103,7
1661.60,153,10
1662.89,217,13
1664.18,294,17
1665.47,389,22
1666.76,518,30
1668.05,650,36
1669.34,786,44
1670.63,953,53
1671.91,1139,64
1673.20,1338,74
1674.49,1540,85
1675.78,1765,97
1677.07,2025,111
1678.36,2309,127
1679.65,2646,146
1680.94,2933,162
1682.23,3234,178
1683.52,3565,195
1684.80,3920,216
1686.09,4280,236
1687.38,4665,257
1688.67,4921,271
1689.96,5486,302
1691.25,5893,325
1692.54,6395,352
1693.83,6763,372
1695.12,7228,398
1696.41,7663,423
1697.70,8118,448
1698.98,8582,472
1700.27,8994,496
1701.56,9559,526
1702.85,9712,537
1704.14,10471,578
1705.43,10918,603
1706.72,11332,627
1708.01,11818,654
1709.30,12242,677
1710.59,12734,704
1711.88,13124,727
1713.16,13645,755
1714.45,14117,781
1715.74,14455,801
1717.03,14793,820
1718.32,15003,831
1719.61,15798,876
1720.90,16102,894
1722.19,16506,916
1723.48,16773,931
1724.77,17263,959
1726.05,17603,978
1727.34,17920,997
1728.63,18214,1013
1729.92,18512,1029
1731.21,18676,1040
1732.50,18971,1055
1733.79,19162,1066
1735.08,19373,1078
1736.37,19543,1087
1737.66,19774,1101
1738.95,19893,1107
1740.23,20051,1116
1741.52,20072,1118
1742.81,20230,1126
1744.10,20308,1131
1745.39,20319,1132
1746.68,20350,1133
1747.97,20426,1136
1749.26,20270,1128
1750.55,20087,1118
1751.84,20263,1128
1753.13,20169,1122
1754.41,20026,1114
1755.70,20033,1113
1756.99,19815,1102
1758.28,19630,1092
1759.57,19472,1082
1760.86,19262,1071
1762.15,19055,1061
1763.44,18800,1046
1764.73,18691,1038
1766.02,18284,1015
1767.30,18040,1002
1768.59,17835,990
1769.88,17510,972
1771.17,17059,946
1772.46,16799,932
1773.75,16519,916
1775.04,16273,901
1776.33,15876,880
1777.62,15426,855
1778.91,15198,841
1780.20,14787,820
1781.48,14332,793
1782.77,13837,766
1784.06,13559,749
1785.35,13002,719
1786.64,12675,701
1787.93,12310,680
1789.22,11904,659
1790.51,11384,629
1791.80,10892,601
1793.09,10599,585
1794.38,10058,556
1795.66,9667,534
1796.95,9119,502
1798.24,8634,477
1799.53,8243,455
1800.82,7761,428
1802.11,7364,406
1803.40,6863,379
1804.69,6460,356
1805.98,6094,336
1807.27,5649,312
1808.55,5159,285
1809.84,4818,265
1811.13,4409,243
1812.42,4026,222
1813.71,3708,204
1815.00,3379,186
1816.29,3043,168
1817.58,2732,151
1818.87,2382,131
1820.16,2115,117
1821.45,1829,101
1822.73,1563,87
1824.02,1357,75
1825.31,1132,63
1826.60,927,52
1827.89,729,41
1829.18,584,33
1830.47,436,25
1831.76,306,18
1833.05,220,13
1834.34,154,10
1835.63,108,7
1836.91,78,5
1838.20,74,5
1839.49,92,6
1840.78,125,8
1842.07,188,11
1843.36,281,16
1844.65,371,21
1845.94,491,28
1847.23,629,35
1848.52,767,43
1849.80,980,55
1851.09,1140,63
1852.38,1350,74
1853.67,1571,87
1854.96,1855,103
1856.25,2095,116
1857.54,2348,129
1858.83,2667,147
1860.12,2966,163
1861.41,3261,180
1862.70,3600,199
1863.98,3918,216
1865.27,4314,237
1866.56,4729,261
1867.85,5149,284
1869.14,5535,305
1870.43,5895,326
1871.72,6322,348
1873.01,6735,371
1874.30,7116,393
1875.59,7539,416
1876.88,7941,438
1878.16,8441,466
1879.45,8840,489
1880.74,9271,513
1882.03,9668,533
1883.32,10036,556
1884.61,10481,579
1885.90,10919,604
1887.19,11316,626
1888.48,11761,651
1889.77,12238,678
1891.05,12640,700
1892.34,12981,719
1893.63,13368,741
1894.92,13872,769
1896.21,14263,792
1897.50,14614,811
1898.79,14795,821
1900.08,15465,859
1901.37,15823,880
1902.66,16190,901
1903.95,16495,916
1905.23,16900,939
1906.52,17248,958
1907.81,17595,978
1909.10,17866,994
1910.39,18147,1008
1911.68,18424,1024
1912.97,18575,1034
1914.26,18819,1047
1915.55,19052,1060
1916.84,19096,1063
1918.13,19490,1086
1919.41,19615,1092
1920.70,19818,1104
1921.99,19850,1106
1923.28,19897,1109
1924.57,20066,1117
1925.86,19910,1108
1927.15,20098,1120
1928.44,20115,1120
1929.73,20071,1118
1931.02,20079,1118
1932.30,19974,1112
1933.59,19885,1107
1934.88,19832,1103
1936.17,19559,1089
1937.46,19456,1083
1938.75,19235,1071
1940.04,19186,1068
1941.33,18926,1052
1942.62,18748,1042
1943.91,18355,1020
1945.20,18077,1003
1946.48,17698,983
1947.77,17535,972
1949.06,17299,960
1950.35,17134,950
1951.64,16789,931
1952.93,16499,916
1954.22,16134,896
1955.51,15647,868
1956.80,15370,853
1958.09,15021,833
1959.38,14563,808
1960.66,14212,788
1961.95,13759,764
1963.24,13197,732
1964.53,12885,715
1965.82,12488,691
1967.11,11985,663
1968.40,11668,644
1969.69,11214,620
1970.98,10778,596
1972.27,10334,571
1973.55,9861,545
1974.84,9512,526
1976.13,9050,499
1977.42,8493,469
1978.71,8133,450
1980.00,7713,425
1981.29,7353,406
1982.58,6924,383
1983.87,6487,357
1985.16,6089,336
1986.45,5702,315
1987.73,5303,292
1989.02,4943,272
1990.31,4630,256
1991.60,4267,236
1992.89,3940,217
1994.18,3614,199
1995.47,3215,177
1996.76,2938,162
1998.05,2605,144
1999.34,2368,131
2000.63,2108,117
2001.91,1802,100
2003.20,1527,85
2004.49,1339,75
2005.78,1148,64
2007.07,949,53
2008.36,758,43
2009.65,595,34
2010.94,473,27
2012.23,361,20
2013.52,253,15
2014.80,182,11
2016.09,125,8
2017.38,90,6
2018.67,74,5
2019.96,79,6
2021.25,107,7
2022.54,155,10
2023.83,221,13
2025.12,303,17
2026.41,423,24
2027.70,549,31
2028.98,703,39
2030.27,897,50
2031.56,1089,60
2032.85,1308,72
2034.14,1535,85
2035.43,1771,98
2036.72,2055,114
2038.01,2374,131
2039.30,2734,150
2040.59,2999,165
2041.88,3382,185
2043.16,3786,208
2044.45,4198,231
2045.74,4557,251
2047.03,4866,267
2048.32,5372,296
2049.61,5816,320
2050.90,6246,344
2052.19,6659,367
2053.48,7096,391
2054.77,7570,418
2056.05,7839,432
2057.34,8490,468
2058.63,8864,489
2059.92,9317,514
2061.21,9859,545
2062.50,10197,564
2063.79,10646,589
2065.08,11044,613
2066.37,11499,637
2067.66,12069,669
2068.95,12457,690
2070.23,12909,715
2071.52,13293,735
2072.81,13760,763
2074.10,14146,784
2075.39,14588,809
2076.68,14843,823
2077.97,15264,847
2079.26,15728,873
2080.55,16154,896
2081.84,16418,912
2083.12,16809,934
2084.41,17084,950
2085.70,17443,970
2086.99,17705,985
2088.28,17859,994
2089.57,18264,1017
2090.86,18520,1030
2092.15,18683,1040
2093.44,18991,1057
2094.73,19177,1067
2096.02,19132,1065
2097.30,19322,1076
2098.59,19798,1102
2099.88,19766,1101
2101.17,19916,1109
2102.46,20015,1115
2103.75,20077,1118
2105.04,20066,1117
2106.33,20237,1127
2107.62,20287,1129
2108.91,20246,1127
2110.20,20264,1127
2111.48,19941,1110
2112.77,20149,1122
2114.06,20094,1118
2115.35,20035,1116
2116.64,19907,1108
2117.93,19692,1096
2119.22,19295,1075
2120.51,19301,1075
2121.80,19247,1071
2123.09,18969,1056
2124.37,18631,1036
2125.66,18505,1030
2126.95,18186,1010
2128.24,17893,994
2129.53,17784,988
2130.82,17338,964
2132.11,17030,946
2133.40,16738,929
2134.69,16324,906
2135.98,15961,885
2137.27,15491,859
2138.55,15134,839
2139.84,14801,820
2141.13,14307,792
2142.42,13905,771
2143.71,13426,743
2145.00,12931,716
2146.29,12350,684
2147.58,12003,664
2148.87,11572,639
2150.16,11129,615
2151.45,10580,583
2152.73,10050,556
2154.02,9669,534
2155.31,9279,512
2156.60,8792,486
2157.89,8290,457
2159.18,7837,432
2160.47,7427,410
switching colors
2161.76,2909,62
2163.05,2707,57
2164.34,2559,54
2165.62,2397,51
2166.91,2228,47
2168.20,2041,43
2169.49,1918,41
2170.78,1752,37
2172.07,1585,34
2173.36,1459,31
2174.65,1326,29
2175.94,1199,26
2177.23,1073,23
2178.52,951,21
2179.80,845,19
2181.09,729,16
2182.38,630,14
2183.67,531,11
2184.96,445,10
2186.25,369,9
2187.54,304,7
2188.83,241,6
2190.12,186,4
2191.41,148,4
2192.70,110,3
2193.98,77,2
2195.27,54,2
2196.56,39,2
2197.85,31,2
2199.14,32,2
2200.43,39,2
2201.72,51,2
2203.01,75,2
2204.30,111,3
2205.59,149,4
2206.87,193,5
2208.16,247,6
2209.45,306,7
2210.74,373,8
2212.03,444,10
2213.32,537,12
2214.61,621,14
2215.90,726,15
2217.19,831,18
2218.48,952,20
2219.77,1107,23
2221.05,1229,26
2222.34,1328,28
2223.63,1459,31
2224.92,1649,35
2226.21,1779,37
2227.50,1915,41
2228.79,2101,44
2230.08,2225,47
2231.37,2443,51
2232.66,2649,55
2233.95,2806,59
2235.23,2965,62
2236.52,3162,66
2237.81,3312,69
2239.10,3528,74
2240.39,3719,78
2241.68,3934,82
2242.97,4129,86
2244.26,4311,90
2245.55,4523,94
2246.84,4726,99
2248.12,4924,102
2249.41,5122,107
2250.70,5310,111
2251.99,5491,114
2253.28,5706,119
2254.57,5922,124
2255.86,6100,128
2257.15,6274,131
2258.44,6419,134
2259.73,6528,136
2261.02,6778,141
2262.30,6913,144
2263.59,7055,147
2264.88,7175,149
2266.17,7306,152
2267.46,7452,155
2268.75,7576,157
2270.04,7658,159
2271.33,7803,162
2272.62,7883,164
2273.91,8017,167
2275.20,8042,167
2276.48,8125,169
2277.77,8219,171
2279.06,8282,172
2280.35,8312,173
2281.64,8386,175
2282.93,8463,177
2284.22,8428,176
2285.51,8472,177
2286.80,8450,176
2288.09,8489,176
2289.37,8469,176
2290.66,8453,176
2291.95,8440,176
2293.24,8423,175
2294.53,8361,173
2295.82,8362,174
2297.11,8238,171
2298.40,8207,171
2299.69,8030,167
2300.98,8009,167
2302.27,7848,163
2303.55,7756,161
2304.84,7722,161
2306.13,7583,158
2307.42,7503,156
2308.71,7331,152
2310.00,7223,150
2311.29,7149,149
2312.58,7015,146
2313.87,6929,145
2315.16,6784,141
2316.45,6636,138
2317.73,6551,136
2319.02,6333,132
2320.31,6192,129
2321.60,6031,125
2322.89,5839,122
2324.18,5712,119
2325.47,5437,114
2326.76,5313,110
2328.05,5091,106
2329.34,4931,103
2330.62,4731,98
2331.91,4578,95
2333.20,4393,91
2334.49,4133,87
2335.78,3936,82
2337.07,3786,79
2338.36,3556,74
2339.65,3378,71
2340.94,3229,68
2342.23,3053,64
2343.52,2832,59
2344.80,2646,55
2346.09,2488,52
2347.38,2313,48
2348.67,2124,45
2349.96,1976,42
2351.25,1813,38
2352.54,1656,35
2353.83,1482,32
2355.12,1330,28
2356.41,1184,25
2357.70,1056,23
2358.98,910,20
2360.27,800,17
2361.56,691,15
2362.85,589,13
2364.14,490,11
2365.43,414,10
2366.72,335,8
2368.01,269,7
2369.30,206,5
2370.59,151,4
2371.87,112,3
2373.16,80,2
2374.45,53,2
2375.74,39,2
2377.03,32,1
2378.32,32,1
2379.61,39,2
2380.90,56,2
2382.19,81,3
2383.48,115,3
2384.77,159,4
2386.05,208,5
2387.34,258,6
2388.63,322,7
2389.92,401,9
2391.21,475,11
2392.50,563,12
2393.79,656,14
2395.08,770,17
2396.37,888,19
2397.66,991,21
2398.95,1111,23
2400.23,1241,26
2401.52,1365,29
2402.81,1488,31
2404.10,1642,35
2405.39,1787,38
2406.68,1917,40
2407.97,2004,42
2409.26,2201,46
2410.55,2365,50
2411.84,2516,53
2413.12,2663,56
2414.41,2834,59
2415.70,2954,62
2416.99,3119,65
2418.28,3335,70
2419.57,3523,74
2420.86,3724,78
2422.15,3865,81
2423.44,4025,84
2424.73,4229,89
2426.02,4460,93
2427.30,4654,97
2428.59,4803,100
2429.88,5020,105
2431.17,5262,109
2432.46,5452,114
2433.75,5642,118
2435.04,5819,121
2436.33,6002,125
2437.62,6106,127
2438.91,6319,132
2440.20,6473,135
2441.48,6643,138
2442.77,6801,142
2444.06,6941,144
2445.35,7105,148
2446.64,7229,150
2447.93,7348,153
2449.22,7472,156
2450.51,7536,157
2451.80,7677,160
2453.09,7784,162
2454.37,7928,165
2455.66,8002,167
2456.95,8120,169
2458.24,8162,170
2459.53,8224,172
2460.82,8288,173
2462.11,8326,174
2463.40,8324,173
2464.69,8361,175
2465.98,8390,175
2467.27,8384,175
2468.55,8399,176
2469.84,8380,174
2471.13,8357,174
2472.42,8341,174
2473.71,8255,171
2475.00,8251,171
2476.29,8176,170
2477.58,8129,169
2478.87,8073,168
2480.16,7993,166
2481.45,7920,165
2482.73,7816,163
2484.02,7726,161
2485.31,7607,159
2486.60,7493,157
2487.89,7397,154
2489.18,7238,151
2490.47,7112,149
2491.76,6923,145
2493.05,6789,142
2494.34,6602,138
2495.62,6463,135
2496.91,6300,132
2498.20,6125,128
2499.49,5990,124
2500.78,5742,120
2502.07,5606,117
2503.36,5463,113
2504.65,5338,112
2505.94,5145,107
2507.23,4966,104
2508.52,4812,101
2509.80,4627,97
2511.09,4424,92
2512.38,4311,90
2513.67,4081,85
2514.96,3949,83
2516.25,3807,80
2517.54,3637,76
2518.83,3463,72
2520.12,3294,69
2521.41,3109,65
2522.70,2948,62
2523.98,2757,58
2525.27,2596,55
2526.56,2443,51
2527.85,2275,48
2529.14,2091,43
2530.43,1952,41
2531.72,1790,38
2533.01,1644,35
2534.30,1492,31
2535.59,1361,29
2536.87,1207,26
2538.16,1085,23
2539.45,970,21
2540.74,858,19
2542.03,737,16
2543.32,645,14
2544.61,539,12
2545.90,466,10
2547.19,377,9
2548.48,308,7
2549.77,233,6
2551.05,181,5
2552.34,141,4
2553.63,102,2
2554.92,71,2
2556.21,48,2
2557.50,34,2
2558.79,30,1
2560.08,37,1
2561.37,47,2
2562.66,70,1
2563.95,104,3
2565.23,142,4
2566.52,193,5
2567.81,252,6
2569.10,323,8
2570.39,407,9
2571.68,490,11
2572.97,592,13
2574.26,694,15
2575.55,808,18
2576.84,925,20
2578.12,1030,22
2579.41,1175,25
2580.70,1296,27
2581.99,1441,30
2583.28,1584,34
2584.57,1734,36
2585.86,1897,40
2587.15,2031,43
2588.44,2192,46
2589.73,2325,49
2591.02,2538,53
2592.30,2706,57
2593.59,2884,60
2594.88,3077,64
2596.17,3232,67
2597.46,3413,72
2598.75,3621,75
2600.04,3747,78
2601.33,3948,82
2602.62,4152,87
2603.91,4347,91
2605.20,4569,95
2606.48,4751,99
2607.77,4956,103
2609.06,5113,106
2610.35,5305,110
2611.64,5486,115
2612.93,5606,117
2614.22,5809,120
2615.51,5973,125
2616.80,6149,128
2618.09,6241,129
2619.37,6449,134
2620.66,6614,138
2621.95,6760,141
2623.24,6897,143
2624.53,7018,146
2625.82,7179,149
2627.11,7281,152
2628.40,7426,154
2629.69,7547,157
2630.98,7626,159
2632.27,7760,161
2633.55,7857,164
2634.84,7911,165
2636.13,8010,166
2637.42,8105,169
2638.71,8138,170
2640.00,8176,170
2641.29,8294,173
2642.58,8300,173
2643.87,8369,174
2645.16,8373,175
2646.45,8422,175
2647.73,8436,176
2649.02,8442,176
2650.31,8423,175
2651.60,8421,176
2652.89,8345,174
2654.18,8395,174
2655.47,8309,173
2656.76,8320,173
2658.05,8185,171
2659.34,8047,168
2660.62,8043,167
2661.91,7889,164
2663.20,7812,162
2664.49,7760,161
2665.78,7519,157
2667.07,7504,156
2668.36,7328,152
2669.65,7205,150
2670.94,7128,149
2672.23,6996,145
2673.52,6807,142
2674.80,6643,139
2676.09,6589,137
2677.38,6416,134
2678.67,6220,130
2679.96,6080,127
2681.25,5909,122
2682.54,5696,118
2683.83,5472,114
2685.12,5321,111
2686.41,5099,106
2687.70,4961,103
2688.98,4648,97
2690.27,4434,93
2691.56,4346,91
2692.85,4179,87
2694.14,4003,84
2695.43,3844,80
2696.72,3626,76
2698.01,3476,73
2699.30,3245,68
2700.59,3075,65
2701.87,2918,61
2703.16,2745,58
2704.45,2555,53
2705.74,2396,50
2707.03,2230,47
2708.32,2068,44
2709.61,1886,40
2710.90,1761,37
2712.19,1611,34
2713.48,1453,30
2714.77,1321,28
2716.05,1198,25
2717.34,1075,23
2718.63,948,20
2719.92,848,18
2721.21,749,16
2722.50,644,14
2723.79,560,13
2725.08,468,10
2726.37,398,9
2727.66,325,8
2728.95,268,6
2730.23,207,5
2731.52,165,4
2732.81,126,3
2734.10,89,2
2735.39,61,2
2736.68,43,2
2737.97,34,2
2739.26,29,1
2740.55,36,2
2741.84,47,2
2743.12,69,2
2744.41,103,3
2745.70,145,3
2746.99,188,4
2748.28,249,6
2749.57,309,7
2750.86,376,9
2752.15,456,10
2753.44,550,12
2754.73,636,14
2756.02,730,16
2757.30,855,18
2758.59,976,20
2759.88,1104,24
2761.17,1243,26
2762.46,1376,29
2763.75,1491,32
2765.04,1666,35
2766.33,1811,38
2767.62,1967,42
2768.91,2108,44
2770.20,2322,48
2771.48,2502,52
2772.77,2632,55
2774.06,2858,60
2775.35,3040,64
2776.64,3222,67
2777.93,3437,72
2779.22,3570,74
2780.51,3835,79
2781.80,4064,85
2783.09,4265,89
2784.37,4435,93
2785.66,4627,96
2786.95,4801,100
2788.24,5041,105
2789.53,5191,108
2790.82,5344,112
2792.11,5581,117
2793.40,5740,120
2794.69,5900,124
2795.98,6077,127
2797.27,6231,130
2798.55,6409,134
2799.84,6554,137
2801.13,6675,139
2802.42,6822,142
2803.71,6999,146
2805.00,7130,149
2806.29,7226,151
2807.58,7344,152
2808.87,7493,156
2810.16,7571,158
2811.45,7686,161
2812.73,7759,162
2814.02,7862,164
2815.31,7943,166
2816.60,8001,167
2817.89,8109,169
2819.18,8144,170
2820.47,8195,171
2821.76,8238,172
2823.05,8264,172
2824.34,8287,173
2825.62,8285,173
2826.91,8316,174
2828.20,8293,173
2829.49,8312,173
2830.78,8300,173
2832.07,8269,174
2833.36,8240,172
2834.65,8208,172
2835.94,8186,171
2837.23,8137,170
2838.52,8089,168
2839.80,7998,167
2841.09,7949,166
2842.38,7826,163
2843.67,7742,162
2844.96,7679,161
2846.25,7536,157
2847.54,7458,156
2848.83,7361,154
2850.12,7209,151
2851.41,7098,148
2852.70,6955,145
2853.98,6819,142
2855.27,6680,139
2856.56,6549,137
2857.85,6329,133
2859.14,6222,130
2860.43,6080,127
2861.72,5834,121
2863.01,5706,119
2864.30,5504,115
2865.59,5353,112
2866.87,5123,107
2868.16,4971,104
2869.45,4791,100
2870.74,4633,97
2872.03,4386,92
2873.32,4245,89
2874.61,4049,84
2875.90,3818,80
2877.19,3647,77
2878.48,3460,73
2879.77,3272,69
2881.05,3091,65
2882.34,2907,61
2883.63,2715,57
2884.92,2515,53
2886.21,2352,50
2887.50,2164,45
2888.79,1991,42
2890.08,1827,39
2891.37,1660,35
2892.66,1521,32
2893.95,1375,29
2895.23,1232,26
2896.52,1110,24
2897.81,991,21
2899.10,866,19
2900.39,750,16
2901.68,649,14
2902.97,562,12
2904.26,478,11
2905.55,389,9
2906.84,326,8
2908.12,262,6
2909.41,203,5
2910.70,149,4
2911.99,111,3
2913.28,81,3
2914.57,57,2
2915.86,39,1
2917.15,31,2
2918.44,30,2
2919.73,39,2
2921.02,55,2
2922.30,78,2
2923.59,113,3
2924.88,153,4
2926.17,204,5
2927.46,252,6
2928.75,314,7
2930.04,380,8
2931.33,462,11
2932.62,536,12
2933.91,618,13
2935.20,720,16
2936.48,831,18
2937.77,928,19
2939.06,1038,22
2940.35,1162,25
2941.64,1275,27
2942.93,1400,29
2944.22,1517,32
2945.51,1675,35
2946.80,1853,39
2948.09,1986,42
2949.37,2139,45
2950.66,2311,48
2951.95,2417,51
2953.24,2590,54
2954.53,2750,58
2955.82,2942,62
2957.11,3159,66
2958.40,3295,69
2959.69,3518,73
2960.98,3690,77
2962.27,3908,82
2963.55,4069,85
2964.84,4263,89
2966.13,4440,93
2967.42,4626,97
2968.71,4814,100
2970.00,5003,104
2971.29,5190,108
2972.58,5385,112
2973.87,5540,115
2975.16,5744,119
2976.45,5885,123
2977.73,6025,126
2979.02,6208,129
2980.31,6373,133
2981.60,6536,136
2982.89,6606,138
2984.18,6854,143
2985.47,6972,145
2986.76,6983,146
2988.05,7268,151
2989.34,7322,152
2990.62,7465,155
2991.91,7610,159
2993.20,7623,159
2994.49,7725,161
2995.78,7886,165
2997.07,7966,166
2998.36,7995,167
2999.65,8069,168
3000.94,8088,169
3002.23,8140,170
3003.52,8215,172
3004.80,8229,171
3006.09,8234,172
3007.38,8240,172
3008.67,8236,172
3009.96,8229,171
3011.25,8218,171
3012.54,8121,170
3013.83,8149,170
3015.12,8111,169
3016.41,7996,167
3017.70,7872,164
3018.98,7527,158
3020.27,7569,158
3021.56,7434,155
3022.85,7416,155
3024.14,7345,153
3025.43,7132,149
3026.72,7180,150
3028.01,7027,147
3029.30,7028,146
3030.59,6848,143
3031.87,6571,137
3033.16,6449,135
3034.45,6350,133
3035.74,6282,131
3037.03,6158,129
3038.32,6010,126
3039.61,5818,122
3040.90,5670,118
3042.19,5538,116
3043.48,5423,114
3044.77,5257,110
3046.05,5112,107
3047.34,4923,103
3048.63,4774,99
3049.92,4593,96
3051.21,4446,93
3052.50,4242,89
3053.79,4088,85
3055.08,3920,82
3056.37,3752,79
3057.66,3602,76
3058.95,3432,72
3060.23,3252,68
3061.52,3080,65
3062.81,2902,61
3064.10,2732,58
3065.39,2539,53
3066.68,2374,50
3067.97,2208,46
3069.26,2042,43
3070.55,1873,39
3071.84,1739,37
3073.12,1601,34
3074.41,1435,31
3075.70,1299,28
3076.99,1154,25
3078.28,1038,22
3079.57,920,19
3080.86,808,17
3082.15,705,15
3083.44,604,14
3084.73,519,12
3086.02,428,10
3087.30,348,7
3088.59,277,7
3089.88,217,5
3091.17,164,4
3092.46,116,3
3093.75,82,2
3095.04,54,2
3096.33,37,2
3097.62,30,1
3098.91,32,2
3100.20,42,2
3101.48,64,2
3102.77,91,3
3104.06,127,4
3105.35,180,4
3106.64,227,6
3107.93,287,6
3109.22,361,8
3110.51,435,9
3111.80,522,12
3113.09,608,13
3114.37,707,16
3115.66,803,17
3116.95,930,20
3118.24,1045,22
3119.53,1148,24
3120.82,1282,27
3122.11,1416,29
3123.40,1553,33
3124.69,1674,36
3125.98,1836,39
3127.27,1961,41
3128.55,2148,45
3129.84,2282,48
3131.13,2463,52
3132.42,2657,56
3133.71,2767,58
3135.00,3014,63
3136.29,3149,66
3137.58,3345,69
3138.87,3538,73
3140.16,3720,78
3141.45,3895,81
3142.73,4089,85
3144.02,4240,88
3145.31,4475,93
3146.60,4599,96
3147.89,4829,101
3149.18,4986,104
3150.47,5132,107
3151.76,5288,110
3153.05,5485,114
3154.34,5665,118
3155.62,5788,121
3156.91,5954,124
3158.20,6124,128
3159.49,6270,131
3160.78,6432,134
3162.07,6581,137
3163.36,6716,140
3164.65,6878,144
3165.94,6988,147
3167.23,7088,148
3168.52,7242,152
3169.80,7375,154
3171.09,7506,156
3172.38,7607,159
3173.67,7697,160
3174.96,7792,162
3176.25,7851,164
3177.54,7948,165
3178.83,8044,167
3180.12,8084,168
3181.41,8130,169
3182.70,8186,171
3183.98,8236,172
3185.27,8181,170
3186.56,8264,172
3187.85,8245,172
3189.14,8255,172
3190.43,8238,172
3191.72,8139,170
3193.01,8194,170
3194.30,8143,170
3195.59,8172,170
3196.87,8042,168
3198.16,7917,165
3199.45,7957,166
3200.74,7891,165
3202.03,7759,162
3203.32,7670,160
3204.61,7482,157
3205.90,7387,154
3207.19,7309,153
3208.48,7158,150
3209.77,6975,145
3211.05,6918,144
3212.34,6862,143
3213.63,6697,140
3214.92,6538,137
3216.21,6401,134
3217.50,6229,130
3218.79,6080,127
3220.08,5893,122
3221.37,5737,119
3222.66,5538,115
3223.95,5408,113
3225.23,5227,109
3226.52,5049,106
3227.81,4835,101
3229.10,4663,97
3230.39,4469,93
3231.68,4280,89
3232.97,4081,85
3234.26,3941,83
3235.55,3761,79
3236.84,3592,75
3238.12,3401,71
3239.41,3214,67
3240.70,3028,64
