
1.29,444,144
2.58,546,180
3.87,672,207
5.16,784,230
6.45,910,255
7.73,1084,291
9.02,1238,322
10.31,1424,360
11.60,1629,401
12.89,1850,445
14.18,2050,487
15.47,2240,524
16.76,2487,574
18.05,2726,623
19.34,2966,671
20.62,3208,720
21.91,3465,772
23.20,3760,832
24.49,4004,880
25.78,4286,938
27.07,4553,992
28.36,4818,1047
29.65,5066,1097
30.94,5295,1143
32.23,5625,1210
33.52,5945,1275
34.80,6249,1336
36.09,6449,1378
37.38,6720,1434
38.67,6886,1467
39.96,7161,1523
41.25,7315,1555
42.54,7498,1593
43.83,7814,1658
45.12,7922,1679
46.41,8130,1722
47.70,8328,1763
48.98,8697,1839
50.27,8868,1875
51.56,9026,1907
52.85,9345,1974
54.14,9525,2010
55.43,9921,2091
56.72,10024,2113
58.01,10044,2119
59.30,9929,2095
60.59,9676,2047
61.88,9671,2047
63.16,9569,2029
64.45,9450,2005
65.74,9446,2005
67.03,9313,1980
68.32,9248,1968
69.61,9338,1988
70.90,9326,1987
72.19,9390,1998
73.48,9289,1982
74.77,9270,1977
76.05,8932,1912
77.34,8889,1903
78.63,8499,1826
79.92,8192,1765
81.21,7908,1711
82.50,7698,1667
83.79,7473,1623
85.08,7384,1606
86.37,7073,1544
87.66,6885,1506
88.95,6432,1415
90.23,6249,1379
91.52,6061,1340
92.81,5825,1294
94.10,5517,1233
95.39,5347,1196
96.68,5148,1156
97.97,4973,1121
99.26,4781,1083
100.55,4666,1059
101.84,4458,1016
103.12,4267,976
104.41,4060,935
105.70,3922,906
106.99,3774,875
108.28,3648,849
109.57,3519,821
110.86,3426,800
112.15,3260,765
113.44,3149,741
114.73,3029,714
116.02,2910,689
117.30,2794,663
118.59,2643,631
119.88,2640,627
121.17,2512,600
122.46,2514,597
123.75,2389,569
125.04,2295,548
126.33,2167,519
127.62,2070,498
128.91,1999,480
130.20,1862,451
131.48,1805,436
132.77,1739,421
134.06,1634,398
135.35,1553,379
136.64,1467,359
137.93,1377,339
139.22,1289,318
140.51,1188,295
141.80,1097,275
143.09,1054,264
144.38,979,247
145.66,886,225
146.95,808,206
148.24,714,185
149.53,658,173
150.82,609,161
152.11,563,150
153.40,525,140
154.69,470,127
155.98,418,115
157.27,375,105
158.55,336,96
159.84,296,86
161.13,249,75
162.42,211,66
163.71,180,59
165.00,154,53
166.29,131,48
167.58,113,44
168.87,92,39
170.16,75,35
171.45,64,31
172.73,55,29
174.02,50,28
175.31,49,28
176.60,51,29
177.89,55,30
179.18,64,32
180.47,77,34
181.76,90,37
183.05,109,42
184.34,135,48
185.63,166,55
186.91,199,63
188.20,251,75
189.49,291,85
190.78,314,90
192.07,334,94
193.36,366,103
194.65,400,111
195.94,434,119
197.23,473,129
198.52,513,140
199.80,570,153
201.09,612,164
202.38,652,174
203.67,700,186
204.96,736,195
206.25,782,206
207.54,833,220
208.83,884,233
210.12,935,246
211.41,982,258
212.70,1042,271
213.98,1105,288
215.27,1135,296
216.56,1177,308
217.85,1229,320
219.14,1301,337
220.43,1348,351
221.72,1427,369
223.01,1499,387
224.30,1559,402
225.59,1598,412
226.88,1666,429
228.16,1739,446
229.45,1762,452
230.74,1806,465
232.03,1883,481
233.32,1964,502
234.61,1968,505
235.90,2020,516
237.19,2094,534
238.48,2174,553
239.77,2175,556
241.05,2190,560
242.34,2248,574
243.63,2337,593
244.92,2456,620
246.21,2485,627
247.50,2582,647
248.79,2755,685
250.08,2633,662
251.37,2829,702
252.66,2999,738
253.95,3136,766
255.23,3089,758
256.52,3212,783
257.81,3353,812
259.10,3320,806
260.39,3557,853
261.68,3716,887
262.97,3672,877
264.26,3852,913
265.55,4109,965
266.84,4184,979
268.13,3874,918
269.41,3906,925
270.70,3818,906
271.99,3742,890
273.28,4087,957
274.57,4276,994
275.86,4549,1048
277.15,4668,1069
278.44,5183,1171
279.73,5076,1149
281.02,4764,1085
282.30,4590,1049
283.59,4536,1037
284.88,4453,1019
286.17,4375,1000
287.46,4305,985
288.75,4376,997
290.04,4186,956
291.33,4048,927
292.62,4140,943
293.91,4000,912
295.20,3858,881
296.48,3842,875
297.77,3896,882
299.06,3725,847
300.35,3628,825
301.64,3307,758
302.93,3285,751
304.22,3021,696
305.51,3033,694
306.80,3072,700
308.09,3213,726
309.38,3151,712
310.66,3093,698
311.95,2872,651
313.24,2842,642
314.53,2640,601
315.82,2510,572
317.11,2423,552
318.40,2275,520
319.69,2188,502
320.98,2083,477
322.27,1920,443
323.55,1911,441
324.84,1931,444
326.13,1753,406
327.42,1577,368
328.71,1429,338
330.00,1328,317
331.29,1225,295
332.58,1088,265
333.87,949,236
335.16,853,215
336.45,777,199
337.73,679,177
339.02,598,161
340.31,529,146
341.60,459,131
342.89,392,117
344.18,328,103
345.47,279,92
346.76,228,82
348.05,187,72
349.34,156,66
350.63,128,60
351.91,108,55
353.20,96,53
354.49,90,52
355.78,89,52
357.07,94,53
358.36,107,54
359.65,121,56
360.94,147,61
362.23,178,69
363.52,219,77
364.80,268,88
366.09,320,99
367.38,412,121
368.67,519,145
369.96,645,173
371.25,788,205
372.54,968,244
373.83,1242,304
375.12,1457,348
376.41,1728,407
377.70,2006,466
378.98,2278,523
380.27,2632,596
381.56,2922,656
382.85,3217,717
384.14,3568,789
385.43,3939,866
386.72,4297,942
388.01,4614,1007
389.30,4939,1075
390.59,5254,1140
391.88,5587,1209
393.16,5945,1283
394.45,6293,1355
395.74,6629,1423
397.03,7013,1503
398.32,7392,1580
399.61,7796,1664
400.90,8179,1743
402.19,8570,1824
403.48,8888,1889
404.77,9247,1962
406.05,9640,2047
407.34,9921,2104
408.63,10250,2172
409.92,10566,2237
411.21,10835,2290
412.50,11118,2348
413.79,11391,2406
415.08,11656,2459
416.37,11923,2513
417.66,12204,2573
418.95,12471,2627
420.23,12746,2684
421.52,13013,2740
422.81,13254,2789
424.10,13444,2830
425.39,13673,2876
426.68,13862,2916
427.97,14063,2958
429.26,14224,2991
430.55,14424,3033
431.84,14564,3061
433.13,14704,3093
434.41,14838,3118
435.70,14969,3145
436.99,15045,3160
438.28,15120,3176
439.57,15181,3189
440.86,15215,3199
442.15,15232,3200
443.44,15238,3202
444.73,15231,3200
446.02,15221,3198
447.30,15193,3191
448.59,15153,3184
449.88,15106,3174
451.17,15058,3164
452.46,14988,3147
453.75,14910,3131
455.04,14803,3111
456.33,14667,3084
457.62,14527,3055
458.91,14400,3028
460.20,14245,2993
461.48,14076,2958
462.77,13890,2924
464.06,13657,2874
465.35,13463,2833
466.64,13239,2787
467.93,13012,2740
469.22,12755,2686
470.51,12472,2629
471.80,12202,2573
473.09,11940,2519
474.38,11662,2460
475.66,11370,2400
476.95,11086,2341
478.24,10823,2286
479.53,10473,2213
480.82,10179,2153
482.11,9787,2072
483.40,9527,2018
484.69,9227,1956
485.98,8877,1885
487.27,8544,1816
488.55,8207,1747
489.84,7857,1677
491.13,7506,1604
492.42,7136,1529
493.71,6801,1459
495.00,6450,1388
496.29,6096,1314
497.58,5759,1245
498.87,5410,1174
500.16,5082,1108
501.45,4739,1037
502.73,4409,970
504.02,4057,897
505.31,3741,834
506.60,3456,775
507.89,3180,718
509.18,2903,663
510.47,2632,607
511.76,2386,557
513.05,2148,509
514.34,1920,461
515.63,1706,419
516.91,1500,376
518.20,1303,336
519.49,1150,305
520.78,997,274
522.07,849,242
523.36,712,215
524.65,605,193
525.94,505,173
527.23,409,154
528.52,337,140
529.80,281,129
531.09,240,120
532.38,208,114
533.67,194,112
534.96,195,112
536.25,211,115
537.54,241,122
538.83,291,132
540.12,355,145
541.41,433,161
542.70,518,179
543.98,622,200
545.27,748,226
546.56,867,250
547.85,1006,279
549.14,1165,311
550.43,1342,348
551.72,1519,383
553.01,1723,426
554.30,1926,468
555.59,2115,506
556.88,2338,552
558.16,2581,601
559.45,2834,654
560.74,3096,707
562.03,3372,765
563.32,3667,824
564.61,3948,883
565.90,4248,943
567.19,4550,1006
568.48,4861,1069
569.77,5201,1139
571.05,5549,1210
572.34,5861,1272
573.63,6201,1342
574.92,6575,1419
576.21,6931,1491
577.50,7253,1556
578.79,7615,1629
580.08,7985,1705
581.37,8355,1781
582.66,8688,1848
583.95,9036,1918
585.23,9413,1994
586.52,9772,2067
587.81,10129,2139
589.10,10468,2210
590.39,10789,2275
591.68,11110,2340
592.97,11445,2407
594.26,11767,2473
595.55,12071,2537
596.84,12414,2605
598.13,12780,2682
599.41,13070,2740
600.70,13364,2799
601.99,13633,2854
603.28,13916,2913
604.57,14201,2975
605.86,14457,3024
607.15,14728,3081
608.44,14941,3123
609.73,15191,3176
611.02,15392,3218
612.30,15581,3257
613.59,15760,3295
614.88,15926,3330
616.17,16068,3360
617.46,16174,3381
618.75,16248,3399
620.04,16314,3411
621.33,16363,3423
622.62,16403,3431
623.91,16497,3452
625.20,16492,3451
626.48,16398,3437
627.77,16434,3443
629.06,16340,3425
630.35,16204,3397
631.64,16190,3395
632.93,16127,3382
634.22,15987,3355
635.51,15868,3332
636.80,15712,3300
638.09,15551,3265
639.38,15366,3228
640.66,15085,3171
641.95,14857,3125
643.24,14675,3085
644.53,14374,3023
645.82,14075,2963
647.11,13752,2896
648.40,13481,2839
649.69,13191,2780
650.98,12861,2712
652.27,12582,2655
653.55,12288,2594
654.84,11964,2527
656.13,11636,2460
657.42,11293,2389
658.71,10964,2321
660.00,10639,2254
661.29,10315,2188
662.58,9967,2119
663.87,9629,2047
665.16,9259,1972
666.45,8936,1907
667.73,8527,1823
669.02,8193,1753
670.31,7862,1684
671.60,7502,1610
672.89,7164,1541
674.18,6819,1471
675.47,6485,1400
676.76,6124,1326
678.05,5748,1250
679.34,5446,1187
680.63,5080,1112
681.91,4763,1046
683.20,4436,978
684.49,4144,919
685.78,3796,847
687.07,3549,797
688.36,3243,734
689.65,2941,673
690.94,2656,615
692.23,2446,572
693.52,2208,522
694.80,1978,474
696.09,1784,435
697.38,1567,391
698.67,1379,351
699.96,1198,315
701.25,1042,284
702.54,861,246
703.83,700,214
705.12,615,195
706.41,504,173
707.70,408,153
708.98,321,135
710.27,271,125
711.56,220,114
712.85,196,109
714.14,186,107
715.43,194,109
716.72,221,115
718.01,261,123
719.30,324,135
720.59,397,150
721.88,483,168
723.16,593,191
724.45,718,216
725.74,843,241
727.03,986,270
728.32,1114,295
729.61,1287,333
730.90,1471,371
732.19,1641,405
733.48,1837,445
734.77,2049,488
736.05,2264,532
737.34,2479,576
738.63,2754,633
739.92,3000,684
741.21,3216,728
742.50,3475,783
743.79,3733,836
745.08,4050,904
746.37,4328,962
747.66,4665,1032
748.95,4989,1101
750.23,5303,1166
751.52,5654,1239
752.81,6040,1322
754.10,6387,1393
755.39,6744,1467
756.68,7062,1534
757.97,7424,1609
759.26,7825,1692
760.55,8254,1780
761.84,8549,1842
763.13,8872,1909
764.41,9247,1986
765.70,9584,2056
766.99,9914,2122
768.28,10271,2196
769.57,10626,2271
770.86,10985,2344
772.15,11432,2435
773.44,11847,2522
774.73,12179,2591
776.02,12467,2651
777.30,12738,2706
778.59,13032,2767
779.88,13302,2822
781.17,13537,2875
782.46,13852,2938
783.75,14078,2985
785.04,14279,3029
786.33,14516,3076
787.62,14703,3115
788.91,14852,3146
790.20,15020,3182
791.48,15226,3223
792.77,15335,3250
794.06,15552,3296
795.35,15772,3342
796.64,16072,3404
797.93,16300,3451
799.22,16511,3496
800.51,16797,3554
801.80,17109,3617
803.09,17410,3677
804.38,17742,3742
805.66,17879,3772
806.95,18153,3828
808.24,18172,3830
809.53,18227,3842
810.82,18234,3845
812.11,18329,3863
813.40,18468,3893
814.69,18496,3896
815.98,18476,3891
817.27,18388,3875
818.55,18158,3827
819.84,17927,3778
821.13,17796,3750
822.42,17511,3692
823.71,17113,3612
825.00,16835,3554
826.29,16507,3486
827.58,16174,3418
828.87,15869,3355
830.16,15536,3285
831.45,15197,3214
832.73,14794,3132
834.02,14464,3063
835.31,14106,2989
836.60,13767,2920
837.89,13424,2847
839.18,13028,2765
840.47,12660,2688
841.76,12271,2608
843.05,11822,2517
844.34,11378,2424
845.63,10961,2338
846.91,10513,2246
848.20,10064,2153
849.49,9660,2069
850.78,9211,1978
852.07,8766,1886
853.36,8297,1789
854.65,7874,1701
855.94,7440,1612
857.23,6948,1511
858.52,6417,1402
859.80,5799,1273
861.09,5310,1170
862.38,4955,1097
863.67,4644,1035
864.96,4346,972
866.25,4029,908
867.54,3729,846
868.83,3433,785
870.12,3159,729
871.41,2894,674
872.70,2644,623
873.98,2409,574
875.27,2171,527
876.56,1954,482
877.85,1736,437
879.14,1532,395
880.43,1336,356
881.72,1172,322
883.01,1014,289
884.30,870,260
885.59,726,231
886.88,611,207
888.16,504,185
889.45,415,167
890.74,344,152
892.03,283,139
893.32,244,131
894.61,224,127
895.90,219,126
897.19,234,129
898.48,262,134
899.77,314,145
901.05,381,159
902.34,467,177
903.63,567,197
904.92,693,223
906.21,830,251
907.50,973,281
908.79,1149,318
910.08,1354,361
911.37,1567,405
912.66,1783,450
913.95,2047,504
915.23,2310,559
916.52,2578,615
917.81,2855,671
919.10,3143,730
920.39,3417,786
921.68,3719,849
922.97,4046,916
924.26,4497,1009
925.55,4972,1110
926.84,5591,1239
928.13,6119,1350
929.41,6501,1430
930.70,6881,1508
931.99,7298,1595
933.28,7655,1670
934.57,8081,1759
935.86,8509,1849
937.15,8957,1943
938.44,9355,2025
939.73,9818,2122
941.02,10286,2219
942.30,10647,2296
943.59,11090,2387
944.88,11479,2468
946.17,11939,2563
947.46,12311,2641
948.75,12729,2726
950.04,13041,2795
951.33,13424,2872
952.62,13712,2934
953.91,14007,2997
955.20,14282,3053
956.48,14462,3093
957.77,14681,3137
959.06,14690,3141
960.35,14812,3167
961.64,14913,3188
962.93,15262,3261
964.22,15291,3269
965.51,15343,3282
966.80,15258,3264
968.09,15348,3284
969.38,15329,3278
970.66,15569,3328
971.95,15496,3312
973.24,15543,3319
974.53,15703,3354
975.82,15784,3371
977.11,15747,3362
978.40,15766,3367
979.69,15782,3367
980.98,15813,3373
982.27,15813,3373
983.55,15824,3376
984.84,15784,3366
986.13,15768,3360
987.42,15767,3360
988.71,15760,3360
990.00,15652,3336
991.29,15564,3317
992.58,15507,3305
993.87,15432,3286
995.16,15369,3276
996.45,15247,3249
997.73,15148,3226
999.02,14994,3193
1000.31,14860,3164
1001.60,14721,3135
1002.89,14421,3071
1004.18,14313,3049
1005.47,14180,3023
1006.76,13988,2982
1008.05,13933,2969
1009.34,13700,2922
1010.63,13608,2901
1011.91,13489,2875
1013.20,13517,2880
1014.49,13480,2870
1015.78,13380,2847
1017.07,13255,2819
1018.36,13194,2802
1019.65,13061,2775
1020.94,12774,2714
1022.23,12384,2634
1023.52,11971,2548
1024.80,11349,2420
1026.09,10805,2307
1027.38,10212,2187
1028.67,9609,2061
1029.96,9015,1939
1031.25,8408,1813
1032.54,7663,1658
1033.83,7217,1565
1035.12,6774,1471
1036.41,6375,1391
1037.70,5990,1311
1038.98,5673,1245
1040.27,5241,1155
1041.56,4906,1085
1042.85,4656,1035
1044.14,4420,988
1045.43,4136,932
1046.72,3783,858
1048.01,3530,807
1049.30,3299,762
1050.59,3010,703
1051.88,2757,651
1053.16,2479,594
1054.45,2200,536
1055.74,2010,498
1057.03,1810,458
1058.32,1577,411
1059.61,1361,366
1060.90,1197,333
1062.19,1037,300
1063.48,871,265
1064.77,709,233
1066.05,598,210
1067.34,486,186
1068.63,399,168
1069.92,331,155
1071.21,287,147
1072.50,256,141
1073.79,240,138
1075.08,245,140
1076.37,268,146
1077.66,312,158
1078.95,368,168
1080.23,446,184
1081.52,531,202
1082.81,639,224
1084.10,762,248
1085.39,914,280
1086.68,1062,310
1087.97,1238,345
1089.26,1448,389
1090.55,1663,433
1091.84,1906,483
1093.13,2139,531
1094.41,2423,589
1095.70,2709,649
1096.99,3004,708
1098.28,3305,772
1099.57,3671,846
1100.86,4041,924
1102.15,4356,988
1103.44,4732,1065
1104.73,5137,1151
1106.02,5489,1223
1107.30,5908,1311
1108.59,6338,1402
1109.88,6676,1473
1111.17,7090,1558
1112.46,7486,1640
1113.75,7898,1725
1115.04,8313,1812
1116.33,8723,1896
1117.62,9129,1981
1118.91,9524,2063
1120.20,9941,2151
1121.48,10380,2241
1122.77,10818,2332
1124.06,11303,2432
1125.35,11759,2528
1126.64,12219,2625
1127.93,12642,2710
1129.22,13119,2811
1130.51,13550,2900
1131.80,13988,2990
1133.09,14416,3077
1134.38,14845,3167
1135.66,15293,3258
1136.95,15708,3344
1138.24,16160,3437
1139.53,16555,3518
1140.82,16868,3582
1142.11,17266,3664
1143.40,17576,3726
1144.69,17854,3785
1145.98,18115,3837
1147.27,18429,3902
1148.55,18638,3943
1149.84,18775,3973
1151.13,18974,4013
1152.42,19110,4042
1153.71,19235,4070
1155.00,19398,4103
1156.29,19565,4134
1157.58,19644,4154
1158.87,19724,4171
1160.16,19804,4185
1161.45,19875,4198
1162.73,19950,4214
1164.02,19964,4216
1165.31,19918,4205
1166.60,19895,4201
1167.89,19883,4199
1169.18,19826,4185
1170.47,19758,4170
1171.76,19734,4164
1173.05,19466,4111
1174.34,19205,4056
1175.63,18973,4008
1176.91,18907,3996
1178.20,18744,3960
1179.49,18436,3896
1180.78,17941,3793
1182.07,17687,3742
1183.36,17310,3663
1184.65,17011,3601
1185.94,16823,3561
1187.23,16450,3482
1188.52,16179,3426
1189.80,16013,3393
1191.09,15729,3331
1192.38,15469,3278
1193.67,15255,3233
1194.96,14950,3169
1196.25,14644,3105
1197.54,14209,3015
1198.83,13926,2958
1200.12,13492,2868
1201.41,13139,2795
1202.70,12749,2714
1203.98,12322,2626
1205.27,11869,2532
1206.56,11416,2440
1207.85,10919,2336
1209.14,10432,2236
1210.43,10016,2149
1211.72,9605,2065
1213.01,9143,1970
1214.30,8720,1883
1215.59,8318,1799
1216.88,7874,1709
1218.16,7388,1609
1219.45,6975,1522
1220.74,6636,1453
1222.03,6254,1374
1223.32,5611,1243
1224.61,5074,1133
1225.90,4678,1052
1227.19,4321,978
1228.48,3972,906
1229.77,3588,826
1231.05,3216,749
1232.34,2877,679
1233.63,2579,616
1234.92,2267,552
1236.21,2010,498
1237.50,1776,450
1238.79,1546,402
1240.08,1336,358
1241.37,1150,321
1242.66,972,283
1243.95,799,248
1245.23,661,219
1246.52,547,195
1247.81,444,174
1249.10,362,157
1250.39,304,145
1251.68,255,135
1252.97,228,129
1254.26,220,127
1255.55,232,129
1256.84,263,137
1258.13,310,147
1259.41,370,159
1260.70,450,176
1261.99,548,195
1263.28,658,219
1264.57,793,247
1265.86,955,280
1267.15,1137,319
1268.44,1319,356
1269.73,1538,402
1271.02,1758,449
1272.30,2005,500
1273.59,2255,553
1274.88,2577,620
1276.17,2803,666
1277.46,3232,756
1278.75,3373,783
1280.04,3664,844
1281.33,3985,909
1282.62,4379,991
1283.91,4975,1117
1285.20,5407,1207
1286.48,5755,1279
1287.77,6108,1352
1289.06,6466,1426
1290.35,6777,1490
1291.64,7118,1561
1292.93,7489,1636
1294.22,7852,1713
1295.51,8243,1797
1296.80,8649,1878
1298.09,9052,1963
1299.38,9466,2048
1300.66,9920,2144
1301.95,10395,2242
1303.24,10831,2332
1304.53,11273,2424
1305.82,11734,2520
1307.11,12158,2608
1308.40,12576,2693
1309.69,12940,2771
1310.98,13308,2847
1312.27,13638,2915
1313.55,14004,2994
1314.84,14271,3049
1316.13,14524,3105
1317.42,14622,3125
1318.71,14729,3149
1320.00,14727,3150
1321.29,14419,3086
1322.58,14784,3163
1323.87,15122,3235
1325.16,15002,3212
1326.45,15234,3262
1327.73,15114,3234
1329.02,15236,3259
1330.31,15221,3254
1331.60,15393,3291
1332.89,15422,3296
1334.18,15576,3327
1335.47,15640,3340
1336.76,15781,3371
1338.05,15735,3358
1339.34,15813,3374
1340.63,15803,3371
1341.91,15830,3377
1343.20,15819,3373
1344.49,15792,3367
1345.78,15773,3362
1347.07,15753,3357
1348.36,15746,3356
1349.65,15683,3341
1350.94,15632,3329
1352.23,15529,3309
1353.52,15498,3300
1354.80,15365,3272
1356.09,15288,3258
1357.38,15127,3221
1358.67,15072,3208
1359.96,14845,3160
1361.25,14593,3107
1362.54,14438,3074
1363.83,14392,3064
1365.12,14148,3014
1366.41,14055,2993
1367.70,13950,2971
1368.98,13702,2921
1370.27,13669,2913
1371.56,13538,2884
1372.85,13649,2906
1374.14,13661,2906
1375.43,13443,2858
1376.72,13391,2847
1378.01,13299,2824
1379.30,13039,2772
1380.59,12709,2702
1381.88,12273,2613
1383.16,11756,2506
1384.45,11156,2382
1385.74,10632,2274
1387.03,10166,2179
1388.32,9575,2056
1389.61,9068,1949
1390.90,8709,1875
1392.19,8257,1782
1393.48,7577,1641
1394.77,7167,1554
1396.05,6677,1453
1397.34,6478,1413
1398.63,6166,1349
1399.92,5816,1276
1401.21,5393,1187
1402.50,5156,1141
1403.79,4849,1077
1405.08,4561,1018
1406.37,4329,973
1407.66,3955,894
1408.95,3712,846
1410.23,3414,785
1411.52,3130,727
1412.81,2870,676
1414.10,2585,616
1415.39,2504,604
1416.68,2238,550
1417.97,1981,497
1419.26,1737,448
1420.55,1502,400
1421.84,1317,363
1423.13,1151,330
1424.41,1022,307
1425.70,828,268
1426.99,698,242
1428.28,580,218
1429.57,468,194
1430.86,385,177
1432.15,322,164
1433.44,283,156
1434.73,265,152
1436.02,267,152
1437.30,290,157
1438.59,338,166
1439.88,399,178
1441.17,496,198
1442.46,614,223
1443.75,750,250
1445.04,913,282
1446.33,1076,316
1447.62,1295,361
1448.91,1507,405
1450.20,1782,461
1451.48,2099,526
1452.77,2346,576
1454.06,2720,654
1455.35,3089,731
1456.64,3440,801
1457.93,3900,898
1459.22,4233,966
1460.51,4606,1042
1461.80,4942,1111
1463.09,5348,1195
1464.38,5746,1277
1465.66,6198,1370
1466.95,6727,1481
1468.24,7243,1591
1469.53,7529,1650
1470.82,7849,1718
1472.11,8155,1780
1473.40,8567,1865
1474.69,8899,1934
1475.98,9307,2020
1477.27,9736,2108
1478.55,10138,2191
1479.84,10517,2272
1481.13,10870,2343
1482.42,11278,2429
1483.71,11716,2521
1485.00,12199,2622
1486.29,12585,2705
1487.58,13085,2811
1488.87,13467,2888
1490.16,13883,2974
1491.45,14311,3063
1492.73,14680,3137
1494.02,15100,3223
1495.31,15415,3292
1496.60,15750,3360
1497.89,16102,3432
1499.18,16473,3508
1500.47,16813,3578
1501.76,17114,3643
1503.05,17468,3714
1504.34,17712,3764
1505.63,17957,3813
1506.91,18191,3863
1508.20,18441,3914
1509.49,18627,3954
1510.78,18788,3986
1512.07,18964,4023
1513.36,19144,4061
1514.65,19279,4089
1515.94,19401,4115
1517.23,19519,4139
1518.52,19605,4156
1519.80,19697,4176
1521.09,19875,4213
1522.38,19999,4237
1523.67,20085,4252
1524.96,20093,4254
1526.25,20024,4240
1527.54,20017,4239
1528.83,20010,4237
1530.12,19965,4225
1531.41,19957,4221
1532.70,19931,4216
1533.98,19765,4182
1535.27,19295,4084
1536.56,19111,4047
1537.85,19031,4031
1539.14,18881,3998
1540.43,18537,3924
1541.72,17940,3801
1543.01,17599,3729
1544.30,17356,3677
1545.59,17017,3608
1546.88,16882,3577
1548.16,16527,3502
1549.45,16210,3435
1550.74,15999,3392
1552.03,15684,3325
1553.32,15487,3286
1554.61,15159,3216
1555.90,14835,3151
1557.19,14374,3053
1558.48,13979,2972
1559.77,13516,2875
1561.05,13069,2782
1562.34,12638,2693
1563.63,12153,2594
1564.92,11647,2489
1566.21,11148,2386
1567.50,10752,2304
1568.79,10279,2206
1570.08,9792,2106
1571.37,9324,2010
1572.66,8881,1919
1573.95,8415,1824
1575.23,7982,1734
1576.52,7581,1650
1577.81,7162,1566
1579.10,6841,1500
1580.39,6615,1456
1581.68,6325,1397
1582.97,5781,1289
1584.26,5327,1195
1585.55,4949,1116
1586.84,4521,1027
1588.13,4127,946
1589.41,3755,868
1590.70,3384,791
1591.99,2983,707
1593.28,2659,640
1594.57,2318,568
1595.86,2027,509
1597.15,1824,466
1598.44,1622,424
1599.73,1423,383
1601.02,1240,345
1602.30,1086,314
1603.59,922,279
1604.88,778,249
1606.17,644,221
1607.46,533,198
1608.75,435,176
1610.04,363,161
1611.33,303,147
1612.62,261,139
1613.91,236,133
1615.20,225,131
1616.48,234,132
1617.77,258,137
1619.06,300,146
1620.35,354,156
1621.64,425,171
1622.93,514,188
1624.22,623,212
1625.51,747,237
1626.80,892,267
1628.09,1062,303
1629.38,1246,341
1630.66,1477,392
1631.95,1715,440
1633.24,1944,489
1634.53,2200,541
1635.82,2512,607
1637.11,2775,661
1638.40,3040,716
1639.69,3324,773
1640.98,3626,836
1642.27,3916,896
1643.55,4244,964
1644.84,4755,1071
1646.13,5292,1183
1647.42,5731,1275
1648.71,6176,1367
1650.00,6501,1436
1651.29,6867,1511
1652.58,7250,1589
1653.87,7724,1689
1655.16,8127,1772
1656.45,8566,1865
1657.73,9000,1952
1659.02,9465,2051
1660.31,9922,2145
1661.60,10443,2253
1662.89,10933,2355
1664.18,11478,2467
1665.47,11947,2567
1666.76,12416,2663
1668.05,12864,2754
1669.34,13192,2823
1670.63,13481,2883
1671.91,13877,2968
1673.20,14232,3043
1674.49,14564,3114
1675.78,14753,3153
1677.07,14885,3181
1678.36,14771,3161
1679.65,14797,3167
1680.94,15332,3279
1682.23,15418,3300
1683.52,15574,3330
1684.80,15761,3371
1686.09,15366,3291
1687.38,15312,3279
1688.67,15316,3280
1689.96,15562,3329
1691.25,15554,3327
1692.54,15529,3322
1693.83,15540,3324
1695.12,15652,3344
1696.41,15710,3356
1697.70,15703,3353
1698.98,15694,3349
1700.27,15712,3353
1701.56,15815,3374
1702.85,15770,3363
1704.14,15763,3364
1705.43,15771,3363
1706.72,15796,3366
1708.01,15788,3365
1709.30,15730,3353
1710.59,15650,3333
1711.88,15551,3312
1713.16,15533,3308
1714.45,15512,3303
1715.74,15438,3286
1717.03,15398,3278
1718.32,15173,3230
1719.61,15127,3220
1720.90,14982,3188
1722.19,14826,3158
1723.48,14527,3093
1724.77,14459,3077
1726.05,14349,3057
1727.34,14202,3026
1728.63,13999,2983
1729.92,13969,2975
1731.21,13998,2983
1732.50,13835,2945
1733.79,13796,2937
1735.08,13855,2946
1736.37,13681,2908
1737.66,13542,2878
1738.95,13349,2836
1740.23,13092,2784
1741.52,12822,2726
1742.81,12309,2621
1744.10,11880,2530
1745.39,11297,2411
1746.68,10714,2291
1747.97,10177,2180
1749.26,9584,2057
1750.55,9054,1948
1751.84,8541,1841
1753.13,8107,1751
1754.41,7384,1599
1755.70,7021,1525
1756.99,6650,1447
1758.28,6276,1371
1759.57,5913,1297
1760.86,5509,1213
1762.15,5235,1156
1763.44,4945,1097
1764.73,4593,1026
1766.02,4183,940
1767.30,3800,860
1768.59,3621,828
1769.88,3215,741
1771.17,2945,690
1772.46,2651,628
1773.75,2371,571
1775.04,2076,510
1776.33,1822,459
1777.62,1629,421
1778.91,1428,381
1780.20,1357,372
1781.48,1156,332
1782.77,1123,334
1784.06,935,295
1785.35,718,247
1786.64,638,236
1787.93,541,216
1789.22,443,196
1790.51,361,178
1791.80,311,167
1793.09,287,163
1794.38,276,159
1795.66,294,163
1796.95,324,167
1798.24,380,177
1799.53,461,195
1800.82,556,213
switching colors
1802.11,980,54
1803.40,1273,69
1804.69,1584,86
1805.98,1953,106
1807.27,2397,130
1808.55,2821,152
1809.84,3254,175
1811.13,3759,203
1812.42,4363,235
1813.71,4885,264
1815.00,5497,297
1816.29,6154,333
1817.58,6845,370
1818.87,7497,406
1820.16,8270,448
1821.45,8944,486
1822.73,9670,526
1824.02,10505,573
1825.31,11249,614
1826.60,12103,660
1827.89,13151,720
1829.18,14329,786
1830.47,15097,829
1831.76,15922,875
1833.05,16863,925
1834.34,17695,971
1835.63,18515,1016
1836.91,19353,1062
1838.20,20260,1115
1839.49,21116,1162
1840.78,21990,1211
1842.07,22960,1265
1843.36,23892,1318
1844.65,24745,1364
1845.94,25767,1423
1847.23,26731,1476
1848.52,27650,1527
1849.80,28513,1576
1851.09,29477,1629
1852.38,30553,1688
1853.67,31446,1738
1854.96,32503,1794
1856.25,33221,1835
1857.54,34062,1882
1858.83,34931,1929
1860.12,35892,1982
1861.41,36619,2025
1862.70,37288,2061
1863.98,37888,2100
1865.27,37889,2136
1866.56,37889,2165
1867.85,37888,2197
1869.14,37888,2218
1870.43,37888,2246
1871.72,37888,2263
1873.01,37888,2276
1874.30,37888,2289
1875.59,37888,2296
1876.88,37888,2303
1878.16,37888,2306
1879.45,37888,2311
1880.74,37888,2312
1882.03,37888,2312
1883.32,37888,2311
1884.61,37888,2306
1885.90,37888,2303
1887.19,37888,2291
1888.48,37888,2281
1889.77,37888,2266
1891.05,37888,2260
1892.34,37888,2248
1893.63,37888,2237
1894.92,37888,2183
1896.21,37888,2150
1897.50,37889,2145
1898.79,37888,2130
1900.08,37307,2060
1901.37,36369,2009
1902.66,36141,1991
1903.95,35398,1950
1905.23,35272,1940
1906.52,34560,1899
1907.81,33988,1866
1909.10,33264,1825
1910.39,32663,1790
1911.68,32298,1769
1912.97,31781,1741
1914.26,31147,1705
1915.55,30316,1658
1916.84,29497,1613
1918.13,28708,1572
1919.41,27867,1523
1920.70,27021,1477
1921.99,26273,1437
1923.28,25366,1386
1924.57,24378,1333
1925.86,23431,1281
1927.15,22544,1233
1928.44,21725,1187
1929.73,20828,1139
1931.02,19914,1089
1932.30,19023,1039
1933.59,18122,991
1934.88,17224,940
1936.17,16314,890
1937.46,15469,843
1938.75,14510,792
1940.04,13685,748
1941.33,13174,720
1942.62,12733,697
1943.91,12203,670
1945.20,11227,617
1946.48,10212,562
1947.77,9295,512
1949.06,8492,468
1950.35,7772,428
1951.64,7093,391
1952.93,6262,346
1954.22,5456,302
1955.51,4703,262
1956.80,4092,228
1958.09,3562,199
1959.38,3113,173
1960.66,2643,147
1961.95,2236,125
1963.24,1921,107
1964.53,1548,87
1965.82,1201,67
1967.11,915,52
1968.40,699,40
1969.69,496,28
1970.98,329,19
1972.27,215,13
1973.55,146,9
1974.84,117,8
1976.13,128,8
1977.42,178,11
1978.71,271,16
1980.00,406,23
1981.29,575,33
1982.58,805,46
1983.87,1084,61
1985.16,1368,77
1986.45,1724,96
1987.73,2128,118
1989.02,2589,144
1990.31,3024,168
1991.60,3548,196
1992.89,4098,227
1994.18,4697,260
1995.47,5273,291
1996.76,5844,324
1998.05,6379,353
1999.34,6949,386
2000.63,7563,421
2001.91,8569,475
2003.20,8996,500
2004.49,10124,559
2005.78,11186,616
2007.07,12206,671
2008.36,12971,713
2009.65,13724,755
2010.94,14544,800
2012.23,15315,843
2013.52,16203,891
2014.80,17226,948
2016.09,18097,997
2017.38,19117,1051
2018.67,20126,1107
2019.96,21053,1159
2021.25,21923,1205
2022.54,22879,1259
2023.83,23874,1313
2025.12,24700,1359
2026.41,25546,1404
2027.70,26408,1452
2028.98,27201,1496
2030.27,27946,1538
2031.56,28694,1582
2032.85,29401,1620
2034.14,29704,1640
2035.43,30263,1671
2036.72,30782,1703
2038.01,31371,1737
2039.30,30417,1691
2040.59,30335,1691
2041.88,31981,1779
2043.16,31498,1758
2044.45,31424,1758
2045.74,31878,1784
2047.03,32412,1815
2048.32,31929,1792
2049.61,31556,1776
2050.90,32183,1810
2052.19,32239,1815
2053.48,32106,1807
2054.77,32028,1803
2056.05,32289,1817
2057.34,32326,1819
2058.63,32425,1824
2059.92,32289,1815
2061.21,32504,1828
2062.50,32138,1807
2063.79,32105,1805
2065.08,31847,1789
2066.37,31740,1783
2067.66,31699,1779
2068.95,31563,1772
2070.23,31414,1763
2071.52,31308,1754
2072.81,31090,1743
2074.10,31134,1744
2075.39,30834,1726
2076.68,30713,1718
2077.97,30401,1699
2079.26,30116,1683
2080.55,29876,1667
2081.84,29460,1644
2083.12,28881,1611
2084.41,28622,1598
2085.70,28261,1577
2086.99,28110,1568
2088.28,27627,1541
2089.57,27207,1517
2090.86,26976,1503
2092.15,26773,1489
2093.44,26611,1478
2094.73,26410,1463
2096.02,26398,1458
2097.30,26111,1441
2098.59,26022,1431
2099.88,25514,1401
2101.17,24879,1365
2102.46,24276,1328
2103.75,23301,1274
2105.04,22238,1217
2106.33,21077,1155
2107.62,20023,1097
2108.91,18875,1034
2110.20,17941,983
2111.48,16959,929
2112.77,15689,861
2114.06,14735,809
2115.35,13751,754
2116.64,13225,726
2117.93,12464,683
2119.22,11674,640
2120.51,10802,591
2121.80,10251,561
2123.09,9816,538
2124.37,9237,505
2125.66,8605,471
2126.95,7779,426
2128.24,7197,394
2129.53,6533,358
2130.82,5976,328
2132.11,5473,302
2133.40,5113,280
2134.69,4784,261
2135.98,4302,234
2137.27,4075,220
2138.55,3608,195
2139.84,3144,170
2141.13,2704,146
2142.42,2292,124
2143.71,1948,105
2145.00,1583,86
2146.29,1233,67
2147.58,951,52
2148.87,701,39
2150.16,517,29
2151.45,367,21
2152.73,250,14
2154.02,177,11
2155.31,145,9
2156.60,163,10
2157.89,228,13
2159.18,347,19
2160.47,513,28
2161.76,707,38
2163.05,945,52
2164.34,1240,67
2165.62,1546,82
2166.91,1920,103
2168.20,2323,124
2169.49,2774,148
2170.78,3259,175
2172.07,3821,205
2173.36,4382,235
2174.65,4928,265
2175.94,5630,301
2177.23,6263,337
2178.52,7013,377
2179.80,7913,426
2181.09,8690,468
2182.38,9576,514
2183.67,10917,586
2184.96,11749,633
2186.25,12655,682
2187.54,13932,753
2188.83,15403,833
2190.12,15868,861
2191.41,16651,905
2192.70,17540,954
2193.98,19296,1050
2195.27,19995,1090
2196.56,20860,1137
2197.85,22054,1202
2199.14,23200,1265
2200.43,24016,1311
2201.72,25004,1365
2203.01,26055,1424
2204.30,27151,1484
2205.59,28011,1532
2206.87,28917,1583
2208.16,29849,1635
2209.45,30695,1682
2210.74,31491,1727
2212.03,32422,1782
2213.32,33302,1828
2214.61,34183,1875
2215.90,35038,1924
2217.19,35848,1968
2218.48,36805,2019
2219.77,37700,2072
2221.05,37889,2114
2222.34,37888,2159
2223.63,37888,2199
2224.92,37888,2240
2226.21,37888,2270
2227.50,37888,2299
2228.79,37888,2327
2230.08,37888,2350
2231.37,37888,2370
2232.66,37888,2388
2233.95,37888,2404
2235.23,37888,2423
2236.52,37888,2430
2237.81,37888,2438
2239.10,37888,2437
2240.39,37888,2444
2241.68,37888,2451
2242.97,37888,2450
2244.26,37888,2448
2245.55,37888,2456
2246.84,37888,2452
2248.12,37888,2438
2249.41,37888,2419
2250.70,37888,2407
2251.99,37888,2386
2253.28,37888,2379
2254.57,37888,2353
2255.86,37888,2264
2257.15,37888,2257
2258.44,37888,2273
2259.73,37888,2256
2261.02,37888,2203
2262.30,37859,2083
2263.59,36877,2026
2264.88,35593,1957
2266.17,35479,1948
2267.46,35723,1957
2268.75,35350,1934
2270.04,34536,1888
2271.33,34066,1861
2272.62,33312,1820
2273.91,32994,1800
2275.20,32213,1757
2276.48,31426,1712
2277.77,30376,1654
2279.06,29479,1606
2280.35,28483,1551
2281.64,27531,1500
2282.93,26621,1452
2284.22,25603,1396
2285.51,24571,1341
2286.80,23479,1281
2288.09,22519,1229
2289.37,21538,1175
2290.66,20574,1123
2291.95,19580,1067
2293.24,18769,1025
2294.53,17745,967
2295.82,16777,914
2297.11,15815,862
2298.40,14864,811
2299.69,13728,753
2300.98,13204,726
2302.27,13344,729
2303.55,13113,712
2304.84,12068,656
2306.13,10962,597
2307.42,9927,542
2308.71,9098,498
2310.00,8150,446
2311.29,7401,404
2312.58,6543,358
2313.87,5844,321
2315.16,5217,285
2316.45,4468,245
2317.73,3770,208
2319.02,3210,177
2320.31,2721,151
2321.60,2255,125
2322.89,1831,102
2324.18,1491,83
2325.47,1158,65
2326.76,879,49
2328.05,642,36
2329.34,460,26
2330.62,318,18
2331.91,202,12
2333.20,144,9
2334.49,126,8
2335.78,152,9
2337.07,215,13
2338.36,315,18
2339.65,452,26
2340.94,629,36
2342.23,823,46
2343.52,1064,60
2344.80,1345,75
2346.09,1638,91
2347.38,2012,112
2348.67,2406,134
2349.96,2863,159
2351.25,3303,183
2352.54,3783,210
2353.83,4322,240
2355.12,4913,272
2356.41,5496,304
2357.70,6069,337
2358.98,6651,369
2360.27,7346,408
2361.56,7938,441
2362.85,8918,493
2364.14,9594,531
2365.43,10444,577
2366.72,11465,632
2368.01,12275,676
2369.30,13050,718
2370.59,13766,758
2371.87,14627,805
2373.16,15447,851
2374.45,16259,894
2375.74,17284,951
2377.03,18108,996
2378.32,19117,1050
2379.61,20094,1104
2380.90,21110,1160
2382.19,22159,1216
2383.48,23188,1273
2384.77,24195,1329
2386.05,25037,1377
2387.34,25977,1428
2388.63,26870,1477
2389.92,27661,1522
2391.21,28527,1571
2392.50,29128,1606
2393.79,29842,1647
2395.08,30189,1667
2396.37,30663,1697
2397.66,31546,1745
2398.95,30838,1713
2400.23,30241,1688
2401.52,31801,1772
2402.81,31752,1773
2404.10,31812,1779
2405.39,32451,1816
2406.68,32169,1806
2407.97,32460,1823
2409.26,31271,1752
2410.55,31704,1779
2411.84,32322,1817
2413.12,32475,1824
2414.41,32679,1836
2415.70,32887,1849
2416.99,32867,1843
2418.28,32705,1833
2419.57,32481,1820
2420.86,32443,1815
2422.15,32587,1823
2423.44,32330,1809
2424.73,32420,1815
2426.02,32362,1810
2427.30,32449,1815
2428.59,32129,1795
2429.88,31957,1785
2431.17,31818,1776
2432.46,31701,1770
2433.75,31590,1763
2435.04,31346,1749
2436.33,31200,1740
2437.62,30756,1713
2438.91,30580,1704
2440.20,30256,1686
2441.48,29867,1661
2442.77,29561,1646
2444.06,29396,1636
2445.35,28987,1613
2446.64,28742,1599
2447.93,28409,1580
2449.22,28116,1562
2450.51,27903,1549
2451.80,27791,1540
2453.09,27675,1532
2454.37,27621,1528
2455.66,27342,1511
2456.95,27312,1506
2458.24,27060,1488
2459.53,26734,1467
2460.82,26215,1438
2462.11,25658,1404
2463.40,24859,1359
2464.69,24121,1318
2465.98,23031,1258
2467.27,21885,1195
2468.55,20904,1142
2469.84,19934,1088
2471.13,18913,1033
2472.42,17907,977
2473.71,16670,911
2475.00,15408,843
2476.29,14485,791
2477.58,13822,754
2478.87,13110,716
2480.16,12315,673
2481.45,11452,624
2482.73,11089,604
2484.02,10491,572
2485.31,9802,534
2486.60,9138,499
2487.89,8307,452
2489.18,7550,412
2490.47,6840,372
2491.76,6301,343
2493.05,5943,322
2494.34,5555,301
2495.62,5264,283
2496.91,4593,247
2498.20,3974,213
2499.49,3432,185
2500.78,2980,160
2502.07,2478,134
2503.36,2062,111
2504.65,1619,87
2505.94,1211,65
2507.23,908,49
2508.52,657,36
2509.80,430,24
2511.09,288,17
2512.38,185,11
2513.67,142,9
2514.96,156,9
2516.25,219,13
2517.54,331,18
2518.83,492,27
2520.12,685,37
2521.41,915,50
2522.70,1148,62
2523.98,1476,80
2525.27,1827,99
2526.56,2253,121
2527.85,2657,143
2529.14,3147,169
2530.43,3578,192
2531.72,4126,222
2533.01,4746,255
2534.30,5450,293
2535.59,6059,326
2536.87,6673,359
2538.16,7468,402
2539.45,8253,445
2540.74,8896,481
2542.03,9765,528
2543.32,11289,609
2544.61,12073,652
2545.90,13411,724
2547.19,15010,809
2548.48,16699,900
2549.77,16984,918
2551.05,18070,977
2552.34,18437,1002
2553.63,19092,1038
2554.92,19927,1086
2556.21,20432,1117
2557.50,21163,1158
2558.79,22118,1211
2560.08,22877,1254
2561.37,23570,1294
2562.66,24108,1325
2563.95,25367,1394
2565.23,26568,1460
2566.52,27736,1524
2567.81,28637,1574
2569.10,29948,1646
2570.39,30958,1702
2571.68,31933,1755
2572.97,33060,1814
2574.26,33938,1863
2575.55,35055,1923
2576.84,35895,1969
2578.12,36933,2026
2579.41,37888,2087
2580.70,37888,2156
2581.99,37888,2204
2583.28,37889,2257
2584.57,37888,2278
2585.86,37888,2315
2587.15,37888,2364
2588.44,37888,2379
2589.73,37888,2415
2591.02,37888,2453
2592.30,37888,2462
2593.59,37888,2493
2594.88,37888,2531
2596.17,37888,2543
2597.46,37888,2543
2598.75,37888,2568
2600.04,37888,2571
2601.33,37888,2600
2602.62,37888,2612
2603.91,37888,2626
2605.20,37888,2632
2606.48,37888,2619
2607.77,37888,2599
2609.06,37888,2579
2610.35,37888,2562
2611.64,37888,2538
2612.93,37888,2520
2614.22,37888,2452
2615.51,37888,2362
2616.80,37888,2331
2618.09,37888,2349
2619.37,37888,2349
2620.66,37888,2212
2621.95,37888,2092
2623.24,37356,2050
2624.53,36493,2000
2625.82,36369,1992
2627.11,35783,1957
2628.40,35415,1934
2629.69,34403,1880
2630.98,33839,1846
2632.27,33195,1810
2633.55,32647,1779
2634.84,32007,1745
2636.13,30912,1685
2637.42,29972,1633
2638.71,28985,1580
2640.00,27750,1514
2641.29,26776,1462
2642.58,25718,1404
2643.87,24810,1356
2645.16,23876,1306
2646.45,22892,1252
2647.73,21877,1196
2649.02,21048,1151
2650.31,20233,1107
2651.60,19281,1053
2652.89,18363,1005
2654.18,17608,962
2655.47,16825,918
2656.76,15910,869
2658.05,15107,826
2659.34,14171,778
2660.62,13695,754
2661.91,13477,739
2663.20,14263,773
2664.49,13626,737
2665.78,12816,692
2667.07,11786,637
2668.36,10773,583
2669.65,10025,543
2670.94,9077,492
2672.23,8255,448
2673.52,7488,405
2674.80,6543,355
2676.09,5839,317
2677.38,5021,274
2678.67,4184,230
2679.96,3563,196
2681.25,2972,164
2682.54,2522,139
2683.83,2101,116
2685.12,1702,94
2686.41,1334,74
2687.70,1009,56
2688.98,749,42
2690.27,542,31
2691.56,373,22
2692.85,243,14
2694.14,168,10
2695.43,134,8
2696.72,150,9
2698.01,212,13
2699.30,321,18
2700.59,475,27
2701.87,655,37
2703.16,886,50
2704.45,1154,65
2705.74,1476,82
2707.03,1815,101
2708.32,2262,125
2709.61,2774,153
2710.90,3311,183
2712.19,3835,212
2713.48,4449,246
2714.77,5146,284
2716.05,5775,318
2717.34,6420,355
2718.63,7142,395
2719.92,7859,435
2721.21,8696,481
2722.50,9503,526
2723.79,10456,578
2725.08,11380,627
2726.37,12266,675
2727.66,12949,712
2728.95,13622,749
2730.23,14521,799
2731.52,15305,842
2732.81,16228,893
2734.10,17092,940
2735.39,17970,988
2736.68,18866,1037
2737.97,19785,1088
2739.26,20763,1141
2740.55,21722,1193
2741.84,22660,1247
2743.12,23655,1300
2744.41,24600,1352
2745.70,25493,1402
2746.99,26227,1442
2748.28,26980,1485
2749.57,27714,1527
2750.86,28321,1562
2752.15,28968,1600
2753.44,29549,1634
2754.73,30161,1670
2756.02,30494,1692
2757.30,30848,1714
2758.59,30752,1713
2759.88,30101,1684
2761.17,30596,1713
2762.46,31247,1750
2763.75,31628,1772
2765.04,31265,1757
2766.33,31264,1756
2767.62,31646,1778
2768.91,31739,1786
2770.20,32235,1814
2771.48,32201,1812
2772.77,32379,1822
2774.06,32566,1831
2775.35,32474,1825
2776.64,32580,1830
2777.93,32580,1828
2779.22,32699,1834
2780.51,32543,1823
2781.80,32478,1819
2783.09,32631,1825
2784.37,32508,1818
2785.66,32553,1821
2786.95,32397,1812
2788.24,32410,1812
2789.53,32219,1800
2790.82,32119,1793
2792.11,32002,1787
2793.40,31787,1774
2794.69,31761,1774
2795.98,31480,1756
2797.27,31382,1749
2798.55,31030,1728
2799.84,30869,1720
2801.13,30640,1706
2802.42,30343,1687
2803.71,29912,1664
2805.00,29678,1651
2806.29,29312,1629
2807.58,29181,1623
2808.87,28920,1605
2810.16,28402,1576
2811.45,28290,1569
2812.73,28218,1564
2814.02,28239,1561
2815.31,27857,1538
2816.60,27687,1525
2817.89,27599,1516
2819.18,27133,1488
2820.47,26599,1457
2821.76,26093,1425
2823.05,25152,1373
2824.34,24187,1320
2825.62,23063,1258
2826.91,21741,1185
2828.20,20582,1123
2829.49,19495,1063
2830.78,18482,1009
2832.07,17325,945
2833.36,16037,876
2834.65,15185,829
2835.94,13966,763
2837.23,13195,720
2838.52,12630,688
2839.80,11763,641
2841.09,11186,610
2842.38,10585,576
2843.67,10295,561
2844.96,9674,525
2846.25,8805,478
2847.54,8204,445
2848.83,7434,403
2850.12,6803,369
2851.41,6825,368
2852.70,6453,346
2853.98,5909,317
2855.27,5123,275
2856.56,4443,239
2857.85,3850,207
2859.14,3263,175
2860.43,2772,149
2861.72,2336,126
2863.01,1926,103
2864.30,1580,85
2865.59,1267,68
2866.87,951,51
2868.16,710,39
2869.45,506,28
2870.74,361,21
2872.03,254,14
2873.32,172,10
2874.61,146,9
2875.90,164,10
2877.19,220,13
2878.48,320,18
2879.77,456,25
2881.05,637,35
2882.34,854,47
2883.63,1105,60
2884.92,1446,77
2886.21,1779,96
2887.50,2105,113
2888.79,2494,134
2890.08,2916,157
2891.37,3386,181
2892.66,3852,207
2893.95,4351,234
2895.23,4938,266
2896.52,5523,298
2897.81,6177,334
2899.10,6841,370
2900.39,7523,408
2901.68,8177,444
2902.97,8925,484
2904.26,10354,561
2905.55,11194,607
2906.84,12610,681
2908.12,14277,770
2909.41,16684,895
2910.70,17389,935
2911.99,18959,1018
2913.28,19355,1042
2914.57,20843,1122
2915.86,21688,1169
2917.15,22434,1209
2918.44,23140,1250
2919.73,24081,1301
2921.02,25222,1365
2922.30,25948,1405
2923.59,26822,1454
2924.88,28243,1532
2926.17,29226,1587
2927.46,30213,1644
2928.75,31509,1716
2930.04,32338,1766
2931.33,33421,1825
2932.62,34638,1891
2933.91,35622,1948
2935.20,36725,2007
2936.48,37627,2059
2937.77,37889,2104
2939.06,37888,2155
2940.35,37888,2216
2941.64,37888,2261
2942.93,37888,2309
2944.22,37888,2369
2945.51,37888,2398
2946.80,37888,2441
2948.09,37888,2445
2949.37,37888,2489
2950.66,37888,2484
2951.95,37888,2507
2953.24,37888,2549
2954.53,37888,2580
2955.82,37888,2566
2957.11,37888,2603
2958.40,37888,2627
2959.69,37888,2620
2960.98,37888,2630
2962.27,37888,2680
2963.55,37888,2678
2964.84,37888,2690
2966.13,37888,2674
2967.42,37888,2672
2968.71,37888,2645
2970.00,37888,2617
2971.29,37888,2593
2972.58,37888,2592
2973.87,37888,2562
2975.16,37888,2496
2976.45,37888,2328
2977.73,37888,2259
2979.02,37888,2270
2980.31,37888,2261
2981.60,37888,2233
2982.89,37889,2111
2984.18,37175,2037
2985.47,35823,1963
2986.76,35457,1940
2988.05,34807,1904
2989.34,34512,1887
2990.62,34182,1866
2991.91,33709,1838
2993.20,33059,1802
2994.49,32459,1769
2995.78,31688,1727
2997.07,30423,1658
2998.36,29470,1606
2999.65,28505,1555
3000.94,27520,1504
3002.23,26335,1441
3003.52,25074,1372
3004.80,24028,1316
3006.09,23219,1272
3007.38,22204,1217
3008.67,21202,1162
3009.96,20312,1114
3011.25,19446,1066
3012.54,18522,1016
3013.83,17615,966
3015.12,16874,925
3016.41,16094,880
3017.70,15264,835
3018.98,14588,797
3020.27,13893,759
3021.56,13163,722
3022.85,12372,682
3024.14,10404,586
3025.43,10065,565
3026.72,9369,524
3028.01,9107,507
3029.30,8440,469
3030.59,7873,437
3031.87,7297,403
3033.16,6467,357
3034.45,5877,323
3035.74,5283,291
3037.03,4729,259
3038.32,4138,227
3039.61,3471,189
3040.90,3063,167
3042.19,2554,139
3043.48,2096,114
3044.77,1658,91
3046.05,1321,72
3047.34,1018,56
3048.63,747,41
3049.92,520,30
3051.21,345,20
3052.50,223,13
3053.79,173,10
3055.08,179,11
3056.37,240,15
3057.66,361,20
3058.95,534,29
3060.23,761,42
3061.52,1065,59
3062.81,1379,75
3064.10,1747,95
3065.39,2170,118
3066.68,2607,143
3067.97,3125,170
3069.26,3660,199
3070.55,4251,231
3071.84,4852,264
3073.12,5537,302
3074.41,6269,343
3075.70,6971,380
3076.99,7625,417
3078.28,8388,458
3079.57,9095,498
3080.86,10003,546
3082.15,10779,589
3083.44,11510,629
3084.73,12212,668
3086.02,12778,701
3087.30,13145,721
3088.59,13673,752
3089.88,14061,773
3091.17,14756,812
3092.46,15450,851
3093.75,16271,896
3095.04,16871,929
3096.33,17745,977
3097.62,18453,1016
3098.91,19360,1066
3100.20,20271,1117
3101.48,21108,1163
3102.77,22077,1216
3104.06,22935,1264
3105.35,23804,1312
3106.64,24660,1359
3107.93,25432,1403
3109.22,26293,1452
3110.51,26918,1489
3111.80,27516,1525
3113.09,28011,1553
3114.37,28604,1589
3115.66,28824,1602
3116.95,29374,1636
3118.24,30304,1687
3119.53,29524,1651
3120.82,29396,1647
3122.11,30029,1685
3123.40,30829,1729
3124.69,31221,1752
3125.98,31327,1760
3127.27,31266,1757
3128.55,31669,1777
3129.84,31768,1784
3131.13,32154,1805
3132.42,32262,1809
3133.71,32614,1828
3135.00,32818,1837
3136.29,33252,1863
3137.58,33397,1871
3138.87,33480,1871
3140.16,33243,1854
3141.45,33293,1857
3142.73,33478,1864
3144.02,33493,1865
3145.31,33519,1866
3146.60,33609,1869
3147.89,33569,1866
3149.18,33509,1862
3150.47,33443,1858
3151.76,33314,1848
3153.05,33473,1857
3154.34,33176,1841
3155.62,32960,1827
3156.91,32657,1810
3158.20,32488,1799
3159.49,32210,1782
3160.78,31880,1764
3162.07,31509,1741
3163.36,31237,1728
3164.65,30870,1707
3165.94,30596,1692
3167.23,30183,1668
3168.52,30017,1658
3169.80,29780,1645
3171.09,29448,1624
3172.38,29227,1612
3173.67,29324,1615
3174.96,28947,1591
3176.25,28679,1574
3177.54,28267,1550
3178.83,27675,1517
3180.12,27066,1480
3181.41,26356,1440
3182.70,25564,1395
3183.98,24532,1339
3185.27,23532,1283
3186.56,22585,1232
3187.85,21719,1185
3189.14,20659,1126
3190.43,19703,1074
3191.72,18687,1018
3193.01,17582,958
3194.30,16415,896
3195.59,15361,839
3196.87,14470,791
3198.16,13986,763
3199.45,13190,720
3200.74,12240,667
3202.03,11468,627
3203.32,10917,595
3204.61,10531,573
3205.90,9653,527
3207.19,9381,511
3208.48,8577,466
3209.77,7761,422
3211.05,7458,403
3212.34,7066,380
3213.63,6823,366
3214.92,6154,330
3216.21,5086,273
3217.50,4509,242
3218.79,3851,208
3220.08,3278,177
3221.37,2765,149
3222.66,2325,125
3223.95,1936,105
3225.23,1551,84
3226.52,1227,66
3227.81,894,49
3229.10,670,37
3230.39,480,26
3231.68,327,19
3232.97,216,13
3234.26,154,9
3235.55,142,9
3236.84,180,11
3238.12,268,15
3239.41,396,22
3240.70,598,33
3241.99,791,43
3243.28,1077,59
3244.57,1400,76
3245.86,1759,95
3247.15,2165,117
3248.44,2564,139
3249.73,3210,172
3251.02,3835,207
3252.30,4470,240
3253.59,5257,283
3254.88,6005,324
3256.17,6633,358
3257.46,7191,389
3258.75,8177,443
3260.04,8923,482
3261.33,9446,513
3262.62,9837,538
3263.91,10741,586
3265.20,11669,637
3266.48,13684,743
3267.77,15637,848
3269.06,16044,872
3270.35,16978,925
3271.64,18253,992
3272.93,19435,1059
3274.22,20310,1106
3275.51,20781,1133
3276.80,21278,1163
3278.09,22201,1212
3279.37,22600,1235
3280.66,23864,1304
3281.95,24010,1319
3283.24,24833,1363
3284.53,26191,1437
3285.82,27403,1502
3287.11,28249,1550
3288.40,29925,1639
3289.69,31665,1732
3290.98,32772,1793
3292.27,34129,1864
3293.55,35394,1928
3294.84,37389,2035
3296.13,37889,2099
3297.42,37888,2153
3298.71,37888,2214
3300.00,37888,2294
3301.29,37888,2356
3302.58,37888,2449
3303.87,37888,2470
3305.16,37888,2500
3306.45,37888,2567
3307.73,37888,2575
3309.02,37888,2600
3310.31,37888,2595
3311.60,37888,2674
3312.89,37888,2671
3314.18,37888,2654
3315.47,37888,2691
3316.76,37888,2736
3318.05,37888,2770
3319.34,37888,2798
3320.62,37888,2811
3321.91,37888,2790
3323.20,37888,2840
3324.49,37888,2834
3325.78,37888,2853
3327.07,37888,2845
3328.36,37888,2823
3329.65,37888,2807
3330.94,37888,2790
3332.23,37888,2751
3333.52,37888,2728
3334.80,37888,2648
3336.09,37888,2501
3337.38,37888,2380
3338.67,37888,2419
3339.96,37888,2394
3341.25,37888,2313
3342.54,37888,2149
3343.83,37539,2064
3345.12,36443,2003
3346.41,36125,1984
3347.70,35310,1940
3348.98,34940,1916
3350.27,34160,1874
3351.56,33373,1830
3352.85,32340,1774
3354.14,31241,1715
3355.43,30164,1655
3356.72,29084,1595
3358.01,28034,1539
3359.30,27119,1489
3360.59,26021,1429
3361.87,24960,1370
3363.16,23998,1318
3364.45,23193,1274
3365.74,22321,1227
3367.03,21432,1177
3368.32,20469,1123
3369.61,19691,1080
3370.90,18969,1040
3372.19,18316,1004
3373.48,17430,955
3374.77,16662,911
3376.05,15891,869
3377.34,15143,828
3378.63,14418,788
3379.92,13857,757
3381.21,12141,673
3382.50,10297,577
3383.79,10449,578
3385.08,9881,546
3386.37,9453,521
3387.66,8916,491
3388.95,8333,458
3390.23,7679,422
3391.52,7186,394
3392.81,6492,355
3394.10,5937,324
3395.39,5297,288
3396.68,4745,259
3397.97,4201,230
3399.26,3719,203
3400.55,3310,180
3401.84,2909,158
3403.12,2536,138
3404.41,2065,112
3405.70,1697,92
3406.99,1350,73
3408.28,1066,58
3409.57,800,44
3410.86,575,32
3412.15,403,23
3413.44,261,15
3414.73,190,11
3416.02,180,11
3417.30,233,14
3418.59,340,19
3419.88,521,29
3421.17,769,41
3422.46,1084,58
3423.75,1461,79
3425.04,1901,102
3426.33,2427,130
3427.62,2974,159
3428.91,3499,188
3430.20,4052,218
3431.48,4623,249
3432.77,5225,281
3434.06,5907,318
3435.35,6566,355
3436.64,7358,398
3437.93,8214,446
3439.22,9171,497
3440.51,10068,546
3441.80,10967,593
3443.09,11982,649
3444.37,13028,705
3445.66,14077,762
3446.95,14323,779
3448.24,14478,790
3449.53,14810,810
3450.82,15252,836
3452.11,16013,878
3453.40,16687,916
3454.69,17557,963
3455.98,18161,998
3457.27,18800,1033
3458.55,19908,1095
3459.84,20832,1146
3461.13,21829,1201
3462.42,22796,1254
3463.71,23702,1304
3465.00,24632,1357
3466.29,25435,1402
3467.58,26230,1447
3468.87,26906,1487
3470.16,27468,1520
3471.45,27872,1544
3472.73,29012,1608
3474.02,29654,1644
3475.31,30147,1673
3476.60,31017,1724
3477.89,30591,1704
3479.18,30525,1702
3480.47,31692,1768
3481.76,32284,1803
3483.05,32667,1824
3484.34,32852,1835
3485.62,33040,1845
3486.91,33103,1848
3488.20,33231,1852
3489.49,33721,1880
3490.78,34009,1896
3492.07,34236,1906
3493.36,34594,1928
3494.65,34617,1923
3495.94,34761,1932
3497.23,34789,1930
3498.52,34878,1935
3499.80,34976,1939
3501.09,34894,1934
3502.38,34951,1936
3503.67,34897,1931
3504.96,34968,1938
3506.25,34877,1933
3507.54,34948,1936
3508.83,34808,1928
3510.12,34683,1919
3511.41,34545,1913
3512.70,34345,1900
3513.98,34383,1905
3515.27,34067,1887
3516.56,33864,1874
3517.85,33597,1860
3519.14,33140,1834
3520.43,32826,1816
3521.72,32469,1796
3523.01,31939,1767
3524.30,31542,1746
3525.59,31270,1729
3526.87,30779,1704
3528.16,30470,1687
3529.45,30284,1676
3530.74,29844,1651
3532.03,29370,1623
3533.32,29216,1613
3534.61,29270,1615
3535.90,28859,1591
3537.19,28511,1569
3538.48,28179,1548
3539.77,27678,1520
3541.05,26956,1480
3542.34,26336,1442
3543.63,25403,1388
3544.92,24332,1330
3546.21,23316,1273
3547.50,22300,1219
3548.79,21225,1160
3550.08,19930,1090
3551.37,18975,1038
3552.66,17953,981
3553.95,16352,896
3555.23,15443,847
3556.52,14250,782
3557.81,13663,748
3559.10,12838,702
3560.39,12040,658
3561.68,11047,604
3562.97,10399,569
3564.26,9959,546
3565.55,8941,490
3566.84,8447,462
3568.12,7623,417
3569.41,6380,349
3570.70,6070,331
3571.99,5508,300
3573.28,5069,275
3574.57,4413,240
3575.86,3920,213
3577.15,3699,200
3578.44,3308,179
3579.73,2815,152
3581.02,2299,125
3582.30,1943,106
3583.59,1569,85
3584.88,1214,67
3586.17,919,50
3587.46,701,39
3588.75,506,28
3590.04,337,19
3591.33,232,13
3592.62,162,10
3593.91,133,8
3595.20,143,9
3596.48,198,11
3597.77,293,17
3599.06,439,25
3600.35,600,33
3601.64,832,46
switching colors
3602.93,423,9
3604.22,522,11
3605.51,642,14
3606.80,773,17
3608.09,929,20
3609.37,1080,22
3610.66,1226,25
3611.95,1400,29
3613.24,1555,32
3614.53,1739,36
3615.82,1915,40
3617.11,2090,43
3618.40,2279,47
3619.69,2468,51
3620.98,2694,56
3622.27,2911,60
3623.55,3166,66
3624.84,3415,71
3626.13,3685,76
3627.42,3998,82
3628.71,4246,88
3630.00,4479,92
3631.29,4777,99
3632.58,5108,105
3633.87,5387,111
3635.16,5648,117
3636.45,5945,123
3637.73,6241,128
3639.02,6547,134
3640.31,6816,140
3641.60,7133,147
3642.89,7379,151
3644.18,7625,157
3645.47,7913,162
3646.76,8199,168
3648.05,8490,175
3649.34,8752,180
3650.62,9034,186
3651.91,9300,191
3653.20,9549,197
3654.49,9792,201
3655.78,10031,207
3657.07,10254,211
3658.36,10526,217
3659.65,10831,224
3660.94,11143,230
3662.23,11332,234
3663.52,11614,239
3664.80,11859,245
3666.09,12135,251
3667.38,12367,255
3668.67,12554,259
3669.96,12788,264
3671.25,13146,272
3672.54,13294,275
3673.83,13349,277
3675.12,13526,281
3676.41,13753,285
3677.70,13854,287
3678.98,14089,293
3680.27,14288,297
3681.56,14394,298
3682.85,14579,303
3684.14,14671,304
3685.43,14671,305
3686.72,14844,308
3688.01,15098,312
3689.30,15439,320
3690.59,15844,328
3691.87,15861,327
3693.16,15947,330
3694.45,16075,332
3695.74,16116,332
3697.03,16123,333
3698.32,16069,332
3699.61,16064,331
3700.90,16095,332
3702.19,16104,331
3703.48,16062,332
3704.77,15845,328
3706.05,15606,323
3707.34,15216,315
3708.63,14356,298
3709.92,12388,256
3711.21,11833,245
3712.50,11632,241
3713.79,11461,238
3715.08,11200,233
3716.37,10944,227
3717.66,10457,217
3718.95,9981,206
3720.23,9581,198
3721.52,9144,189
3722.81,8675,179
3724.10,8394,173
3725.39,8206,169
3726.68,7939,164
3727.97,7701,159
3729.26,7497,155
3730.55,7158,148
3731.84,6959,144
3733.12,6524,135
3734.41,6176,128
3735.70,5998,124
3736.99,5546,115
3738.28,5249,109
3739.57,4892,102
3740.86,4552,95
3742.15,4223,88
3743.44,3840,80
3744.73,3532,74
3746.02,3262,68
3747.30,2995,63
3748.59,2729,57
3749.88,2495,52
3751.17,2246,47
3752.46,2013,42
3753.75,1807,37
3755.04,1612,33
3756.33,1412,30
3757.62,1241,26
3758.91,1093,23
3760.20,930,20
3761.48,777,17
3762.77,656,14
3764.06,543,12
3765.35,450,10
3766.64,364,8
3767.93,283,6
3769.22,209,5
3770.51,147,4
3771.80,101,3
3773.09,70,2
3774.37,53,1
3775.66,54,2
3776.95,72,2
3778.24,110,3
3779.53,166,4
3780.82,240,5
3782.11,345,7
3783.40,433,9
3784.69,523,11
3785.98,652,14
3787.27,797,17
3788.55,950,20
3789.84,1105,24
3791.13,1295,27
3792.42,1492,32
3793.71,1707,36
3795.00,1955,41
3796.29,2247,48
3797.58,2563,54
3798.87,2910,62
3800.16,3267,70
3801.45,3681,78
3802.73,3987,84
3804.02,4370,92
3805.31,4763,101
3806.60,5123,108
3807.89,5454,115
3809.18,5813,122
3810.47,6190,130
3811.76,6571,138
3813.05,6973,146
3814.34,7386,155
3815.62,7723,163
3816.91,8065,170
3818.20,8508,180
3819.49,8936,189
3820.78,9257,195
3822.07,9586,202
3823.36,9955,210
3824.65,10193,215
3825.94,10278,216
3827.23,10244,214
3828.52,10644,222
3829.80,10489,218
3831.09,10747,223
3832.38,10818,225
3833.67,11175,232
3834.96,11253,233
3836.25,11135,230
3837.54,11203,232
3838.83,11366,235
3840.12,11648,240
3841.41,11963,247
3842.70,12394,257
3843.98,12417,256
3845.27,12574,259
3846.56,12811,264
3847.85,12994,268
3849.14,13194,272
3850.43,13393,276
3851.72,13567,280
3853.01,13730,283
3854.30,13871,285
3855.59,14003,288
3856.87,14140,290
3858.16,14271,293
3859.45,14368,295
3860.74,14441,297
3862.03,14510,298
3863.32,14562,299
3864.61,14602,300
3865.90,14629,301
3867.19,14630,300
3868.48,14621,300
3869.77,14593,299
3871.05,14552,299
3872.34,14503,297
3873.63,14449,297
3874.92,14368,294
3876.21,14265,292
3877.50,14131,290
3878.79,13994,287
3880.08,13859,284
3881.37,13685,281
3882.66,13480,277
3883.95,13260,272
3885.23,13043,267
3886.52,12824,263
3887.81,12599,259
3889.10,12364,254
3890.39,12184,251
3891.68,12055,247
3892.97,11814,243
3894.26,11962,246
3895.55,11719,241
3896.84,11415,235
3898.12,11052,228
3899.41,10624,218
3900.70,10303,212
3901.99,9838,202
3903.28,9462,195
3904.57,9033,186
3905.86,8670,179
3907.15,8200,169
3908.44,7786,160
3909.73,7509,155
3911.02,7141,147
3912.30,6830,140
3913.59,6542,135
3914.88,6231,129
3916.17,5940,123
3917.46,5631,116
3918.75,5337,110
3920.04,5020,104
3921.33,4749,98
3922.62,4496,92
3923.91,4206,87
3925.20,3962,82
3926.48,3642,75
3927.77,3355,69
3929.06,3067,64
3930.35,2793,58
3931.64,2558,53
3932.93,2334,48
3934.22,2107,43
3935.51,1853,38
3936.80,1631,34
3938.09,1449,29
3939.37,1265,27
3940.66,1072,22
3941.95,891,19
3943.24,750,16
3944.53,612,13
3945.82,491,10
3947.11,382,8
3948.40,287,6
3949.69,215,5
3950.98,144,3
3952.27,100,3
3953.55,68,2
3954.84,54,2
3956.13,56,2
3957.42,76,2
3958.71,110,3
3960.00,159,3
3961.29,220,5
3962.58,312,6
3963.87,414,9
3965.16,529,11
3966.45,651,14
3967.73,795,17
3969.02,951,20
3970.31,1126,24
3971.60,1321,28
3972.89,1562,32
3974.18,1758,36
3975.47,2020,42
3976.76,2305,47
3978.05,2565,53
3979.34,2819,58
3980.62,3057,63
3981.91,3282,68
3983.20,3494,72
3984.49,3658,75
3985.78,3901,80
3987.07,4161,85
3988.36,4449,91
3989.65,4756,97
3990.94,5017,102
3992.23,5312,108
3993.52,5629,115
3994.80,5929,121
3996.09,6168,125
3997.38,6479,131
3998.67,6797,138
3999.96,7102,144
4001.25,7422,151
4002.54,7710,156
4003.83,8008,163
4005.12,8262,167
4006.41,8546,173
4007.70,8840,179
4008.98,9068,183
4010.27,9307,189
4011.56,9563,194
4012.85,9788,198
4014.14,10028,204
4015.43,10246,208
4016.72,10494,213
4018.01,10663,216
4019.30,10710,217
4020.59,10826,220
4021.87,10963,222
4023.16,11064,224
4024.45,11174,227
4025.74,11104,226
4027.03,11227,228
4028.32,11384,231
4029.61,11325,230
4030.90,11220,229
4032.19,11253,229
4033.48,11238,230
4034.77,11290,231
4036.05,11080,227
4037.34,11151,228
4038.63,10891,223
4039.92,10754,221
4041.21,10825,222
4042.50,10927,223
4043.79,10800,222
4045.08,10793,222
4046.37,10812,222
4047.66,10474,215
4048.95,10647,219
4050.23,10515,216
4051.52,10272,212
4052.81,10146,209
4054.10,9899,204
4055.39,9761,201
4056.68,9765,201
4057.97,9257,192
4059.26,9323,193
4060.55,9586,197
4061.84,9436,194
4063.12,8976,186
4064.41,8714,181
4065.70,8332,173
4066.99,8217,171
4068.28,7840,163
4069.57,7582,158
4070.86,7391,154
4072.15,7431,154
4073.44,7295,152
4074.73,7020,146
4076.02,6822,141
4077.30,6996,145
4078.59,6566,137
4079.88,6342,131
4081.17,5916,124
4082.46,5654,118
4083.75,5589,117
4085.04,5451,114
4086.33,5467,113
4087.62,5409,112
4088.91,5217,108
4090.20,5019,104
4091.48,4919,101
4092.77,4738,97
4094.06,4485,93
4095.35,4286,88
4096.64,4022,83
4097.93,3804,78
4099.22,3613,74
4100.51,3425,70
4101.80,3146,65
4103.09,2944,60
4104.37,2782,57
4105.66,2646,54
4106.95,2409,49
4108.24,2186,45
4109.53,1977,41
4110.82,1829,37
4112.11,1592,33
4113.40,1406,29
4114.69,1253,26
4115.98,1123,23
4117.27,959,20
4118.55,851,18
4119.84,738,15
4121.13,637,13
4122.42,522,11
4123.71,424,10
4125.00,329,7
4126.29,259,6
4127.58,193,4
4128.87,145,4
4130.16,101,2
4131.45,67,1
4132.73,46,2
4134.02,37,1
4135.31,39,1
4136.60,51,2
4137.89,76,2
4139.18,107,3
4140.47,156,3
4141.76,214,4
4143.05,284,6
4144.34,354,8
4145.62,442,9
4146.91,540,11
4148.20,647,14
4149.49,777,16
4150.78,888,18
4152.07,1043,21
4153.36,1198,24
4154.65,1335,28
4155.94,1436,29
4157.23,1648,34
4158.52,1876,39
4159.80,2040,41
4161.09,2211,45
4162.38,2357,49
4163.67,2655,54
4164.96,2897,59
4166.25,3208,65
4167.54,3406,70
4168.83,3667,75
4170.12,3940,80
4171.41,4214,85
4172.70,4338,88
4173.98,4608,94
4175.27,4908,100
4176.56,5197,106
4177.85,5535,112
4179.14,5783,118
4180.43,6124,124
4181.72,6368,129
4183.01,6810,138
4184.30,7107,144
4185.59,7428,151
4186.87,7857,159
4188.16,8174,166
4189.45,8499,172
4190.74,8763,177
4192.03,9110,185
4193.32,9406,190
4194.61,9744,198
4195.90,10044,204
4197.19,10345,210
4198.48,10607,215
4199.77,10878,221
4201.05,11118,225
4202.34,11366,230
4203.63,11565,234
4204.92,11860,240
4206.21,11817,240
4207.50,11863,240
4208.79,11511,233
4210.08,10877,221
4211.37,10926,222
4212.66,10739,219
4213.95,10362,211
4215.23,10148,208
4216.52,9785,201
4217.81,9216,190
4219.10,9105,189
4220.39,8906,185
4221.68,8641,179
4222.97,8580,178
4224.26,8593,179
4225.55,8344,174
4226.84,7219,153
4228.12,6700,143
4229.41,5834,126
4230.70,5113,112
4231.99,4726,105
4233.28,4336,98
4234.57,4115,93
4235.86,3692,85
4237.15,3393,79
4238.44,3197,75
4239.73,2816,68
4241.02,2608,63
4242.30,2504,61
4243.59,2412,59
4244.88,2294,57
4246.17,2218,55
4247.46,2106,53
4248.75,2021,51
4250.04,1946,49
4251.33,1898,49
4252.62,1870,47
4253.91,1823,46
4255.20,1784,45
4256.48,1770,44
4257.77,1759,44
4259.06,1821,45
4260.35,1748,43
4261.64,1808,44
4262.93,1826,44
4264.22,1687,41
4265.51,1680,40
4266.80,1634,39
4268.09,1552,37
4269.37,1436,35
4270.66,1337,33
4271.95,1243,31
4273.24,1176,28
4274.53,1091,27
4275.82,1011,25
4277.11,931,23
4278.40,877,22
4279.69,814,20
4280.98,750,19
4282.27,689,17
4283.55,649,17
4284.84,597,15
4286.13,553,14
4287.42,506,13
4288.71,461,12
4290.00,417,11
4291.29,388,10
4292.58,350,9
4293.87,317,8
4295.16,285,7
4296.45,252,6
4297.73,224,6
4299.02,195,5
4300.31,166,4
4301.60,145,4
4302.89,117,3
4304.18,98,3
4305.47,79,2
4306.76,63,2
4308.05,49,1
4309.34,38,1
4310.62,29,1
4311.91,22,1
4313.20,18,1
4314.49,18,1
4315.78,22,1
4317.07,28,1
4318.36,38,1
4319.65,53,1
4320.94,68,2
4322.23,94,2
4323.52,123,3
4324.80,154,4
4326.09,184,4
4327.38,223,6
4328.67,272,7
4329.96,322,7
4331.25,375,9
4332.54,441,10
4333.83,503,12
4335.12,577,13
4336.41,660,15
4337.70,760,17
4338.98,848,19
4340.27,935,21
4341.56,1070,24
4342.85,1172,26
4344.14,1297,29
4345.43,1422,32
4346.72,1557,34
4348.01,1668,37
4349.30,1783,39
4350.59,2087,45
4351.87,2218,48
4353.16,2365,51
4354.45,2511,54
4355.74,2646,57
4357.03,2890,62
4358.32,3094,67
4359.61,3283,71
4360.90,3506,75
4362.19,3677,79
4363.48,3880,83
4364.77,4008,85
4366.05,4298,91
4367.34,4386,94
4368.63,4624,98
4369.92,4924,104
4371.21,5150,109
4372.50,5359,113
4373.79,5666,119
4375.08,5888,124
4376.37,6128,129
4377.66,6406,135
4378.95,6543,138
4380.23,7065,147
4381.52,7567,158
4382.81,7761,162
4384.10,8016,166
4385.39,8366,174
4386.68,8888,183
4387.97,8985,186
4389.26,9028,187
4390.55,9214,190
4391.84,9596,198
4393.12,9493,196
4394.41,9488,196
4395.70,9484,196
4396.99,9698,201
4398.28,9831,203
4399.57,10033,207
4400.86,10211,211
4402.15,10174,209
4403.44,10160,210
4404.73,10380,214
4406.02,10340,213
4407.30,10395,214
4408.59,10356,213
4409.88,10375,213
4411.17,10619,218
4412.46,10600,217
4413.75,10467,214
4415.04,10320,211
4416.33,10496,215
4417.62,10240,210
4418.91,10001,206
4420.20,9667,199
4421.48,9897,203
4422.77,9933,203
4424.06,9773,200
4425.35,9594,196
4426.64,9617,197
4427.93,9517,194
4429.22,9402,192
4430.51,9193,188
4431.80,8874,182
4433.09,8763,179
4434.37,8631,177
4435.66,8272,169
4436.95,8218,168
4438.24,7977,163
4439.53,7810,160
4440.82,7486,153
4442.11,7302,149
4443.40,7012,143
4444.69,6816,139
4445.98,6369,130
4447.27,6117,124
4448.55,5912,120
4449.84,5612,115
4451.13,5349,110
4452.42,5168,106
4453.71,4969,102
4455.00,4704,95
4456.29,4425,91
4457.58,4165,86
4458.87,3976,81
4460.16,3729,76
4461.45,3469,71
4462.73,3304,68
4464.02,3033,62
4465.31,2749,57
4466.60,2562,53
4467.89,2355,48
4469.18,2216,46
4470.47,2049,42
4471.76,1873,39
4473.05,1702,35
4474.34,1522,31
4475.62,1405,29
4476.91,1222,25
4478.20,1041,21
4479.49,912,19
4480.78,777,16
4482.07,632,13
4483.36,517,11
4484.65,440,9
4485.94,353,8
4487.23,267,6
4488.52,204,4
4489.80,147,4
4491.09,104,3
4492.38,69,1
4493.67,47,1
4494.96,38,1
4496.25,39,1
4497.54,50,1
4498.83,72,2
4500.12,103,3
4501.41,145,3
4502.70,194,4
4503.98,262,6
4505.27,343,8
4506.56,413,9
4507.85,523,11
4509.14,613,13
4510.43,729,15
4511.72,858,18
4513.01,981,20
4514.30,1148,24
4515.59,1281,26
4516.87,1419,30
4518.16,1624,34
4519.45,1821,38
4520.74,2095,43
4522.03,2331,48
4523.32,2548,52
4524.61,2706,56
4525.90,2921,60
4527.19,3125,64
4528.48,3342,69
4529.77,3510,72
4531.05,3712,76
4532.34,3904,80
4533.63,4097,84
4534.92,4265,87
4536.21,4525,93
4537.50,4770,98
4538.79,4905,101
4540.08,5532,113
4541.37,5738,117
4542.66,6207,127
4543.95,6777,138
4545.23,7221,147
4546.52,7808,157
4547.81,8420,170
4549.10,8965,181
4550.39,9422,190
4551.68,9832,199
4552.97,10212,206
4554.26,10532,213
4555.55,10789,219
4556.84,11031,224
4558.12,11263,228
4559.41,11444,234
4560.70,11635,237
4561.99,11803,242
4563.28,12003,246
4564.57,12191,249
4565.86,12382,254
4567.15,12595,258
4568.44,12761,261
4569.73,12992,266
4571.02,13197,271
4572.30,13406,275
4573.59,13624,280
4574.88,13880,284
4576.17,14082,288
4577.46,14195,291
4578.75,14281,292
4580.04,14334,294
4581.33,14365,294
4582.62,14355,295
4583.91,14333,294
4585.20,14304,294
4586.48,14258,293
4587.77,14174,291
4589.06,14106,289
4590.35,14021,288
4591.64,13911,286
4592.93,13794,283
4594.22,13710,282
4595.51,13525,278
4596.80,13343,274
4598.09,13201,271
4599.37,12995,268
4600.66,12863,265
4601.95,13914,289
4603.24,13149,273
4604.53,13239,275
4605.82,12841,267
4607.11,12200,252
4608.40,11925,247
4609.69,11672,242
4610.98,11729,243
4612.27,11433,237
4613.55,11229,232
4614.84,10944,226
4616.13,10653,221
4617.42,10413,215
4618.71,10155,210
4620.00,9799,204
4621.29,9461,196
4622.58,9081,188
4623.87,8776,182
4625.16,8443,175
4626.45,8052,167
4627.73,7609,158
4629.02,7275,151
4630.31,6962,144
4631.60,6618,137
4632.89,6266,129
4634.18,5938,123
4635.47,5589,115
4636.76,5236,109
4638.05,4944,102
4639.34,4669,97
4640.62,4385,91
4641.91,4092,85
4643.20,3799,78
4644.49,3512,72
4645.78,3220,67
4647.07,2971,62
4648.36,2721,56
4649.65,2482,51
4650.94,2234,46
4652.23,2021,42
4653.52,1797,37
4654.80,1570,33
4656.09,1378,28
4657.38,1193,25
4658.67,1011,21
4659.96,865,18
4661.25,742,15
4662.54,606,13
4663.83,491,11
4665.12,398,9
4666.41,319,7
4667.70,239,5
4668.98,172,4
4670.27,126,3
4671.56,86,1
4672.85,61,1
4674.14,48,1
4675.43,47,2
4676.72,56,2
4678.01,80,2
4679.30,117,3
4680.59,172,4
4681.87,236,5
4683.16,308,7
4684.45,396,9
4685.74,491,10
4687.03,609,13
4688.32,740,16
4689.61,886,18
4690.90,1046,22
4692.19,1226,25
4693.48,1426,29
4694.77,1618,33
4696.05,1823,37
4697.34,2054,42
4698.63,2263,46
4699.92,2502,51
4701.21,2740,56
4702.50,3022,62
4703.79,3288,68
4705.08,3549,73
4706.37,3849,79
4707.66,4147,85
4708.95,4404,90
4710.23,4741,97
4711.52,5061,104
4712.81,5359,109
4714.10,5639,115
4715.39,5954,121
4716.68,6268,129
4717.97,6586,134
4719.26,6905,142
4720.55,7210,147
4721.84,7488,153
4723.12,7776,159
4724.41,8128,166
4725.70,8425,172
4726.99,8718,178
4728.28,9027,184
4729.57,9328,190
4730.86,9570,196
4732.15,9836,201
4733.44,10050,205
4734.73,10365,212
4736.02,10562,216
4737.30,10791,220
4738.59,11018,225
4739.88,11230,229
4741.17,11443,234
4742.46,11657,238
4743.75,11834,241
4745.04,11994,245
4746.33,12175,249
4747.62,12335,252
4748.91,12468,254
4750.20,12625,257
4751.48,12774,261
4752.77,12879,262
4754.06,12982,265
4755.35,13081,267
4756.64,13150,268
4757.93,13234,270
4759.22,13259,270
4760.51,13278,271
4761.80,13291,271
4763.09,13303,271
4764.37,13298,272
4765.66,13244,270
4766.95,13241,270
4768.24,13190,269
4769.53,13115,268
4770.82,13102,267
4772.11,13026,266
4773.40,12959,264
4774.69,12919,263
4775.98,12803,261
4777.27,12736,260
4778.55,12538,256
4779.84,12324,252
4781.13,12143,248
4782.42,12032,245
4783.71,11931,244
4785.00,11793,240
4786.29,11582,236
4787.58,11434,233
4788.87,11231,228
4790.16,11061,226
4791.45,10853,221
4792.73,10580,216
4794.02,10384,212
4795.31,10115,206
4796.60,9788,199
4797.89,9545,194
4799.18,9251,189
4800.47,8992,183
4801.76,8667,177
4803.05,8385,171
4804.34,8088,165
4805.62,7798,159
4806.91,7391,151
4808.20,7075,144
4809.49,6781,138
4810.78,6455,132
4812.07,6138,125
4813.36,5824,119
4814.65,5563,114
4815.94,5263,108
4817.23,4975,101
4818.52,4702,96
4819.80,4418,91
4821.09,4079,84
4822.38,3847,79
4823.67,3546,73
4824.96,3298,68
4826.25,3001,62
4827.54,2768,57
4828.83,2529,52
4830.12,2301,48
4831.41,2069,43
4832.70,1847,37
4833.98,1648,34
4835.27,1442,30
4836.56,1263,26
4837.85,1080,22
4839.14,917,19
4840.43,773,16
4841.72,645,14
4843.01,525,11
4844.30,414,8
4845.59,329,6
4846.87,249,6
4848.16,179,4
4849.45,129,3
4850.74,90,2
4852.03,62,2
4853.32,46,1
4854.61,43,1
4855.90,53,2
4857.19,77,2
4858.48,111,2
4859.77,161,3
4861.05,220,5
4862.34,290,6
4863.63,377,8
4864.92,476,10
4866.21,585,12
4867.50,697,15
4868.79,827,17
4870.08,986,21
4871.37,1136,23
4872.66,1290,26
4873.95,1475,30
4875.23,1670,34
4876.52,1836,38
4877.81,2014,41
4879.10,2239,46
4880.39,2447,50
4881.68,2662,55
4882.97,2887,59
4884.26,3103,64
4885.55,3317,68
4886.84,3549,73
4888.12,3797,78
4889.41,4041,83
4890.70,4292,88
4891.99,4537,93
4893.28,4794,98
4894.57,5052,103
4895.86,5327,109
4897.15,5624,115
4898.44,5941,122
4899.73,6194,127
4901.02,6515,133
4902.30,6760,138
4903.59,7039,144
4904.88,7369,151
4906.17,7670,158
4907.46,7926,163
4908.75,8156,168
4910.04,8449,174
4911.33,8668,178
4912.62,8920,183
4913.91,9155,188
4915.20,9409,193
4916.48,9656,198
4917.77,9853,203
4919.06,10130,208
4920.35,10427,214
4921.64,10703,219
4922.93,10963,224
4924.22,11136,228
4925.51,11397,232
4926.80,11572,236
4928.09,11688,239
4929.37,11916,244
4930.66,12000,246
4931.95,12079,247
4933.24,12206,251
4934.53,12421,254
4935.82,12495,256
4937.11,12565,257
4938.40,12745,260
4939.69,12845,263
4940.98,12887,263
4942.27,12847,263
4943.55,12832,262
4944.84,12847,263
4946.13,12834,262
4947.42,12868,262
4948.71,12830,262
4950.00,12902,263
4951.29,12918,263
4952.58,12804,259
4953.87,12686,259
4955.16,12549,255
4956.45,12390,253
4957.73,12156,248
4959.02,12091,246
4960.31,12076,246
4961.60,11884,242
4962.89,11672,238
4964.18,11545,234
4965.47,11322,230
4966.76,11106,226
4968.05,10858,221
4969.34,10617,216
4970.62,10404,212
4971.91,10124,206
4973.20,9854,201
4974.49,9579,196
4975.78,9360,190
4977.07,9092,185
4978.36,8734,179
4979.65,8502,173
4980.94,8214,168
4982.23,7952,163
4983.52,7684,158
4984.80,7429,152
4986.09,7185,147
4987.38,6914,141
4988.67,6631,135
4989.96,6389,131
4991.25,6141,125
4992.54,5867,120
4993.83,5601,113
4995.12,5364,109
4996.41,5090,104
4997.70,4802,98
4998.98,4514,92
5000.27,4255,87
5001.56,3993,81
5002.85,3735,76
5004.14,3486,71
5005.43,3231,66
5006.72,2973,61
5008.01,2730,56
5009.30,2474,51
5010.59,2243,46
5011.87,2010,41
5013.16,1798,37
5014.45,1587,33
5015.74,1411,30
5017.03,1251,25
5018.32,1067,22
5019.61,906,19
5020.90,751,16
5022.19,615,13
5023.48,514,11
5024.77,412,9
5026.05,332,7
5027.34,251,6
5028.63,186,4
5029.92,133,3
5031.21,92,2
5032.50,61,2
5033.79,43,1
5035.08,39,1
5036.37,48,2
5037.66,71,2
5038.95,109,3
5040.23,166,4
5041.52,234,5
5042.81,332,7
5044.10,447,10
5045.39,583,12
5046.68,717,15
5047.97,844,18
5049.26,1015,21
5050.55,1192,24
5051.84,1376,29
5053.12,1588,32
5054.41,1801,37
5055.70,2024,41
5056.99,2223,46
5058.28,2496,51
5059.57,2714,56
5060.86,2971,61
5062.15,3201,65
5063.44,3465,71
5064.73,3750,76
5066.02,4042,82
5067.30,4355,88
5068.59,4640,94
5069.88,4965,101
5071.17,5276,108
5072.46,5572,113
5073.75,5885,120
5075.04,6171,125
5076.33,6526,133
5077.62,6845,140
5078.91,7126,144
5080.20,7491,152
5081.48,7840,160
5082.77,8135,166
5084.06,8429,171
5085.35,8726,178
5086.64,9046,184
5087.93,9302,189
5089.22,9618,196
5090.51,9902,202
5091.80,10197,208
5093.09,10456,213
5094.37,10732,219
5095.66,10979,224
5096.95,11199,228
5098.24,11439,233
5099.53,11689,238
5100.82,11930,243
5102.11,12162,248
5103.40,12371,252
5104.69,12584,257
5105.98,12778,261
5107.27,12966,265
5108.55,13140,268
5109.84,13294,272
5111.13,13459,275
5112.42,13612,278
5113.71,13752,281
5115.00,13874,283
5116.29,13984,286
5117.58,14071,288
5118.87,14129,289
5120.16,14197,290
5121.45,14245,291
5122.73,14268,291
5124.02,14288,292
5125.31,14296,292
5126.60,14287,292
5127.89,14264,291
5129.18,14225,291
5130.47,14167,289
5131.76,14112,289
5133.05,14022,287
5134.34,13932,285
5135.62,13815,282
5136.91,13699,280
5138.20,13540,277
5139.49,13399,274
5140.78,13217,269
5142.07,13034,267
5143.36,12849,263
5144.65,12648,258
5145.94,12436,254
5147.23,12173,249
5148.52,11923,245
5149.80,11673,239
5151.09,11378,232
5152.38,11122,228
5153.67,10827,222
5154.96,10519,215
5156.25,10264,210
5157.54,9972,204
5158.83,9677,198
5160.12,9340,191
5161.41,9048,185
5162.70,8739,178
5163.98,8383,171
5165.27,8104,166
5166.56,7806,160
5167.85,7497,153
5169.14,7135,145
5170.43,6858,140
5171.72,6544,134
5173.01,6191,127
5174.30,5872,121
5175.59,5581,114
5176.87,5319,109
5178.16,4992,102
5179.45,4674,96
5180.74,4416,90
5182.03,4124,85
5183.32,3824,78
5184.61,3543,72
5185.90,3261,67
5187.19,3015,61
5188.48,2770,57
5189.77,2532,52
5191.05,2289,47
5192.34,2083,43
5193.63,1877,39
5194.92,1669,35
5196.21,1483,30
5197.50,1307,27
5198.79,1138,24
5200.08,981,20
5201.37,843,18
5202.66,719,15
5203.95,590,13
5205.23,482,10
5206.52,384,9
5207.81,294,6
5209.10,215,5
5210.39,158,4
5211.68,109,3
5212.97,75,2
5214.26,52,2
5215.55,45,2
5216.84,51,1
5218.12,73,2
5219.41,108,3
5220.70,160,4
5221.99,228,5
5223.28,302,6
5224.57,394,8
5225.86,505,11
5227.15,626,13
5228.44,750,16
5229.73,907,19
5231.02,1085,22
5232.30,1249,26
5233.59,1436,30
5234.88,1647,34
5236.17,1846,38
5237.46,2058,42
5238.75,2289,47
5240.04,2534,52
5241.33,2781,57
5242.62,3059,63
5243.91,3346,69
5245.20,3640,74
5246.48,3935,80
5247.77,4223,86
5249.06,4527,92
5250.35,4854,99
5251.64,5180,105
5252.93,5530,112
5254.22,5861,119
5255.51,6229,127
5256.80,6586,134
5258.09,6909,141
5259.37,7227,147
5260.66,7593,155
5261.95,7955,163
5263.24,8275,168
5264.53,8597,175
5265.82,8907,182
5267.11,9213,187
5268.40,9511,194
5269.69,9791,199
5270.98,10069,206
5272.27,10327,211
5273.55,10617,215
5274.84,10900,222
5276.13,11156,227
5277.42,11446,233
5278.71,11714,239
5280.00,11984,245
5281.29,12238,250
5282.58,12461,256
5283.87,12688,260
5285.16,12895,263
5286.45,13096,268
5287.73,13311,273
5289.02,13512,277
5290.31,13690,280
5291.60,13908,284
5292.89,14076,288
5294.18,14207,291
5295.47,14322,292
5296.76,14442,296
5298.05,14506,298
5299.34,14561,299
5300.62,14627,301
5301.91,14673,302
5303.20,14704,302
5304.49,14722,303
5305.78,14761,304
5307.07,14775,304
5308.36,14789,305
5309.65,14780,303
5310.94,14729,303
5312.23,14643,300
5313.52,14531,299
5314.80,14407,296
5316.09,14305,294
5317.38,14162,292
5318.67,14005,288
5319.96,13850,285
5321.25,13680,282
5322.54,13493,277
5323.83,13284,273
5325.12,13088,269
5326.41,12861,265
5327.70,12607,260
5328.98,12376,254
5330.27,12127,249
5331.56,11859,244
5332.85,11601,239
5334.14,11364,233
5335.43,11066,228
5336.72,10738,221
5338.01,10427,214
5339.30,10103,208
5340.59,9818,202
5341.87,9502,195
5343.16,9178,188
5344.45,8866,183
5345.74,8550,176
5347.03,8237,170
5348.32,7875,162
5349.61,7511,155
5350.90,7180,148
5352.19,6832,141
5353.48,6493,134
5354.77,6126,127
5356.05,5810,120
5357.34,5493,113
5358.63,5121,106
5359.92,4801,100
5361.21,4462,92
5362.50,4147,86
5363.79,3835,79
5365.08,3535,73
5366.37,3274,67
5367.66,2984,62
5368.95,2739,56
5370.23,2470,51
5371.52,2241,47
5372.81,2006,42
5374.10,1777,37
5375.39,1565,33
5376.68,1381,29
5377.97,1211,25
5379.26,1035,22
5380.55,877,18
5381.84,738,16
5383.12,600,13
5384.41,479,10
5385.70,366,8
5386.99,286,6
5388.28,213,5
5389.57,150,3
5390.86,103,3
5392.15,71,1
5393.44,53,2
5394.73,51,2
5396.02,66,1
5397.30,95,2
5398.59,141,3
5399.88,192,5
5401.17,274,6
5402.46,353,8
