
1.29,301,144
2.58,259,137
3.87,237,132
5.16,229,131
6.45,237,133
7.73,261,138
9.02,293,144
10.31,344,155
11.60,419,170
12.89,499,187
14.18,598,207
15.47,706,229
16.76,853,260
18.05,982,286
19.34,1134,318
20.62,1321,356
21.91,1526,398
23.20,1726,439
24.49,1939,483
25.78,2180,533
27.07,2434,586
28.36,2729,646
29.65,2990,699
30.94,3267,757
32.23,3566,819
33.52,3884,883
34.80,4169,943
36.09,4499,1010
37.38,4863,1086
38.67,5192,1155
39.96,5571,1233
41.25,5921,1306
42.54,6310,1387
43.83,6629,1454
45.12,6989,1528
46.41,7375,1609
47.70,7755,1688
48.98,8160,1773
50.27,8545,1852
51.56,8940,1933
52.85,9318,2012
54.14,9720,2095
55.43,10096,2174
56.72,10509,2259
58.01,10903,2342
59.30,11276,2420
60.59,11636,2495
61.88,12037,2579
63.16,12425,2661
64.45,12810,2742
65.74,13130,2809
67.03,13449,2877
68.32,13733,2934
69.61,14056,3003
70.90,14311,3058
72.19,14603,3117
73.48,14850,3171
74.77,15085,3221
76.05,15326,3270
77.34,15487,3305
78.63,15667,3341
79.92,15873,3383
81.21,16039,3420
82.50,16193,3451
83.79,16332,3480
85.08,16497,3516
86.37,16590,3537
87.66,16672,3553
88.95,16749,3570
90.23,16822,3584
91.52,16864,3594
92.81,16899,3601
94.10,16915,3603
95.39,16932,3606
96.68,16897,3600
97.97,16859,3590
99.26,16804,3582
100.55,16738,3565
101.84,16666,3551
103.12,16575,3530
104.41,16463,3509
105.70,16341,3481
106.99,16194,3450
108.28,16021,3415
109.57,15874,3380
110.86,15701,3346
112.15,15513,3305
113.44,15260,3253
114.73,15093,3218
116.02,14859,3168
117.30,14626,3120
118.59,14378,3067
119.88,14101,3009
121.17,13833,2952
122.46,13537,2890
123.75,13253,2832
125.04,12929,2762
126.33,12612,2698
127.62,12331,2637
128.91,11979,2565
130.20,11603,2485
131.48,11231,2408
132.77,10884,2335
134.06,10501,2255
135.35,10146,2183
136.64,9793,2108
137.93,9413,2028
139.22,9046,1954
140.51,8699,1880
141.80,8315,1800
143.09,7934,1722
144.38,7530,1639
145.66,7162,1562
146.95,6730,1473
148.24,6349,1394
149.53,6085,1339
150.82,5704,1259
152.11,5321,1181
153.40,5017,1117
154.69,4615,1035
155.98,4292,967
157.27,3957,898
158.55,3670,839
159.84,3360,776
161.13,3050,712
162.42,2761,653
163.71,2453,589
165.00,2233,544
166.29,1958,487
167.58,1705,435
168.87,1499,393
170.16,1295,351
171.45,1115,314
172.73,951,280
174.02,797,248
175.31,665,221
176.60,552,198
177.89,452,177
179.18,377,162
180.47,315,150
181.76,268,139
183.05,240,134
184.34,230,132
185.63,236,133
186.91,257,138
188.20,299,146
189.49,349,156
190.78,423,171
192.07,512,190
193.36,621,212
194.65,727,234
195.94,872,264
197.23,1014,293
198.52,1184,329
199.80,1382,369
201.09,1565,407
202.38,1774,449
203.67,2031,503
204.96,2280,553
206.25,2524,604
207.54,2741,648
208.83,3010,704
210.12,3287,761
211.41,3571,821
212.70,3857,879
213.98,4183,947
215.27,4526,1017
216.56,4812,1076
217.85,5116,1141
219.14,5456,1209
220.43,5769,1275
221.72,6147,1353
223.01,6478,1420
224.30,6819,1491
225.59,7185,1567
226.88,7549,1644
228.16,7914,1718
229.45,8312,1803
230.74,8639,1869
232.03,9034,1953
233.32,9423,2033
234.61,9807,2111
235.90,10153,2183
237.19,10550,2265
238.48,10927,2346
239.77,11367,2437
241.05,11684,2504
242.34,11984,2565
243.63,12366,2646
244.92,12701,2715
246.21,13067,2793
247.50,13397,2862
248.79,13717,2928
250.08,13996,2988
251.37,14275,3046
252.66,14580,3109
253.95,14862,3167
255.23,15108,3219
256.52,15338,3268
257.81,15599,3322
259.10,15786,3362
260.39,16040,3415
261.68,16205,3450
262.97,16380,3486
264.26,16538,3521
265.55,16673,3549
266.84,16794,3573
268.13,16904,3598
269.41,17006,3619
270.70,17073,3634
271.99,17106,3639
273.28,17141,3648
274.57,17154,3648
275.86,17146,3647
277.15,17108,3639
278.44,17074,3631
279.73,17019,3621
281.02,16929,3602
282.30,16834,3583
283.59,16711,3556
284.88,16576,3527
286.17,16413,3493
287.46,16281,3464
288.75,16092,3425
290.04,15921,3391
291.33,15677,3340
292.62,15462,3295
293.91,15271,3255
295.20,15021,3201
296.48,14740,3142
297.77,14482,3087
299.06,14195,3030
300.35,13925,2972
301.64,13586,2902
302.93,13309,2843
304.22,12999,2777
305.51,12647,2704
306.80,12334,2638
308.09,11974,2561
309.38,11613,2488
310.66,11267,2416
311.95,10906,2340
313.24,10588,2275
314.53,10240,2201
315.82,9884,2127
317.11,9471,2039
318.40,9152,1974
319.69,8770,1896
320.98,8420,1824
322.27,8058,1748
323.55,7683,1672
324.84,7366,1606
326.13,7015,1532
327.42,6672,1461
328.71,6335,1390
330.00,5945,1310
331.29,5602,1239
332.58,5234,1163
333.87,4924,1098
335.16,4611,1035
336.45,4266,964
337.73,3964,901
339.02,3663,839
340.31,3372,779
341.60,3075,717
342.89,2792,659
344.18,2506,600
345.47,2256,549
346.76,2027,502
348.05,1790,453
349.34,1570,408
350.63,1377,368
351.91,1198,332
353.20,1038,299
354.49,850,260
355.78,721,233
357.07,603,209
358.36,503,188
359.65,420,172
360.94,348,156
362.23,288,145
363.52,252,137
364.80,234,134
366.09,232,132
367.38,249,136
368.67,283,143
369.96,343,155
371.25,418,171
372.54,501,188
373.83,620,212
375.12,742,237
376.41,914,273
377.70,1057,302
378.98,1243,341
380.27,1450,383
381.56,1657,426
382.85,1910,478
384.14,2158,530
385.43,2425,585
386.72,2646,630
388.01,2972,696
389.30,3314,768
390.59,3577,821
391.88,3849,878
393.16,4123,934
394.45,4446,1000
395.74,4772,1069
397.03,5093,1135
398.32,5435,1206
399.61,5775,1276
400.90,6135,1352
402.19,6492,1427
403.48,6880,1507
404.77,7235,1580
406.05,7551,1646
407.34,7939,1726
408.63,8318,1805
409.92,8693,1883
411.21,9048,1957
412.50,9407,2031
413.79,9775,2109
415.08,10185,2195
416.37,10540,2269
417.66,10857,2335
418.95,11196,2405
420.23,11559,2481
421.52,11851,2542
422.81,12157,2606
424.10,12483,2676
425.39,12827,2748
426.68,13118,2808
427.97,13382,2864
429.26,13665,2923
430.55,13938,2979
431.84,14215,3038
433.13,14444,3086
434.41,14678,3135
435.70,14922,3186
436.99,15135,3230
438.28,15361,3278
439.57,15557,3323
440.86,15748,3359
442.15,15920,3396
443.44,16063,3427
444.73,16228,3460
446.02,16355,3488
447.30,16487,3516
448.59,16587,3537
449.88,16672,3555
451.17,16756,3572
452.46,16801,3580
453.75,16848,3591
455.04,16864,3592
456.33,16877,3596
457.62,16849,3590
458.91,16808,3583
460.20,16764,3573
461.48,16694,3558
462.77,16599,3538
464.06,16513,3519
465.35,16398,3494
466.64,16254,3463
467.93,16110,3434
469.22,15939,3398
470.51,15773,3361
471.80,15550,3316
473.09,15322,3269
474.38,15109,3222
475.66,14869,3171
476.95,14609,3119
478.24,14343,3060
479.53,14036,2997
480.82,13695,2925
482.11,13388,2859
483.40,13071,2794
484.69,12717,2721
485.98,12368,2647
487.27,11962,2562
488.55,11658,2496
489.84,11311,2425
491.13,10899,2339
492.42,10572,2270
493.71,10199,2194
495.00,9864,2123
496.29,9452,2036
497.58,9103,1964
498.87,8715,1884
500.16,8366,1812
501.45,8009,1738
502.73,7547,1643
504.02,7253,1582
505.31,6915,1511
506.60,6527,1431
507.89,6147,1353
509.18,5803,1281
510.47,5499,1216
511.76,5157,1147
513.05,4784,1068
514.34,4485,1008
515.63,4175,944
516.91,3878,882
518.20,3547,815
519.49,3220,747
520.78,2970,696
522.07,2683,637
523.36,2448,589
524.65,2220,541
525.94,1981,491
527.23,1773,449
528.52,1572,408
529.80,1382,369
531.09,1203,332
532.38,1031,297
533.67,885,267
534.96,770,244
536.25,652,219
537.54,553,198
538.83,458,179
540.12,386,164
541.41,322,151
542.70,277,142
543.98,245,135
545.27,232,133
546.56,232,131
547.85,247,135
549.14,284,143
550.43,332,153
551.72,397,166
553.01,485,184
554.30,594,207
555.59,712,231
556.88,856,261
558.16,982,287
559.45,1156,323
560.74,1361,365
562.03,1545,402
563.32,1738,442
564.61,1978,492
565.90,2233,543
567.19,2493,598
568.48,2758,653
569.77,3025,707
571.05,3332,771
572.34,3608,827
573.63,3921,892
574.92,4251,960
576.21,4574,1027
577.50,4910,1098
578.79,5300,1177
580.08,5707,1261
581.37,6038,1330
582.66,6421,1410
583.95,6815,1491
585.23,7195,1571
586.52,7643,1663
587.81,8024,1742
589.10,8408,1822
590.39,8899,1924
591.68,9307,2009
592.97,9710,2093
594.26,10081,2170
595.55,10503,2258
596.84,10889,2338
598.13,11224,2409
599.41,11646,2496
600.70,11980,2566
601.99,12320,2637
603.28,12655,2706
604.57,13003,2780
605.86,13351,2852
607.15,13642,2914
608.44,13899,2967
609.73,14176,3025
611.02,14493,3093
612.30,14733,3143
613.59,14997,3197
614.88,15260,3253
616.17,15481,3301
617.46,15677,3340
618.75,15899,3387
620.04,16079,3424
621.33,16246,3460
622.62,16413,3493
623.91,16557,3527
625.20,16668,3550
626.48,16816,3581
627.77,16883,3595
629.06,16959,3610
630.35,17014,3623
631.64,17074,3635
632.93,17106,3640
634.22,17108,3641
635.51,17111,3643
636.80,17087,3637
638.09,17063,3631
639.38,17020,3624
640.66,16965,3613
641.95,16883,3596
643.24,16793,3575
644.53,16676,3550
645.82,16571,3529
647.11,16416,3497
648.40,16267,3465
649.69,16113,3431
650.98,15944,3395
652.27,15749,3356
653.55,15531,3312
654.84,15295,3261
656.13,15069,3213
657.42,14808,3158
658.71,14549,3103
660.00,14280,3047
661.29,13957,2980
662.58,13626,2913
663.87,13366,2858
665.16,13051,2789
666.45,12695,2714
667.73,12360,2644
669.02,12024,2574
670.31,11685,2503
671.60,11324,2425
672.89,10940,2347
674.18,10565,2269
675.47,10215,2196
676.76,9802,2112
678.05,9354,2016
679.34,9013,1947
680.63,8646,1870
681.91,8289,1796
683.20,7880,1712
684.49,7495,1631
685.78,7084,1547
687.07,6711,1470
688.36,6315,1386
689.65,5941,1311
690.94,5562,1232
692.23,5151,1147
693.52,4780,1070
694.80,4466,1005
696.09,4120,933
697.38,3750,857
698.67,3410,786
699.96,3139,731
701.25,2809,663
702.54,2554,611
703.83,2269,551
705.12,2079,512
706.41,1846,465
707.70,1604,414
708.98,1415,376
710.27,1210,333
711.56,1051,301
712.85,914,273
714.14,765,242
715.43,643,217
716.72,540,196
718.01,441,175
719.30,367,160
720.59,307,148
721.88,268,140
723.16,240,134
724.45,230,132
725.74,237,133
727.03,257,137
728.32,300,147
729.61,359,159
730.90,438,175
732.19,521,192
733.48,630,215
734.77,731,234
736.05,873,265
737.34,1003,291
738.63,1157,323
739.92,1346,362
741.21,1532,399
742.50,1749,445
743.79,1964,489
745.08,2186,535
746.37,2385,576
747.66,2614,623
748.95,2881,679
750.23,3182,740
751.52,3417,788
752.81,3718,851
754.10,4017,913
755.39,4362,984
756.68,4656,1044
757.97,5013,1118
759.26,5348,1187
760.55,5637,1248
761.84,6018,1327
763.13,6350,1397
764.41,6727,1474
765.70,7096,1551
766.99,7468,1628
768.28,7868,1711
769.57,8214,1784
770.86,8627,1869
772.15,8981,1943
773.44,9337,2018
774.73,9703,2093
776.02,10071,2170
777.30,10473,2254
778.59,10800,2324
779.88,11202,2408
781.17,11549,2479
782.46,11859,2544
783.75,12251,2625
785.04,12551,2689
786.33,12911,2764
787.62,13175,2820
788.91,13492,2886
790.20,13844,2960
791.48,14130,3019
792.77,14417,3080
794.06,14651,3130
795.35,14915,3185
796.64,15198,3245
797.93,15426,3293
799.22,15609,3331
800.51,15854,3381
801.80,16047,3422
803.09,16218,3459
804.38,16356,3487
805.66,16480,3513
806.95,16592,3538
808.24,16681,3557
809.53,16740,3568
810.82,16804,3580
812.11,16846,3590
813.40,16854,3592
814.69,16855,3593
815.98,16837,3589
817.27,16792,3582
818.55,16761,3573
819.84,16706,3560
821.13,16622,3543
822.42,16538,3525
823.71,16432,3500
825.00,16276,3470
826.29,16144,3441
827.58,15981,3407
828.87,15833,3376
830.16,15636,3335
831.45,15458,3296
832.73,15189,3241
834.02,14994,3199
835.31,14767,3151
836.60,14497,3094
837.89,14221,3036
839.18,13973,2983
840.47,13713,2930
841.76,13423,2867
843.05,13107,2802
844.34,12850,2749
845.63,12554,2685
846.91,12221,2616
848.20,11875,2545
849.49,11562,2479
850.78,11223,2405
852.07,10885,2335
853.36,10554,2267
854.65,10222,2196
855.94,9879,2126
857.23,9524,2053
858.52,9200,1986
859.80,8798,1902
861.09,8460,1832
862.38,8100,1757
863.67,7734,1681
864.96,7380,1608
866.25,7040,1537
867.54,6656,1457
868.83,6256,1374
870.12,5945,1309
871.41,5599,1238
872.70,5196,1156
873.98,4815,1077
875.27,4546,1021
876.56,4237,957
877.85,3898,887
879.14,3552,815
880.43,3275,759
881.72,3032,709
883.01,2721,645
884.30,2452,588
885.59,2214,539
886.88,1981,492
888.16,1745,443
889.45,1542,402
890.74,1347,362
892.03,1171,326
893.32,995,288
894.61,836,257
895.90,689,226
897.19,579,204
898.48,482,184
899.77,396,166
901.05,323,151
902.34,277,141
903.63,242,134
904.92,230,132
906.21,240,134
907.50,267,140
908.79,314,149
910.08,378,163
911.37,449,177
912.66,552,198
913.95,673,223
915.23,796,248
916.52,945,278
917.81,1114,314
919.10,1320,357
920.39,1523,398
921.68,1708,435
922.97,1928,481
924.26,2148,527
925.55,2427,584
926.84,2658,631
928.13,2896,681
929.41,3189,742
930.70,3531,812
931.99,3795,867
933.28,4118,933
934.57,4462,1004
935.86,4796,1074
937.15,5069,1131
938.44,5435,1205
939.73,5799,1282
941.02,6187,1362
942.30,6569,1441
943.59,6917,1513
944.88,7283,1589
946.17,7645,1663
947.46,7998,1738
948.75,8345,1810
950.04,8678,1880
951.33,9076,1963
952.62,9472,2044
953.91,9842,2121
955.20,10149,2184
956.48,10533,2264
957.77,10863,2333
959.06,11207,2405
960.35,11550,2478
961.64,11883,2546
962.93,12207,2616
964.22,12486,2673
965.51,12855,2750
966.80,13210,2824
968.09,13526,2889
969.38,13810,2949
970.66,14065,3002
971.95,14353,3062
973.24,14615,3119
974.53,14884,3175
975.82,15152,3231
977.11,15361,3275
978.40,15621,3330
979.69,15854,3377
980.98,16021,3413
982.27,16186,3446
983.55,16355,3482
984.84,16503,3513
986.13,16628,3539
987.42,16768,3568
988.71,16859,3588
990.00,16936,3605
991.29,17000,3618
992.58,17056,3630
993.87,17089,3637
995.16,17099,3637
996.45,17105,3639
997.73,17062,3631
999.02,17037,3623
1000.31,16974,3612
1001.60,16898,3596
1002.89,16803,3576
1004.18,16709,3556
1005.47,16589,3529
1006.76,16420,3494
1008.05,16273,3462
1009.34,16093,3427
1010.63,15891,3382
1011.91,15645,3332
1013.20,15372,3275
1014.49,15131,3224
1015.78,14893,3174
1017.07,14606,3114
1018.36,14305,3050
1019.65,14028,2993
1020.94,13746,2934
1022.23,13421,2867
1023.52,13089,2798
1024.80,12768,2730
1026.09,12394,2651
1027.38,12061,2582
1028.67,11724,2509
1029.96,11421,2449
1031.25,11051,2371
1032.54,10679,2292
1033.83,10326,2219
1035.12,9941,2141
1036.41,9561,2059
1037.70,9189,1982
1038.98,8789,1900
1040.27,8441,1829
1041.56,8085,1755
1042.85,7688,1671
1044.14,7328,1597
1045.43,6958,1520
1046.72,6608,1447
1048.01,6226,1369
1049.30,5819,1285
1050.59,5501,1220
1051.88,5187,1154
1053.16,4843,1083
1054.45,4525,1017
1055.74,4225,956
1057.03,3926,894
1058.32,3646,836
1059.61,3315,768
1060.90,3072,717
1062.19,2785,658
1063.48,2536,606
1064.77,2317,561
1066.05,2101,517
1067.34,1870,470
1068.63,1665,427
1069.92,1463,386
1071.21,1270,346
1072.50,1110,313
1073.79,952,281
1075.08,813,252
1076.37,683,225
1077.66,571,202
1078.95,472,183
1080.23,395,166
1081.52,327,152
1082.81,274,142
1084.10,243,135
1085.39,231,132
1086.68,234,133
1087.97,254,137
1089.26,290,145
1090.55,343,156
1091.84,413,170
1093.13,506,189
1094.41,622,213
1095.70,736,236
1096.99,884,266
1098.28,1014,294
1099.57,1179,327
1100.86,1383,369
1102.15,1602,414
1103.44,1826,461
1104.73,2045,506
1106.02,2276,553
1107.30,2596,620
1108.59,2833,667
1109.88,3124,728
1111.17,3446,795
1112.46,3742,856
1113.75,4050,920
1115.04,4426,996
1116.33,4777,1069
1117.62,5138,1145
1118.91,5515,1223
1120.20,5945,1313
1121.48,6284,1383
1122.77,6701,1469
1124.06,7053,1542
1125.35,7431,1619
1126.64,7815,1700
1127.93,8253,1791
1129.22,8582,1860
1130.51,8955,1937
1131.80,9338,2017
1133.09,9667,2086
1134.38,9996,2155
1135.66,10364,2233
1136.95,10709,2304
1138.24,11070,2379
1139.53,11414,2451
1140.82,11761,2524
1142.11,12113,2598
1143.40,12417,2662
1144.69,12748,2733
1145.98,13047,2794
1147.27,13329,2854
1148.55,13632,2917
1149.84,13911,2974
1151.13,14214,3037
1152.42,14480,3093
1153.71,14700,3141
1155.00,14947,3194
1156.29,15186,3242
1157.58,15379,3284
1158.87,15582,3327
1160.16,15752,3362
1161.45,15926,3397
1162.73,16094,3433
1164.02,16222,3459
1165.31,16345,3485
1166.60,16467,3510
1167.89,16571,3533
1169.18,16641,3548
1170.47,16713,3563
1171.76,16767,3575
1173.05,16807,3584
1174.34,16827,3587
1175.63,16835,3586
1176.91,16826,3586
1178.20,16803,3580
1179.49,16765,3571
1180.78,16728,3564
1182.07,16650,3546
1183.36,16554,3527
1184.65,16473,3511
1185.94,16332,3480
1187.23,16186,3451
1188.52,16047,3420
1189.80,15863,3382
1191.09,15690,3345
1192.38,15489,3303
1193.67,15276,3256
1194.96,15048,3209
1196.25,14822,3164
1197.54,14563,3109
1198.83,14293,3050
1200.12,14003,2989
1201.41,13702,2928
1202.70,13392,2860
1203.98,13094,2797
1205.27,12810,2737
1206.56,12480,2668
1207.85,12127,2596
1209.14,11792,2526
1210.43,11365,2437
1211.72,11026,2367
1213.01,10666,2292
1214.30,10260,2206
1215.59,9887,2129
1216.88,9555,2060
1218.16,9173,1979
1219.45,8691,1880
1220.74,8324,1804
1222.03,7990,1735
1223.32,7565,1646
1224.61,7168,1564
1225.90,6769,1481
1227.19,6400,1404
1228.48,6013,1323
1229.77,5609,1240
1231.05,5302,1177
1232.34,4986,1112
1233.63,4590,1031
1234.92,4272,963
1236.21,3964,900
1237.50,3635,834
1238.79,3340,772
1240.08,3071,717
1241.37,2814,663
1242.66,2557,611
1243.95,2292,555
1245.23,2064,509
1246.52,1843,464
1247.81,1585,411
1249.10,1422,377
1250.39,1246,340
1251.68,1059,302
1252.97,924,274
1254.26,781,245
1255.55,649,218
1256.84,542,196
1258.13,455,179
1259.41,368,160
1260.70,308,148
1261.99,269,140
1263.28,242,134
1264.57,231,132
1265.86,237,134
1267.15,254,137
1268.44,288,144
1269.73,345,155
1271.02,405,168
1272.30,480,183
1273.59,584,205
1274.88,686,226
1276.17,806,250
1277.46,932,276
1278.75,1089,309
1280.04,1255,343
1281.33,1448,383
1282.62,1634,421
1283.91,1855,466
1285.20,2077,511
1286.48,2330,565
1287.77,2568,613
1289.06,2843,670
1290.35,3082,720
1291.64,3383,782
1292.93,3686,844
1294.22,4053,920
1295.51,4344,981
1296.80,4755,1065
1298.09,5017,1121
1299.38,5373,1193
1300.66,5728,1266
1301.95,6102,1344
1303.24,6447,1415
1304.53,6826,1494
1305.82,7228,1577
1307.11,7642,1664
1308.40,7984,1734
1309.69,8348,1810
1310.98,8696,1881
1312.27,9161,1978
1313.55,9531,2057
1314.84,9875,2128
1316.13,10281,2213
1317.42,10697,2299
1318.71,11105,2382
1320.00,11525,2472
1321.29,11843,2538
1322.58,12185,2609
1323.87,12509,2677
1325.16,12923,2764
1326.45,13324,2848
1327.73,13675,2922
1329.02,13943,2977
1330.31,14270,3046
1331.60,14567,3107
1332.89,14847,3167
1334.18,15141,3229
1335.47,15349,3273
1336.76,15621,3329
1338.05,15816,3370
1339.34,16029,3414
1340.63,16201,3452
1341.91,16327,3478
1343.20,16499,3513
1344.49,16605,3535
1345.78,16722,3560
1347.07,16831,3584
1348.36,16912,3597
1349.65,16983,3615
1350.94,17038,3626
1352.23,17069,3634
1353.52,17087,3635
1354.80,17102,3640
1356.09,17075,3633
1357.38,17042,3627
1358.67,17011,3622
1359.96,16957,3610
1361.25,16875,3591
1362.54,16765,3571
1363.83,16647,3545
1365.12,16530,3519
1366.41,16365,3485
1367.70,16232,3455
1368.98,16069,3422
1370.27,15888,3385
1371.56,15685,3342
1372.85,15469,3297
1374.14,15250,3250
1375.43,15032,3204
1376.72,14789,3155
1378.01,14522,3099
1379.30,14260,3042
1380.59,13976,2983
1381.88,13696,2925
1383.16,13452,2873
1384.45,13131,2807
1385.74,12831,2743
1387.03,12484,2670
1388.32,12175,2606
1389.61,11800,2527
1390.90,11508,2466
1392.19,11168,2396
1393.48,10801,2318
1394.77,10448,2246
1396.05,10079,2167
1397.34,9677,2084
1398.63,9305,2007
1399.92,8903,1923
1401.21,8525,1846
1402.50,8125,1762
1403.79,7787,1692
1405.08,7363,1603
1406.37,7017,1533
1407.66,6679,1463
1408.95,6300,1385
1410.23,5866,1294
1411.52,5540,1227
1412.81,5186,1155
1414.10,4813,1076
1415.39,4500,1013
1416.68,4207,952
1417.97,3878,883
1419.26,3555,816
1420.55,3241,752
1421.84,2958,693
1423.13,2659,632
1424.41,2369,572
1425.70,2147,527
1426.99,1897,476
1428.28,1663,427
1429.57,1447,383
1430.86,1222,336
1432.15,1051,302
1433.44,887,268
1434.73,737,236
1436.02,601,208
1437.30,495,187
1438.59,410,169
1439.88,335,154
1441.17,282,143
1442.46,248,136
1443.75,233,133
1445.04,232,133
1446.33,250,136
1447.62,281,143
1448.91,342,155
1450.20,406,168
1451.48,495,186
1452.77,579,204
1454.06,697,228
1455.35,834,256
1456.64,968,284
1457.93,1129,317
1459.22,1321,356
1460.51,1502,393
1461.80,1708,437
1463.09,1921,480
1464.38,2134,524
1465.66,2372,573
1466.95,2629,625
1468.24,2917,686
1469.53,3182,740
1470.82,3472,799
1472.11,3825,872
1473.40,4096,928
1474.69,4371,986
1475.98,4718,1058
1477.27,5052,1126
1478.55,5356,1189
1479.84,5695,1261
1481.13,6040,1332
1482.42,6387,1405
1483.71,6692,1466
1485.00,7057,1542
1486.29,7408,1615
1487.58,7736,1684
1488.87,8093,1757
1490.16,8432,1829
1491.45,8804,1905
1492.73,9170,1982
1494.02,9592,2070
1495.31,9887,2133
1496.60,10249,2208
1497.89,10616,2282
1499.18,10925,2349
1500.47,11268,2420
1501.76,11627,2497
1503.05,11977,2570
1504.34,12344,2647
1505.63,12660,2712
1506.91,12993,2781
1508.20,13301,2846
1509.49,13560,2901
1510.78,13896,2971
1512.07,14156,3029
1513.36,14436,3084
1514.65,14655,3131
1515.94,14921,3187
1517.23,15161,3237
1518.52,15363,3280
1519.80,15583,3325
1521.09,15777,3367
1522.38,15937,3400
1523.67,16106,3435
1524.96,16256,3467
1526.25,16401,3496
1527.54,16503,3518
1528.83,16606,3540
1530.12,16686,3557
1531.41,16753,3570
1532.70,16805,3581
1533.98,16828,3585
1535.27,16847,3591
1536.56,16832,3589
1537.85,16786,3576
1539.14,16751,3571
1540.43,16686,3556
1541.72,16592,3535
1543.01,16489,3515
1544.30,16352,3486
1545.59,16220,3460
1546.88,16054,3423
1548.16,15890,3390
1549.45,15709,3349
1550.74,15505,3308
1552.03,15283,3262
1553.32,15061,3216
1554.61,14832,3166
1555.90,14598,3114
1557.19,14324,3059
1558.48,14080,3008
1559.77,13782,2944
1561.05,13504,2886
1562.34,13205,2823
1563.63,12856,2750
1564.92,12569,2688
1566.21,12250,2623
1567.50,11942,2559
1568.79,11591,2485
1570.08,11225,2409
1571.37,10920,2345
1572.66,10557,2269
1573.95,10164,2187
1575.23,9791,2109
1576.52,9424,2031
1577.81,9091,1963
1579.10,8720,1886
1580.39,8370,1813
1581.68,8009,1738
1582.97,7668,1668
1584.26,7318,1594
1585.55,6970,1521
1586.84,6610,1447
1588.13,6272,1378
1589.41,5930,1306
1590.70,5574,1233
1591.99,5282,1173
1593.28,4975,1109
1594.57,4620,1036
1595.86,4298,970
1597.15,4028,913
1598.44,3735,853
1599.73,3432,791
1601.02,3157,734
1602.30,2891,679
1603.59,2638,628
1604.88,2386,576
1606.17,2115,520
1607.46,1917,479
1608.75,1696,433
1610.04,1479,388
1611.33,1287,350
1612.62,1080,306
1613.91,949,280
1615.20,803,249
1616.48,668,222
1617.77,559,200
1619.06,476,182
1620.35,389,164
1621.64,317,150
1622.93,274,141
1624.22,244,135
1625.51,231,132
1626.80,237,133
1628.09,259,138
1629.38,295,145
1630.66,360,158
1631.95,419,170
1633.24,518,191
1634.53,638,216
1635.82,771,243
1637.11,921,275
1638.40,1075,305
1639.69,1247,341
1640.98,1454,384
1642.27,1666,427
1643.55,1891,474
1644.84,2144,527
1646.13,2488,597
1647.42,2726,646
1648.71,2993,700
1650.00,3286,761
1651.29,3618,831
1652.58,3957,899
1653.87,4245,958
1655.16,4612,1035
1656.45,4925,1100
1657.73,5315,1181
1659.02,5659,1252
1660.31,6040,1332
1661.60,6390,1404
1662.89,6751,1478
1664.18,7092,1548
1665.47,7492,1632
1666.76,7824,1700
1668.05,8225,1785
1669.34,8595,1862
1670.63,9046,1955
1671.91,9373,2021
1673.20,9745,2100
1674.49,10101,2174
1675.78,10489,2255
1677.07,10835,2328
1678.36,11231,2410
1679.65,11568,2481
1680.94,11886,2547
1682.23,12284,2629
1683.52,12626,2701
1684.80,12906,2761
1686.09,13257,2834
1687.38,13595,2904
1688.67,13830,2954
1689.96,14115,3013
1691.25,14386,3070
1692.54,14648,3126
1693.83,14910,3178
1695.12,15126,3224
1696.41,15328,3267
1697.70,15549,3313
1698.98,15787,3363
1700.27,15974,3402
1701.56,16113,3432
1702.85,16270,3466
1704.14,16425,3499
1705.43,16567,3527
1706.72,16675,3549
1708.01,16782,3573
1709.30,16866,3592
1710.59,16943,3607
1711.88,17001,3618
1713.16,17037,3628
1714.45,17069,3634
1715.74,17084,3636
1717.03,17074,3635
1718.32,17029,3625
1719.61,17004,3619
1720.90,16949,3608
1722.19,16870,3592
1723.48,16774,3570
1724.77,16667,3549
1726.05,16556,3524
1727.34,16377,3488
1728.63,16243,3458
1729.92,16060,3421
1731.21,15866,3379
1732.50,15657,3337
1733.79,15425,3287
1735.08,15217,3243
1736.37,14953,3189
1737.66,14720,3140
1738.95,14416,3075
1740.23,14106,3010
1741.52,13771,2940
1742.81,13474,2878
1744.10,13160,2811
1745.39,12787,2734
1746.68,12452,2663
1747.97,12125,2595
1749.26,11736,2515
1750.55,11373,2439
1751.84,10937,2347
1753.13,10572,2271
1754.41,10208,2196
1755.70,9748,2099
1756.99,9342,2015
1758.28,8962,1937
1759.57,8633,1867
1760.86,8188,1776
1762.15,7832,1701
1763.44,7454,1622
1764.73,7064,1543
1766.02,6667,1459
1767.30,6365,1397
1768.59,5988,1319
1769.88,5630,1245
1771.17,5266,1169
1772.46,4976,1110
1773.75,4623,1036
1775.04,4293,969
1776.33,3944,897
1777.62,3697,847
1778.91,3375,780
1780.20,3091,721
1781.48,2824,666
1782.77,2543,609
1784.06,2291,557
1785.35,2056,508
1786.64,1834,462
1787.93,1589,411
1789.22,1410,376
1790.51,1231,339
1791.80,1061,303
1793.09,915,272
1794.38,792,248
1795.66,665,222
1796.95,557,200
1798.24,450,177
1799.53,388,164
1800.82,327,153
switching colors
1802.11,212,13
1803.40,160,10
1804.69,124,8
1805.98,120,8
1807.27,146,9
1808.55,189,11
1809.84,280,16
1811.13,394,22
1812.42,539,30
1813.71,691,38
1815.00,878,48
1816.29,1117,61
1817.58,1393,76
1818.87,1644,90
1820.16,1947,107
1821.45,2340,128
1822.73,2736,149
1824.02,3125,170
1825.31,3523,193
1826.60,3986,218
1827.89,4446,243
1829.18,4973,272
1830.47,5440,298
1831.76,5979,327
1833.05,6624,362
1834.34,7116,388
1835.63,7764,425
1836.91,8391,458
1838.20,8992,493
1839.49,9579,525
1840.78,10233,561
1842.07,10964,601
1843.36,11546,633
1844.65,12286,674
1845.94,12966,712
1847.23,13701,752
1848.52,14374,790
1849.80,15074,828
1851.09,15892,875
1852.38,16625,915
1853.67,17425,960
1854.96,18074,996
1856.25,18771,1034
1857.54,19518,1075
1858.83,20297,1120
1860.12,20852,1151
1861.41,21480,1186
1862.70,22192,1226
1863.98,22788,1261
1865.27,23301,1288
1866.56,23926,1324
1867.85,24433,1352
1869.14,25040,1386
1870.43,25488,1411
1871.72,25944,1437
1873.01,26321,1460
1874.30,26770,1486
1875.59,27190,1508
1876.88,27570,1529
1878.16,27933,1549
1879.45,28286,1570
1880.74,28608,1588
1882.03,28878,1605
1883.32,29134,1618
1884.61,29390,1632
1885.90,29592,1643
1887.19,29759,1654
1888.48,29919,1663
1889.77,30046,1669
1891.05,30152,1674
1892.34,30248,1680
1893.63,30249,1681
1894.92,30255,1681
1896.21,30252,1680
1897.50,30192,1676
1898.79,30104,1672
1900.08,30020,1667
1901.37,29894,1659
1902.66,29740,1652
1903.95,29564,1641
1905.23,29337,1628
1906.52,29080,1614
1907.81,28854,1600
1909.10,28541,1583
1910.39,28258,1566
1911.68,27960,1549
1912.97,27592,1529
1914.26,27220,1507
1915.55,26802,1484
1916.84,26374,1460
1918.13,25929,1435
1919.41,25450,1408
1920.70,24982,1382
1921.99,24445,1351
1923.28,23950,1323
1924.57,23370,1291
1925.86,22753,1256
1927.15,22178,1223
1928.44,21521,1187
1929.73,20888,1151
1931.02,20314,1119
1932.30,19684,1083
1933.59,18992,1045
1934.88,18342,1009
1936.17,17727,974
1937.46,17045,937
1938.75,16370,899
1940.04,15618,857
1941.33,14890,818
1942.62,14265,783
1943.91,13605,745
1945.20,12936,709
1946.48,12229,670
1947.77,11547,632
1949.06,10962,600
1950.35,10241,560
1951.64,9572,524
1952.93,8924,488
1954.22,8262,453
1955.51,7586,415
1956.80,7037,385
1958.09,6469,354
1959.38,5908,323
1960.66,5328,291
1961.95,4769,261
1963.24,4257,232
1964.53,3776,206
1965.82,3334,182
1967.11,2824,155
1968.40,2507,137
1969.69,2130,117
1970.98,1828,100
1972.27,1498,82
1973.55,1207,66
1974.84,945,52
1976.13,752,42
1977.42,572,32
1978.71,433,25
1980.00,318,18
1981.29,223,13
1982.58,155,9
1983.87,124,7
1985.16,122,7
1986.45,149,8
1987.73,215,12
1989.02,305,17
1990.31,414,23
1991.60,551,31
1992.89,752,42
1994.18,946,52
1995.47,1191,65
1996.76,1454,80
1998.05,1729,94
1999.34,2143,117
2000.63,2414,132
2001.91,2766,150
2003.20,3178,173
2004.49,3594,196
2005.78,4113,224
2007.07,4496,245
2008.36,4940,269
2009.65,5382,294
2010.94,5906,323
2012.23,6436,351
2013.52,7011,382
2014.80,7472,408
2016.09,8163,446
2017.38,8618,470
2018.67,9239,505
2019.96,9821,537
2021.25,10514,575
2022.54,11128,610
2023.83,11905,653
2025.12,12408,681
2026.41,13050,715
2027.70,13818,758
2028.98,14543,799
2030.27,15129,830
2031.56,15775,866
2032.85,16504,906
2034.14,17338,952
2035.43,17957,987
2036.72,18601,1023
2038.01,19296,1062
2039.30,20049,1103
2040.59,20724,1140
2041.88,21322,1174
2043.16,21878,1206
2044.45,22557,1243
2045.74,23162,1277
2047.03,23877,1316
2048.32,24473,1351
2049.61,24972,1379
2050.90,25463,1406
2052.19,26087,1440
2053.48,26533,1465
2054.77,26988,1490
2056.05,27483,1519
2057.34,27939,1545
2058.63,28311,1566
2059.92,28787,1591
2061.21,29094,1610
2062.50,29375,1622
2063.79,29700,1643
2065.08,29977,1658
2066.37,30199,1670
2067.66,30413,1681
2068.95,30579,1690
2070.23,30720,1698
2071.52,30799,1704
2072.81,30853,1707
2074.10,30886,1708
2075.39,30882,1709
2076.68,30812,1704
2077.97,30764,1701
2079.26,30653,1696
2080.55,30528,1688
2081.84,30371,1679
2083.12,30170,1667
2084.41,29986,1658
2085.70,29722,1643
2086.99,29449,1628
2088.28,29132,1610
2089.57,28818,1591
2090.86,28463,1572
2092.15,28037,1549
2093.44,27659,1526
2094.73,27248,1503
2096.02,26814,1480
2097.30,26307,1452
2098.59,25843,1424
2099.88,25302,1395
2101.17,24680,1360
2102.46,24223,1334
2103.75,23638,1301
2105.04,23010,1266
2106.33,22373,1231
2107.62,21855,1202
2108.91,21215,1166
2110.20,20587,1132
2111.48,19977,1098
2112.77,19419,1067
2114.06,18774,1032
2115.35,18046,990
2116.64,17381,953
2117.93,16758,919
2119.22,16107,882
2120.51,15471,847
2121.80,14855,813
2123.09,14178,776
2124.37,13497,738
2125.66,12884,704
2126.95,12216,667
2128.24,11548,631
2129.53,10871,594
2130.82,10276,562
2132.11,9526,520
2133.40,9056,495
2134.69,8408,459
2135.98,7807,426
2137.27,7206,393
2138.55,6655,363
2139.84,6050,330
2141.13,5487,299
2142.42,4969,271
2143.71,4503,246
2145.00,4016,219
2146.29,3569,195
2147.58,3138,171
2148.87,2742,150
2150.16,2350,128
2151.45,1973,108
2152.73,1634,90
2154.02,1377,76
2155.31,1142,63
2156.60,887,49
2157.89,693,38
2159.18,516,29
2160.47,382,22
2161.76,250,14
2163.05,167,10
2164.34,130,7
2165.62,120,7
2166.91,141,8
2168.20,194,11
2169.49,309,18
2170.78,421,24
2172.07,591,33
2173.36,802,44
2174.65,1021,56
2175.94,1329,72
2177.23,1584,86
2178.52,1895,104
2179.80,2262,123
2181.09,2636,143
2182.38,3048,166
2183.67,3540,193
2184.96,3974,217
2186.25,4401,240
2187.54,4879,265
2188.83,5488,299
2190.12,5899,322
2191.41,6462,353
2192.70,7016,384
2193.98,7593,415
2195.27,8109,443
2196.56,8863,486
2197.85,9499,520
2199.14,10090,553
2200.43,10649,584
2201.72,11339,622
2203.01,11972,657
2204.30,12592,691
2205.59,13273,729
2206.87,13931,766
2208.16,14626,804
2209.45,15391,846
2210.74,16052,883
2212.03,16680,918
2213.32,17342,954
2214.61,17967,989
2215.90,18643,1027
2217.19,19202,1059
2218.48,19808,1093
2219.77,20475,1131
2221.05,21032,1161
2222.34,21643,1194
2223.63,22228,1228
2224.92,22788,1259
2226.21,23260,1287
2227.50,23765,1314
2228.79,24311,1346
2230.08,24881,1378
2231.37,25273,1399
2232.66,25781,1428
2233.95,26237,1455
2235.23,26663,1477
2236.52,27095,1501
2237.81,27506,1525
2239.10,27837,1544
2240.39,28227,1565
2241.68,28513,1583
2242.97,28822,1600
2244.26,29099,1616
2245.55,29383,1631
2246.84,29612,1646
2248.12,29743,1650
2249.41,29915,1662
2250.70,30066,1670
2251.99,30166,1674
2253.28,30252,1681
2254.57,30264,1681
2255.86,30282,1681
2257.15,30283,1682
2258.44,30206,1678
2259.73,30113,1672
2261.02,30042,1667
2262.30,29900,1659
2263.59,29719,1650
2264.88,29512,1637
2266.17,29272,1623
2267.46,28977,1606
2268.75,28676,1590
2270.04,28384,1572
2271.33,28038,1554
2272.62,27661,1532
2273.91,27203,1506
2275.20,26756,1481
2276.48,26263,1453
2277.77,25787,1427
2279.06,25263,1396
2280.35,24673,1364
2281.64,24048,1328
2282.93,23499,1295
2284.22,22869,1261
2285.51,22288,1229
2286.80,21602,1191
2288.09,21101,1163
2289.37,20462,1127
2290.66,19814,1090
2291.95,19138,1052
2293.24,18477,1015
2294.53,17775,977
2295.82,17182,944
2297.11,16523,907
2298.40,15817,868
2299.69,15191,833
2300.98,14546,798
2302.27,13866,760
2303.55,13159,720
2304.84,12494,684
2306.13,11858,649
2307.42,11225,615
2308.71,10592,579
2310.00,10007,547
2311.29,9338,510
2312.58,8689,474
2313.87,8040,439
2315.16,7441,407
2316.45,6894,377
2317.73,6334,346
2319.02,5905,323
2320.31,5341,292
2321.60,4849,265
2322.89,4398,240
2324.18,3994,218
2325.47,3541,193
2326.76,3153,172
2328.05,2720,148
2329.34,2402,131
2330.62,2087,114
2331.91,1799,99
2333.20,1511,83
2334.49,1251,69
2335.78,1029,57
2337.07,794,43
2338.36,625,35
2339.65,444,25
2340.94,349,20
2342.23,244,15
2343.52,177,11
2344.80,133,8
2346.09,119,7
2347.38,137,8
2348.67,193,11
2349.96,267,15
2351.25,394,22
2352.54,531,29
2353.83,700,38
2355.12,903,50
2356.41,1160,63
2357.70,1386,76
2358.98,1699,93
2360.27,2016,110
2361.56,2361,129
2362.85,2735,149
2364.14,3215,175
2365.43,3594,195
2366.72,4100,223
2368.01,4548,248
2369.30,5040,275
2370.59,5534,301
2371.87,6099,333
2373.16,6649,363
2374.45,7403,405
2375.74,7925,433
2377.03,8577,468
2378.32,9194,503
2379.61,9938,543
2380.90,10549,576
2382.19,11247,616
2383.48,12032,659
2384.77,12764,699
2386.05,13558,744
2387.34,14240,781
2388.63,14930,819
2389.92,15664,859
2391.21,16503,906
2392.50,17190,943
2393.79,17834,979
2395.08,18651,1025
2396.37,19240,1057
2397.66,19887,1095
2398.95,20650,1135
2400.23,21290,1172
2401.52,21757,1199
2402.81,22414,1236
2404.10,23086,1273
2405.39,23688,1306
2406.68,24340,1341
2407.97,24814,1368
2409.26,25312,1397
2410.55,25907,1429
2411.84,26325,1453
2413.12,26763,1479
2414.41,27236,1505
2415.70,27630,1527
2416.99,28131,1555
2418.28,28525,1576
2419.57,28883,1597
2420.86,29169,1613
2422.15,29475,1629
2423.44,29742,1644
2424.73,29961,1657
2426.02,30189,1669
2427.30,30371,1680
2428.59,30510,1688
2429.88,30642,1694
2431.17,30742,1699
2432.46,30818,1704
2433.75,30867,1708
2435.04,30896,1710
2436.33,30897,1708
2437.62,30815,1705
2438.91,30753,1701
2440.20,30680,1696
2441.48,30583,1691
2442.77,30413,1681
2444.06,30222,1670
2445.35,30044,1661
2446.64,29778,1646
2447.93,29531,1632
2449.22,29282,1617
2450.51,28920,1597
2451.80,28612,1580
2453.09,28187,1557
2454.37,27763,1533
2455.66,27362,1510
2456.95,26889,1484
2458.24,26415,1457
2459.53,25951,1430
2460.82,25410,1402
2462.11,24841,1368
2463.40,24358,1343
2464.69,23761,1308
2465.98,23141,1273
2467.27,22478,1237
2468.55,21870,1203
2469.84,21203,1166
2471.13,20553,1129
2472.42,19924,1095
2473.71,19216,1055
2475.00,18594,1022
2476.29,17877,982
2477.58,17127,938
2478.87,16382,899
2480.16,15608,856
2481.45,14992,822
2482.73,14231,779
2484.02,13553,742
2485.31,12810,701
2486.60,12124,663
2487.89,11370,621
2489.18,10626,580
2490.47,9969,545
2491.76,9245,505
2493.05,8523,465
2494.34,7970,435
2495.62,7382,403
2496.91,6673,364
2498.20,6136,334
2499.49,5594,305
2500.78,4973,272
2502.07,4558,249
2503.36,4098,223
2504.65,3657,200
2505.94,3217,175
2507.23,2829,154
2508.52,2406,132
2509.80,2085,114
2511.09,1801,98
2512.38,1495,82
2513.67,1212,67
2514.96,966,53
2516.25,758,42
2517.54,580,32
2518.83,416,24
2520.12,305,18
2521.41,217,13
2522.70,156,9
2523.98,121,7
2525.27,122,7
2526.56,149,9
2527.85,212,12
2529.14,308,17
2530.43,423,24
2531.72,571,32
2533.01,741,41
2534.30,917,51
2535.59,1126,62
2536.87,1370,75
2538.16,1683,92
2539.45,1975,108
2540.74,2310,126
2542.03,2655,145
2543.32,3021,164
2544.61,3439,187
2545.90,3800,207
2547.19,4246,231
2548.48,4722,258
2549.77,5211,285
2551.05,5806,317
2552.34,6265,342
2553.63,6819,373
2554.92,7325,400
2556.21,7893,432
2557.50,8565,469
2558.79,9243,505
2560.08,9839,539
2561.37,10480,574
2562.66,11207,614
2563.95,11846,650
2565.23,12564,690
2566.52,13140,720
2567.81,13859,761
2569.10,14487,796
2570.39,15176,834
2571.68,15873,873
2572.97,16619,915
2574.26,17379,957
2575.55,17967,989
2576.84,18674,1029
2578.12,19247,1062
2579.41,19950,1100
2580.70,20605,1136
2581.99,21220,1172
2583.28,21881,1208
2584.57,22502,1243
2585.86,23124,1278
2587.15,23722,1312
2588.44,24251,1342
2589.73,24801,1373
2591.02,25376,1405
2592.30,25917,1435
2593.59,26398,1462
2594.88,26876,1489
2596.17,27399,1521
2597.46,27790,1542
2598.75,28139,1562
2600.04,28520,1581
2601.33,28858,1602
2602.62,29144,1618
2603.91,29370,1631
2605.20,29617,1643
2606.48,29820,1656
2607.77,29956,1663
2609.06,30081,1670
2610.35,30176,1676
2611.64,30267,1681
2612.93,30284,1683
2614.22,30320,1683
2615.51,30309,1684
2616.80,30260,1680
2618.09,30186,1675
2619.37,30127,1674
2620.66,29976,1664
2621.95,29809,1654
2623.24,29643,1645
2624.53,29425,1631
2625.82,29170,1619
2627.11,28928,1604
2628.40,28628,1588
2629.69,28288,1568
2630.98,27961,1548
2632.27,27519,1525
2633.55,27145,1503
2634.84,26780,1482
2636.13,26346,1457
2637.42,25836,1428
2638.71,25420,1406
2640.00,24933,1378
2641.29,24443,1351
2642.58,23861,1317
2643.87,23395,1291
2645.16,22785,1258
2646.45,22263,1228
2647.73,21676,1195
2649.02,21159,1166
2650.31,20498,1129
2651.60,19932,1098
2652.89,19319,1064
2654.18,18632,1024
2655.47,18037,992
2656.76,17379,955
2658.05,16753,921
2659.34,16115,885
2660.62,15380,845
2661.91,14805,812
2663.20,14092,772
2664.49,13305,729
2665.78,12693,696
2667.07,12061,660
2668.36,11268,617
2669.65,10615,581
2670.94,10086,552
2672.23,9448,517
2673.52,8808,481
2674.80,8154,446
2676.09,7512,410
2677.38,6973,380
2678.67,6426,350
2679.96,5921,322
2681.25,5352,292
2682.54,4833,263
2683.83,4394,240
2685.12,3928,214
2686.41,3464,189
2687.70,3032,166
2688.98,2605,143
2690.27,2232,122
2691.56,1886,103
2692.85,1569,86
2694.14,1294,71
2695.43,1038,57
2696.72,795,44
2698.01,602,34
2699.30,432,24
2700.59,298,16
2701.87,208,12
2703.16,147,9
2704.45,120,7
2705.74,128,8
2707.03,173,10
2708.32,249,14
2709.61,351,19
2710.90,479,27
2712.19,644,35
2713.48,874,48
2714.77,1086,59
2716.05,1379,75
2717.34,1656,90
2718.63,1924,105
2719.92,2285,125
2721.21,2659,145
2722.50,3001,163
2723.79,3438,187
2725.08,3994,217
2726.37,4472,244
2727.66,4885,266
2728.95,5311,290
2730.23,5821,318
2731.52,6364,348
2732.81,6927,379
2734.10,7486,409
2735.39,8259,451
2736.68,8714,475
2737.97,9353,512
2739.26,10033,549
2740.55,10719,587
2741.84,11308,619
2743.12,11976,656
2744.41,12608,690
2745.70,13241,725
2746.99,13881,760
2748.28,14534,796
2749.57,15217,835
2750.86,15895,872
2752.15,16518,907
2753.44,17289,949
2754.73,17803,978
2756.02,18481,1016
2757.30,19099,1050
2758.59,19718,1085
2759.88,20500,1127
2761.17,21188,1168
2762.46,21638,1193
2763.75,22242,1225
2765.04,22824,1258
2766.33,23581,1300
2767.62,24118,1331
2768.91,24645,1359
2770.20,25197,1390
2771.48,25690,1417
2772.77,26226,1448
2774.06,26689,1473
2775.35,27186,1502
2776.64,27604,1525
2777.93,28055,1550
2779.22,28436,1571
2780.51,28793,1590
2781.80,29144,1612
2783.09,29456,1628
2784.37,29776,1645
2785.66,30007,1660
2786.95,30268,1673
2788.24,30423,1683
2789.53,30567,1690
2790.82,30709,1697
2792.11,30821,1704
2793.40,30885,1709
2794.69,30915,1710
2795.98,30941,1710
2797.27,30882,1708
2798.55,30842,1706
2799.84,30757,1700
2801.13,30629,1694
2802.42,30443,1684
2803.71,30256,1673
2805.00,30061,1662
2806.29,29755,1643
2807.58,29442,1626
2808.87,29120,1609
2810.16,28765,1587
2811.45,28379,1567
2812.73,27909,1541
2814.02,27535,1519
2815.31,27064,1494
2816.60,26604,1468
2817.89,26040,1435
2819.18,25502,1406
2820.47,24986,1378
2821.76,24425,1345
2823.05,23818,1310
2824.34,23296,1282
2825.62,22739,1251
2826.91,22132,1218
2828.20,21505,1182
2829.49,20865,1147
2830.78,20153,1108
2832.07,19500,1071
2833.36,18872,1035
2834.65,18276,1002
2835.94,17581,964
2837.23,16822,922
2838.52,16167,885
2839.80,15503,849
2841.09,14806,811
2842.38,14134,773
2843.67,13401,733
2844.96,12715,696
2846.25,12119,662
2847.54,11480,627
2848.83,10683,584
2850.12,10132,554
2851.41,9592,523
2852.70,8980,490
2853.98,8340,455
2855.27,7774,424
2856.56,7234,395
2857.85,6650,362
2859.14,6138,334
2860.43,5683,310
2861.72,5140,280
2863.01,4694,255
2864.30,4181,228
2865.59,3763,206
2866.87,3355,182
2868.16,2949,161
2869.45,2555,140
2870.74,2228,122
2872.03,1892,104
2873.32,1601,87
2874.61,1303,72
2875.90,1059,58
2877.19,819,45
2878.48,622,34
2879.77,459,25
2881.05,339,19
2882.34,229,13
2883.63,164,10
2884.92,126,8
2886.21,120,7
2887.50,143,8
2888.79,201,12
2890.08,293,16
2891.37,415,23
2892.66,571,32
2893.95,761,42
2895.23,961,53
2896.52,1219,66
2897.81,1471,81
2899.10,1765,97
2900.39,2159,117
2901.68,2587,141
2902.97,2957,161
2904.26,3385,185
2905.55,3779,206
2906.84,4246,232
2908.12,4779,260
2909.41,5362,293
2910.70,5967,325
2911.99,6539,356
2913.28,7106,389
2914.57,7791,426
2915.86,8489,465
2917.15,9071,496
2918.44,9790,536
2919.73,10454,573
2921.02,11069,606
2922.30,11731,643
2923.59,12446,683
2924.88,13134,721
2926.17,13787,757
2927.46,14487,795
2928.75,15164,834
2930.04,15746,866
2931.33,16394,902
2932.62,17127,942
2933.91,17696,974
2935.20,18392,1013
2936.48,19128,1054
2937.77,19744,1089
2939.06,20319,1121
2940.35,20926,1156
2941.64,21588,1192
2942.93,22208,1227
2944.22,22695,1255
2945.51,23308,1289
2946.80,23861,1321
2948.09,24362,1348
2949.37,24931,1381
2950.66,25453,1409
2951.95,25907,1436
2953.24,26278,1456
2954.53,26756,1483
2955.82,27153,1506
2957.11,27555,1528
2958.40,27902,1547
2959.69,28234,1567
2960.98,28544,1583
2962.27,28829,1600
2963.55,29091,1615
2964.84,29305,1627
2966.13,29523,1640
2967.42,29723,1651
2968.71,29863,1658
2970.00,30003,1667
2971.29,30122,1673
2972.58,30223,1678
2973.87,30261,1681
2975.16,30287,1682
2976.45,30288,1681
2977.73,30252,1680
2979.02,30192,1677
2980.31,30128,1672
2981.60,29988,1665
2982.89,29840,1655
2984.18,29665,1645
2985.47,29438,1634
2986.76,29202,1619
2988.05,28910,1602
2989.34,28633,1587
2990.62,28316,1570
2991.91,28004,1550
2993.20,27617,1529
2994.49,27176,1505
2995.78,26765,1481
2997.07,26316,1456
2998.36,25735,1422
2999.65,25367,1404
3000.94,24813,1372
3002.23,24260,1341
3003.52,23744,1311
3004.80,23192,1281
3006.09,22596,1246
3007.38,21909,1208
3008.67,21260,1171
3009.96,20557,1133
3011.25,19939,1098
3012.54,19279,1061
3013.83,18572,1021
3015.12,17902,985
3016.41,17252,948
3017.70,16522,907
3018.98,15615,857
3020.27,15009,824
3021.56,14307,785
3022.85,13575,745
3024.14,12840,704
3025.43,12150,665
3026.72,11594,635
3028.01,10856,594
3029.30,10205,558
3030.59,9590,525
3031.87,8964,490
3033.16,8246,450
3034.45,7708,421
3035.74,7170,391
3037.03,6605,361
3038.32,6004,328
3039.61,5537,303
3040.90,5004,273
3042.19,4543,248
3043.48,4034,220
3044.77,3567,195
3046.05,3230,176
3047.34,2820,153
3048.63,2443,134
3049.92,2103,115
3051.21,1786,98
3052.50,1487,82
3053.79,1198,66
3055.08,925,51
3056.37,750,42
3057.66,587,32
3058.95,441,25
3060.23,293,16
3061.52,233,14
3062.81,167,10
3064.10,129,8
3065.39,119,8
3066.68,143,9
3067.97,193,11
3069.26,261,15
3070.55,378,21
3071.84,486,27
3073.12,625,34
3074.41,830,46
3075.70,1011,55
3076.99,1266,69
3078.28,1534,84
3079.57,1843,101
3080.86,2171,118
3082.15,2490,136
3083.44,2858,156
3084.73,3303,179
3086.02,3766,206
3087.30,4246,231
3088.59,4683,255
3089.88,5177,282
3091.17,5794,316
3092.46,6283,343
3093.75,6804,371
3095.04,7416,405
3096.33,8172,447
3097.62,8567,468
3098.91,9255,506
3100.20,9904,542
3101.48,10625,581
3102.77,11326,620
3104.06,12044,659
3105.35,12624,691
3106.64,13327,730
3107.93,13982,767
3109.22,14704,806
3110.51,15371,843
3111.80,16179,889
3113.09,16977,932
3114.37,17621,967
3115.66,18293,1005
3116.95,19130,1051
3118.24,19799,1088
3119.53,20563,1131
3120.82,21282,1171
3122.11,21962,1209
3123.40,22571,1242
3124.69,23248,1280
3125.98,23948,1321
3127.27,24528,1351
3128.55,25075,1382
3129.84,25637,1414
3131.13,26181,1444
3132.42,26618,1470
3133.71,27139,1498
3135.00,27599,1524
3136.29,28039,1549
3137.58,28458,1571
3138.87,28833,1592
3140.16,29160,1612
3141.45,29388,1625
3142.73,29715,1642
3144.02,29926,1655
3145.31,30124,1665
3146.60,30383,1680
3147.89,30541,1689
3149.18,30687,1697
3150.47,30780,1702
3151.76,30852,1707
3153.05,30916,1711
3154.34,30925,1709
3155.62,30938,1712
3156.91,30851,1707
3158.20,30797,1704
3159.49,30707,1697
3160.78,30583,1691
3162.07,30415,1682
3163.36,30231,1672
3164.65,30047,1660
3165.94,29748,1645
3167.23,29513,1631
3168.52,29202,1612
3169.80,28909,1597
3171.09,28582,1578
3172.38,28206,1558
3173.67,27771,1533
3174.96,27445,1515
3176.25,27039,1491
3177.54,26596,1468
3178.83,26112,1440
3180.12,25626,1413
3181.41,25158,1387
3182.70,24587,1355
3183.98,24016,1322
3185.27,23470,1291
3186.56,22875,1258
3187.85,22291,1226
3189.14,21675,1192
3190.43,21047,1156
3191.72,20464,1124
3193.01,19733,1084
3194.30,19000,1043
3195.59,18372,1008
3196.87,17660,969
3198.16,16950,930
3199.45,16297,894
3200.74,15557,853
3202.03,14879,815
3203.32,14227,780
3204.61,13485,738
3205.90,12801,700
3207.19,12165,665
3208.48,11445,626
3209.77,10679,583
3211.05,10095,551
3212.34,9484,519
3213.63,8804,481
3214.92,8178,447
3216.21,7641,417
3217.50,6899,376
3218.79,6384,348
3220.08,5756,314
3221.37,5269,288
3222.66,4726,258
3223.95,4183,227
3225.23,3711,202
3226.52,3198,175
3227.81,2801,153
3229.10,2398,131
3230.39,1977,108
3231.68,1663,91
3232.97,1386,76
3234.26,1116,61
3235.55,835,46
3236.84,657,37
3238.12,501,28
3239.41,355,20
3240.70,237,14
3241.99,167,10
3243.28,130,8
3244.57,120,8
3245.86,137,8
3247.15,191,11
3248.44,276,16
3249.73,377,21
3251.02,520,29
3252.30,676,37
3253.59,892,49
3254.88,1127,62
3256.17,1391,76
3257.46,1639,89
3258.75,1918,104
3260.04,2294,125
3261.33,2647,144
3262.62,3057,167
3263.91,3472,189
3265.20,3889,212
3266.48,4418,241
3267.77,4868,266
3269.06,5299,289
3270.35,5826,318
3271.64,6475,354
3272.93,6952,380
3274.22,7404,405
3275.51,7964,436
3276.80,8692,476
3278.09,9296,509
3279.37,9841,540
3280.66,10383,569
3281.95,11102,608
3283.24,11647,639
3284.53,12318,676
3285.82,12873,707
3287.11,13525,743
3288.40,14214,780
3289.69,14857,816
3290.98,15557,855
3292.27,16193,891
3293.55,16852,928
3294.84,17470,962
3296.13,18164,1001
3297.42,18927,1043
3298.71,19472,1074
3300.00,20155,1112
3301.29,20800,1147
3302.58,21428,1184
3303.87,22080,1221
3305.16,22583,1248
3306.45,23249,1284
3307.73,23777,1315
3309.02,24262,1342
3310.31,24866,1376
3311.60,25351,1404
3312.89,25878,1434
3314.18,26300,1458
3315.47,26766,1484
3316.76,27202,1508
3318.05,27616,1532
3319.34,28024,1556
3320.62,28326,1572
3321.91,28640,1590
3323.20,28942,1606
3324.49,29251,1624
3325.78,29477,1637
3327.07,29705,1651
3328.36,29882,1660
3329.65,30047,1668
3330.94,30137,1673
3332.23,30252,1680
3333.52,30297,1681
3334.80,30305,1683
3336.09,30290,1681
3337.38,30224,1678
3338.67,30151,1673
3339.96,30047,1668
3341.25,29892,1659
3342.54,29715,1647
3343.83,29500,1635
3345.12,29276,1624
3346.41,29000,1607
3347.70,28707,1590
3348.98,28405,1574
3350.27,28020,1552
3351.56,27719,1534
3352.85,27311,1512
3354.14,26897,1487
3355.43,26492,1465
3356.72,25994,1437
3358.01,25512,1410
3359.30,24971,1380
3360.59,24484,1352
3361.87,23985,1324
3363.16,23429,1292
3364.45,22867,1261
3365.74,22274,1228
3367.03,21719,1198
3368.32,21050,1159
3369.61,20412,1124
3370.90,19805,1090
3372.19,19143,1053
3373.48,18498,1017
3374.77,17784,977
3376.05,17234,947
3377.34,16581,910
3378.63,15923,873
3379.92,15335,841
3381.21,14683,804
3382.50,14044,770
3383.79,13308,729
3385.08,12715,695
3386.37,12150,666
3387.66,11437,626
3388.95,10911,597
3390.23,10280,561
3391.52,9705,531
3392.81,9142,500
3394.10,8456,461
3395.39,7863,430
3396.68,7346,400
3397.97,6819,371
3399.26,6238,341
3400.55,5724,312
3401.84,5217,285
3403.12,4710,257
3404.41,4195,228
3405.70,3778,207
3406.99,3325,181
3408.28,2869,156
3409.57,2522,138
3410.86,2115,116
3412.15,1831,101
3413.44,1535,84
3414.73,1263,69
3416.02,1029,57
3417.30,779,42
3418.59,608,34
3419.88,441,25
3421.17,312,18
3422.46,231,14
3423.75,161,10
3425.04,124,8
3426.33,122,8
3427.62,150,9
3428.91,214,13
3430.20,340,19
3431.48,440,25
3432.77,610,34
3434.06,862,47
3435.35,1035,57
3436.64,1324,72
3437.93,1590,87
3439.22,1908,104
3440.51,2334,127
3441.80,2694,146
3443.09,3180,173
3444.37,3563,194
3445.66,4107,224
3446.95,4602,251
3448.24,5073,276
3449.53,5534,302
3450.82,6142,335
3452.11,6680,365
3453.40,7283,398
3454.69,7924,432
3455.98,8514,465
3457.27,9154,500
3458.55,9708,531
3459.84,10415,570
3461.13,11046,605
3462.42,11773,645
3463.71,12379,678
3465.00,13094,717
3466.29,13827,758
3467.58,14517,796
3468.87,15084,828
3470.16,15738,863
3471.45,16500,905
3472.73,17312,951
3474.02,17933,985
3475.31,18573,1022
3476.60,19244,1059
3477.89,19993,1101
3479.18,20653,1137
3480.47,21218,1169
3481.76,21771,1200
3483.05,22450,1238
3484.34,22941,1265
3485.62,23568,1299
3486.91,24212,1335
3488.20,24817,1369
3489.49,25268,1393
3490.78,25678,1417
3492.07,26210,1446
3493.36,26613,1469
3494.65,27089,1496
3495.94,27516,1519
3497.23,27890,1540
3498.52,28256,1559
3499.80,28699,1585
3501.09,29028,1603
3502.38,29280,1619
3503.67,29568,1635
3504.96,29852,1651
3506.25,30061,1661
3507.54,30305,1675
3508.83,30489,1686
3510.12,30594,1692
3511.41,30731,1699
3512.70,30845,1704
3513.98,30915,1709
3515.27,30922,1709
3516.56,30927,1711
3517.85,30860,1707
3519.14,30794,1703
3520.43,30726,1698
3521.72,30610,1691
3523.01,30405,1680
3524.30,30201,1670
3525.59,30035,1658
3526.87,29753,1645
3528.16,29487,1629
3529.45,29186,1612
3530.74,28843,1594
3532.03,28503,1574
3533.32,28085,1550
3534.61,27613,1525
3535.90,27193,1501
3537.19,26739,1476
3538.48,26184,1444
3539.77,25682,1415
3541.05,25129,1384
3542.34,24530,1352
3543.63,23915,1317
3544.92,23302,1283
3546.21,22696,1249
3547.50,22017,1211
3548.79,21285,1172
3550.08,20625,1135
3551.37,19939,1096
3552.66,19244,1057
3553.95,18559,1019
3555.23,17849,979
3556.52,17109,939
3557.81,16413,900
3559.10,15746,862
3560.39,14993,820
3561.68,14307,783
3562.97,13652,747
3564.26,12994,712
3565.55,12282,672
3566.84,11605,634
3568.12,11012,602
3569.41,10303,563
3570.70,9618,525
3571.99,9063,495
3573.28,8459,462
3574.57,7858,428
3575.86,7283,398
3577.15,6728,367
3578.44,6182,337
3579.73,5596,306
3581.02,5046,275
3582.30,4561,249
3583.59,4093,224
3584.88,3657,199
3586.17,3253,177
3587.46,2859,156
3588.75,2457,134
3590.04,2157,119
3591.33,1823,99
3592.62,1572,86
3593.91,1275,71
3595.20,1045,57
3596.48,809,45
3597.77,653,37
3599.06,490,27
3600.35,372,21
3601.64,262,15
switching colors
3602.93,80,2
3604.22,60,2
3605.51,52,2
3606.80,56,2
3608.09,71,2
3609.37,100,3
3610.66,146,4
3611.95,199,5
3613.24,267,6
3614.53,360,8
3615.82,443,10
3617.11,562,12
3618.40,694,14
3619.69,815,17
3620.98,964,20
3622.27,1128,24
3623.55,1298,27
3624.84,1492,31
3626.13,1653,34
3627.42,1858,38
3628.71,2090,43
3630.00,2299,48
3631.29,2557,52
3632.58,2822,58
3633.87,3024,62
3635.16,3272,67
3636.45,3559,74
3637.73,3852,79
3639.02,4110,84
3640.31,4397,91
3641.60,4728,96
3642.89,5016,103
3644.18,5293,109
3645.47,5614,116
3646.76,5963,122
3648.05,6314,130
3649.34,6654,137
3650.62,6942,143
3651.91,7250,149
3653.20,7598,157
3654.49,7913,163
3655.78,8216,169
3657.07,8517,176
3658.36,8856,183
3659.65,9145,188
3660.94,9397,194
3662.23,9701,200
3663.52,10021,207
3664.80,10254,212
3666.09,10433,216
3667.38,10694,221
3668.67,10946,226
3669.96,11155,230
3671.25,11377,235
3672.54,11581,238
3673.83,11785,244
3675.12,11981,247
3676.41,12168,251
3677.70,12328,254
3678.98,12498,257
3680.27,12644,261
3681.56,12781,264
3682.85,12900,266
3684.14,13024,269
3685.43,13132,271
3686.72,13216,273
3688.01,13298,274
3689.30,13370,276
3690.59,13427,278
3691.87,13451,278
3693.16,13477,278
3694.45,13488,278
3695.74,13505,278
3697.03,13473,278
3698.32,13448,278
3699.61,13407,277
3700.90,13357,275
3702.19,13294,274
3703.48,13224,273
3704.77,13146,271
3706.05,13052,269
3707.34,12931,267
3708.63,12815,265
3709.92,12690,261
3711.21,12531,258
3712.50,12374,255
3713.79,12193,251
3715.08,12019,248
3716.37,11846,244
3717.66,11665,240
3718.95,11443,235
3720.23,11217,231
3721.52,10991,227
3722.81,10732,220
3724.10,10477,216
3725.39,10218,211
3726.68,9982,206
3727.97,9698,199
3729.26,9407,194
3730.55,9141,188
3731.84,8884,182
3733.12,8563,177
3734.41,8271,171
3735.70,7951,164
3736.99,7633,158
3738.28,7352,151
3739.57,7075,145
3740.86,6773,139
3742.15,6446,133
3743.44,6128,126
3744.73,5820,120
3746.02,5533,114
3747.30,5234,108
3748.59,4930,101
3749.88,4614,95
3751.17,4334,89
3752.46,4063,84
3753.75,3725,76
3755.04,3445,71
3756.33,3181,65
3757.62,2931,60
3758.91,2617,54
3760.20,2388,49
3761.48,2165,44
3762.77,1947,40
3764.06,1721,35
3765.35,1533,32
3766.64,1329,27
3767.93,1156,25
3769.22,1002,21
3770.51,849,18
3771.80,681,15
3773.09,573,12
3774.37,476,10
3775.66,368,8
3776.95,289,6
3778.24,216,5
3779.53,161,4
3780.82,112,3
3782.11,79,2
3783.40,58,2
3784.69,52,2
3785.98,59,2
3787.27,79,2
3788.55,112,3
3789.84,164,4
3791.13,220,5
3792.42,294,7
3793.71,381,8
3795.00,482,10
3796.29,594,12
3797.58,732,15
3798.87,842,18
3800.16,995,21
3801.45,1132,24
3802.73,1298,27
3804.02,1489,31
3805.31,1682,34
3806.60,1899,39
3807.89,2073,43
3809.18,2261,46
3810.47,2478,51
3811.76,2707,55
3813.05,2928,60
3814.34,3165,65
3815.62,3444,71
3816.91,3694,76
3818.20,3952,81
3819.49,4249,88
3820.78,4510,93
3822.07,4790,98
3823.36,5123,106
3824.65,5386,111
3825.94,5688,116
3827.23,5973,122
3828.52,6310,130
3829.80,6590,135
3831.09,6890,141
3832.38,7212,148
3833.67,7546,154
3834.96,7823,160
3836.25,8109,167
3837.54,8427,173
3838.83,8739,180
3840.12,9074,186
3841.41,9303,191
3842.70,9609,198
3843.98,9905,203
3845.27,10121,208
3846.56,10428,214
3847.85,10728,221
3849.14,10953,226
3850.43,11198,230
3851.72,11430,235
3853.01,11665,241
3854.30,11868,244
3855.59,12049,247
3856.87,12258,252
3858.16,12440,256
3859.45,12687,261
3860.74,12823,265
3862.03,12954,267
3863.32,13092,270
3864.61,13208,271
3865.90,13320,274
3867.19,13415,276
3868.48,13478,277
3869.77,13533,279
3871.05,13551,279
3872.34,13590,279
3873.63,13594,280
3874.92,13607,280
3876.21,13577,279
3877.50,13554,279
3878.79,13512,277
3880.08,13462,277
3881.37,13401,275
3882.66,13311,274
3883.95,13232,272
3885.23,13127,270
3886.52,13006,268
3887.81,12878,265
3889.10,12741,263
3890.39,12573,258
3891.68,12405,255
3892.97,12228,252
3894.26,12034,248
3895.55,11841,244
3896.84,11641,239
3898.12,11434,234
3899.41,11190,230
3900.70,10924,225
3901.99,10716,221
3903.28,10476,216
3904.57,10220,210
3905.86,9963,205
3907.15,9736,200
3908.44,9467,195
3909.73,9180,188
3911.02,8912,183
3912.30,8633,178
3913.59,8351,172
3914.88,8092,166
3916.17,7804,161
3917.46,7536,155
3918.75,7237,148
3920.04,6961,143
3921.33,6639,136
3922.62,6351,130
3923.91,6043,124
3925.20,5772,119
3926.48,5473,113
3927.77,5187,107
3929.06,4928,102
3930.35,4598,94
3931.64,4314,89
3932.93,4052,84
3934.22,3759,77
3935.51,3472,71
3936.80,3180,65
3938.09,2972,61
3939.37,2732,56
3940.66,2475,51
3941.95,2251,47
3943.24,2044,42
3944.53,1809,38
3945.82,1610,33
3947.11,1415,29
3948.40,1245,26
3949.69,1061,22
3950.98,920,19
3952.27,785,16
3953.55,650,14
3954.84,528,12
3956.13,403,9
3957.42,318,7
3958.71,232,5
3960.00,176,4
3961.29,119,2
3962.58,81,2
3963.87,60,2
3965.16,52,1
3966.45,58,2
3967.73,85,2
3969.02,128,3
3970.31,177,4
3971.60,251,6
3972.89,334,7
3974.18,431,9
3975.47,548,11
3976.76,654,14
3978.05,785,16
3979.34,950,20
3980.62,1113,23
3981.91,1271,26
3983.20,1504,31
3984.49,1643,34
3985.78,1817,37
3987.07,2021,42
3988.36,2238,46
3989.65,2482,51
3990.94,2694,56
3992.23,2964,61
3993.52,3205,66
3994.80,3430,71
3996.09,3727,76
3997.38,3997,82
3998.67,4251,88
3999.96,4524,93
4001.25,4809,98
4002.54,5114,105
4003.83,5401,111
4005.12,5707,118
4006.41,5997,123
4007.70,6271,129
4008.98,6572,136
4010.27,6861,142
4011.56,7150,147
4012.85,7425,153
4014.14,7742,160
4015.43,8033,166
4016.72,8305,171
4018.01,8552,176
4019.30,8835,183
4020.59,9103,188
4021.87,9349,192
4023.16,9604,198
4024.45,9879,204
4025.74,10109,208
4027.03,10383,214
4028.32,10611,218
4029.61,10857,224
4030.90,11083,228
4032.19,11295,233
4033.48,11494,237
4034.77,11705,241
4036.05,11929,246
4037.34,12109,249
4038.63,12275,254
4039.92,12455,256
4041.21,12621,261
4042.50,12779,264
4043.79,12894,266
4045.08,13017,268
4046.37,13126,270
4047.66,13200,272
4048.95,13304,274
4050.23,13365,276
4051.52,13433,277
4052.81,13467,277
4054.10,13486,278
4055.39,13496,278
4056.68,13506,278
4057.97,13474,278
4059.26,13453,277
4060.55,13406,276
4061.84,13339,276
4063.12,13266,273
4064.41,13179,272
4065.70,13078,269
4066.99,12950,267
4068.28,12819,264
4069.57,12687,262
4070.86,12503,258
4072.15,12339,255
4073.44,12134,250
4074.73,11951,246
4076.02,11728,241
4077.30,11495,236
4078.59,11279,232
4079.88,11027,226
4081.17,10780,222
4082.46,10506,217
4083.75,10264,211
4085.04,10028,206
4086.33,9721,200
4087.62,9472,195
4088.91,9177,189
4090.20,8918,183
4091.48,8619,177
4092.77,8364,172
4094.06,8067,166
4095.35,7767,160
4096.64,7461,154
4097.93,7157,147
4099.22,6835,140
4100.51,6590,136
4101.80,6299,129
4103.09,5989,123
4104.37,5700,117
4105.66,5405,112
4106.95,5097,105
4108.24,4826,99
4109.53,4543,93
4110.82,4262,88
4112.11,3982,82
4113.40,3700,76
4114.69,3461,71
4115.98,3204,66
4117.27,2966,61
4118.55,2743,57
4119.84,2515,52
4121.13,2298,48
4122.42,2083,43
4123.71,1877,39
4125.00,1683,35
4126.29,1514,31
4127.58,1331,28
4128.87,1151,24
4130.16,1013,21
4131.45,893,19
4132.73,742,16
4134.02,616,13
4135.31,508,11
4136.60,402,9
4137.89,314,7
4139.18,238,5
4140.47,179,4
4141.76,124,3
4143.05,89,2
4144.34,63,2
4145.62,52,1
4146.91,58,2
4148.20,74,2
4149.49,106,3
4150.78,161,4
4152.07,204,5
4153.36,270,6
4154.65,365,8
4155.94,460,10
4157.23,582,12
4158.52,704,15
4159.80,847,18
4161.09,1021,21
4162.38,1148,24
4163.67,1338,27
4164.96,1512,31
4166.25,1737,36
4167.54,1957,40
4168.83,2196,45
4170.12,2394,50
4171.41,2619,53
4172.70,2884,59
4173.98,3167,65
4175.27,3458,71
4176.56,3718,76
4177.85,4029,83
4179.14,4328,89
4180.43,4645,95
4181.72,4982,102
4183.01,5296,109
4184.30,5632,116
4185.59,5993,123
4186.87,6264,129
4188.16,6528,134
4189.45,6824,140
4190.74,7212,148
4192.03,7515,154
4193.32,7829,160
4194.61,8127,166
4195.90,8372,172
4197.19,8654,178
4198.48,8989,185
4199.77,9285,191
4201.05,9522,196
4202.34,9784,201
4203.63,10069,207
4204.92,10392,214
4206.21,10640,219
4207.50,10836,223
4208.79,11090,228
4210.08,11325,233
4211.37,11517,237
4212.66,11720,241
4213.95,11939,245
4215.23,12141,249
4216.52,12324,253
4217.81,12488,257
4219.10,12657,261
4220.39,12800,263
4221.68,12932,266
4222.97,13042,268
4224.26,13152,271
4225.55,13261,273
4226.84,13338,275
4228.12,13409,276
4229.41,13470,277
4230.70,13524,278
4231.99,13563,279
4233.28,13591,280
4234.57,13605,280
4235.86,13616,281
4237.15,13595,280
4238.44,13574,278
4239.73,13540,279
4241.02,13492,278
4242.30,13432,277
4243.59,13363,275
4244.88,13270,273
4246.17,13169,271
4247.46,13048,268
4248.75,12938,266
4250.04,12801,263
4251.33,12628,260
4252.62,12448,257
4253.91,12279,253
4255.20,12095,248
4256.48,11893,245
4257.77,11700,240
4259.06,11491,236
4260.35,11250,231
4261.64,10989,227
4262.93,10767,222
4264.22,10512,217
4265.51,10224,210
4266.80,9965,205
4268.09,9712,199
4269.37,9429,194
4270.66,9138,188
4271.95,8844,181
4273.24,8543,176
4274.53,8210,168
4275.82,7897,162
4277.11,7560,156
4278.40,7270,149
4279.69,6958,143
4280.98,6639,136
4282.27,6300,130
4283.55,5997,123
4284.84,5658,116
4286.13,5324,110
4287.42,5001,103
4288.71,4677,96
4290.00,4402,90
4291.29,4078,84
4292.58,3762,77
4293.87,3554,73
4295.16,3289,68
4296.45,3003,62
4297.73,2754,57
4299.02,2514,52
4300.31,2289,48
4301.60,2067,42
4302.89,1857,39
4304.18,1668,35
4305.47,1489,31
4306.76,1317,28
4308.05,1127,24
4309.34,957,20
4310.62,825,17
4311.91,699,15
4313.20,571,12
4314.49,459,9
4315.78,366,8
4317.07,291,6
4318.36,213,5
4319.65,158,4
4320.94,110,3
4322.23,75,2
4323.52,56,1
4324.80,51,2
4326.09,57,1
4327.38,79,1
4328.67,109,3
4329.96,150,4
4331.25,208,5
4332.54,275,6
4333.83,360,8
4335.12,436,10
4336.41,546,12
4337.70,647,13
4338.98,777,16
4340.27,912,19
4341.56,1058,22
4342.85,1225,26
4344.14,1391,29
4345.43,1588,33
4346.72,1757,36
4348.01,1962,40
4349.30,2167,45
4350.59,2401,49
4351.87,2610,54
4353.16,2873,59
4354.45,3108,63
4355.74,3359,69
4357.03,3653,75
4358.32,3951,81
4359.61,4188,86
4360.90,4476,92
4362.19,4780,98
4363.48,5080,104
4364.77,5339,110
4366.05,5620,116
4367.34,5977,123
4368.63,6265,129
4369.92,6583,135
4371.21,6872,141
4372.50,7181,147
4373.79,7510,155
4375.08,7782,160
4376.37,8080,166
4377.66,8370,173
4378.95,8689,179
4380.23,9013,185
4381.52,9308,191
4382.81,9560,197
4384.10,9865,203
4385.39,10176,209
4386.68,10413,215
4387.97,10691,220
4389.26,10967,226
4390.55,11207,231
4391.84,11464,236
4393.12,11682,241
4394.41,11914,246
4395.70,12111,249
4396.99,12326,254
4398.28,12488,257
4399.57,12599,259
4400.86,12800,263
4402.15,12935,267
4403.44,13042,269
4404.73,13146,271
4406.02,13222,272
4407.30,13301,274
4408.59,13349,275
4409.88,13418,277
4411.17,13458,278
4412.46,13480,279
4413.75,13497,278
4415.04,13501,279
4416.33,13483,278
4417.62,13461,277
4418.91,13424,276
4420.20,13375,276
4421.48,13310,275
4422.77,13238,273
4424.06,13152,271
4425.35,13041,268
4426.64,12908,265
4427.93,12768,263
4429.22,12655,261
4430.51,12512,257
4431.80,12352,254
4433.09,12168,251
4434.37,12021,247
4435.66,11835,244
4436.95,11612,239
4438.24,11396,235
4439.53,11214,230
4440.82,10982,226
4442.11,10774,221
4443.40,10541,217
4444.69,10296,212
4445.98,10067,207
4447.27,9794,202
4448.55,9560,197
4449.84,9276,191
4451.13,9003,184
4452.42,8730,180
4453.71,8439,173
4455.00,8165,168
4456.29,7887,162
4457.58,7582,156
4458.87,7308,150
4460.16,6937,143
4461.45,6693,138
4462.73,6338,131
4464.02,6034,124
4465.31,5771,119
4466.60,5477,112
4467.89,5149,106
4469.18,4867,100
4470.47,4581,94
4471.76,4327,89
4473.05,4028,83
4474.34,3723,77
4475.62,3459,71
4476.91,3193,66
4478.20,2954,60
4479.49,2716,56
4480.78,2465,51
4482.07,2229,46
4483.36,2032,42
4484.65,1794,37
4485.94,1590,33
4487.23,1392,29
4488.52,1196,25
4489.80,1049,22
4491.09,885,19
4492.38,736,16
4493.67,594,13
4494.96,482,10
4496.25,359,7
4497.54,275,6
4498.83,201,4
4500.12,139,4
4501.41,101,2
4502.70,70,2
4503.98,53,1
4505.27,54,2
4506.56,65,2
4507.85,95,3
4509.14,151,3
4510.43,194,4
4511.72,261,5
4513.01,357,8
4514.30,452,10
4515.59,569,12
4516.87,671,14
4518.16,798,16
4519.45,957,20
4520.74,1103,23
4522.03,1278,26
4523.32,1450,30
4524.61,1659,34
4525.90,1876,39
4527.19,2053,42
4528.48,2272,47
4529.77,2520,52
4531.05,2760,56
4532.34,2968,61
4533.63,3263,67
4534.92,3538,73
4536.21,3779,78
4537.50,4040,82
4538.79,4314,89
4540.08,4574,94
4541.37,4847,100
4542.66,5125,105
4543.95,5423,112
4545.23,5715,117
4546.52,6038,124
4547.81,6248,128
4549.10,6558,134
4550.39,6822,140
4551.68,7149,147
4552.97,7453,153
4554.26,7734,158
4555.55,8019,164
4556.84,8317,171
4558.12,8603,177
4559.41,8888,183
4560.70,9159,188
4561.99,9442,194
4563.28,9696,199
4564.57,9959,204
4565.86,10257,211
4567.15,10536,217
4568.44,10825,222
4569.73,11040,227
4571.02,11252,232
4572.30,11520,237
4573.59,11690,240
4574.88,11921,245
4576.17,12093,249
4577.46,12290,253
4578.75,12470,256
4580.04,12662,261
4581.33,12819,263
4582.62,12948,266
4583.91,13065,268
4585.20,13185,271
4586.48,13304,273
4587.77,13386,276
4589.06,13445,277
4590.35,13516,278
4591.64,13577,279
4592.93,13599,280
4594.22,13622,280
4595.51,13628,280
4596.80,13611,281
4598.09,13585,280
4599.37,13548,279
4600.66,13495,277
4601.95,13431,277
4603.24,13329,274
4604.53,13237,272
4605.82,13108,270
4607.11,12979,267
4608.40,12828,264
4609.69,12685,261
4610.98,12530,258
4612.27,12320,254
4613.55,12137,250
4614.84,11950,246
4616.13,11741,242
4617.42,11513,237
4618.71,11286,232
4620.00,11077,228
4621.29,10829,223
4622.58,10588,218
4623.87,10345,212
4625.16,10026,206
4626.45,9776,202
4627.73,9511,196
4629.02,9254,190
4630.31,8971,185
4631.60,8684,179
4632.89,8367,172
4634.18,8105,167
4635.47,7819,161
4636.76,7484,154
4638.05,7179,148
4639.34,6851,141
4640.62,6596,136
4641.91,6290,129
4643.20,5976,123
4644.49,5708,118
4645.78,5442,112
4647.07,5172,106
4648.36,4872,100
4649.65,4583,93
4650.94,4322,88
4652.23,4049,83
4653.52,3780,78
4654.80,3537,73
4656.09,3316,68
4657.38,3058,63
4658.67,2831,58
4659.96,2607,54
4661.25,2328,49
4662.54,2135,44
4663.83,1915,39
4665.12,1704,35
4666.41,1559,32
4667.70,1357,28
4668.98,1167,24
4670.27,1029,22
4671.56,865,18
4672.85,742,16
4674.14,605,13
4675.43,488,10
4676.72,391,9
4678.01,305,7
4679.30,223,5
4680.59,165,3
4681.87,118,2
4683.16,81,2
4684.45,58,2
4685.74,52,2
4687.03,57,2
4688.32,78,2
4689.61,111,3
4690.90,159,3
4692.19,232,5
4693.48,303,7
4694.77,384,8
4696.05,494,10
4697.34,626,13
4698.63,744,16
4699.92,882,18
4701.21,1078,22
4702.50,1243,26
4703.79,1425,29
4705.08,1643,34
4706.37,1838,38
4707.66,2067,43
4708.95,2318,48
4710.23,2573,53
4711.52,2842,58
4712.81,3065,63
4714.10,3342,69
4715.39,3633,75
4716.68,3922,81
4717.97,4150,86
4719.26,4474,92
4720.55,4751,97
4721.84,5030,103
4723.12,5308,109
4724.41,5591,115
4725.70,5871,121
4726.99,6183,127
4728.28,6480,134
4729.57,6774,139
4730.86,7079,146
4732.15,7388,152
4733.44,7696,158
4734.73,7964,165
4736.02,8276,170
4737.30,8519,175
4738.59,8828,182
4739.88,9106,187
4741.17,9391,194
4742.46,9657,199
4743.75,9918,204
4745.04,10213,211
4746.33,10471,216
4747.62,10682,220
4748.91,10908,225
4750.20,11165,230
4751.48,11363,235
4752.77,11548,238
4754.06,11750,242
4755.35,11952,247
4756.64,12154,250
4757.93,12291,253
4759.22,12461,257
4760.51,12586,260
4761.80,12733,262
4763.09,12863,265
4764.37,12971,268
4765.66,13078,270
4766.95,13185,271
4768.24,13275,274
4769.53,13348,275
4770.82,13408,276
4772.11,13461,278
4773.40,13483,279
4774.69,13503,279
4775.98,13507,279
4777.27,13504,279
4778.55,13482,278
4779.84,13446,277
4781.13,13397,277
4782.42,13335,275
4783.71,13261,274
4785.00,13175,272
4786.29,13064,269
4787.58,12948,267
4788.87,12826,265
4790.16,12683,261
4791.45,12523,258
4792.73,12345,254
4794.02,12191,251
4795.31,12012,248
4796.60,11805,243
4797.89,11584,239
4799.18,11356,234
4800.47,11141,229
4801.76,10904,224
4803.05,10632,219
4804.34,10375,214
4805.62,10088,207
4806.91,9837,202
4808.20,9553,197
4809.49,9239,190
4810.78,8928,184
4812.07,8629,177
4813.36,8335,172
4814.65,7993,164
4815.94,7700,158
4817.23,7392,152
4818.52,7067,145
4819.80,6737,139
4821.09,6458,133
4822.38,6150,127
4823.67,5813,119
4824.96,5544,114
4826.25,5253,108
4827.54,4930,101
4828.83,4598,94
4830.12,4348,90
4831.41,4095,84
4832.70,3830,78
4833.98,3522,72
4835.27,3311,68
4836.56,3044,63
4837.85,2776,57
4839.14,2545,53
4840.43,2328,48
4841.72,2112,43
4843.01,1903,39
4844.30,1697,35
4845.59,1518,32
4846.87,1311,27
4848.16,1150,24
4849.45,982,20
4850.74,836,18
4852.03,695,15
4853.32,584,12
4854.61,475,10
4855.90,367,8
4857.19,304,7
4858.48,232,5
4859.77,169,4
4861.05,117,3
4862.34,86,3
4863.63,62,2
4864.92,52,2
4866.21,54,1
4867.50,65,1
4868.79,92,2
4870.08,138,3
4871.37,182,4
4872.66,242,6
4873.95,327,7
4875.23,418,9
4876.52,504,11
4877.81,616,13
4879.10,751,16
4880.39,907,19
4881.68,1044,21
4882.97,1206,25
4884.26,1398,29
4885.55,1622,33
4886.84,1840,38
4888.12,2002,41
4889.41,2213,46
4890.70,2471,51
4891.99,2714,56
4893.28,2922,60
4894.57,3204,66
4895.86,3462,71
4897.15,3762,77
4898.44,4050,83
4899.73,4290,88
4901.02,4581,94
4902.30,4865,99
4903.59,5206,107
4904.88,5480,112
4906.17,5786,119
4907.46,6143,126
4908.75,6455,132
4910.04,6733,138
4911.33,7070,145
4912.62,7408,152
4913.91,7754,159
4915.20,8040,165
4916.48,8415,173
4917.77,8673,178
4919.06,9028,186
4920.35,9363,193
4921.64,9670,198
4922.93,9922,204
4924.22,10184,209
4925.51,10498,216
4926.80,10776,221
4928.09,10977,226
4929.37,11216,231
4930.66,11475,236
4931.95,11673,240
4933.24,11886,244
4934.53,12070,249
4935.82,12251,252
4937.11,12446,256
4938.40,12626,259
4939.69,12776,264
4940.98,12889,265
4942.27,13031,268
4943.55,13150,270
4944.84,13244,273
4946.13,13334,274
4947.42,13418,276
4948.71,13478,276
4950.00,13527,279
4951.29,13577,279
4952.58,13598,280
4953.87,13623,280
4955.16,13618,280
4956.45,13595,280
4957.73,13567,279
4959.02,13533,278
4960.31,13480,277
4961.60,13421,277
4962.89,13335,275
4964.18,13260,272
4965.47,13157,271
4966.76,13036,269
4968.05,12922,266
4969.34,12795,263
4970.62,12658,260
4971.91,12517,258
4973.20,12328,254
4974.49,12146,250
4975.78,11960,246
4977.07,11794,243
4978.36,11527,237
4979.65,11348,234
4980.94,11131,230
4982.23,10894,224
4983.52,10676,220
4984.80,10428,215
4986.09,10161,209
4987.38,9880,203
4988.67,9592,197
4989.96,9346,192
4991.25,9003,185
4992.54,8718,179
4993.83,8433,174
4995.12,8162,168
4996.41,7857,162
4997.70,7543,155
4998.98,7224,148
5000.27,6915,142
5001.56,6635,137
5002.85,6289,130
5004.14,5961,123
5005.43,5672,116
5006.72,5410,111
5008.01,5073,105
5009.30,4772,98
5010.59,4488,92
5011.87,4209,87
5013.16,3932,81
5014.45,3622,75
5015.74,3365,69
5017.03,3111,64
5018.32,2847,59
5019.61,2566,53
5020.90,2320,48
5022.19,2070,43
5023.48,1852,38
5024.77,1620,34
5026.05,1414,30
5027.34,1246,26
5028.63,1068,22
5029.92,908,19
5031.21,770,15
5032.50,631,13
5033.79,517,11
5035.08,400,9
5036.37,312,7
5037.66,236,5
5038.95,174,4
5040.23,119,3
5041.52,87,2
5042.81,63,2
5044.10,52,2
5045.39,54,2
5046.68,69,2
5047.97,96,2
5049.26,141,3
5050.55,204,4
5051.84,268,6
5053.12,352,7
5054.41,429,9
5055.70,556,12
5056.99,650,13
5058.28,784,16
5059.57,935,20
5060.86,1102,23
5062.15,1278,27
5063.44,1448,30
5064.73,1611,33
5066.02,1807,38
5067.30,2002,41
5068.59,2202,45
5069.88,2439,50
5071.17,2664,55
5072.46,2908,60
5073.75,3130,65
5075.04,3366,69
5076.33,3620,74
5077.62,3859,80
5078.91,4136,85
5080.20,4387,90
5081.48,4656,95
5082.77,4962,102
5084.06,5239,108
5085.35,5521,113
5086.64,5837,120
5087.93,6097,125
5089.22,6367,131
5090.51,6675,137
5091.80,6973,144
5093.09,7300,151
5094.37,7614,157
5095.66,7897,162
5096.95,8218,169
5098.24,8503,175
5099.53,8783,181
5100.82,9064,187
5102.11,9361,193
5103.40,9616,198
5104.69,9885,204
5105.98,10170,210
5107.27,10448,215
5108.55,10680,220
5109.84,10944,226
5111.13,11184,230
5112.42,11382,234
5113.71,11618,240
5115.00,11813,244
5116.29,12011,248
5117.58,12247,253
5118.87,12399,256
5120.16,12558,260
5121.45,12710,262
5122.73,12865,265
5124.02,12986,269
5125.31,13092,270
5126.60,13214,273
5127.89,13346,274
5129.18,13410,276
5130.47,13452,277
5131.76,13507,279
5133.05,13538,279
5134.34,13533,278
5135.62,13530,279
5136.91,13500,279
5138.20,13466,277
5139.49,13421,276
5140.78,13363,275
5142.07,13280,273
5143.36,13208,272
5144.65,13099,270
5145.94,12992,268
5147.23,12865,265
5148.52,12737,262
5149.80,12597,260
5151.09,12442,256
5152.38,12257,253
5153.67,12089,249
5154.96,11876,245
5156.25,11702,241
5157.54,11483,237
5158.83,11250,231
5160.12,11051,228
5161.41,10808,223
5162.70,10556,218
5163.98,10287,212
5165.27,10056,207
5166.56,9785,201
5167.85,9485,195
5169.14,9212,190
5170.43,8951,185
5171.72,8661,178
5173.01,8397,173
5174.30,8102,166
5175.59,7856,162
5176.87,7544,154
5178.16,7281,149
5179.45,6980,143
5180.74,6694,137
5182.03,6434,132
5183.32,6149,127
5184.61,5834,120
5185.90,5576,115
5187.19,5312,109
5188.48,5015,103
5189.77,4713,97
5191.05,4456,92
5192.34,4172,85
5193.63,3919,80
5194.92,3623,74
5196.21,3372,69
5197.50,3110,64
5198.79,2881,59
5200.08,2632,54
5201.37,2392,50
5202.66,2156,45
5203.95,1941,40
5205.23,1746,36
5206.52,1553,32
5207.81,1345,28
5209.10,1175,25
5210.39,998,21
5211.68,873,18
5212.97,724,16
5214.26,593,13
5215.55,479,10
5216.84,373,7
5218.12,299,7
5219.41,221,5
5220.70,160,4
5221.99,112,3
5223.28,77,1
5224.57,57,1
5225.86,52,2
5227.15,61,2
5228.44,94,3
5229.73,129,3
5231.02,183,4
5232.30,262,6
5233.59,341,7
5234.88,445,10
5236.17,566,12
5237.46,686,14
5238.75,842,18
5240.04,1008,21
5241.33,1170,24
5242.62,1374,29
5243.91,1531,32
5245.20,1745,36
5246.48,1975,40
5247.77,2169,45
5249.06,2415,49
5250.35,2648,55
5251.64,2881,59
5252.93,3144,64
5254.22,3375,69
5255.51,3683,76
5256.80,3928,81
5258.09,4206,86
5259.37,4475,92
5260.66,4804,98
5261.95,5072,104
5263.24,5392,111
5264.53,5678,117
5265.82,5946,122
5267.11,6241,128
5268.40,6554,134
5269.69,6857,141
5270.98,7178,147
5272.27,7548,155
5273.55,7801,160
5274.84,8070,166
5276.13,8368,172
5277.42,8674,178
5278.71,8984,184
5280.00,9244,190
5281.29,9470,195
5282.58,9760,201
5283.87,10028,206
5285.16,10262,210
5286.45,10580,217
5287.73,10801,222
5289.02,10989,225
5290.31,11217,230
5291.60,11439,235
5292.89,11646,239
5294.18,11852,244
5295.47,12038,248
5296.76,12223,251
5298.05,12400,256
5299.34,12555,258
5300.62,12714,261
5301.91,12869,265
5303.20,13010,268
5304.49,13134,270
5305.78,13244,273
5307.07,13345,275
5308.36,13432,276
5309.65,13496,277
5310.94,13549,279
5312.23,13597,280
5313.52,13626,280
5314.80,13634,280
5316.09,13641,281
5317.38,13627,280
5318.67,13602,280
5319.96,13565,279
5321.25,13510,277
5322.54,13438,276
5323.83,13374,275
5325.12,13270,273
5326.41,13163,271
5327.70,13038,269
5328.98,12908,266
5330.27,12747,262
5331.56,12588,259
5332.85,12415,255
5334.14,12201,251
5335.43,12012,247
5336.72,11818,242
5338.01,11555,237
5339.30,11330,233
5340.59,11077,228
5341.87,10791,222
5343.16,10554,217
5344.45,10239,210
5345.74,9996,206
5347.03,9720,200
5348.32,9415,194
5349.61,9116,187
5350.90,8795,181
5352.19,8518,175
5353.48,8218,169
5354.77,7902,162
5356.05,7581,156
5357.34,7286,150
5358.63,7016,145
5359.92,6693,138
5361.21,6396,132
5362.50,6096,125
5363.79,5822,120
5365.08,5500,113
5366.37,5229,108
5367.66,4958,102
5368.95,4631,95
5370.23,4367,90
5371.52,4093,84
5372.81,3808,78
5374.10,3548,73
5375.39,3263,67
5376.68,3034,63
5377.97,2790,57
5379.26,2531,52
5380.55,2306,48
5381.84,2099,44
5383.12,1883,39
5384.41,1692,35
5385.70,1519,32
5386.99,1354,28
5388.28,1163,24
5389.57,1023,22
5390.86,864,18
5392.15,751,16
5393.44,630,13
5394.73,521,11
5396.02,424,9
5397.30,332,7
5398.59,262,6
5399.88,192,4
5401.17,137,3
5402.46,93,3