83.79,4235,973
85.08,4014,926
86.37,3790,881
87.66,3581,838
88.95,3373,795
90.23,3149,750
91.52,2932,704
92.81,2746,666
94.10,2533,623
95.39,2338,582
96.68,2184,551
97.97,1990,511
99.26,1795,471
100.55,1647,441
101.84,1483,407
103.12,1328,375
104.41,1172,343
105.70,1046,317
106.99,933,294
108.28,829,272
109.57,720,251
110.86,621,230
112.15,540,213
113.44,464,198
114.73,394,184
116.02,341,173
117.30,303,165
118.59,275,158
119.88,256,155
121.17,249,154
122.46,253,155
123.75,267,157
125.04,296,163
126.33,333,171
127.62,380,181
128.91,441,192
130.20,513,208
131.48,594,224
132.77,693,244
134.06,799,266
135.35,920,291
136.64,1039,316
137.93,1182,345
139.22,1321,373
140.51,1472,405
141.80,1630,437
143.09,1790,469
144.38,1954,504
145.66,2142,542
146.95,2337,582
148.24,2528,621
149.53,2730,662
150.82,2941,706
152.11,3147,749
153.40,3348,789
154.69,3578,836
155.98,3804,884
157.27,4047,933
158.55,4286,982
159.84,4525,1033
161.13,4780,1084
162.42,4980,1127
163.71,5276,1186
165.00,5663,1267
166.29,5969,1331
167.58,6231,1384
168.87,6482,1437
170.16,6737,1489
171.45,6946,1531
172.73,7208,1586
174.02,7481,1642
175.31,7685,1685
176.60,7924,1735
177.89,8192,1790
179.18,8404,1834
180.47,8613,1877
181.76,8845,1926
183.05,9073,1973
184.34,9264,2014
185.63,9430,2048
186.91,9611,2086
188.20,9765,2119
189.49,9911,2149
190.78,10069,2182
192.07,10222,2214
193.36,10369,2245
194.65,10490,2270
195.94,10626,2297
197.23,10752,2324
198.52,10856,2344
199.80,10961,2366
201.09,11036,2384
202.38,11110,2398
203.67,11183,2414
204.96,11240,2424
206.25,11284,2434
207.54,11323,2443
208.83,11360,2451
210.12,11360,2450
211.41,11361,2451
212.70,11360,2451
213.98,11330,2442
215.27,11292,2435
216.56,11252,2427
217.85,11203,2416
219.14,11133,2401
220.43,11065,2387
221.72,10989,2370
223.01,10889,2350
224.30,10789,2329
225.59,10687,2307
226.88,10564,2282
228.16,10433,2254
229.45,10291,2226
230.74,10138,2194
232.03,9975,2159
233.32,9807,2126
234.61,9636,2089
235.90,9447,2050
237.19,9266,2012
238.48,9050,1967
239.77,8834,1922
241.05,8621,1878
242.34,8412,1834
243.63,8175,1785
244.92,7944,1737
246.21,7725,1692
247.50,7484,1642
248.79,7238,1592
250.08,6995,1542
251.37,6767,1493
252.66,6520,1443
253.95,6259,1389
255.23,6010,1339
256.52,5752,1284
257.81,5525,1236
259.10,5283,1187
260.39,5043,1137
261.68,4782,1084
262.97,4544,1034
264.26,4287,982
265.55,4024,928
266.84,3782,878
268.13,3554,831
269.41,3294,777
270.70,3016,720
271.99,2787,673
273.28,2560,628
274.57,2352,585
275.86,2156,544
277.15,1965,505
278.44,1772,465
279.73,1585,427
281.02,1427,395
282.30,1278,364
283.59,1136,335
284.88,1003,308
286.17,884,284
287.46,775,261
288.75,684,244
290.04,602,226
291.33,514,208
292.62,445,195
293.91,396,184
295.20,353,176
296.48,311,167
297.77,281,161
299.06,259,156
300.35,250,154
301.64,250,154
302.93,261,156
304.22,282,161
305.51,316,168
306.80,363,177
308.09,411,187
309.38,465,198
310.66,542,214
311.95,629,232
313.24,720,250
314.53,825,272
315.82,942,296
317.11,1084,325
318.40,1207,349
319.69,1358,381
320.98,1513,413
322.27,1688,449
323.55,1855,483
324.84,2019,516
326.13,2224,558
327.42,2427,600
328.71,2605,637
330.00,2789,675
331.29,3002,719
332.58,3219,763
333.87,3440,809
335.16,3655,852
336.45,3901,904
337.73,4140,953
339.02,4368,1000
340.31,4613,1052
341.60,4854,1101
342.89,5088,1148
344.18,5329,1198
345.47,5586,1251
346.76,5848,1305
348.05,6086,1355
349.34,6345,1409
350.63,6583,1458
351.91,6824,1506
353.20,7057,1556
354.49,7291,1605
355.78,7513,1651
357.07,7746,1699
358.36,7977,1747
359.65,8198,1794
360.94,8408,1838
362.23,8655,1887
363.52,8856,1930
364.80,9049,1969
366.09,9227,2006
367.38,9462,2055
368.67,9648,2094
369.96,9854,2136
371.25,10002,2166
372.54,10160,2200
373.83,10304,2231
375.12,10475,2266
376.41,10613,2294
377.70,10735,2320
378.98,10874,2349
380.27,10959,2366
381.56,11018,2380
382.85,11081,2392
384.14,11114,2399
385.43,11147,2407
386.72,11188,2415
388.01,11226,2423
389.30,11253,2429
390.59,11255,2428
391.88,11250,2427
393.16,11253,2428
394.45,11229,2424
395.74,11189,2415
397.03,11131,2403
398.32,11075,2391
399.61,11016,2379
400.90,10962,2367
402.19,10869,2348
403.48,10765,2327
404.77,10644,2302
406.05,10531,2278
407.34,10417,2252
408.63,10287,2226
409.92,10140,2194
411.21,9997,2165
412.50,9843,2134
413.79,9691,2102
415.08,9482,2059
416.37,9300,2021
417.66,9141,1987
418.95,8916,1941
420.23,8695,1895
421.52,8470,1847
422.81,8283,1809
424.10,8063,1763
425.39,7818,1712
426.68,7609,1670
427.97,7391,1623
429.26,7143,1573
430.55,6891,1520
431.84,6654,1471
433.13,6414,1422
434.41,6173,1373
435.70,5949,1325
436.99,5718,1277
438.28,5465,1225
439.57,5222,1175
440.86,4991,1128
442.15,4731,1073
443.44,4488,1025
444.73,4252,975
446.02,4019,928
447.30,3789,880
448.59,3565,834
449.88,3325,786
451.17,3097,738
452.46,2875,693
453.75,2672,650
455.04,2453,605
456.33,2253,565
457.62,2067,527
458.91,1894,490
460.20,1718,455
461.48,1560,422
462.77,1406,391
464.06,1250,359
465.35,1106,329
466.64,982,304
467.93,851,277
469.22,749,256
470.51,653,236
471.80,570,219
473.09,486,203
474.38,421,190
475.66,362,178
476.95,317,169
478.24,283,161
479.53,260,157
480.82,249,153
482.11,253,155
483.40,266,157
484.69,297,163
485.98,338,171
487.27,395,184
488.55,453,195
489.84,533,211
491.13,626,231
492.42,719,250
493.71,824,271
495.00,942,296
496.29,1070,323
497.58,1205,350
498.87,1352,379
500.16,1508,412
501.45,1672,446
502.73,1851,482
504.02,2019,517
505.31,2194,553
506.60,2348,584
507.89,2540,624
509.18,2733,665
510.47,2924,703
511.76,3131,746
513.05,3379,796
514.34,3575,837
515.63,3794,882
516.91,4050,935
518.20,4274,981
519.49,4532,1034
520.78,4736,1076
522.07,5026,1137
523.36,5251,1183
524.65,5495,1233
525.94,5726,1281
527.23,5992,1335
528.52,6246,1388
529.80,6460,1433
531.09,6718,1487
532.38,6957,1536
533.67,7194,1584
534.96,7430,1634
536.25,7666,1682
537.54,7928,1736
538.83,8145,1782
540.12,8340,1822
541.41,8553,1865
542.70,8786,1914
543.98,8986,1955
545.27,9170,1994
546.56,9376,2036
547.85,9576,2079
549.14,9752,2116
550.43,9935,2153
551.72,10107,2189
553.01,10242,2218
554.30,10405,2251
555.59,10565,2283
556.88,10690,2309
558.16,10816,2335
559.45,10914,2356
560.74,11024,2379
562.03,11090,2393
563.32,11158,2408
564.61,11218,2420
565.90,11275,2430
567.19,11312,2439
568.48,11363,2449
569.77,11387,2454
571.05,11374,2451
572.34,11379,2453
573.63,11356,2449
574.92,11330,2441
576.21,11288,2432
577.50,11231,2422
578.79,11146,2403
580.08,11071,2387
581.37,10970,2367
582.66,10887,2350
583.95,10786,2329
585.23,10658,2302
586.52,10529,2275
587.81,10368,2242
589.10,10268,2220
590.39,10105,2187
591.68,9963,2157
592.97,9783,2120
594.26,9592,2080
595.55,9376,2037
596.84,9150,1988
598.13,8942,1945
599.41,8694,1895
600.70,8458,1845
601.99,8254,1803
603.28,8074,1765
604.57,7830,1716
605.86,7609,1671
607.15,7417,1629
608.44,7182,1580
609.73,6942,1531
611.02,6717,1485
612.30,6519,1444
613.59,6269,1393
614.88,6024,1341
616.17,5749,1285
617.46,5560,1245
618.75,5310,1194
620.04,5096,1149
621.33,4828,1095
622.62,4588,1045
623.91,4369,1000
625.20,4142,954
626.48,3891,902
627.77,3641,851
629.06,3447,811
630.35,3223,765
631.64,2986,716
632.93,2770,670
634.22,2566,629
635.51,2352,586
636.80,2122,537
638.09,1978,508
639.38,1809,473
640.66,1636,438
641.95,1463,403
643.24,1312,371
644.53,1172,343
645.82,1046,316
647.11,925,292
648.40,819,270
649.69,713,249
650.98,623,231
652.27,537,213
653.55,461,197
654.84,399,183
656.13,347,173
657.42,306,165
658.71,276,159
660.00,257,155
661.29,248,153
662.58,251,153
663.87,266,157
665.16,292,162
666.45,331,170
667.73,383,181
669.02,438,192
670.31,506,206
671.60,589,223
672.89,672,241
674.18,777,262
675.47,887,284
676.76,1010,310
678.05,1142,337
679.34,1280,365
680.63,1422,394
681.91,1571,424
683.20,1737,459
684.49,1916,495
685.78,2090,530
687.07,2304,575
688.36,2503,617
689.65,2722,662
690.94,2931,705
692.23,3168,752
693.52,3456,812
694.80,3683,858
696.09,3924,908
697.38,4201,965
698.67,4451,1016
699.96,4699,1068
701.25,4962,1122
702.54,5215,1175
703.83,5460,1225
705.12,5725,1281
706.41,5979,1333
707.70,6210,1382
708.98,6482,1437
710.27,6713,1485
711.56,6975,1540
712.85,7168,1580
714.14,7456,1639
715.43,7636,1677
716.72,7829,1717
718.01,8039,1760
719.30,8257,1806
720.59,8483,1852
721.88,8661,1891
723.16,8863,1933
724.45,9077,1976
725.74,9245,2013
727.03,9414,2046
728.32,9605,2087
729.61,9787,2125
730.90,9914,2150
732.19,10065,2181
733.48,10233,2216
734.77,10384,2250
736.05,10496,2273
737.34,10638,2303
738.63,10761,2327
739.92,10853,2345
741.21,10925,2361
742.50,10997,2376
743.79,11060,2389
745.08,11134,2405
746.37,11176,2414
747.66,11206,2420
748.95,11226,2424
750.23,11262,2432
751.52,11258,2430
752.81,11232,2426
754.10,11220,2423
755.39,11196,2417
756.68,11159,2409
757.97,11106,2399
759.26,11043,2385
760.55,10986,2372
761.84,10915,2357
763.13,10809,2336
764.41,10713,2316
765.70,10610,2295
766.99,10473,2266
768.28,10328,2236
769.57,10196,2208
770.86,10059,2179
772.15,9865,2138
773.44,9706,2105
774.73,9541,2071
776.02,9364,2034
777.30,9158,1990
778.59,8974,1952
779.88,8756,1906
781.17,8553,1865
782.46,8319,1816
783.75,8093,1769
785.04,7859,1720
786.33,7636,1673
787.62,7423,1630
788.91,7200,1585
790.20,6950,1533
791.48,6743,1490
792.77,6494,1440
794.06,6246,1388
795.35,5981,1334
796.64,5741,1284
797.93,5464,1227
799.22,5151,1162
800.51,4905,1111
801.80,4610,1049
803.09,4342,994
804.38,4092,942
805.66,3854,892
806.95,3612,843
808.24,3386,796
809.53,3176,754
810.82,2926,702
812.11,2721,661
813.40,2527,620
814.69,2345,584
815.98,2166,546
817.27,1985,510
818.55,1813,474
819.84,1644,440
821.13,1503,412
822.42,1372,384
823.71,1250,359
825.00,1111,331
826.29,988,306
827.58,871,282
828.87,734,253
830.16,666,239
831.45,587,223
832.73,503,205
834.02,439,193
835.31,385,182
836.60,337,172
837.89,295,163
839.18,271,158
840.47,255,155
841.76,249,154
843.05,257,155
844.34,272,159
845.63,299,164
846.91,337,173
848.20,388,182
849.49,438,193
850.78,507,207
852.07,597,226
853.36,705,248
854.65,795,265
855.94,901,288
857.23,1035,315
858.52,1170,342
859.80,1320,373
861.09,1461,402
862.38,1620,435
863.67,1793,470
864.96,1974,508
866.25,2158,545
867.54,2347,583
868.83,2565,628
870.12,2764,671
871.41,2974,712
872.70,3196,759
873.98,3441,809
875.27,3673,857
876.56,3910,906
877.85,4147,954
879.14,4400,1006
880.43,4624,1052
881.72,4850,1099
883.01,5107,1153
884.30,5330,1199
885.59,5575,1249
886.88,5808,1297
888.16,6049,1346
889.45,6294,1397
890.74,6534,1447
892.03,6763,1494
893.32,6989,1541
894.61,7216,1588
895.90,7442,1634
897.19,7668,1681
898.48,7881,1726
899.77,8061,1764
901.05,8259,1805
902.34,8459,1844
903.63,8678,1893
904.92,8989,1957
906.21,9469,2051
907.50,9626,2088
908.79,9849,2133
910.08,10030,2172
911.37,10082,2181
912.66,10298,2229
913.95,10466,2263
915.23,10581,2286
916.52,10696,2310
917.81,10818,2337
919.10,10923,2358
920.39,11027,2379
921.68,11085,2392
922.97,11153,2407
924.26,11197,2416
925.55,11238,2425
926.84,11280,2434
928.13,11310,2440
929.41,11332,2445
930.70,11350,2449
931.99,11347,2448
933.28,11348,2449
934.57,11325,2443
935.86,11293,2436
937.15,11252,2427
938.44,11214,2419
939.73,11151,2406
941.02,11068,2390
942.30,10998,2375
943.59,10913,2357
944.88,10803,2334
946.17,10693,2312
947.46,10572,2287
948.75,10432,2256
950.04,10278,2225
951.33,10115,2192
952.62,9971,2161
953.91,9790,2124
955.20,9623,2090
956.48,9425,2049
957.77,9243,2010
959.06,9029,1964
960.35,8792,1916
961.64,8570,1870
962.93,8382,1830
964.22,8164,1786
965.51,7926,1736
966.80,7701,1689
968.09,7467,1640
969.38,7246,1594
970.66,6975,1539
971.95,6730,1487
973.24,6487,1438
974.53,6249,1388
975.82,5994,1335
977.11,5755,1287
978.40,5500,1233
979.69,5239,1179
980.98,4983,1126
982.27,4730,1074
983.55,4476,1022
984.84,4238,973
986.13,3997,923
987.42,3773,876
988.71,3547,831
990.00,3334,787
991.29,3106,740
992.58,2878,692
993.87,2673,652
995.16,2468,609
996.45,2275,569
997.73,2105,534
999.02,1937,500
1000.31,1771,466
1001.60,1587,428
1002.89,1439,398
1004.18,1279,365
1005.47,1137,336
1006.76,1002,308
1008.05,890,285
1009.34,755,257
1010.63,644,235
1011.91,555,216
1013.20,469,197
1014.49,400,184
1015.78,345,173
1017.07,305,165
1018.36,272,158
1019.65,253,154
1020.94,248,153
1022.23,254,155
1023.52,272,158
1024.80,299,164
1026.09,334,171
1027.38,386,182
1028.67,441,193
1029.96,505,206
1031.25,587,223
1032.54,681,242
1033.83,776,262
1035.12,856,278
1036.41,958,299
1037.70,1092,326
1038.98,1233,355
1040.27,1363,381
1041.56,1525,416
1042.85,1673,446
1044.14,1822,476
1045.43,1999,512
1046.72,2193,554
1048.01,2379,590
1049.30,2587,634
1050.59,2791,675
1051.88,2969,713
1053.16,3192,760
1054.45,3464,815
1055.74,3675,858
1057.03,3887,903
1058.32,4151,955
1059.61,4401,1007
1060.90,4615,1052
1062.19,4835,1096
1063.48,5093,1151
1064.77,5338,1202
1066.05,5592,1254
1067.34,5833,1303
1068.63,6077,1355
1069.92,6313,1404
1071.21,6534,1449
1072.50,6770,1498
1073.79,7012,1548
1075.08,7247,1597
1076.37,7483,1647
1077.66,7717,1693
1078.95,7933,1740
1080.23,8162,1788
1081.52,8372,1831
1082.81,8576,1872
1084.10,8796,1918
1085.39,9007,1962
1086.68,9209,2004
1087.97,9384,2041
1089.26,9577,2082
1090.55,9747,2117
1091.84,9912,2152
1093.13,10050,2180
1094.41,10196,2210
1095.70,10332,2238
1096.99,10455,2263
1098.28,10556,2285
1099.57,10682,2313
1100.86,10785,2332
1102.15,10873,2350
1103.44,10938,2365
1104.73,11032,2384
1106.02,11090,2395
1107.30,11172,2413
1108.59,11249,2429
1109.88,11279,2434
1111.17,11300,2438
1112.46,11280,2435
1113.75,11273,2434
1115.04,11245,2427
1116.33,11210,2420
1117.62,11193,2416
1118.91,11135,2404
1120.20,10991,2375
1121.48,10900,2355
1122.77,10791,2332
1124.06,10670,2308
1125.35,10558,2285
1126.64,10442,2260
1127.93,10309,2231
1129.22,10181,2206
1130.51,10040,2176
1131.80,9884,2143
1133.09,9719,2109
1134.38,9538,2072
1135.66,9357,2033
1136.95,9145,1989
1138.24,8944,1948
1139.53,8778,1914
1140.82,8618,1880
1142.11,8398,1834
1143.40,8204,1794
1144.69,8002,1750
1145.98,7791,1706
1147.27,7550,1657
1148.55,7334,1613
1149.84,7107,1566
1151.13,6867,1517
1152.42,6633,1468
1153.71,6454,1431
1155.00,6197,1378
1156.29,5935,1324
1157.58,5714,1279
1158.87,5486,1231
1160.16,5213,1174
1161.45,4947,1120
1162.73,4702,1069
1164.02,4483,1024
1165.31,4244,974
1166.60,4016,928
1167.89,3791,881
1169.18,3553,833
1170.47,3334,787
1171.76,3106,740
1173.05,2885,694
1174.34,2693,657
1175.63,2493,615
1176.91,2295,574
1178.20,2092,533
1179.49,1926,499
1180.78,1764,465
1182.07,1586,428
1183.36,1423,395
1184.65,1285,367
1185.94,1140,337
1187.23,1010,311
1188.52,887,285
1189.80,779,263
1191.09,669,241
1192.38,576,222
1193.67,498,206
1194.96,424,192
1196.25,369,180
1197.54,324,170
1198.83,288,163
1200.12,265,158
1201.41,254,156
1202.70,253,156
1203.98,263,158
1205.27,286,163
1206.56,317,169
1207.85,363,178
1209.14,419,189
1210.43,482,202
1211.72,556,218
1213.01,651,237
1214.30,748,256
1215.59,861,280
1216.88,982,305
1218.16,1114,332
1219.45,1261,362
1220.74,1422,395
1222.03,1601,432
1223.32,1757,464
1224.61,1960,506
1225.90,2159,546
1227.19,2363,588
1228.48,2575,633
1229.77,2805,680
1231.05,3024,724
1232.34,3241,769
1233.63,3484,819
1234.92,3737,872
1236.21,3945,914
1237.50,4171,961
1238.79,4439,1016
1240.08,4713,1074
1241.37,4947,1120
1242.66,5169,1167
1243.95,5422,1219
1245.23,5664,1269
1246.52,5872,1313
1247.81,6122,1364
1249.10,6367,1414
1250.39,6616,1466
1251.68,6853,1516
1252.97,7116,1570
1254.26,7330,1614
1255.55,7566,1664
1256.84,7849,1720
1258.13,8043,1762
1259.41,8244,1805
1260.70,8465,1850
1261.99,8693,1899
1263.28,8892,1938
1264.57,9098,1982
1265.86,9323,2029
1267.15,9505,2066
1268.44,9674,2102
1269.73,9853,2140
1271.02,10030,2176
1272.30,10186,2209
1273.59,10331,2239
1274.88,10479,2269
1276.17,10617,2298
1277.46,10756,2326
1278.75,10872,2351
1280.04,10968,2370
1281.33,11066,2391
1282.62,11141,2407
1283.91,11231,2424
1285.20,11284,2437
1286.48,11345,2451
1287.77,11392,2458
1289.06,11427,2466
1290.35,11460,2473
1291.64,11462,2473
1292.93,11464,2475
1294.22,11456,2472
1295.51,11436,2467
1296.80,11407,2461
1298.09,11355,2451
1299.38,11299,2437
1300.66,11232,2425
1301.95,11144,2406
1303.24,11051,2387
1304.53,10954,2366
1305.82,10845,2344
1307.11,10727,2320
1308.40,10593,2291
1309.69,10446,2261
1310.98,10294,2230
1312.27,10133,2197
1313.55,9967,2161
1314.84,9806,2128
1316.13,9637,2093
1317.42,9447,2054
1318.71,9248,2013
1320.00,9047,1969
1321.29,8801,1918
1322.58,8557,1868
1323.87,8334,1822
1325.16,8097,1772
1326.45,7844,1720
1327.73,7492,1647
1329.02,7273,1601
1330.31,7015,1549
1331.60,6733,1490
1332.89,6459,1434
1334.18,6212,1381
1335.47,5944,1326
1336.76,5667,1268
1338.05,5421,1218
1339.34,5149,1163
1340.63,4917,1115
1341.91,4684,1067
1343.20,4439,1016
1344.49,4202,968
1345.78,3991,924
1347.07,3793,883
1348.36,3510,826
1349.65,3317,786
1350.94,3153,752
1352.23,2949,710
1353.52,2733,665
1354.80,2528,623
1356.09,2359,589
1357.38,2153,547
1358.67,1972,509
1359.96,1833,481
1361.25,1653,444
1362.54,1492,411
1363.83,1332,378
1365.12,1235,358
1366.41,1081,326
1367.70,951,299
1368.98,840,276
1370.27,728,254
1371.56,628,234
1372.85,534,214
1374.14,466,200
1375.43,400,187
1376.72,347,176
1378.01,310,168
1379.30,277,161
1380.59,259,157
1381.88,252,156
1383.16,257,157
1384.45,271,160
1385.74,296,165
1387.03,331,172
1388.32,378,181
1389.61,437,193
1390.90,502,207
1392.19,584,224
1393.48,680,244
1394.77,781,264
1396.05,890,287
1397.34,1009,311
1398.63,1141,338
1399.92,1276,366
1401.21,1424,397
1402.50,1592,430
1403.79,1767,466
1405.08,1951,504
1406.37,2135,542
1407.66,2335,584
1408.95,2530,623
1410.23,2736,666
1411.52,2946,708
1412.81,3147,750
1414.10,3378,798
1415.39,3613,846
1416.68,3840,893
1417.97,4073,942
1419.26,4322,993
1420.55,4572,1044
1421.84,4800,1091
1423.13,5037,1139
1424.41,5290,1193
1425.70,5532,1243
1426.99,5834,1305
1428.28,6086,1357
1429.57,6347,1412
1430.86,6596,1463
1432.15,6906,1527
1433.44,7199,1589
1434.73,7431,1637
1436.02,7686,1690
1437.30,7945,1742
1438.59,8163,1789
1439.88,8397,1837
1441.17,8648,1890
1442.46,8858,1934
1443.75,9061,1975
1445.04,9287,2022
1446.33,9502,2068
1447.62,9683,2103
1448.91,9836,2137
1450.20,10022,2176
1451.48,10188,2210
1452.77,10323,2238
1454.06,10487,2273
1455.35,10607,2297
1456.64,10731,2324
1457.93,10826,2343
1459.22,10928,2364
1460.51,11031,2387
1461.80,11123,2406
1463.09,11178,2418
1464.38,11250,2432
1465.66,11315,2445
1466.95,11355,2455
1468.24,11391,2461
1469.53,11403,2465
1470.82,11423,2469
1472.11,11432,2469
1473.40,11421,2466
1474.69,11405,2462
1475.98,11386,2459
1477.27,11331,2448
1478.55,11272,2436
1479.84,11209,2422
1481.13,11139,2407
1482.42,11052,2389
1483.71,10977,2374
1485.00,10869,2352
1486.29,10746,2325
1487.58,10621,2298
1488.87,10479,2269
1490.16,10340,2240
1491.45,10197,2211
1492.73,10037,2176
1494.02,9880,2144
1495.31,9705,2108
1496.60,9530,2071
1497.89,9330,2031
1499.18,9121,1987
1500.47,8930,1945
1501.76,8713,1901
1503.05,8503,1858
1504.34,8299,1814
1505.63,8099,1772
1506.91,7872,1725
1508.20,7609,1672
1509.49,7364,1622
1510.78,7112,1569
1512.07,6835,1512
1513.36,6587,1460
1514.65,6349,1412
1515.94,6098,1359
1517.23,5840,1306
1518.52,5608,1257
1519.80,5347,1203
1521.09,5100,1153
1522.38,4828,1097
1523.67,4594,1048
1524.96,4329,994
1526.25,4089,944
1527.54,3871,898
1528.83,3633,850
1530.12,3409,803
1531.41,3187,758
1532.70,2948,710
1533.98,2743,668
1535.27,2531,624
1536.56,2326,583
1537.85,2109,538
1539.14,1894,494
1540.43,1718,457
1541.72,1538,420
1543.01,1376,386
1544.30,1218,355
1545.59,1080,326
1546.88,943,298
1548.16,824,274
1549.45,714,251
1550.74,620,231
1552.03,536,215
1553.32,463,200
1554.61,399,186
1555.90,350,177
1557.19,308,168
1558.48,282,163
1559.77,262,159
1561.05,254,157
1562.34,258,157
1563.63,269,159
1564.92,295,165
1566.21,320,171
1567.50,368,180
1568.79,417,191
1570.08,486,205
1571.37,550,218
1572.66,633,235
1573.95,738,257
1575.23,844,278
1576.52,940,298
1577.81,1079,326
1579.10,1214,353
1580.39,1364,385
1581.68,1527,418
1582.97,1684,450
1584.26,1839,482
1585.55,2031,521
1586.84,2202,558
1588.13,2381,594
1589.41,2584,636
1590.70,2781,676
1591.99,3001,721
1593.28,3222,766
1594.57,3439,812
1595.86,3691,864
1597.15,3910,908
1598.44,4146,957
1599.73,4420,1015
1601.02,4672,1065
1602.30,4910,1116
1603.59,5160,1167
1604.88,5428,1222
1606.17,5671,1272
1607.46,5919,1323
1608.75,6173,1375
1610.04,6452,1434
1611.33,6708,1487
1612.62,6954,1536
1613.91,7211,1589
1615.20,7469,1643
1616.48,7703,1692
1617.77,7947,1743
1619.06,8180,1791
1620.35,8400,1837
1621.64,8612,1881
1622.93,8815,1923
1624.22,9007,1963
1625.51,9227,2008
1626.80,9430,2050
1628.09,9608,2087
1629.38,9802,2129
1630.66,9978,2163
1631.95,10094,2191
1633.24,10231,2217
1634.53,10377,2249
1635.82,10493,2272
1637.11,10646,2305
1638.40,10740,2323
1639.69,10854,2348
1640.98,10955,2369
1642.27,11047,2388
1643.55,11109,2400
1644.84,11300,2439
1646.13,11466,2473
1647.42,11480,2475
1648.71,11573,2496
1650.00,11571,2497
1651.29,11606,2503
1652.58,11580,2497
1653.87,11561,2492
1655.16,11517,2483
1656.45,11467,2474
1657.73,11401,2459
1659.02,11315,2441
1660.31,11220,2423
1661.60,11146,2408
1662.89,11046,2387
1664.18,10972,2371
1665.47,10858,2348
1666.76,10741,2325
1668.05,10630,2301
1669.34,10500,2274
1670.63,10349,2244
1671.91,10204,2211
1673.20,10028,2176
1674.49,9867,2142
1675.78,9676,2101
1677.07,9487,2066
1678.36,9309,2027
1679.65,9084,1979
1680.94,8907,1943
1682.23,8712,1902
1683.52,8447,1848
1684.80,8241,1804
1686.09,8022,1759
1687.38,7785,1710
1688.67,7530,1656
1689.96,7291,1606
1691.25,7071,1561
1692.54,6777,1500
1693.83,6523,1447
1695.12,6291,1400
1696.41,6048,1349
1697.70,5756,1289
1698.98,5486,1233
1700.27,5246,1183
1701.56,4987,1130
1702.85,4755,1082
1704.14,4506,1030
1705.43,4258,979
1706.72,4028,932
1708.01,3792,883
1709.30,3557,835
1710.59,3317,785
1711.88,3104,741
1713.16,2889,697
1714.45,2664,651
1715.74,2468,611
1717.03,2276,572
1718.32,2078,531
1719.61,1883,491
1720.90,1705,453
1722.19,1535,419
1723.48,1378,386
1724.77,1230,357
1726.05,1099,330
1727.34,968,303
1728.63,851,279
1729.92,753,259
1731.21,651,238
1732.50,564,220
1733.79,487,205
1735.08,419,190
1736.37,368,180
1737.66,325,171
1738.95,292,165
1740.23,269,160
1741.52,256,157
1742.81,254,156
1744.10,266,159
1745.39,291,163
1746.68,324,171
1747.97,376,182
1749.26,450,197
1750.55,528,213
1751.84,623,231
1753.13,724,253
1754.41,839,277
1755.70,961,301
1756.99,1096,329
1758.28,1247,360
1759.57,1397,391
1760.86,1551,422
1762.15,1728,458
1763.44,1914,497
1764.73,2066,529
1766.02,2275,570
1767.30,2459,611
1768.59,2648,649
1769.88,2852,690
1771.17,3075,736
1772.46,3281,779
1773.75,3472,818
1775.04,3687,863
1776.33,3923,911
1777.62,4139,955
1778.91,4391,1009
1780.20,4619,1056
1781.48,4883,1110
1782.77,5078,1151
1784.06,5311,1199
1785.35,5587,1255
1786.64,5828,1305
1787.93,6061,1354
1789.22,6329,1409
1790.51,6562,1457
1791.80,6838,1515
1793.09,7051,1560
1794.38,7297,1609
1795.66,7530,1657
1796.95,7786,1711
1798.24,8012,1759
1799.53,8223,1802
1800.82,8441,1847
switching colors
1802.11,16035,890
1803.40,16446,914
1804.69,16824,934
1805.98,17216,956
1807.27,17571,977
1808.55,17882,992
1809.84,18178,1011
1811.13,18478,1027
1812.42,18767,1045
1813.71,19047,1060
1815.00,19337,1076
1816.29,19647,1094
1817.58,19853,1106
1818.87,20093,1119
1820.16,20310,1131
1821.45,20543,1144
1822.73,20730,1154
1824.02,20862,1161
1825.31,20976,1169
1826.60,21031,1171
1827.89,21004,1171
1829.18,21046,1173
1830.47,21183,1180
1831.76,21180,1180
1833.05,21051,1173
1834.34,20996,1171
1835.63,20982,1168
1836.91,20922,1166
1838.20,20816,1159
1839.49,20642,1150
1840.78,20499,1141
1842.07,20345,1132
1843.36,20201,1123
1844.65,19988,1111
1845.94,19893,1105
1847.23,19746,1097
1848.52,19586,1088
1849.80,19240,1066
1851.09,18906,1048
1852.38,18610,1032
1853.67,18254,1012
1854.96,17929,994
1856.25,17656,978
1857.54,17258,956
1858.83,16753,927
1860.12,16249,901
1861.41,15772,875
1862.70,15336,850
1863.98,14913,826
1865.27,14495,802
1866.56,14054,778
1867.85,13580,751
1869.14,13098,724
1870.43,12699,701
1871.72,12233,676
1873.01,11744,649
1874.30,11219,619
1875.59,10851,598
1876.88,10392,573
1878.16,9991,552
1879.45,9562,527
1880.74,9087,501
1882.03,8686,479
1883.32,8253,455
1884.61,7878,434
1885.90,7415,408
1887.19,6972,384
1888.48,6566,361
1889.77,6176,340
1891.05,5760,317
1892.34,5325,294
1893.63,4929,271
1894.92,4523,249
1896.21,4136,228
1897.50,3811,210
1898.79,3441,190
1900.08,3063,169
1901.37,2808,154
1902.66,2478,137
1903.95,2215,122
1905.23,1937,107
1906.52,1686,94
1907.81,1480,81
1909.10,1243,69
1910.39,1015,57
1911.68,829,46
1912.97,687,39
1914.26,531,30
1915.55,411,24
1916.84,307,18
1918.13,215,13
1919.41,158,10
1920.70,110,7
1921.99,93,6
1923.28,97,7
1924.57,121,8
1925.86,170,10
1927.15,236,14
1928.44,324,19
1929.73,438,25
1931.02,581,33
1932.30,731,41
1933.59,926,52
1934.88,1128,63
1936.17,1340,74
1937.46,1558,86
1938.75,1813,100
1940.04,2089,115
1941.33,2350,129
1942.62,2660,146
1943.91,2961,163
1945.20,3299,182
1946.48,3653,202
1947.77,3984,219
1949.06,4317,238
1950.35,4695,258
1951.64,5120,282
1952.93,5527,304
1954.22,5950,328
1955.51,6387,352
1956.80,6839,377
1958.09,7298,403
1959.38,7828,431
1960.66,8330,459
1961.95,9088,500
1963.24,9541,526
1964.53,10011,552
1965.82,10546,581
1967.11,10959,605
1968.40,11518,635
1969.69,11982,662
1970.98,12448,688
1972.27,12915,714
1973.55,13402,740
1974.84,13835,766
1976.13,14264,788
1977.42,14731,816
1978.71,15152,839
1980.00,15569,862
1981.29,16015,886
1982.58,16427,910
1983.87,16751,928
1985.16,17121,950
1986.45,17499,971
1987.73,17851,991
1989.02,18144,1006
1990.31,18495,1026
1991.60,18813,1045
1992.89,19115,1061
1994.18,19350,1075
1995.47,19606,1089
1996.76,19830,1102
1998.05,20125,1118
1999.34,20326,1129
2000.63,20516,1141
2001.91,20697,1150
2003.20,20858,1160
2004.49,20953,1166
2005.78,21060,1171
2007.07,21129,1175
2008.36,21205,1178
2009.65,21191,1178
2010.94,21233,1180
2012.23,21231,1180
2013.52,21270,1182
2014.80,21227,1179
2016.09,21129,1174
2017.38,21045,1169
2018.67,20944,1163
2019.96,20832,1156
2021.25,20713,1150
2022.54,20557,1141
2023.83,20369,1129
2025.12,20184,1119
2026.41,19979,1109
2027.70,19737,1094
2028.98,19505,1081
2030.27,19245,1067
2031.56,18970,1051
2032.85,18648,1033
2034.14,18343,1015
2035.43,17998,997
2036.72,17632,976
2038.01,17265,956
2039.30,16866,933
2040.59,16453,911
2041.88,16082,890
2043.16,15665,866
2044.45,15221,841
2045.74,14784,816
2047.03,14386,793
2048.32,13907,768
2049.61,13455,743
2050.90,12987,717
2052.19,12523,690
2053.48,12055,665
2054.77,11612,641
2056.05,11149,614
2057.34,10639,586
2058.63,10191,560
2059.92,9690,534
2061.21,9185,504
2062.50,8665,478
2063.79,8189,451
2065.08,7689,422
2066.37,7126,392
2067.66,6649,365
2068.95,6213,341
2070.23,5718,314
2071.52,5276,290
2072.81,4870,267
2074.10,4419,243
2075.39,3989,219
2076.68,3649,200
2077.97,3309,182
2079.26,2957,163
2080.55,2605,143
2081.84,2341,129
2083.12,2083,115
2084.41,1828,101
2085.70,1591,87
2086.99,1351,75
2088.28,1153,64
2089.57,965,54
2090.86,803,45
2092.15,658,37
2093.44,520,29
2094.73,405,23
2096.02,307,18
2097.30,223,14
2098.59,162,11
2099.88,121,8
2101.17,97,7
2102.46,94,7
2103.75,108,7
2105.04,148,10
2106.33,213,13
2107.62,287,17
2108.91,387,22
2110.20,516,29
2111.48,687,38
2112.77,840,47
2114.06,1022,57
2115.35,1225,67
2116.64,1437,79
2117.93,1645,91
2119.22,1918,106
2120.51,2224,122
2121.80,2532,140
2123.09,2841,157
2124.37,3121,171
2125.66,3449,190
2126.95,3806,209
2128.24,4179,230
2129.53,4547,249
2130.82,4933,272
2132.11,5362,295
2133.40,5788,319
2134.69,6183,340
2135.98,6599,363
2137.27,7041,388
2138.55,7482,412
2139.84,7927,437
2141.13,8416,464
2142.42,8902,492
2143.71,9343,515
2145.00,9824,542
2146.29,10322,570
2147.58,10781,596
2148.87,11207,620
2150.16,11664,646
2151.45,12137,672
2152.73,12569,697
2154.02,13005,720
2155.31,13475,746
2156.60,13910,770
2157.89,14386,796
2159.18,14782,820
2160.47,15189,841
2161.76,15632,866
2163.05,16028,887
2164.34,16419,910
2165.62,16832,932
2166.91,17241,955
2168.20,17598,976
2169.49,17926,994
2170.78,18342,1018
2172.07,18708,1038
2173.36,19078,1060
2174.65,19339,1074
2175.94,19584,1089
2177.23,19712,1096
2178.52,19918,1108
2179.80,20094,1119
2181.09,20278,1129
2182.38,20455,1139
2183.67,20606,1148
2184.96,20810,1159
2186.25,20920,1166
2187.54,21000,1170
2188.83,21044,1172
2190.12,21093,1175
2191.41,21101,1175
2192.70,21070,1173
2193.98,21011,1171
2195.27,20993,1169
2196.56,20929,1166
2197.85,20897,1164
2199.14,20767,1156
2200.43,20628,1148
2201.72,20545,1144
2203.01,20358,1134
2204.30,20152,1122
2205.59,19982,1112
2206.87,19735,1098
2208.16,19492,1083
2209.45,19241,1069
2210.74,18985,1055
2212.03,18715,1040
2213.32,18393,1021
2214.61,18085,1005
2215.90,17707,983
2217.19,17332,963
2218.48,16904,938
2219.77,16552,917
2221.05,16170,897
2222.34,15752,874
2223.63,15374,852
2224.92,14947,828
2226.21,14512,803
2227.50,14092,780
2228.79,13633,753
2230.08,13182,728
2231.37,12835,709
2232.66,12388,684
2233.95,11897,657
2235.23,11426,631
2236.52,11013,607
2237.81,10545,582
2239.10,10017,553
2240.39,9594,528
2241.68,9129,503
2242.97,8653,475
2244.26,8198,451
2245.55,7732,426
2246.84,7293,401
2248.12,6814,375
2249.41,6367,351
2250.70,5897,324
2251.99,5486,302
2253.28,5083,280
2254.57,4708,259
2255.86,4293,236
2257.15,3935,216
2258.44,3590,198
2259.73,3236,178
2261.02,2903,160
2262.30,2603,144
2263.59,2297,127
2264.88,2000,111
2266.17,1741,97
2267.46,1512,84
2268.75,1265,70
2270.04,1086,60
2271.33,890,50
2272.62,705,40
2273.91,540,31
2275.20,409,24
2276.48,289,17
2277.77,207,13
2279.06,146,9
2280.35,105,7
2281.64,93,6
2282.93,104,7
2284.22,137,9
2285.51,198,12
2286.80,289,17
2288.09,382,21
2289.37,500,28
2290.66,651,37
2291.95,825,46
2293.24,1001,56
2294.53,1213,67
2295.82,1434,79
2297.11,1672,92
2298.40,1930,106
2299.69,2159,119
2300.98,2430,134
2302.27,2725,150
2303.55,2999,164
2304.84,3306,182
2306.13,3649,201
2307.42,3977,219
2308.71,4397,242
2310.00,4745,260
2311.29,5126,282
2312.58,5516,303
2313.87,5980,329
2315.16,6337,349
2316.45,6766,371
2317.73,7267,400
2319.02,7706,425
2320.31,8133,448
2321.60,8656,477
2322.89,9140,504
2324.18,9545,527
2325.47,10004,552
2326.76,10490,579
2328.05,10969,605
2329.34,11411,630
2330.62,11873,655
2331.91,12362,683
2333.20,12840,711
2334.49,13280,734
2335.78,13704,758
2337.07,14137,781
2338.36,14584,807
2339.65,15031,831
2340.94,15421,854
2342.23,15847,878
2343.52,16345,905
2344.80,16678,925
2346.09,17067,946
2347.38,17523,972
2348.67,17877,991
2349.96,18238,1011
2351.25,18549,1029
2352.54,18893,1048
2353.83,19140,1062
2355.12,19357,1075
2356.41,19640,1090
2357.70,19919,1106
2358.98,20104,1117
2360.27,20316,1129
2361.56,20494,1138
2362.85,20657,1147
2364.14,20813,1155
2365.43,20941,1164
2366.72,21029,1169
2368.01,21076,1172
2369.30,21140,1174
2370.59,21160,1175
2371.87,21116,1173
2373.16,21116,1173
2374.45,21098,1172
2375.74,21048,1168
2377.03,20983,1165
2378.32,20843,1157
2379.61,20722,1150
2380.90,20653,1146
2382.19,20464,1136
2383.48,20335,1129
2384.77,20256,1123
2386.05,20006,1108
2387.34,19712,1093
2388.63,19477,1080
2389.92,19167,1062
2391.21,18823,1044
2392.50,18461,1023
2393.79,18115,1004
2395.08,17760,984
2396.37,17408,964
2397.66,17085,946
2398.95,16738,926
2400.23,16378,906
2401.52,15968,884
2402.81,15639,864
2404.10,15214,840
2405.39,14832,820
2406.68,14434,797
2407.97,14077,777
2409.26,13642,753
2410.55,13127,725
2411.84,12696,700
2413.12,12276,677
2414.41,11781,649
2415.70,11330,624
2416.99,10862,598
2418.28,10463,576
2419.57,9964,549
2420.86,9500,522
2422.15,9027,496
2423.44,8546,470
2424.73,8086,444
2426.02,7622,419
2427.30,7120,391
2428.59,6673,367
2429.88,6234,343
2431.17,5813,319
2432.46,5329,293
2433.75,4983,274
2435.04,4590,252
2436.33,4181,230
2437.62,3768,207
2438.91,3385,185
2440.20,3066,169
2441.48,2752,152
2442.77,2478,137
2444.06,2186,121
2445.35,1890,104
2446.64,1639,91
2447.93,1417,79
2449.22,1191,66
2450.51,974,54
2451.80,806,45
2453.09,654,37
2454.37,510,29
2455.66,388,22
2456.95,283,17
2458.24,203,13
2459.53,144,9
2460.82,107,7
2462.11,93,7
2463.40,101,7
2464.69,128,8
2465.98,178,11
2467.27,257,15
2468.55,342,20
2469.84,452,25
2471.13,587,33
2472.42,748,42
2473.71,911,51
2475.00,1114,62
2476.29,1314,73
2477.58,1523,84
2478.87,1766,97
2480.16,2031,112
2481.45,2298,126
2482.73,2613,144
2484.02,2942,162
2485.31,3299,181
2486.60,3658,201
2487.89,4127,227
2489.18,4567,252
2490.47,4985,275
2491.76,5413,298
2493.05,5864,323
2494.34,6323,348
2495.62,6734,371
2496.91,7245,399
2498.20,7754,427
2499.49,8186,452
2500.78,8644,477
2502.07,9127,504
2503.36,9637,532
2504.65,10043,555
2505.94,10533,581
2507.23,11010,609
2508.52,11512,637
2509.80,11960,662
2511.09,12377,684
2512.38,12806,709
2513.67,13251,733
2514.96,13664,756
2516.25,14088,781
2517.54,14479,803
2518.83,14941,828
2520.12,15330,851
2521.41,15756,874
2522.70,16102,894
2523.98,16526,917
2525.27,16885,937
2526.56,17176,955
2527.85,17538,976
2529.14,17920,996
2530.43,18249,1016
2531.72,18549,1032
2533.01,18869,1051
2534.30,19167,1066
2535.59,19416,1081
2536.87,19617,1092
2538.16,19833,1104
2539.45,20036,1116
2540.74,20230,1126
2542.03,20386,1136
2543.32,20544,1144
2544.61,20690,1153
2545.90,20810,1159
2547.19,20901,1164
2548.48,20961,1167
2549.77,20923,1166
2551.05,20942,1166
2552.34,21017,1171
2553.63,20958,1167
2554.92,20964,1166
2556.21,20906,1164
2557.50,20897,1163
2558.79,20805,1158
2560.08,20677,1151
2561.37,20578,1144
2562.66,20420,1135
2563.95,20215,1124
2565.23,19983,1111
2566.52,19788,1100
2567.81,19518,1085
2569.10,19261,1071
2570.39,19043,1057
2571.68,18741,1040
2572.97,18361,1019
2574.26,18063,1004
2575.55,17753,985
2576.84,17413,967
2578.12,16971,943
2579.41,16542,919
2580.70,16094,893
2581.99,15718,871
2583.28,15305,848
2584.57,14926,828
2585.86,14543,805
2587.15,14120,781
2588.44,13770,762
2589.73,13319,735
2591.02,12805,707
2592.30,12436,687
2593.59,11899,657
2594.88,11330,625
2596.17,10796,596
2597.46,10278,566
2598.75,9696,535
2600.04,9244,509
2601.33,8764,483
2602.62,8309,458
2603.91,7838,432
2605.20,7394,406
2606.48,6928,381
2607.77,6483,357
2609.06,6064,333
2610.35,5703,314
2611.64,5300,291
2612.93,4965,273
2614.22,4571,252
2615.51,4166,230
2616.80,3809,210
2618.09,3516,194
2619.37,3199,177
2620.66,2898,159
2621.95,2610,144
2623.24,2312,127
2624.53,2027,111
2625.82,1776,99
2627.11,1531,85
2628.40,1329,74
2629.69,1132,63
2630.98,943,53
2632.27,744,42
2633.55,607,34
2634.84,464,26
2636.13,361,21
2637.42,261,16
2638.71,183,11
2640.00,136,9
2641.29,105,7
2642.58,93,6
2643.87,103,7
2645.16,127,7
2646.45,177,11
2647.73,253,15
2649.02,339,19
2650.31,456,26
2651.60,586,33
2652.89,760,43
2654.18,928,51
2655.47,1138,63
2656.76,1348,75
2658.05,1608,88
2659.34,1859,103
2660.62,2123,117
2661.91,2419,132
2663.20,2705,149
2664.49,3025,166
2665.78,3364,185
2667.07,3722,204
2668.36,4099,226
2669.65,4541,249
2670.94,4969,273
2672.23,5321,293
2673.52,5757,317
2674.80,6192,341
2676.09,6604,364
2677.38,7038,388
2678.67,7492,412
2679.96,7948,438
2681.25,8380,461
2682.54,8831,487
2683.83,9285,512
2685.12,9704,535
2686.41,10200,563
2687.70,10613,586
2688.98,11085,612
2690.27,11574,638
2691.56,12023,664
2692.85,12584,695
2694.14,13057,721
2695.43,13504,747
2696.72,13850,766
2698.01,14279,791
2699.30,14720,816
2700.59,15518,858
2701.87,16153,892
2703.16,16487,912
2704.45,16859,934
2705.74,17276,957
2707.03,17689,979
2708.32,18173,1007
2709.61,18472,1024
2710.90,18789,1042
2712.19,19041,1056
2713.48,19271,1068
2714.77,19506,1083
2716.05,19814,1099
2717.34,19988,1110
2718.63,20232,1123
2719.92,20396,1133
2721.21,20565,1143
2722.50,20684,1149
2723.79,20823,1157
2725.08,20978,1167
2726.37,21110,1174
2727.66,21175,1177
2728.95,21247,1181
2730.23,21291,1183
2731.52,21338,1186
2732.81,21346,1185
2734.10,21376,1188
2735.39,21353,1187
2736.68,21301,1184
2737.97,21218,1177
2739.26,21117,1173
2740.55,21013,1166
2741.84,20863,1159
2743.12,20726,1150
2744.41,20549,1140
2745.70,20331,1128
2746.99,20109,1117
2748.28,19868,1102
2749.57,19558,1084
2750.86,19267,1069
2752.15,18971,1052
2753.44,18647,1034
2754.73,18301,1014
2756.02,17892,991
2757.30,17594,974
2758.59,17375,962
2759.88,16940,939
2761.17,16426,909
2762.46,16147,892
2763.75,15668,866
2765.04,15304,846
2766.33,14790,817
2767.62,14401,795
2768.91,13971,771
2770.20,13482,744
2771.48,13005,718
2772.77,12565,694
2774.06,12105,667
2775.35,11606,639
2776.64,11102,611
2777.93,10616,583
2779.22,10094,556
2780.51,9544,526
2781.80,9104,501
2783.09,8668,476
2784.37,8181,449
2785.66,7740,426
2786.95,7239,398
2788.24,6799,373
2789.53,6321,348
2790.82,5876,322
2792.11,5447,299
2793.40,5064,278
2794.69,4703,258
2795.98,4312,237
2797.27,3927,216
2798.55,3592,198
2799.84,3212,176
2801.13,2860,157
2802.42,2544,140
2803.71,2241,124
2805.00,1933,107
2806.29,1586,88
2807.58,1350,75
2808.87,1125,62
2810.16,908,51
2811.45,724,41
2812.73,559,32
2814.02,418,24
2815.31,314,19
2816.60,227,14
2817.89,154,10
2819.18,115,7
2820.47,96,7
2821.76,94,6
2823.05,114,7
2824.34,152,9
2825.62,209,13
2826.91,296,17
2828.20,388,22
2829.49,484,28
2830.78,610,34
2832.07,762,43
2833.36,967,54
2834.65,1129,62
2835.94,1319,73
2837.23,1540,85
2838.52,1787,98
2839.80,2029,111
2841.09,2374,130
2842.38,2630,145
2843.67,2918,160
2844.96,3233,178
2846.25,3579,197
2847.54,3981,219
2848.83,4347,239
2850.12,4766,262
2851.41,5151,284
2852.70,5565,306
2853.98,5995,330
2855.27,6436,354
2856.56,6826,377
2857.85,7290,402
2859.14,7779,429
2860.43,8179,452
2861.72,8666,478
2863.01,9134,505
2864.30,9600,529
2865.59,10016,553
2866.87,10468,579
2868.16,10956,605
2869.45,11412,631
2870.74,11877,657
2872.03,12361,684
2873.32,12811,709
2874.61,13247,733
2875.90,13684,758
2877.19,14115,783
2878.48,14539,806
2879.77,14959,830
2881.05,15393,854
2882.34,15802,878
2883.63,16209,900
2884.92,16616,923
2886.21,16980,943
2887.50,17332,963
2888.79,17656,982
2890.08,18029,1003
2891.37,18317,1018
2892.66,18626,1036
2893.95,18931,1053
2895.23,19206,1068
2896.52,19477,1084
2897.81,19795,1101
2899.10,19967,1111
2900.39,20124,1119
2901.68,20433,1135
2902.97,20614,1146
2904.26,20909,1161
2905.55,21130,1174
2906.84,21232,1179
2908.12,21309,1182
2909.41,21370,1186
2910.70,21415,1190
2911.99,21476,1193
2913.28,21447,1191
2914.57,21344,1186
2915.86,21072,1171
2917.15,20751,1156
2918.44,20662,1151
2919.73,20570,1146
2921.02,20552,1142
2922.30,20441,1136
2923.59,20369,1132
2924.88,20183,1121
2926.17,19968,1108
2927.46,19740,1096
2928.75,19463,1080
2930.04,19171,1064
2931.33,18879,1048
2932.62,18548,1029
2933.91,18277,1013
2935.20,17948,995
2936.48,17629,977
2937.77,17300,959
2939.06,16926,937
2940.35,16559,916
2941.64,16154,894
2942.93,15819,875
2944.22,15430,853
2945.51,15024,831
2946.80,14545,803
2948.09,14158,782
2949.37,13741,758
2950.66,13278,733
2951.95,12781,705
2953.24,12351,682
2954.53,11910,657
2955.82,11406,629
2957.11,10860,598
2958.40,10483,578
2959.69,10030,553
2960.98,9549,525
2962.27,9055,498
2963.55,8543,470
2964.84,8086,445
2966.13,7606,418
2967.42,7032,386
2968.71,6705,368
2970.00,6252,344
2971.29,5850,322
2972.58,5378,296
2973.87,4970,274
2975.16,4628,255
2976.45,4226,232
2977.73,3851,211
2979.02,3512,193
2980.31,3192,176
2981.60,2853,157
2982.89,2493,137
2984.18,2235,123
2985.47,1951,107
2986.76,1670,92
2988.05,1412,78
2989.34,1181,66
2990.62,971,54
2991.91,784,44
2993.20,630,35
2994.49,490,28
2995.78,369,21
2997.07,281,17
2998.36,199,12
2999.65,141,9
3000.94,106,7
3002.23,95,6
3003.52,106,7
3004.80,136,9
3006.09,182,11
3007.38,247,15
3008.67,342,20
3009.96,456,26
3011.25,601,34
3012.54,766,43
3013.83,950,53
3015.12,1165,65
3016.41,1426,79
3017.70,1700,94
3018.98,1967,108
3020.27,2273,125
3021.56,2586,142
3022.85,2937,162
3024.14,3305,182
3025.43,3674,202
3026.72,4021,221
3028.01,4387,241
3029.30,4818,265
3030.59,5219,287
3031.87,5604,309
3033.16,6022,331
3034.45,6561,361
3035.74,6959,383
3037.03,7417,408
3038.32,7868,433
3039.61,8353,460
3040.90,8777,483
3042.19,9207,507
3043.48,9650,532
3044.77,10139,558
3046.05,10576,583
3047.34,11083,611
3048.63,11553,637
3049.92,12016,662
3051.21,12442,686
3052.50,12947,714
3053.79,13406,740
3055.08,13847,766
3056.37,14305,790
3057.66,14769,816
3058.95,15211,842
3060.23,15693,868
3061.52,16084,890
3062.81,16527,916
3064.10,16867,933
3065.39,17292,958
3066.68,17659,977
3067.97,17970,996
3069.26,18309,1014
3070.55,18666,1035
3071.84,19012,1054
3073.12,19263,1069
3074.41,19551,1085
3075.70,19813,1099
3076.99,20074,1113
3078.28,20317,1127
3079.57,20547,1140
3080.86,20750,1151
3082.15,20951,1163
3083.44,21113,1172
3084.73,21236,1178
3086.02,21373,1186
3087.30,21477,1192
3088.59,21549,1197
3089.88,21632,1201
3091.17,21665,1202
3092.46,21668,1202
3093.75,21675,1203
3095.04,21640,1201
3096.33,21599,1200
3097.62,21521,1194
3098.91,21396,1187
3100.20,21298,1181
3101.48,21157,1173
3102.77,21008,1166
3104.06,20823,1155
3105.35,20598,1143
3106.64,20379,1129
3107.93,20127,1114
3109.22,19874,1100
3110.51,19643,1087
3111.80,19376,1073
3113.09,19067,1054
3114.37,18763,1039
3115.66,18419,1019
3116.95,17957,992
3118.24,17597,973
3119.53,17196,951
3120.82,16710,922
3122.11,16233,896
3123.40,15761,870
3124.69,15326,845
3125.98,14852,819
3127.27,14323,789
3128.55,13867,764
3129.84,13353,736
3131.13,12817,706
3132.42,12256,674
3133.71,11795,649
3135.00,11337,623
3136.29,10838,596
3137.58,10415,573
3138.87,10008,549
3140.16,9489,521
3141.45,9048,497
3142.73,8546,469
3144.02,8106,445
3145.31,7695,423
3146.60,7295,401
3147.89,6892,378
3149.18,6370,350
3150.47,6011,329
3151.76,5607,307
3153.05,5149,283
3154.34,4782,263
3155.62,4417,242
3156.91,4084,224
3158.20,3666,201
3159.49,3337,183
3160.78,3047,168
3162.07,2706,149
3163.36,2393,132
3164.65,2094,116
3165.94,1839,101
3167.23,1573,86
3168.52,1317,73
3169.80,1129,63
3171.09,919,51
3172.38,743,41
3173.67,570,32
3174.96,457,26
3176.25,337,19
3177.54,238,15
3178.83,164,10
3180.12,127,8
3181.41,101,7
3182.70,95,6
3183.98,112,7
3185.27,146,9
3186.56,201,12
3187.85,286,16
3189.14,401,23
3190.43,512,29
3191.72,652,36
3193.01,826,46
3194.30,1012,56
3195.59,1203,66
3196.87,1429,79
3198.16,1688,93
3199.45,1965,108
3200.74,2251,124
3202.03,2554,141
3203.32,2872,158
3204.61,3206,176
3205.90,3554,196
3207.19,3913,215
3208.48,4257,234
3209.77,4691,258
3211.05,5086,279
3212.34,5485,302
3213.63,5898,324
3214.92,6349,349
3216.21,6759,372
3217.50,7180,395
3218.79,7647,421
3220.08,8109,445
3221.37,8556,470
3222.66,9065,499
3223.95,9598,528
3225.23,10089,556
3226.52,10649,587
3227.81,11228,619
3229.10,11794,651
3230.39,12269,677
3231.68,12785,706
3232.97,13223,731
3234.26,13730,760
3235.55,14232,787
3236.84,14715,815
3238.12,15178,840
3239.41,15607,865
3240.70,16047,890
3241.99,16465,913
3243.28,16822,933
3244.57,17193,955
3245.86,17606,978
3247.15,17939,995
3248.44,18321,1018
3249.73,18638,1036
3251.02,18958,1053
3252.30,19172,1065
3253.59,19497,1084
3254.88,19761,1098
3256.17,19992,1112
3257.46,20226,1126
3258.75,20424,1137
3260.04,20644,1149
3261.33,20805,1158
3262.62,20636,1150
3263.91,20744,1156
3265.20,20868,1163
3266.48,20987,1169
3267.77,21032,1172
3269.06,21076,1174
3270.35,21126,1177
3271.64,21169,1179
3272.93,21119,1177
3274.22,21083,1174
3275.51,21088,1174
3276.80,20961,1167
3278.09,20914,1163
3279.37,20795,1157
3280.66,20665,1151
3281.95,20488,1141
3283.24,20333,1131
3284.53,20163,1122
3285.82,19954,1110
3287.11,19736,1098
3288.40,19475,1084
3289.69,19210,1068
3290.98,18946,1053
3292.27,18645,1036
3293.55,18363,1019
3294.84,18020,1001
3296.13,17712,983
3297.42,17345,962
3298.71,16961,940
3300.00,16608,920
3301.29,16226,898
3302.58,15808,876
3303.87,15358,850
3305.16,14959,828
3306.45,14513,802
3307.73,14062,777
3309.02,13619,753
3310.31,13183,729
3311.60,12714,703
3312.89,12224,676
3314.18,11825,653
3315.47,11353,627
3316.76,10834,597
3318.05,10345,571
3319.34,9832,543
3320.62,9392,518
3321.91,8878,488
3323.20,8446,466
3324.49,8020,442
3325.78,7557,417
3327.07,7095,391
3328.36,6625,365
3329.65,6178,339
3330.94,5792,319
3332.23,5322,292
3333.52,4865,267
3334.80,4412,243
3336.09,4015,221
3337.38,3629,200
3338.67,3266,180
3339.96,2936,161
3341.25,2600,143
3342.54,2279,125
3343.83,1996,110
3345.12,1734,96
3346.41,1497,83
3347.70,1278,71
3348.98,1070,59
3350.27,888,50
3351.56,751,42
3352.85,582,33
3354.14,463,27
3355.43,351,21
3356.72,258,15
3358.01,200,12
3359.30,143,9
3360.59,108,7
3361.87,94,7
3363.16,98,6
3364.45,125,8
3365.74,174,11
3367.03,240,14
3368.32,316,18
3369.61,420,24
3370.90,541,30
3372.19,712,40
3373.48,862,48
3374.77,1056,59
3376.05,1270,70
3377.34,1481,81
3378.63,1739,96
3379.92,1993,110
3381.21,2281,126
3382.50,2561,141
3383.79,2870,158
3385.08,3197,176
3386.37,3523,194
3387.66,3862,212
3388.95,4259,235
3390.23,4686,258
3391.52,5058,279
3392.81,5412,297
3394.10,5863,322
3395.39,6324,347
3396.68,6732,371
3397.97,7140,393
3399.26,7629,421
3400.55,8133,448
3401.84,8577,472
3403.12,9059,499
3404.41,9528,525
3405.70,10006,552
3406.99,10471,578
3408.28,10955,604
3409.57,11462,633
3410.86,11938,659
3412.15,12449,688
3413.44,12923,714
3414.73,13347,738
3416.02,13799,762
3417.30,14221,786
3418.59,14652,810
3419.88,15096,835
3421.17,15514,857
3422.46,15870,879
3423.75,16280,902
3425.04,16631,922
3426.33,17013,942
3427.62,17341,961
3428.91,17659,980
3430.20,17986,998
3431.48,18267,1014
3432.77,18602,1032
3434.06,18783,1043
3435.35,19095,1061
3436.64,19351,1075
3437.93,19542,1085
3439.22,19757,1098
3440.51,20415,1132
3441.80,20715,1150
3443.09,20822,1155
3444.37,20996,1164
3445.66,21045,1169
3446.95,21121,1172
3448.24,21219,1177
3449.53,21276,1181
3450.82,21260,1179
3452.11,21291,1182
3453.40,21251,1181
3454.69,21150,1174
3455.98,21104,1172
3457.27,21073,1170
3458.55,21000,1166
3459.84,20941,1162
3461.13,20825,1156
3462.42,20733,1150
3463.71,20608,1143
3465.00,20424,1133
3466.29,20257,1124
3467.58,20021,1110
3468.87,19784,1098
3470.16,19508,1082
3471.45,19222,1066
3472.73,18941,1050
3474.02,18687,1035
3475.31,18350,1017
3476.60,18026,999
3477.89,17624,976
3479.18,17275,956
3480.47,16876,934
3481.76,16532,914
3483.05,16067,888
3484.34,15635,864
3485.62,15231,842
3486.91,14829,819
3488.20,14335,792
3489.49,13855,765
3490.78,13452,742
3492.07,12960,716
3493.36,12406,685
3494.65,11932,657
3495.94,11471,633
3497.23,10940,603
3498.52,10426,574
3499.80,10046,553
3501.09,9487,523
3502.38,9019,496
3503.67,8531,470
3504.96,8086,444
3506.25,7611,419
3507.54,7144,393
3508.83,6731,370
3510.12,6289,345
3511.41,5837,321
3512.70,5441,299
3513.98,5022,276
3515.27,4604,253
3516.56,4210,232
3517.85,3821,210
3519.14,3452,190
3520.43,3106,171
3521.72,2792,153
3523.01,2457,135
3524.30,2180,120
3525.59,1928,107
3526.87,1667,92
3528.16,1408,78
3529.45,1190,66
3530.74,994,55
3532.03,822,46
3533.32,666,37
3534.61,531,30
3535.90,401,23
3537.19,304,17
3538.48,218,13
3539.77,150,10
3541.05,110,8
3542.34,94,6
3543.63,100,7
3544.92,135,9
3546.21,208,13
3547.50,288,17
3548.79,398,23
3550.08,529,30
3551.37,683,38
3552.66,857,48
3553.95,1067,59
3555.23,1289,71
3556.52,1502,82
3557.81,1755,97
3559.10,2043,112
3560.39,2289,126
3561.68,2580,142
3562.97,2905,160
3564.26,3201,176
3565.55,3556,195
3566.84,3935,216
3568.12,4279,235
3569.41,4596,252
3570.70,4981,274
3571.99,5363,295
3573.28,5735,316
3574.57,6138,338
3575.86,6590,363
3577.15,7034,388
3578.44,7464,411
3579.73,7880,434
3581.02,8372,462
3582.30,8803,484
3583.59,9197,508
3584.88,9682,534
3586.17,10202,563
3587.46,10677,589
3588.75,11136,615
3590.04,11624,642
3591.33,12070,667
3592.62,12505,692
3593.91,12975,718
3595.20,13397,741
3596.48,13814,767
3597.77,14257,790
3599.06,14688,814
3600.35,15125,839
3601.64,15548,863
switching colors
3602.93,7645,157
3604.22,7822,161
3605.51,7993,165
3606.80,8177,169
3608.09,8342,172
3609.37,8515,175
3610.66,8677,179
3611.95,8852,182
3613.24,8992,185
3614.53,9120,188
3615.82,9259,191
3617.11,9403,193
3618.40,9515,196
3619.69,9622,198
3620.98,9685,199
3622.27,9815,202
3623.55,9881,203
3624.84,9923,204
3626.13,10031,207
3627.42,10060,207
3628.71,10075,207
3630.00,10089,207
3631.29,10100,208
3632.58,10164,209
3633.87,10122,209
3635.16,10094,207
3636.45,10065,207
3637.73,10034,205
3639.02,9985,205
3640.31,9944,205
3641.60,9889,204
3642.89,9815,202
3644.18,9756,200
3645.47,9700,200
3646.76,9598,198
3648.05,9479,196
3649.34,9364,193
3650.62,9245,191
3651.91,9075,187
3653.20,8969,184
3654.49,8824,181
3655.78,8619,177
3657.07,8376,171
3658.36,8193,168
3659.65,7987,164
3660.94,7813,160
3662.23,7617,156
3663.52,7406,152
3664.80,7232,148
3666.09,7026,144
3667.38,6815,139
3668.67,6564,135
3669.96,6361,131
3671.25,6164,126
3672.54,5928,122
3673.83,5721,118
3675.12,5508,113
3676.41,5293,109
3677.70,5105,105
3678.98,4904,101
3680.27,4689,96
3681.56,4473,92
3682.85,4240,87
3684.14,4023,83
3685.43,3813,79
3686.72,3617,74
3688.01,3392,69
3689.30,3208,66
3690.59,3014,62
3691.87,2795,57
3693.16,2589,53
3694.45,2297,47
3695.74,2174,45
3697.03,1848,38
3698.32,1782,37
3699.61,1637,34
3700.90,1432,30
3702.19,1364,28
3703.48,1222,25
3704.77,1078,23
3706.05,931,20
3707.34,862,18
3708.63,731,15
3709.92,644,13
3711.21,529,11
3712.50,437,10
3713.79,366,8
3715.08,282,6
3716.37,210,5
3717.66,166,4
3718.95,117,3
3720.23,93,3
3721.52,65,2
3722.81,49,2
3724.10,45,2
3725.39,51,2
3726.68,66,2
3727.97,96,2
3729.26,136,4
3730.55,180,5
3731.84,245,6
3733.12,310,7
3734.41,387,9
3735.70,485,10
3736.99,564,12
3738.28,663,14
3739.57,797,17
3740.86,911,19
3742.15,1058,22
3743.44,1178,25
3744.73,1340,28
3746.02,1475,30
3747.30,1644,34
3748.59,1779,37
3749.88,1973,41
3751.17,2165,45
3752.46,2381,49
3753.75,2554,53
3755.04,2778,57
3756.33,3011,61
3757.62,3238,67
3758.91,3469,70
3760.20,3731,77
3761.48,3953,81
3762.77,4206,86
3764.06,4434,91
3765.35,4677,95
3766.64,4890,100
3767.93,5145,105
3769.22,5389,110
3770.51,5658,116
3771.80,5883,121
3773.09,6085,125
3774.37,6321,129
3775.66,6505,133
3776.95,6782,138
3778.24,6943,142
3779.53,7111,145
3780.82,7308,150
3782.11,7531,154
3783.40,7741,158
3784.69,7910,161
3785.98,8087,166
3787.27,8273,169
3788.55,8439,173
3789.84,8586,176
3791.13,8740,179
3792.42,8933,183
3793.71,9054,186
3795.00,9180,189
3796.29,9314,191
3797.58,9452,193
3798.87,9566,196
3800.16,9670,198
3801.45,9767,200
3802.73,9865,201
3804.02,9930,204
3805.31,10003,205
3806.60,10059,206
3807.89,10107,207
3809.18,10141,207
3810.47,10175,208
3811.76,10191,209
3813.05,10203,209
3814.34,10207,209
3815.62,10193,208
3816.91,10174,208
3818.20,10152,208
3819.49,10100,207
3820.78,10054,205
3822.07,9991,205
3823.36,9915,203
3824.65,9837,202
3825.94,9749,200
3827.23,9647,197
3828.52,9548,196
3829.80,9439,194
3831.09,9312,191
3832.38,9170,188
3833.67,9028,185
3834.96,8871,182
3836.25,8708,179
3837.54,8539,175
3838.83,8368,172
3840.12,8194,167
3841.41,8006,164
3842.70,7826,160
3843.98,7615,156
3845.27,7411,151
3846.56,7199,147
3847.85,6991,143
3849.14,6770,138
3850.43,6588,136
3851.72,6380,131
3853.01,6161,126
3854.30,5941,122
3855.59,5721,117
3856.87,5486,113
3858.16,5202,107
3859.45,4970,102
3860.74,4715,97
3862.03,4431,91
3863.32,4170,86
3864.61,3956,81
3865.90,3720,76
3867.19,3479,72
3868.48,3255,67
3869.77,3022,62
3871.05,2796,58
3872.34,2600,54
3873.63,2401,50
3874.92,2217,46
3876.21,2013,41
3877.50,1865,38
3878.79,1692,35
3880.08,1539,32
3881.37,1395,29
3882.66,1254,27
3883.95,1118,24
3885.23,983,21
3886.52,880,19
3887.81,769,17
3889.10,657,14
3890.39,557,12
3891.68,455,10
3892.97,372,9
3894.26,306,7
3895.55,250,6
3896.84,190,5
3898.12,136,4
3899.41,103,3
3900.70,75,2
3901.99,56,2
3903.28,47,2
3904.57,47,2
3905.86,58,2
3907.15,79,3
3908.44,112,3
3909.73,152,3
3911.02,215,5
3912.30,273,6
3913.59,339,8
3914.88,416,9
3916.17,517,11
3917.46,612,13
3918.75,720,15
3920.04,840,18
3921.33,956,20
3922.62,1081,23
3923.91,1220,26
3925.20,1371,29
3926.48,1525,32
3927.77,1690,35
3929.06,1866,39
3930.35,2043,42
3931.64,2221,46
3932.93,2414,50
3934.22,2603,54
3935.51,2809,58
3936.80,3009,62
3938.09,3225,66
3939.37,3443,71
3940.66,3668,76
3941.95,3903,80
3943.24,4109,85
3944.53,4329,89
3945.82,4544,93
3947.11,4779,98
3948.40,4987,103
3949.69,5219,107
3950.98,5441,112
3952.27,5666,117
3953.55,5890,121
3954.84,6096,125
3956.13,6305,130
3957.42,6527,134
3958.71,6741,139
3960.00,6942,143
3961.29,7156,147
3962.58,7419,152
3963.87,7627,157
3965.16,7837,161
3966.45,8060,165
3967.73,8292,171
3969.02,8482,174
3970.31,8625,177
3971.60,8796,181
3972.89,8940,184
3974.18,9070,187
3975.47,9214,189
3976.76,9366,192
3978.05,9466,195
3979.34,9593,197
3980.62,9725,200
3981.91,9853,202
3983.20,9905,203
3984.49,9956,204
3985.78,10038,206
3987.07,10095,207
3988.36,10139,208
3989.65,10158,208
3990.94,10186,209
3992.23,10205,210
3993.52,10201,210
3994.80,10182,209
3996.09,10191,209
3997.38,10154,209
3998.67,10127,208
3999.96,10080,208
4001.25,10049,206
4002.54,9981,205
4003.83,9907,203
4005.12,9830,202
4006.41,9754,201
4007.70,9644,197
4008.98,9522,195
4010.27,9405,193
4011.56,9274,190
4012.85,9116,188
4014.14,8983,184
4015.43,8835,181
4016.72,8661,177
4018.01,8495,175
4019.30,8343,171
4020.59,8165,168
4021.87,7974,164
4023.16,7767,159
4024.45,7565,155
4025.74,7395,152
4027.03,7200,148
4028.32,6986,143
4029.61,6774,139
4030.90,6564,135
4032.19,6369,131
4033.48,6131,126
4034.77,5881,121
4036.05,5684,116
4037.34,5463,112
4038.63,5239,107
4039.92,4989,103
4041.21,4776,98
4042.50,4539,93
4043.79,4295,88
4045.08,4078,84
4046.37,3838,79
4047.66,3615,74
4048.95,3401,70
4050.23,3176,66
4051.52,2974,61
4052.81,2768,57
4054.10,2577,53
4055.39,2374,49
4056.68,2181,45
4057.97,1995,41
4059.26,1818,37
4060.55,1647,34
4061.84,1494,31
4063.12,1347,28
4064.41,1197,25
4065.70,1053,22
4066.99,922,20
4068.28,792,17
4069.57,659,14
4070.86,558,12
4072.15,445,10
4073.44,355,8
4074.73,272,7
4076.02,210,5
4077.30,153,4
4078.59,111,3
4079.88,78,2
4081.17,55,2
4082.46,46,2
4083.75,48,2
4085.04,60,2
4086.33,86,3
4087.62,122,4
4088.91,159,4
4090.20,214,4
4091.48,276,6
4092.77,353,8
4094.06,428,9
4095.35,520,11
4096.64,611,13
4097.93,709,15
4099.22,821,17
4100.51,940,20
4101.80,1075,22
4103.09,1202,25
4104.37,1363,29
4105.66,1505,31
4106.95,1661,34
4108.24,1819,37
4109.53,2005,41
4110.82,2152,44
4112.11,2343,49
4113.40,2532,52
4114.69,2739,56
4115.98,2932,59
4117.27,3179,66
4118.55,3375,69
4119.84,3581,73
4121.13,3799,78
4122.42,4041,83
4123.71,4265,87
4125.00,4479,91
4126.29,4701,96
4127.58,4945,101
4128.87,5181,106
4130.16,5400,111
4131.45,5597,115
4132.73,5859,120
4134.02,6065,125
4135.31,6281,129
4136.60,6503,133
4137.89,6719,138
4139.18,6969,142
4140.47,7191,148
4141.76,7384,152
4143.05,7596,155
4144.34,7782,159
4145.62,7966,163
4146.91,8165,167
4148.20,8345,171
4149.49,8526,174
4150.78,8684,178
4152.07,8886,181
4153.36,9032,185
4154.65,9150,188
4155.94,9273,190
4157.23,9420,193
4158.52,9541,195
4159.80,9640,198
4161.09,9751,200
4162.38,9845,201
4163.67,9917,204
4164.96,9992,205
4166.25,10039,206
4167.54,10083,207
4168.83,10104,207
4170.12,10151,208
4171.41,10148,208
4172.70,10126,208
4173.98,10118,207
4175.27,10109,207
4176.56,10115,208
4177.85,10097,207
4179.14,10112,207
4180.43,10102,207
4181.72,10026,205
4183.01,9935,203
4184.30,9838,202
4185.59,9737,199
4186.87,9618,197
4188.16,9452,194
4189.45,9326,191
4190.74,9207,188
4192.03,9068,186
4193.32,8924,183
4194.61,8761,180
4195.90,8617,177
4197.19,8461,173
4198.48,8323,170
4199.77,8092,166
4201.05,7935,163
4202.34,7793,160
4203.63,7601,156
4204.92,7407,152
4206.21,7211,148
4207.50,7024,144
4208.79,6822,140
4210.08,6584,135
4211.37,6379,131
4212.66,6178,127
4213.95,5972,122
4215.23,5742,118
4216.52,5520,113
4217.81,5303,109
4219.10,5081,104
4220.39,4836,100
4221.68,4621,95
4222.97,4385,90
4224.26,4118,85
4225.55,3894,80
4226.84,3739,77
4228.12,3478,72
4229.41,3273,67
4230.70,3041,63
4231.99,2843,59
4233.28,2634,54
4234.57,2437,51
4235.86,2232,46
4237.15,2070,42
4238.44,1887,39
4239.73,1726,36
4241.02,1539,32
4242.30,1396,29
4243.59,1255,26
4244.88,1103,23
4246.17,955,20
4247.46,847,18
4248.75,732,15
4250.04,620,13
4251.33,519,11
4252.62,432,9
4253.91,349,8
4255.20,273,6
4256.48,209,5
4257.77,154,4
4259.06,112,3
4260.35,81,3
4261.64,59,2
4262.93,47,2
4264.22,46,2
4265.51,54,2
4266.80,75,3
4268.09,101,3
4269.37,138,4
4270.66,190,4
4271.95,245,6
4273.24,306,7
4274.53,379,8
4275.82,470,10
4277.11,560,12
4278.40,664,14
4279.69,781,17
4280.98,922,19
4282.27,1054,22
4283.55,1232,26
4284.84,1402,30
4286.13,1581,33
4287.42,1762,36
4288.71,1951,41
4290.00,2131,43
4291.29,2328,48
4292.58,2552,53
4293.87,2767,57
4295.16,2962,61
4296.45,3164,66
4297.73,3393,70
4299.02,3601,74
4300.31,3817,79
4301.60,4026,83
4302.89,4267,88
4304.18,4453,92
4305.47,4692,96
4306.76,4916,101
4308.05,5124,106
4309.34,5302,109
4310.62,5532,114
4311.91,5745,118
4313.20,5955,123
4314.49,6177,127
4315.78,6377,131
4317.07,6588,135
4318.36,6784,140
4319.65,7006,144
4320.94,7213,148
4322.23,7408,152
4323.52,7609,156
4324.80,7812,161
4326.09,7975,164
4327.38,8161,168
4328.67,8344,171
4329.96,8523,175
4331.25,8683,178
4332.54,8848,182
4333.83,8991,185
4335.12,9123,187
4336.41,9265,191
4337.70,9393,193
4338.98,9510,195
4340.27,9620,198
4341.56,9699,199
4342.85,9799,202
4344.14,9864,203
4345.43,9939,204
4346.72,9992,206
4348.01,10048,207
4349.30,10084,208
4350.59,10108,207
4351.87,10139,209
4353.16,10161,208
4354.45,10185,209
4355.74,10181,209
4357.03,10166,208
4358.32,10163,208
4359.61,10118,208
4360.90,10068,207
4362.19,10013,205
4363.48,9934,203
4364.77,9852,203
4366.05,9771,200
4367.34,9672,198
4368.63,9532,196
4369.92,9426,194
4371.21,9347,191
4372.50,9195,189
4373.79,9029,185
4375.08,8881,182
4376.37,8706,179
4377.66,8526,175
4378.95,8332,172
4380.23,8151,167
4381.52,7971,164
4382.81,7804,161
4384.10,7623,157
4385.39,7382,152
4386.68,7238,149
4387.97,7034,145
4389.26,6778,140
4390.55,6579,135
4391.84,6335,130
4393.12,6094,124
4394.41,5808,119
4395.70,5574,115
4396.99,5364,110
4398.28,5112,104
4399.57,4865,100
4400.86,4625,95
4402.15,4398,90
4403.44,4172,86
4404.73,3951,81
4406.02,3746,77
4407.30,3521,73
4408.59,3337,69
4409.88,3134,64
4411.17,2950,61
4412.46,2739,56
4413.75,2563,53
4415.04,2386,49
4416.33,2185,45
4417.62,2034,42
4418.91,1878,39
4420.20,1695,35
4421.48,1524,31
4422.77,1381,29
4424.06,1241,26
4425.35,1099,23
4426.64,964,20
4427.93,851,18
4429.22,740,15
4430.51,625,14
4431.80,526,11
4433.09,436,10
4434.37,340,8
4435.66,264,6
4436.95,212,5
4438.24,164,4
4439.53,118,3
4440.82,88,2
4442.11,63,2
4443.40,49,2
4444.69,46,2
4445.98,53,2
4447.27,72,2
4448.55,97,3
4449.84,131,3
4451.13,183,4
4452.42,254,6
4453.71,321,8
4455.00,397,9
4456.29,496,11
4457.58,598,13
4458.87,696,15
4460.16,817,17
4461.45,943,20
4462.73,1080,23
4464.02,1215,25
4465.31,1373,29
4466.60,1543,32
4467.89,1717,36
4469.18,1894,39
4470.47,2078,43
4471.76,2266,47
4473.05,2445,50
4474.34,2651,55
4475.62,2849,58
4476.91,3056,63
4478.20,3262,67
4479.49,3474,71
4480.78,3670,75
4482.07,3900,80
4483.36,4109,84
4484.65,4330,89
4485.94,4531,93
4487.23,4770,97
4488.52,4969,102
4489.80,5190,106
4491.09,5430,111
4492.38,5662,116
4493.67,5912,121
4494.96,6164,126
4496.25,6506,133
4497.54,6862,140
4498.83,7064,144
4500.12,7240,148
4501.41,7460,153
4502.70,7628,156
4503.98,7879,162
4505.27,8065,165
4506.56,8229,169
4507.85,8430,172
4509.14,8614,177
4510.43,8774,180
4511.72,8922,183
4513.01,9053,186
4514.30,9210,189
4515.59,9329,191
4516.87,9452,194
4518.16,9575,197
4519.45,9674,198
4520.74,9755,200
4522.03,9831,202
4523.32,9916,203
4524.61,9984,205
4525.90,10045,206
4527.19,10101,207
4528.48,10139,208
4529.77,10178,209
4531.05,10211,209
4532.34,10217,210
4533.63,10222,210
4534.92,10226,210
4536.21,10214,209
4537.50,10190,208
4538.79,10162,209
4540.08,10114,207
4541.37,10060,206
4542.66,9995,205
4543.95,9921,203
4545.23,9827,201
4546.52,9755,200
4547.81,9654,198
4549.10,9541,194
4550.39,9406,192
4551.68,9259,190
4552.97,9126,187
4554.26,8983,185
4555.55,8833,181
4556.84,8670,178
4558.12,8500,174
4559.41,8332,171
4560.70,8151,166
4561.99,7952,163
4563.28,7761,159
4564.57,7573,155
4565.86,7369,151
4567.15,7160,146
4568.44,6965,143
4569.73,6739,138
4571.02,6512,133
4572.30,6292,129
4573.59,6073,125
4574.88,5839,120
4576.17,5576,115
4577.46,5370,110
4578.75,5149,106
4580.04,4898,100
4581.33,4679,96
4582.62,4460,91
4583.91,4236,88
4585.20,3985,82
4586.48,3771,78
4587.77,3543,73
4589.06,3344,69
4590.35,3165,65
4591.64,2962,61
4592.93,2756,57
4594.22,2571,53
4595.51,2368,49
4596.80,2167,45
4598.09,1978,41
4599.37,1790,37
4600.66,1578,33
4601.95,1362,28
4603.24,1222,26
4604.53,1075,23
4605.82,932,20
4607.11,796,17
4608.40,684,15
4609.69,568,12
4610.98,467,11
4612.27,379,8
4613.55,303,7
4614.84,240,6
4616.13,184,5
4617.42,139,3
4618.71,104,3
4620.00,75,3
4621.29,57,2
4622.58,47,2
4623.87,47,2
4625.16,55,2
4626.45,70,2
4627.73,99,3
4629.02,137,4
4630.31,178,5
4631.60,232,5
4632.89,299,6
4634.18,371,8
4635.47,443,9
4636.76,537,11
4638.05,635,14
4639.34,742,16
4640.62,875,18
4641.91,1016,21
4643.20,1143,24
4644.49,1289,27
4645.78,1424,30
4647.07,1611,33
4648.36,1784,37
4649.65,1953,40
4650.94,2134,44
4652.23,2307,48
4653.52,2504,51
4654.80,2714,56
4656.09,2902,59
4657.38,3119,64
4658.67,3353,69
4659.96,3535,73
4661.25,3727,77
4662.54,3954,81
4663.83,4175,86
4665.12,4396,90
4666.41,4606,94
4667.70,4853,99
4668.98,5092,104
4670.27,5296,109
4671.56,5520,113
4672.85,5746,118
4674.14,5958,122
4675.43,6180,127
4676.72,6404,131
4678.01,6631,136
4679.30,6843,141
4680.59,7066,145
4681.87,7278,149
4683.16,7472,153
4684.45,7664,158
4685.74,7857,161
4687.03,8034,165
4688.32,8211,168
4689.61,8390,173
4690.90,8550,176
4692.19,8692,179
4693.48,8850,182
4694.77,8996,185
4696.05,9116,187
4697.34,9264,190
4698.63,9392,193
4699.92,9516,195
4701.21,9645,199
4702.50,9751,201
4703.79,9868,203
4705.08,9954,205
4706.37,10042,207
4707.66,10105,208
4708.95,10191,209
4710.23,10212,210
4711.52,10171,209
4712.81,10144,209
4714.10,10165,210
4715.39,10150,208
4716.68,10171,209
4717.97,10135,208
4719.26,10075,207
4720.55,10035,206
4721.84,9983,205
4723.12,9911,203
4724.41,9824,202
4725.70,9730,199
4726.99,9633,198
4728.28,9523,196
4729.57,9404,193
4730.86,9294,190
4732.15,9192,188
4733.44,9057,185
4734.73,8901,182
4736.02,8739,179
4737.30,8590,176
4738.59,8440,173
4739.88,8263,170
4741.17,8085,166
4742.46,7887,162
4743.75,7700,158
4745.04,7528,154
4746.33,7302,149
4747.62,7090,146
4748.91,6917,142
4750.20,6711,138
4751.48,6462,133
4752.77,6255,128
4754.06,6047,123
4755.35,5844,120
4756.64,5598,115
4757.93,5373,110
4759.22,5155,106
4760.51,4904,100
4761.80,4666,95
4763.09,4420,91
4764.37,4213,87
4765.66,3997,82
4766.95,3786,78
4768.24,3581,74
4769.53,3363,69
4770.82,3150,65
4772.11,2939,61
4773.40,2742,56
4774.69,2535,53
4775.98,2351,48
4777.27,2149,44
4778.55,1971,41
4779.84,1805,37
4781.13,1630,34
4782.42,1456,30
4783.71,1289,27
4785.00,1154,24
4786.29,1001,21
4787.58,866,18
4788.87,750,16
4790.16,639,14
4791.45,533,11
4792.73,441,10
4794.02,360,8
4795.31,284,7
4796.60,215,5
4797.89,164,4
4799.18,117,3
4800.47,85,2
4801.76,62,2
4803.05,49,2
4804.34,45,2
4805.62,53,1
4806.91,73,3
4808.20,104,3
4809.49,146,3
4810.78,195,5
4812.07,266,6
4813.36,347,8
4814.65,429,10
4815.94,528,11
4817.23,648,14
4818.52,765,17
4819.80,890,19
4821.09,1024,22
4822.38,1177,24
4823.67,1328,27
4824.96,1483,31
4826.25,1653,34
4827.54,1825,38
4828.83,2001,41
4830.12,2169,45
4831.41,2353,48
4832.70,2545,52
4833.98,2743,56
4835.27,2942,60
4836.56,3122,64
4837.85,3290,67
4839.14,3541,72
4840.43,3752,77
4841.72,3949,81
4843.01,4164,85
4844.30,4444,91
4845.59,4643,95
4846.87,4821,98
4848.16,5049,103
4849.45,5270,108
4850.74,5474,112
4852.03,5716,117
4853.32,5950,122
4854.61,6167,126
4855.90,6378,130
4857.19,6632,136
4858.48,6869,141
4859.77,7070,145
4861.05,7275,149
4862.34,7466,153
4863.63,7654,156
4864.92,7868,162
4866.21,8055,165
4867.50,8239,169
4868.79,8418,173
4870.08,8594,176
4871.37,8739,178
4872.66,8888,182
4873.95,9035,185
4875.23,9181,189
4876.52,9307,191
4877.81,9441,193
4879.10,9581,197
4880.39,9684,198
4881.68,9785,201
4882.97,9889,203
4884.26,9955,204
4885.55,10049,206
4886.84,10099,207
4888.12,10154,208
4889.41,10193,209
4890.70,10223,209
4891.99,10246,210
4893.28,10248,210
4894.57,10249,210
4895.86,10244,209
4897.15,10218,209
4898.44,10187,209
4899.73,10143,207
4901.02,10091,207
4902.30,10032,205
4903.59,9956,204
4904.88,9858,202
4906.17,9779,200
4907.46,9686,198
4908.75,9584,196
4910.04,9459,194
4911.33,9342,191
4912.62,9195,187
4913.91,9050,185
4915.20,8883,182
4916.48,8722,179
4917.77,8520,175
4919.06,8311,170
4920.35,8107,165
4921.64,7910,162
4922.93,7697,157
4924.22,7491,154
4925.51,7268,148
4926.80,7028,144
4928.09,6772,139
4929.37,6617,136
4930.66,6359,130
4931.95,6122,125
4933.24,5937,121
4934.53,5732,118
4935.82,5501,113
4937.11,5263,108
4938.40,5090,104
4939.69,4848,100
4940.98,4627,94
4942.27,4436,91
4943.55,4229,87
4944.84,4011,82
4946.13,3809,77
4947.42,3553,73
4948.71,3387,70
4950.00,3180,65
4951.29,2983,61
4952.58,2773,57
4953.87,2578,53
4955.16,2411,50
4956.45,2226,46
4957.73,2033,42
4959.02,1842,38
4960.31,1684,35
4961.60,1515,31
4962.89,1357,28
4964.18,1200,25
4965.47,1073,23
4966.76,920,19
4968.05,790,17
4969.34,694,15
4970.62,592,13
4971.91,489,11
4973.20,394,9
4974.49,313,8
4975.78,248,6
4977.07,194,5
4978.36,144,3
4979.65,105,3
4980.94,77,2
4982.23,57,2
4983.52,47,2
4984.80,47,2
4986.09,58,2
4987.38,77,2
4988.67,109,3
4989.96,148,4
4991.25,199,5
4992.54,260,6
4993.83,336,8
4995.12,416,9
4996.41,508,11
4997.70,613,13
4998.98,726,16
5000.27,841,18
5001.56,963,20
5002.85,1098,23
5004.14,1230,26
5005.43,1380,28
5006.72,1544,32
5008.01,1716,35
5009.30,1876,39
5010.59,2056,42
5011.87,2231,46
5013.16,2405,50
5014.45,2594,53
5015.74,2807,58
5017.03,2998,62
5018.32,3231,66
5019.61,3453,71
5020.90,3684,76
5022.19,3917,80
5023.48,4201,86
5024.77,4467,92
5026.05,4696,97
5027.34,4929,102
5028.63,5171,106
5029.92,5410,110
5031.21,5646,116
5032.50,5893,121
5033.79,6129,126
5035.08,6341,130
5036.37,6580,135
5037.66,6797,139
5038.95,7002,144
5040.23,7225,148
5041.52,7418,152
5042.81,7607,156
5044.10,7784,160
5045.39,8005,165
5046.68,8153,167
5047.97,8313,170
5049.26,8469,174
5050.55,8637,178
5051.84,8797,181
5053.12,8924,184
5054.41,9061,186
5055.70,9210,189
5056.99,9327,191
5058.28,9441,195
5059.57,9566,196
5060.86,9684,199
5062.15,9759,201
5063.44,9850,203
5064.73,9919,204
5066.02,9992,205
5067.30,10075,207
5068.59,10117,208
5069.88,10160,209
5071.17,10180,209
5072.46,10203,209
5073.75,10214,210
5075.04,10197,209
5076.33,10193,210
5077.62,10177,209
5078.91,10144,208
5080.20,10087,207
5081.48,10052,207
5082.77,9984,205
5084.06,9913,203
5085.35,9823,201
5086.64,9724,199
5087.93,9631,198
5089.22,9533,196
5090.51,9412,193
5091.80,9294,191
5093.09,9169,189
5094.37,9026,185
5095.66,8877,182
5096.95,8723,179
5098.24,8556,175
5099.53,8373,172
5100.82,8175,168
5102.11,7995,164
5103.40,7790,160
5104.69,7593,155
5105.98,7397,152
5107.27,7193,147
5108.55,6983,143
5109.84,6771,139
5111.13,6548,135
5112.42,6336,130
5113.71,6097,125
5115.00,5868,121
5116.29,5628,115
5117.58,5391,111
5118.87,5172,106
5120.16,4937,101
5121.45,4715,97
5122.73,4498,93
5124.02,4256,87
5125.31,4047,83
5126.60,3806,78
5127.89,3567,74
5129.18,3306,68
5130.47,3044,62
5131.76,2851,58
5133.05,2622,54
5134.34,2440,50
5135.62,2225,46
5136.91,2038,42
5138.20,1826,38
5139.49,1655,34
5140.78,1503,31
5142.07,1362,28
5143.36,1209,25
5144.65,1077,23
5145.94,940,19
5147.23,828,18
5148.52,713,15
5149.80,621,13
5151.09,515,11
5152.38,428,9
5153.67,341,8
5154.96,272,6
5156.25,221,5
5157.54,170,4
5158.83,124,4
5160.12,93,3
5161.41,66,2
5162.70,51,2
5163.98,46,2
5165.27,49,1
5166.56,63,2
5167.85,88,2
5169.14,122,3
5170.43,163,4
5171.72,214,5
5173.01,287,6
5174.30,366,8
5175.59,444,10
5176.87,528,11
5178.16,634,13
5179.45,748,16
5180.74,850,18
5182.03,979,20
5183.32,1125,24
5184.61,1287,27
5185.90,1439,30
5187.19,1604,33
5188.48,1771,37
5189.77,1939,40
5191.05,2128,44
5192.34,2311,48
5193.63,2506,52
5194.92,2711,56
5196.21,2927,60
5197.50,3128,65
5198.79,3356,69
5200.08,3570,73
5201.37,3792,78
5202.66,4002,82
5203.95,4240,87
5205.23,4479,92
5206.52,4715,97
5207.81,4949,101
5209.10,5194,106
5210.39,5422,110
5211.68,5648,116
5212.97,5860,120
5214.26,6079,125
5215.55,6293,129
5216.84,6520,134
5218.12,6711,137
5219.41,6919,141
5220.70,7149,146
5221.99,7338,150
5223.28,7503,154
5224.57,7675,157
5225.86,7866,161
5227.15,8041,165
5228.44,8247,169
5229.73,8409,172
5231.02,8570,176
5232.30,8754,179
5233.59,8923,184
5234.88,9080,186
5236.17,9473,194
5237.46,9598,197
5238.75,9620,196
5240.04,9778,200
5241.33,9890,203
5242.62,9955,204
5243.91,10034,205
5245.20,10090,206
5246.48,10143,208
5247.77,10195,209
5249.06,10223,209
5250.35,10230,209
5251.64,10211,209
5252.93,10225,209
5254.22,10227,210
5255.51,10215,210
5256.80,10179,209
5258.09,10161,209
5259.37,10127,207
5260.66,10081,207
5261.95,10017,205
5263.24,9953,204
5264.53,9879,203
5265.82,9779,201
5267.11,9676,198
5268.40,9590,197
5269.69,9478,194
5270.98,9346,192
5272.27,9206,188
5273.55,9088,186
5274.84,8949,183
5276.13,8790,181
5277.42,8629,177
5278.71,8461,173
5280.00,8271,169
5281.29,8097,166
5282.58,7894,161
5283.87,7690,158
5285.16,7494,154
5286.45,7310,150
5287.73,7110,145
5289.02,6883,141
5290.31,6648,136
5291.60,6427,132
5292.89,6176,127
5294.18,5961,123
5295.47,5767,118
5296.76,5509,113
5298.05,5285,108
5299.34,5057,103
5300.62,4827,99
5301.91,4586,94
5303.20,4367,90
5304.49,4151,85
5305.78,3923,80
5307.07,3690,75
5308.36,3474,72
5309.65,3274,68
5310.94,3055,63
5312.23,2837,58
5313.52,2623,54
5314.80,2424,49
5316.09,2232,46
5317.38,2053,43
5318.67,1868,39
5319.96,1699,36
5321.25,1545,32
5322.54,1375,29
5323.83,1218,25
5325.12,1084,23
5326.41,954,20
5327.70,830,18
5328.98,722,16
5330.27,622,13
5331.56,521,11
5332.85,432,9
5334.14,352,8
5335.43,273,6
5336.72,207,5
5338.01,152,4
5339.30,106,3
5340.59,70,3
5341.87,51,2
5343.16,45,1
5344.45,51,2
5345.74,67,2
5347.03,95,3
5348.32,136,3
5349.61,190,5
5350.90,245,6
5352.19,311,7
5353.48,391,9
5354.77,480,10
5356.05,561,12
5357.34,653,14
5358.63,764,16
5359.92,897,18
5361.21,1033,22
5362.50,1168,24
5363.79,1293,27
5365.08,1415,30
5366.37,1555,32
5367.66,1746,36
5368.95,1904,39
5370.23,2104,43
5371.52,2270,47
5372.81,2443,51
5374.10,2598,53
5375.39,2812,58
5376.68,3036,62
5377.97,3216,66
5379.26,3422,70
5380.55,3646,75
5381.84,3850,79
5383.12,4055,83
5384.41,4304,88
5385.70,4579,94
5386.99,4800,99
5388.28,4987,103
5389.57,5229,108
5390.86,5464,112
5392.15,5663,116
5393.44,5882,121
5394.73,6118,126
5396.02,6339,130
5397.30,6546,134
5398.59,6758,139
5399.88,6954,143
5401.17,7155,147
5402.46,7352,151
