
1.29,3012,729
2.58,3229,777
3.87,3458,825
5.16,3682,871
6.45,3922,920
7.73,4182,974
9.02,4435,1028
10.31,4691,1079
11.60,4956,1135
12.89,5205,1186
14.18,5481,1243
15.47,5746,1298
16.76,6003,1350
18.05,6290,1411
19.34,6533,1461
20.62,6821,1521
21.91,7108,1580
23.20,7386,1639
24.49,7623,1689
25.78,7865,1737
27.07,8134,1794
28.36,8375,1844
29.65,8622,1896
30.94,8870,1946
32.23,9123,1998
33.52,9361,2047
34.80,9612,2100
36.09,9806,2141
37.38,10021,2185
38.67,10236,2230
39.96,10432,2272
41.25,10621,2313
42.54,10816,2351
43.83,11017,2393
45.12,11180,2428
46.41,11363,2465
47.70,11484,2490
48.98,11644,2523
50.27,11779,2553
51.56,11899,2577
52.85,12006,2599
54.14,12115,2621
55.43,12203,2641
56.72,12276,2658
58.01,12344,2671
59.30,12384,2679
60.59,12431,2690
61.88,12453,2693
63.16,12461,2693
64.45,12463,2694
65.74,12449,2692
67.03,12408,2685
68.32,12374,2677
69.61,12309,2665
70.90,12255,2652
72.19,12183,2636
73.48,12093,2619
74.77,11989,2595
76.05,11868,2571
77.34,11759,2549
78.63,11616,2519
79.92,11446,2484
81.21,11313,2456
82.50,11110,2413
83.79,10935,2377
85.08,10770,2342
86.37,10538,2294
87.66,10349,2253
88.95,10127,2208
90.23,9890,2158
91.52,9648,2108
92.81,9399,2056
94.10,9162,2008
95.39,8930,1959
96.68,8669,1905
97.97,8420,1853
99.26,8165,1799
100.55,7910,1745
101.84,7634,1689
103.12,7376,1637
104.41,7095,1578
105.70,6785,1513
106.99,6548,1464
108.28,6325,1419
109.57,6048,1361
110.86,5774,1304
112.15,5526,1252
113.44,5272,1199
114.73,4970,1137
116.02,4722,1086
117.30,4468,1034
118.59,4229,985
119.88,3979,934
121.17,3748,885
122.46,3481,831
123.75,3267,787
125.04,3036,739
126.33,2821,696
127.62,2581,646
128.91,2374,602
130.20,2182,564
131.48,1970,520
132.77,1788,482
134.06,1659,456
135.35,1489,422
136.64,1319,386
137.93,1167,355
139.22,1040,328
140.51,923,305
141.80,813,283
143.09,720,263
144.38,625,243
145.66,534,225
146.95,469,212
148.24,410,199
149.53,353,188
150.82,319,180
152.11,292,175
153.40,279,173
154.69,278,172
155.98,288,174
157.27,314,179
158.55,350,187
159.84,399,197
161.13,468,211
162.42,550,228
163.71,636,246
165.00,732,265
166.29,842,288
167.58,961,313
168.87,1089,339
170.16,1236,369
171.45,1410,404
172.73,1575,438
174.02,1741,473
175.31,1957,518
176.60,2132,554
177.89,2334,595
179.18,2532,636
180.47,2750,681
181.76,3002,732
183.05,3207,775
184.34,3448,824
185.63,3726,881
186.91,3981,934
188.20,4238,987
189.49,4493,1039
190.78,4779,1099
192.07,5033,1151
193.36,5323,1211
194.65,5592,1268
195.94,5880,1328
197.23,6163,1387
198.52,6467,1449
199.80,6727,1502
201.09,6999,1560
202.38,7262,1616
203.67,7548,1675
204.96,7768,1719
206.25,8029,1774
207.54,8304,1831
208.83,8552,1883
210.12,8800,1934
211.41,9060,1988
212.70,9261,2031
213.98,9516,2083
215.27,9718,2124
216.56,9923,2168
217.85,10110,2207
219.14,10321,2250
220.43,10530,2293
221.72,10713,2332
223.01,10890,2369
224.30,11051,2404
225.59,11219,2439
226.88,11357,2468
228.16,11508,2499
229.45,11657,2531
230.74,11761,2553
232.03,11867,2576
233.32,11967,2597
234.61,12079,2619
235.90,12135,2631
237.19,12212,2646
238.48,12265,2657
239.77,12302,2665
241.05,12334,2671
242.34,12346,2673
243.63,12353,2674
244.92,12336,2671
246.21,12330,2670
247.50,12304,2665
248.79,12266,2656
250.08,12219,2646
251.37,12156,2635
252.66,12077,2617
253.95,11998,2601
255.23,11886,2576
256.52,11780,2554
257.81,11669,2531
259.10,11534,2501
260.39,11393,2473
261.68,11246,2442
262.97,11080,2407
264.26,10897,2369
265.55,10701,2329
266.84,10512,2290
268.13,10282,2242
269.41,10074,2197
270.70,9860,2153
271.99,9655,2110
273.28,9398,2056
274.57,9179,2011
275.86,8927,1958
277.15,8681,1907
278.44,8408,1851
279.73,8151,1797
281.02,7846,1736
282.30,7604,1683
283.59,7376,1635
284.88,7086,1576
286.17,6815,1519
287.46,6533,1462
288.75,6285,1410
290.04,5976,1346
291.33,5709,1291
292.62,5426,1233
293.91,5153,1177
295.20,4886,1120
296.48,4624,1067
297.77,4359,1012
299.06,4094,957
300.35,3815,900
301.64,3583,852
302.93,3307,795
304.22,3069,747
305.51,2849,700
306.80,2621,655
308.09,2408,611
309.38,2211,570
310.66,2014,529
311.95,1828,492
313.24,1659,456
314.53,1498,424
315.82,1310,385
317.11,1183,359
318.40,1059,332
319.69,934,307
320.98,823,285
322.27,715,263
323.55,626,244
324.84,539,226
326.13,466,211
327.42,405,198
328.71,363,190
330.00,324,182
331.29,298,177
332.58,283,174
333.87,279,173
335.16,287,174
336.45,306,178
337.73,340,185
339.02,392,196
340.31,441,207
341.60,506,219
342.89,584,235
344.18,672,253
345.47,777,274
346.76,874,295
348.05,1018,325
349.34,1146,351
350.63,1275,378
351.91,1437,411
353.20,1603,444
354.49,1749,476
355.78,1948,515
357.07,2111,550
358.36,2311,591
359.65,2523,634
360.94,2736,678
362.23,2967,726
363.52,3227,779
364.80,3448,826
366.09,3661,869
367.38,3930,924
368.67,4215,983
369.96,4476,1037
371.25,4718,1087
372.54,5016,1149
373.83,5298,1208
375.12,5577,1264
376.41,5849,1322
377.70,6120,1377
378.98,6422,1440
380.27,6690,1496
381.56,6985,1557
382.85,7278,1618
384.14,7544,1672
385.43,7810,1729
386.72,8099,1788
388.01,8374,1844
389.30,8618,1895
390.59,8871,1947
391.88,9106,1998
393.16,9344,2047
394.45,9589,2099
395.74,9819,2147
397.03,10042,2192
398.32,10267,2239
399.61,10484,2285
400.90,10658,2321
402.19,10859,2362
403.48,11053,2402
404.77,11235,2441
406.05,11393,2474
407.34,11550,2506
408.63,11706,2539
409.92,11834,2567
411.21,11935,2588
412.50,12039,2610
413.79,12135,2630
415.08,12219,2646
416.37,12279,2657
417.66,12338,2670
418.95,12374,2680
420.23,12410,2687
421.52,12433,2692
422.81,12431,2690
424.10,12432,2691
425.39,12419,2689
426.68,12384,2681
427.97,12355,2672
429.26,12307,2663
430.55,12242,2650
431.84,12161,2633
433.13,12081,2616
434.41,11986,2595
435.70,11877,2574
436.99,11775,2554
438.28,11647,2525
439.57,11508,2497
440.86,11349,2464
442.15,11184,2431
443.44,11029,2397
444.73,10825,2357
446.02,10652,2320
447.30,10459,2278
448.59,10250,2234
449.88,10044,2191
451.17,9844,2150
452.46,9640,2108
453.75,9390,2056
455.04,9146,2004
456.33,8921,1957
457.62,8681,1909
458.91,8438,1858
460.20,8202,1809
461.48,7929,1752
462.77,7675,1698
464.06,7420,1645
465.35,7138,1588
466.64,6864,1530
467.93,6598,1476
469.22,6309,1416
470.51,6056,1362
471.80,5774,1305
473.09,5508,1250
474.38,5224,1191
475.66,4941,1133
476.95,4646,1071
478.24,4396,1019
479.53,4122,963
480.82,3855,908
482.11,3598,855
483.40,3375,809
484.69,3143,761
485.98,2910,713
487.27,2673,665
488.55,2458,621
489.84,2251,577
491.13,2038,534
492.42,1839,493
493.71,1671,459
495.00,1514,426
496.29,1347,392
497.58,1182,358
498.87,1049,331
500.16,922,305
501.45,801,281
502.73,691,257
504.02,585,236
505.31,504,219
506.60,442,206
507.89,381,194
509.18,339,185
510.47,304,178
511.76,283,174
513.05,277,172
514.34,284,173
515.63,304,178
516.91,336,184
518.20,384,194
519.49,440,206
520.78,504,219
522.07,588,236
523.36,677,254
524.65,774,274
525.94,878,296
527.23,1018,324
528.52,1149,350
529.80,1284,379
531.09,1429,408
532.38,1599,444
533.67,1754,475
534.96,1925,511
536.25,2106,548
537.54,2308,589
538.83,2526,635
540.12,2710,672
541.41,2946,721
542.70,3162,765
543.98,3377,810
545.27,3624,861
546.56,3876,914
547.85,4101,960
549.14,4375,1016
550.43,4659,1075
551.72,4876,1120
553.01,5142,1176
554.30,5408,1230
555.59,5669,1285
556.88,5899,1332
558.16,6178,1390
559.45,6462,1449
560.74,6706,1500
562.03,6996,1560
563.32,7248,1613
564.61,7503,1666
565.90,7724,1710
567.19,7968,1763
568.48,8233,1818
569.77,8479,1868
571.05,8743,1924
572.34,8974,1971
573.63,9235,2025
574.92,9470,2075
576.21,9673,2118
577.50,9899,2164
578.79,10107,2207
580.08,10330,2254
581.37,10537,2298
582.66,10729,2337
583.95,10916,2377
585.23,11113,2419
586.52,11288,2455
587.81,11428,2484
589.10,11554,2512
590.39,11692,2539
591.68,11807,2563
592.97,11923,2589
594.26,12009,2604
595.55,12104,2625
596.84,12183,2642
598.13,12242,2653
599.41,12280,2661
600.70,12313,2667
601.99,12324,2671
603.28,12337,2672
604.57,12323,2670
605.86,12313,2669
607.15,12287,2664
608.44,12224,2650
609.73,12179,2640
611.02,12107,2625
612.30,12023,2607
613.59,11944,2591
614.88,11835,2568
616.17,11710,2543
617.46,11584,2515
618.75,11457,2489
620.04,11291,2454
621.33,11107,2414
622.62,10956,2384
623.91,10760,2341
625.20,10559,2299
626.48,10361,2259
627.77,10191,2223
629.06,9988,2181
630.35,9727,2126
631.64,9526,2084
632.93,9274,2031
634.22,9066,1988
635.51,8866,1946
636.80,8617,1895
638.09,8383,1846
639.38,8138,1797
640.66,7875,1740
641.95,7616,1688
643.24,7354,1632
644.53,7114,1583
645.82,6841,1526
647.11,6595,1474
648.40,6302,1416
649.69,6069,1366
650.98,5802,1310
652.27,5482,1245
653.55,5263,1199
654.84,4988,1143
656.13,4718,1086
657.42,4466,1033
658.71,4244,989
660.00,4006,940
661.29,3759,889
662.58,3527,841
663.87,3275,789
665.16,3049,742
666.45,2857,702
667.73,2597,650
669.02,2424,613
670.31,2227,573
671.60,2040,534
672.89,1868,499
674.18,1688,462
675.47,1534,431
676.76,1362,396
678.05,1199,361
679.34,1074,336
680.63,949,311
681.91,818,284
683.20,713,262
684.49,622,243
685.78,523,223
687.07,457,210
688.36,390,195
689.65,342,186
690.94,311,180
692.23,288,175
693.52,279,173
694.80,282,173
696.09,298,177
697.38,325,182
698.67,367,191
699.96,422,202
701.25,490,216
702.54,574,234
703.83,662,251
705.12,759,272
706.41,863,293
707.70,994,320
708.98,1134,349
710.27,1291,381
711.56,1444,412
712.85,1617,447
714.14,1803,486
715.43,1984,524
716.72,2191,566
718.01,2384,605
719.30,2593,649
720.59,2825,697
721.88,3056,744
723.16,3306,795
724.45,3561,849
725.74,3825,903
727.03,4088,958
728.32,4340,1009
729.61,4633,1070
730.90,4883,1123
732.19,5167,1181
733.48,5412,1232
734.77,5729,1296
736.05,5998,1352
737.34,6218,1398
738.63,6505,1457
739.92,6767,1512
741.21,7046,1570
742.50,7269,1615
743.79,7542,1672
745.08,7789,1723
746.37,8040,1775
747.66,8346,1839
748.95,8567,1885
750.23,8809,1936
751.52,9034,1982
752.81,9265,2032
754.10,9496,2079
755.39,9725,2128
756.68,9960,2176
757.97,10158,2217
759.26,10355,2260
760.55,10574,2304
761.84,10771,2345
763.13,10940,2380
764.41,11106,2414
765.70,11290,2454
766.99,11412,2479
768.28,11558,2510
769.57,11699,2540
770.86,11821,2565
772.15,11926,2588
773.44,12027,2607
774.73,12120,2628
776.02,12200,2643
777.30,12258,2656
778.59,12310,2667
779.88,12348,2675
781.17,12396,2684
782.46,12415,2688
783.75,12417,2689
785.04,12425,2691
786.33,12414,2687
787.62,12375,2680
788.91,12348,2672
790.20,12294,2662
791.48,12232,2648
792.77,12137,2629
794.06,12053,2611
795.35,11945,2589
796.64,11820,2563
797.93,11684,2535
799.22,11554,2507
800.51,11407,2475
801.80,11242,2442
803.09,11080,2408
804.38,10899,2371
805.66,10701,2330
806.95,10507,2289
808.24,10294,2244
809.53,10064,2196
810.82,9841,2149
812.11,9612,2103
813.40,9392,2054
814.69,9162,2008
815.98,8926,1959
817.27,8663,1906
818.55,8397,1849
819.84,8126,1794
821.13,7843,1735
822.42,7569,1677
823.71,7321,1625
825.00,7017,1564
826.29,6738,1505
827.58,6416,1438
828.87,6176,1388
830.16,5878,1327
831.45,5573,1263
832.73,5314,1211
834.02,5029,1151
835.31,4760,1096
836.60,4495,1041
837.89,4252,990
839.18,4020,942
840.47,3763,890
841.76,3491,834
843.05,3255,784
844.34,3034,740
845.63,2817,696
846.91,2629,656
848.20,2423,614
849.49,2232,574
850.78,2032,534
852.07,1846,495
853.36,1661,456
854.65,1502,425
855.94,1369,397
857.23,1206,363
858.52,1062,334
859.80,942,309
861.09,836,287
862.38,722,264
863.67,623,244
864.96,545,227
866.25,475,213
867.54,405,198
868.83,357,188
870.12,322,181
871.41,296,176
872.70,280,172
873.98,278,172
875.27,284,173
876.56,304,177
877.85,336,184
879.14,378,193
880.43,431,203
881.72,495,217
883.01,571,232
884.30,651,249
885.59,748,268
886.88,844,289
888.16,975,315
889.45,1134,348
890.74,1263,375
892.03,1424,408
893.32,1586,441
894.61,1746,473
895.90,1929,513
897.19,2117,551
898.48,2349,598
899.77,2561,642
901.05,2784,689
902.34,3032,740
903.63,3256,784
904.92,3503,836
906.21,3750,887
907.50,4003,939
908.79,4242,988
910.08,4531,1047
911.37,4804,1106
912.66,5061,1158
913.95,5344,1218
915.23,5620,1275
916.52,5882,1329
917.81,6163,1387
919.10,6437,1444
920.39,6720,1503
921.68,6967,1554
922.97,7251,1613
924.26,7538,1673
925.55,7804,1729
926.84,8066,1783
928.13,8312,1833
929.41,8575,1889
930.70,8851,1947
931.99,9086,1996
933.28,9330,2047
934.57,9572,2097
935.86,9811,2145
937.15,10037,2192
938.44,10252,2237
939.73,10449,2280
941.02,10663,2324
942.30,10843,2363
943.59,11009,2396
944.88,11173,2431
946.17,11336,2467
947.46,11478,2494
948.75,11619,2524
950.04,11739,2548
951.33,11846,2572
952.62,11940,2589
953.91,12022,2608
955.20,12101,2625
956.48,12183,2642
957.77,12231,2650
959.06,12274,2660
960.35,12310,2668
961.64,12318,2669
962.93,12337,2674
964.22,12317,2670
965.51,12311,2669
966.80,12289,2664
968.09,12249,2655
969.38,12201,2645
970.66,12141,2633
971.95,12056,2613
973.24,11979,2598
974.53,11886,2580
975.82,11786,2558
977.11,11656,2531
978.40,11540,2505
979.69,11424,2482
980.98,11278,2451
982.27,11086,2410
983.55,10935,2377
984.84,10762,2344
986.13,10601,2309
987.42,10413,2270
988.71,10208,2226
990.00,10030,2189
991.29,9814,2143
992.58,9551,2089
993.87,9357,2048
995.16,9107,1997
996.45,8882,1949
997.73,8611,1894
999.02,8379,1846
1000.31,8129,1793
1001.60,7845,1734
1002.89,7591,1681
1004.18,7316,1626
1005.47,7050,1570
1006.76,6760,1509
1008.05,6427,1441
1009.34,6197,1392
1010.63,5918,1336
1011.91,5647,1280
1013.20,5349,1217
1014.49,5120,1170
1015.78,4821,1109
1017.07,4566,1056
1018.36,4298,1000
1019.65,4043,947
1020.94,3759,888
1022.23,3551,845
1023.52,3297,795
1024.80,3069,747
1026.09,2853,702
1027.38,2621,653
1028.67,2416,612
1029.96,2196,567
1031.25,1980,522
1032.54,1791,484
1033.83,1634,451
1035.12,1442,411
1036.41,1282,378
1037.70,1145,350
1038.98,1003,322
1040.27,885,297
1041.56,754,269
1042.85,644,248
1044.14,555,230
1045.43,488,215
1046.72,416,201
1048.01,365,191
1049.30,329,183
1050.59,300,177
1051.88,283,173
1053.16,278,173
1054.45,287,174
1055.74,306,178
1057.03,338,185
1058.32,374,192
1059.61,434,205
1060.90,489,215
1062.19,564,231
1063.48,649,249
1064.77,762,272
1066.05,864,292
1067.34,970,314
1068.63,1110,344
1069.92,1268,376
1071.21,1387,401
1072.50,1567,438
1073.79,1725,469
1075.08,1921,510
1076.37,2079,543
1077.66,2305,588
1078.95,2520,633
1080.23,2710,672
switching colors
1081.52,5064,278
1082.81,5519,302
1084.10,5893,324
1085.39,6328,347
1086.68,6774,372
1087.97,7289,400
1089.26,7715,424
1090.55,8244,452
1091.84,8680,477
1093.13,9146,502
1094.41,9623,529
1095.70,10183,560
1096.99,10641,585
1098.28,11102,610
1099.57,11685,642
1100.86,12187,670
1102.15,12677,697
1103.44,13157,723
1104.73,13692,754
1106.02,14204,781
1107.30,14717,811
1108.59,15205,837
1109.88,15735,867
1111.17,16235,895
1112.46,16692,921
1113.75,17180,949
1115.04,17604,972
1116.33,18021,995
1117.62,18457,1020
1118.91,18844,1043
1120.20,19198,1061
1121.48,19629,1085
1122.77,19983,1106
1124.06,20290,1122
1125.35,20655,1143
1126.64,20941,1159
1127.93,21211,1174
1129.22,21474,1189
1130.51,21720,1203
1131.80,21953,1215
1133.09,22123,1226
1134.38,22326,1236
1135.66,22452,1244
1136.95,22604,1252
1138.24,22716,1258
1139.53,22788,1262
1140.82,22872,1266
1142.11,22893,1269
1143.40,22910,1269
1144.69,22905,1268
1145.98,22854,1266
1147.27,22794,1262
1148.55,22681,1255
1149.84,22601,1251
1151.13,22455,1243
1152.42,22320,1235
1153.71,22141,1224
1155.00,21957,1214
1156.29,21752,1202
1157.58,21512,1189
1158.87,21249,1175
1160.16,20954,1158
1161.45,20648,1141
1162.73,20331,1123
1164.02,20026,1106
1165.31,19677,1087
1166.60,19371,1069
1167.89,18946,1047
1169.18,18604,1025
1170.47,18131,1000
1171.76,17794,980
1173.05,17370,957
1174.34,16879,930
1175.63,16463,906
1176.91,16049,883
1178.20,15566,856
1179.49,15113,831
1180.78,14581,803
1182.07,14129,778
1183.36,13550,745
1184.65,13054,717
1185.94,12590,692
1187.23,12082,664
1188.52,11552,634
1189.80,11119,610
1191.09,10610,582
1192.38,10138,556
1193.67,9590,525
1194.96,9134,501
1196.25,8644,474
1197.54,8167,447
1198.83,7653,419
1200.12,7230,395
1201.41,6753,369
1202.70,6296,344
1203.98,5857,320
1205.27,5393,294
1206.56,4983,272
1207.85,4607,252
1209.14,4187,229
1210.43,3831,209
1211.72,3439,188
1213.01,3040,166
1214.30,2716,148
1215.59,2405,131
1216.88,2091,114
1218.16,1770,97
1219.45,1492,82
1220.74,1281,70
1222.03,1073,59
1223.32,855,48
1224.61,663,37
1225.90,517,29
1227.19,376,22
1228.48,290,17
1229.77,200,12
1231.05,145,9
1232.34,107,7
1233.63,98,7
1234.92,109,7
1236.21,146,9
1237.50,202,12
1238.79,282,16
1240.08,396,22
1241.37,530,30
1242.66,690,38
1243.95,868,48
1245.23,1058,58
1246.52,1278,70
1247.81,1517,83
1249.10,1818,99
1250.39,2091,114
1251.68,2392,131
1252.97,2746,150
1254.26,3126,171
1255.55,3483,191
1256.84,3835,210
1258.13,4246,232
1259.41,4660,255
1260.70,5066,277
1261.99,5491,301
1263.28,5959,327
1264.57,6385,350
1265.86,6836,375
1267.15,7364,403
1268.44,7754,426
1269.73,8191,450
1271.02,8682,476
1272.30,9143,502
1273.59,9605,528
1274.88,10125,557
1276.17,10663,586
1277.46,11141,614
1278.75,11684,644
1280.04,12102,668
1281.33,12604,695
1282.62,13089,721
1283.91,13544,746
1285.20,14072,775
1286.48,14545,803
1287.77,14988,827
1289.06,15496,856
1290.35,15954,883
1291.64,16383,905
1292.93,16806,930
1294.22,17248,955
1295.51,17619,975
1296.80,17989,996
1298.09,18401,1020
1299.38,18778,1040
1300.66,19170,1062
1301.95,19534,1084
1303.24,19843,1100
1304.53,20160,1119
1305.82,20433,1134
1307.11,20767,1153
1308.40,20999,1166
1309.69,21251,1180
1310.98,21522,1196
1312.27,21758,1208
1313.55,21924,1217
1314.84,22042,1224
1316.13,22213,1234
1317.42,22399,1244
1318.71,22496,1249
1320.00,22550,1252
1321.29,22622,1256
1322.58,22625,1256
1323.87,22640,1256
1325.16,22593,1255
1326.45,22617,1255
1327.73,22555,1253
1329.02,22412,1244
1330.31,22356,1240
1331.60,22226,1234
1332.89,22025,1221
1334.18,21876,1213
1335.47,21686,1203
1336.76,21471,1190
1338.05,21202,1175
1339.34,20978,1162
1340.63,20676,1145
1341.91,20335,1126
1343.20,20072,1112
1344.49,19737,1092
1345.78,19368,1072
1347.07,18926,1048
1348.36,18571,1026
1349.65,18188,1004
1350.94,17742,980
1352.23,17318,956
1353.52,16858,929
1354.80,16391,904
1356.09,15952,879
1357.38,15419,850
1358.67,14941,823
1359.96,14352,790
1361.25,13910,766
1362.54,13452,740
1363.83,12940,712
1365.12,12375,680
1366.41,11977,658
1367.70,11450,629
1368.98,10964,602
1370.27,10463,574
1371.56,9941,546
1372.85,9441,519
1374.14,8983,492
1375.43,8570,470
1376.72,8087,443
1378.01,7571,415
1379.30,7165,392
1380.59,6715,368
1381.88,6258,343
1383.16,5783,316
1384.45,5385,295
1385.74,4994,274
1387.03,4567,250
1388.32,4235,232
1389.61,3770,206
1390.90,3411,187
1392.19,3126,171
1393.48,2790,153
1394.77,2436,134
1396.05,2137,117
1397.34,1877,103
1398.63,1637,89
1399.92,1373,76
1401.21,1161,64
1402.50,991,55
1403.79,798,44
1405.08,620,35
1406.37,493,28
1407.66,369,21
1408.95,274,16
1410.23,203,12
1411.52,150,9
1412.81,112,7
1414.10,99,6
1415.39,110,7
1416.68,138,8
1417.97,198,11
1419.26,275,16
1420.55,376,21
1421.84,484,27
1423.13,630,35
1424.41,818,45
1425.70,1010,56
1426.99,1217,67
1428.28,1466,80
1429.57,1749,95
1430.86,2044,112
1432.15,2333,128
1433.44,2662,146
1434.73,3000,164
1436.02,3348,183
1437.30,3706,203
1438.59,4077,223
1439.88,4535,248
1441.17,4936,271
1442.46,5413,296
1443.75,5828,319
1445.04,6257,343
1446.33,6806,373
1447.62,7241,396
1448.91,7692,422
1450.20,8200,449
1451.48,8731,479
1452.77,9230,507
1454.06,9719,534
1455.35,10282,565
1456.64,10780,592
1457.93,11327,623
1459.22,11857,652
1460.51,12356,680
1461.80,12923,712
1463.09,13404,737
1464.38,13966,769
1465.66,14517,800
1466.95,14979,825
1468.24,15460,853
1469.53,15969,880
1470.82,16406,906
1472.11,16847,930
1473.40,17265,952
1474.69,17759,981
1475.98,18140,1001
1477.27,18567,1026
1478.55,18910,1045
1479.84,19262,1065
1481.13,19621,1084
1482.42,19953,1105
1483.71,20266,1121
1485.00,20560,1137
1486.29,20864,1156
1487.58,21138,1172
1488.87,21412,1185
1490.16,21626,1198
1491.45,21854,1210
1492.73,22046,1220
1494.02,22192,1228
1495.31,22349,1237
1496.60,22490,1245
1497.89,22615,1253
1499.18,22688,1257
1500.47,22771,1262
1501.76,22816,1265
1503.05,22842,1265
1504.34,22850,1265
1505.63,22839,1265
1506.91,22791,1262
1508.20,22712,1258
1509.49,22632,1253
1510.78,22541,1247
1512.07,22394,1240
1513.36,22271,1232
1514.65,22106,1222
1515.94,21944,1214
1517.23,21724,1201
1518.52,21497,1188
1519.80,21247,1173
1521.09,20981,1159
1522.38,20664,1141
1523.67,20343,1124
1524.96,20020,1107
1526.25,19684,1087
1527.54,19320,1067
1528.83,18882,1042
1530.12,18513,1022
1531.41,18079,997
1532.70,17650,974
1533.98,17166,946
1535.27,16685,919
1536.56,16235,894
1537.85,15797,870
1539.14,15280,842
1540.43,14781,813
1541.72,14291,785
1543.01,13793,757
1544.30,13233,727
1545.59,12708,699
1546.88,12207,669
1548.16,11674,641
1549.45,11119,609
1550.74,10668,585
1552.03,10189,559
1553.32,9628,528
1554.61,9089,498
1555.90,8654,473
1557.19,8125,444
1558.48,7552,413
1559.77,7066,387
1561.05,6642,362
1562.34,6114,334
1563.63,5713,313
1564.92,5240,286
1566.21,4760,261
1567.50,4357,238
1568.79,3976,218
1570.08,3545,194
1571.37,3158,173
1572.66,2836,155
1573.95,2516,138
1575.23,2207,121
1576.52,1906,105
1577.81,1654,91
1579.10,1396,76
1580.39,1150,63
1581.68,968,54
1582.97,785,44
1584.26,605,34
1585.55,488,28
1586.84,361,21
1588.13,272,16
1589.41,197,12
1590.70,145,9
1591.99,109,7
1593.28,98,6
1594.57,108,6
1595.86,139,8
1597.15,191,11
1598.44,261,15
1599.73,361,20
1601.02,486,27
1602.30,636,36
1603.59,781,43
1604.88,982,54
1606.17,1189,65
1607.46,1423,78
1608.75,1625,89
1610.04,1936,106
1611.33,2220,121
1612.62,2490,136
1613.91,2800,153
1615.20,3113,171
1616.48,3488,191
1617.77,3811,208
1619.06,4236,231
1620.35,4586,250
1621.64,5003,273
1622.93,5376,294
1624.22,5797,318
1625.51,6253,343
1626.80,6732,368
1628.09,7185,394
1629.38,7676,421
1630.66,8158,447
1631.95,8663,475
1633.24,9122,500
1634.53,9608,528
1635.82,10139,558
1637.11,10700,589
1638.40,11215,618
1639.69,11773,648
1640.98,12268,675
1642.27,12823,707
1643.55,13280,732
1644.84,13783,760
1646.13,14299,789
1647.42,14771,816
1648.71,15240,842
1650.00,15727,869
1651.29,16212,896
1652.58,16702,923
1653.87,17131,947
1655.16,17563,972
1656.45,17935,991
1657.73,18384,1018
1659.02,18768,1039
1660.31,19123,1060
1661.60,19503,1081
1662.89,19877,1101
1664.18,20182,1119
1665.47,20526,1139
1666.76,20817,1155
1668.05,21112,1170
1669.34,21335,1185
1670.63,21568,1196
1671.91,21808,1210
1673.20,21942,1219
1674.49,22151,1230
1675.78,22319,1239
1677.07,22435,1245
1678.36,22512,1250
1679.65,22572,1253
1680.94,22562,1254
1682.23,22615,1255
1683.52,22570,1253
1684.80,22575,1254
1686.09,22570,1252
1687.38,22495,1249
1688.67,22383,1242
1689.96,22265,1237
1691.25,22168,1230
1692.54,21980,1218
1693.83,21806,1209
1695.12,21643,1200
1696.41,21468,1189
1697.70,21220,1175
1698.98,20975,1161
1700.27,20726,1147
1701.56,20380,1128
1702.85,20107,1113
1704.14,19761,1093
1705.43,19418,1074
1706.72,19098,1056
1708.01,18711,1035
1709.30,18337,1013
1710.59,17889,987
1711.88,17508,967
1713.16,17087,942
1714.45,16650,918
1715.74,16205,893
1717.03,15774,868
1718.32,15339,845
1719.61,14901,820
1720.90,14377,791
1722.19,13957,767
1723.48,13444,740
1724.77,12945,713
1726.05,12515,687
1727.34,12078,664
1728.63,11543,634
1729.92,11068,608
1731.21,10597,582
1732.50,10071,552
1733.79,9536,523
1735.08,9033,495
1736.37,8532,468
1737.66,8053,441
1738.95,7581,416
1740.23,7128,390
1741.52,6620,362
1742.81,6143,336
1744.10,5662,310
1745.39,5269,288
1746.68,4832,264
1747.97,4386,240
1749.26,4006,220
1750.55,3601,197
1751.84,3245,177
1753.13,2924,160
1754.41,2579,141
1755.70,2250,124
1756.99,1966,108
1758.28,1675,92
1759.57,1418,78
1760.86,1170,64
1762.15,1007,55
1763.44,803,45
1764.73,631,35
1766.02,493,27
1767.30,369,21
1768.59,268,16
1769.88,187,11
1771.17,131,8
1772.46,105,7
1773.75,99,6
1775.04,117,7
1776.33,169,10
1777.62,235,14
1778.91,332,19
1780.20,437,25
1781.48,591,32
1782.77,757,42
1784.06,925,51
1785.35,1140,63
1786.64,1370,75
1787.93,1591,87
1789.22,1876,103
1790.51,2149,117
1791.80,2462,135
1793.09,2792,153
1794.38,3118,170
1795.66,3457,189
1796.95,3818,209
1798.24,4134,226
1799.53,4521,247
1800.82,4920,270
1802.11,5341,293
1803.40,5753,315
1804.69,6211,340
1805.98,6663,365
1807.27,7129,391
1808.55,7580,416
1809.84,8046,442
1811.13,8520,467
1812.42,9057,497
1813.71,9537,522
1815.00,9985,548
1816.29,10519,578
1817.58,11085,609
1818.87,11545,635
1820.16,12092,664
1821.45,12539,689
1822.73,13080,719
1824.02,13501,744
1825.31,13967,769
1826.60,14487,798
1827.89,14949,823
1829.18,15428,850
1830.47,15895,877
1831.76,16339,901
1833.05,16749,925
1834.34,17232,951
1835.63,17606,972
1836.91,18024,995
1838.20,18482,1021
1839.49,18834,1041
1840.78,19242,1063
1842.07,19595,1083
1843.36,19941,1102
1844.65,20254,1121
1845.94,20613,1140
1847.23,20875,1156
1848.52,21165,1172
1849.80,21449,1188
1851.09,21682,1201
1852.38,21913,1213
1853.67,22115,1226
1854.96,22279,1234
1856.25,22373,1239
1857.54,22529,1248
1858.83,22645,1253
1860.12,22697,1257
1861.41,22801,1263
1862.70,22794,1263
1863.98,22836,1265
1865.27,22839,1265
1866.56,22782,1261
1867.85,22722,1258
1869.14,22632,1252
1870.43,22542,1248
1871.72,22382,1238
1873.01,22250,1231
1874.30,22068,1220
1875.59,21863,1208
1876.88,21654,1196
1878.16,21398,1183
1879.45,21108,1166
1880.74,20854,1153
1882.03,20507,1131
1883.32,20176,1115
1884.61,19796,1094
1885.90,19432,1073
1887.19,19057,1050
1888.48,18653,1029
1889.77,18225,1005
1891.05,17798,981
1892.34,17337,956
1893.63,16942,933
1894.92,16502,909
1896.21,16065,883
1897.50,15575,857
1898.79,15074,828
1900.08,14556,799
1901.37,14107,775
1902.66,13678,752
1903.95,13197,724
1905.23,12642,693
1906.52,12195,669
1907.81,11723,643
1909.10,11184,614
1910.39,10684,586
1911.68,10241,562
1912.97,9731,533
1914.26,9211,505
1915.55,8738,478
1916.84,8284,454
1918.13,7768,425
1919.41,7282,398
1920.70,6812,373
1921.99,6332,346
1923.28,5891,322
1924.57,5458,298
1925.86,5045,275
1927.15,4652,255
1928.44,4276,233
1929.73,3900,213
1931.02,3532,193
1932.30,3150,172
1933.59,2852,156
1934.88,2522,138
1936.17,2224,122
1937.46,1949,107
1938.75,1689,92
1940.04,1445,79
1941.33,1227,68
1942.62,1028,57
1943.91,829,46
1945.20,630,35
1946.48,499,28
1947.77,377,22
1949.06,282,16
1950.35,199,12
1951.64,144,9
1952.93,107,7
1954.22,98,6
1955.51,112,7
1956.80,159,10
1958.09,221,13
1959.38,306,18
1960.66,422,24
1961.95,565,31
1963.24,711,39
1964.53,873,48
1965.82,1076,60
1967.11,1308,72
1968.40,1548,84
1969.69,1840,101
1970.98,2137,117
1972.27,2435,132
1973.55,2730,150
1974.84,3083,168
1976.13,3436,188
1977.42,3855,211
1978.71,4260,233
1980.00,4646,254
1981.29,5138,281
1982.58,5601,307
1983.87,5979,328
1985.16,6454,353
1986.45,6936,379
1987.73,7398,406
1989.02,7899,433
1990.31,8484,466
1991.60,8958,491
1992.89,9459,520
1994.18,10008,550
1995.47,10473,576
1996.76,11011,606
1998.05,11560,636
1999.34,12040,664
2000.63,12523,690
2001.91,13011,717
2003.20,13528,746
2004.49,13972,771
2005.78,14551,803
2007.07,14944,825
2008.36,15415,851
2009.65,15826,875
2010.94,16234,898
2012.23,16683,923
2013.52,17124,949
2014.80,17602,974
2016.09,17918,992
2017.38,18308,1013
2018.67,18699,1036
2019.96,19039,1055
2021.25,19404,1075
2022.54,19738,1094
2023.83,20088,1114
2025.12,20369,1129
2026.41,20680,1148
2027.70,20956,1162
2028.98,21237,1178
2030.27,21447,1190
2031.56,21640,1202
2032.85,21864,1214
2034.14,21988,1221
2035.43,22163,1229
2036.72,22308,1239
2038.01,22426,1245
2039.30,22512,1250
2040.59,22559,1252
2041.88,22563,1251
2043.16,22613,1255
2044.45,22596,1253
2045.74,22562,1252
2047.03,22583,1254
2048.32,22522,1250
2049.61,22407,1244
2050.90,22304,1237
2052.19,22174,1230
2053.48,21976,1219
2054.77,21785,1208
2056.05,21629,1199
2057.34,21440,1188
2058.63,21205,1176
2059.92,20942,1159
2061.21,20641,1143
2062.50,20290,1124
2063.79,19948,1104
2065.08,19607,1085
2066.37,19239,1064
2067.66,18853,1042
2068.95,18503,1023
2070.23,18098,999
2071.52,17698,978
2072.81,17242,951
2074.10,16771,926
2075.39,16331,901
2076.68,15821,872
2077.97,15348,845
2079.26,14934,823
2080.55,14373,791
2081.84,13969,769
2083.12,13456,740
2084.41,12933,710
2085.70,12361,680
2086.99,11911,655
2088.28,11375,624
2089.57,10889,597
2090.86,10374,569
2092.15,9851,541
2093.44,9323,511
2094.73,8806,483
2096.02,8260,453
2097.30,7798,427
2098.59,7298,399
2099.88,6803,371
2101.17,6347,347
2102.46,5859,321
2103.75,5396,296
2105.04,5028,274
2106.33,4566,250
2107.62,4209,231
2108.91,3808,209
2110.20,3475,190
2111.48,3124,171
2112.77,2814,154
2114.06,2495,137
2115.35,2218,122
2116.64,1924,106
2117.93,1677,91
2119.22,1450,79
2120.51,1215,67
2121.80,1001,55
2123.09,836,46
2124.37,664,37
2125.66,511,29
2126.95,401,23
2128.24,300,18
2129.53,217,13
2130.82,156,10
2132.11,112,7
2133.40,99,7
2134.69,107,6
2135.98,132,8
2137.27,184,11
2138.55,271,15
2139.84,350,20
2141.13,450,25
2142.42,588,33
2143.71,749,42
2145.00,917,51
2146.29,1122,62
2147.58,1348,74
2148.87,1559,86
2150.16,1811,99
2151.45,2088,114
2152.73,2372,130
2154.02,2676,146
2155.31,3058,167
2156.60,3388,185
2157.89,3756,206
2159.18,4119,225
2160.47,4528,247
switching colors
2161.76,2325,48
2163.05,2547,53
2164.34,2753,57
2165.62,2961,61
2166.91,3204,66
2168.20,3429,70
2169.49,3680,75
2170.78,3905,80
2172.07,4154,85
2173.36,4399,90
2174.65,4617,95
2175.94,4871,100
2177.23,5112,105
2178.52,5393,110
2179.80,5641,115
2181.09,5869,120
2182.38,6127,125
2183.67,6362,130
2184.96,6595,135
2186.25,6828,139
2187.54,7047,144
2188.83,7265,148
2190.12,7486,154
2191.41,7728,157
2192.70,7945,163
2193.98,8162,167
2195.27,8359,171
2196.56,8562,175
2197.85,8748,179
2199.14,8937,183
2200.43,9121,187
2201.72,9278,190
2203.01,9457,194
2204.30,9619,196
2205.59,9750,200
2206.87,9878,202
2208.16,10016,205
2209.45,10139,208
2210.74,10232,209
2212.03,10311,211
2213.32,10401,213
2214.61,10479,215
2215.90,10534,216
2217.19,10582,217
2218.48,10622,218
2219.77,10655,219
2221.05,10679,219
2222.34,10686,219
2223.63,10687,219
2224.92,10682,219
2226.21,10655,219
2227.50,10617,217
2228.79,10587,217
2230.08,10540,217
2231.37,10476,215
2232.66,10405,213
2233.95,10336,212
2235.23,10232,209
2236.52,10145,208
2237.81,10030,206
2239.10,9907,202
2240.39,9771,200
2241.68,9643,198
2242.97,9506,195
2244.26,9337,191
2245.55,9205,188
2246.84,9032,185
2248.12,8875,182
2249.41,8681,177
2250.70,8475,174
2251.99,8314,170
2253.28,8117,166
2254.57,7919,162
2255.86,7697,158
2257.15,7507,153
2258.44,7296,149
2259.73,7074,144
2261.02,6828,140
2262.30,6598,135
2263.59,6381,131
2264.88,6138,125
2266.17,5898,121
2267.46,5672,116
2268.75,5417,111
2270.04,5181,106
2271.33,4903,101
2272.62,4683,96
2273.91,4425,91
2275.20,4166,85
2276.48,3931,80
2277.77,3692,75
2279.06,3474,71
2280.35,3248,66
2281.64,3044,63
2282.93,2828,58
2284.22,2604,54
2285.51,2402,49
2286.80,2200,45
2288.09,2005,41
2289.37,1824,37
2290.66,1646,34
2291.95,1471,30
2293.24,1318,27
2294.53,1181,24
2295.82,1024,21
2297.11,879,19
2298.40,745,16
2299.69,633,13
2300.98,526,11
2302.27,429,9
2303.55,345,8
2304.84,269,6
2306.13,204,4
2307.42,152,4
2308.71,106,3
2310.00,74,2
2311.29,54,1
2312.58,46,1
2313.87,50,1
2315.16,63,2
2316.45,84,1
2317.73,119,3
2319.02,163,4
2320.31,223,5
2321.60,292,7
2322.89,366,8
2324.18,444,9
2325.47,520,11
2326.76,629,14
2328.05,731,15
2329.34,843,17
2330.62,973,20
2331.91,1120,23
2333.20,1269,26
2334.49,1406,29
2335.78,1559,32
2337.07,1731,36
2338.36,1924,39
2339.65,2081,42
2340.94,2289,47
2342.23,2481,50
2343.52,2675,55
2344.80,2893,59
2346.09,3124,64
2347.38,3316,68
2348.67,3562,73
2349.96,3774,77
2351.25,3978,81
2352.54,4179,86
2353.83,4409,90
2355.12,4668,96
2356.41,4881,100
2357.70,5124,104
2358.98,5335,109
2360.27,5551,113
2361.56,5785,119
2362.85,6029,124
2364.14,6242,128
2365.43,6460,133
2366.72,6705,137
2368.01,6933,142
2369.30,7168,147
2370.59,7381,151
2371.87,7589,155
2373.16,7809,160
2374.45,8024,165
2375.74,8226,169
2377.03,8439,173
2378.32,8631,177
2379.61,8834,181
2380.90,9025,185
2382.19,9185,188
2383.48,9352,192
2384.77,9512,195
2386.05,9672,198
2387.34,9797,201
2388.63,9926,203
2389.92,10055,205
2391.21,10164,208
2392.50,10272,211
2393.79,10328,212
2395.08,10441,214
2396.37,10512,215
2397.66,10578,217
2398.95,10616,218
2400.23,10642,218
2401.52,10670,219
2402.81,10694,219
2404.10,10681,219
2405.39,10677,219
2406.68,10662,219
2407.97,10621,218
2409.26,10585,217
2410.55,10526,215
2411.84,10462,215
2413.12,10391,213
2414.41,10285,210
2415.70,10191,209
2416.99,10085,207
2418.28,9969,204
2419.57,9845,201
2420.86,9681,199
2422.15,9553,196
2423.44,9412,193
2424.73,9236,189
2426.02,9052,185
2427.30,8897,182
2428.59,8720,179
2429.88,8531,175
2431.17,8364,171
2432.46,8156,167
2433.75,7943,163
2435.04,7755,158
2436.33,7539,154
2437.62,7318,150
2438.91,7107,145
2440.20,6893,141
2441.48,6656,136
2442.77,6450,132
2444.06,6214,127
2445.35,5991,123
2446.64,5755,118
2447.93,5482,112
2449.22,5277,108
2450.51,5038,103
2451.80,4783,97
2453.09,4569,94
2454.37,4326,88
2455.66,4095,84
2456.95,3886,79
2458.24,3684,75
2459.53,3469,71
2460.82,3218,66
2462.11,3007,61
2463.40,2770,57
2464.69,2578,53
2465.98,2421,50
2467.27,2184,45
2468.55,2049,42
2469.84,1856,38
2471.13,1697,35
2472.42,1509,31
2473.71,1365,28
2475.00,1212,25
2476.29,1062,22
2477.58,933,20
2478.87,796,16
2480.16,679,14
2481.45,563,12
2482.73,459,10
2484.02,374,8
2485.31,285,6
2486.60,220,5
2487.89,164,4
2489.18,122,3
2490.47,86,2
2491.76,61,1
2493.05,49,2
2494.34,48,2
2495.62,58,1
2496.91,80,2
2498.20,117,3
2499.49,162,4
2500.78,211,4
2502.07,271,6
2503.36,362,8
2504.65,436,9
2505.94,526,11
2507.23,642,13
2508.52,786,17
2509.80,896,18
2511.09,1025,21
2512.38,1191,25
2513.67,1344,28
2514.96,1498,31
2516.25,1670,34
2517.54,1863,37
2518.83,2053,42
2520.12,2260,46
2521.41,2472,50
2522.70,2679,55
2523.98,2908,59
2525.27,3103,63
2526.56,3334,68
2527.85,3550,72
2529.14,3775,77
2530.43,4031,82
2531.72,4274,87
2533.01,4477,91
2534.30,4712,96
2535.59,4932,101
2536.87,5166,105
2538.16,5391,111
2539.45,5629,115
2540.74,5846,120
2542.03,6072,124
2543.32,6326,129
2544.61,6575,134
2545.90,6770,139
2547.19,7000,143
2548.48,7215,147
2549.77,7437,152
2551.05,7649,156
2552.34,7857,161
2553.63,8073,165
2554.92,8282,169
2556.21,8507,174
2557.50,8680,177
2558.79,8851,181
2560.08,9025,185
2561.37,9184,188
2562.66,9332,191
2563.95,9477,194
2565.23,9646,197
2566.52,9766,200
2567.81,9894,202
2569.10,10025,205
2570.39,10134,207
2571.68,10240,209
2572.97,10313,211
2574.26,10396,213
2575.55,10473,215
2576.84,10533,216
2578.12,10586,217
2579.41,10627,218
2580.70,10668,218
2581.99,10695,219
2583.28,10701,219
2584.57,10701,220
2585.86,10690,219
2587.15,10664,218
2588.44,10631,218
2589.73,10589,217
2591.02,10534,216
2592.30,10457,214
2593.59,10393,213
2594.88,10306,211
2596.17,10193,209
2597.46,10094,207
2598.75,9976,204
2600.04,9846,201
2601.33,9697,198
2602.62,9544,195
2603.91,9382,192
2605.20,9229,189
2606.48,9070,186
2607.77,8894,182
2609.06,8697,178
2610.35,8511,174
2611.64,8306,169
2612.93,8100,166
2614.22,7888,161
2615.51,7665,157
2616.80,7407,152
2618.09,7193,147
2619.37,6980,142
2620.66,6730,138
2621.95,6496,133
2623.24,6261,128
2624.53,6023,123
2625.82,5751,117
2627.11,5475,112
2628.40,5259,108
2629.69,4998,102
2630.98,4768,98
2632.27,4527,92
2633.55,4292,88
2634.84,4068,83
2636.13,3843,79
2637.42,3599,74
2638.71,3392,69
2640.00,3176,65
2641.29,2975,61
2642.58,2769,57
2643.87,2583,53
2645.16,2395,49
2646.45,2207,45
2647.73,2018,42
2649.02,1820,37
2650.31,1645,34
2651.60,1501,31
2652.89,1346,28
2654.18,1208,25
2655.47,1063,22
2656.76,924,18
2658.05,793,17
2659.34,685,15
2660.62,585,12
2661.91,474,10
2663.20,380,8
2664.49,309,7
2665.78,245,5
2667.07,179,3
2668.36,139,3
2669.65,105,3
2670.94,74,2
2672.23,55,2
2673.52,47,2
2674.80,49,1
2676.09,61,2
2677.38,80,2
2678.67,112,3
2679.96,154,4
2681.25,207,5
2682.54,263,6
2683.83,341,7
2685.12,428,9
2686.41,515,11
2687.70,619,13
2688.98,727,15
2690.27,851,17
2691.56,991,21
2692.85,1137,23
2694.14,1306,27
2695.43,1446,30
2696.72,1619,33
2698.01,1817,37
2699.30,2020,41
2700.59,2193,45
2701.87,2412,49
2703.16,2587,52
2704.45,2808,58
2705.74,3024,62
2707.03,3238,66
2708.32,3465,70
2709.61,3749,77
2710.90,3953,81
2712.19,4153,85
2713.48,4384,90
2714.77,4637,95
2716.05,4879,100
2717.34,5099,105
2718.63,5365,110
2719.92,5647,116
2721.21,5857,120
2722.50,6116,125
2723.79,6332,129
2725.08,6580,134
2726.37,6802,139
2727.66,7058,144
2728.95,7274,149
2730.23,7499,153
2731.52,7764,159
2732.81,7983,164
2734.10,8172,167
2735.39,8360,171
2736.68,8548,175
2737.97,8759,179
2739.26,8913,183
2740.55,9096,187
2741.84,9269,189
2743.12,9420,193
2744.41,9572,197
2745.70,9741,199
2746.99,9845,202
2748.28,9950,204
2749.57,10071,207
2750.86,10180,208
2752.15,10276,211
2753.44,10338,212
2754.73,10445,215
2756.02,10526,216
2757.30,10587,217
2758.59,10618,218
2759.88,10637,218
2761.17,10675,219
2762.46,10706,220
2763.75,10694,219
2765.04,10676,218
2766.33,10679,219
2767.62,10652,218
2768.91,10602,217
2770.20,10566,217
2771.48,10508,215
2772.77,10445,214
2774.06,10382,213
2775.35,10291,212
2776.64,10199,209
2777.93,10087,207
2779.22,9968,204
2780.51,9854,202
2781.80,9697,199
2783.09,9594,197
2784.37,9444,193
2785.66,9281,190
2786.95,9092,186
2788.24,8932,182
2789.53,8773,180
2790.82,8568,175
2792.11,8380,171
2793.40,8186,167
2794.69,7975,164
2795.98,7759,159
2797.27,7523,154
2798.55,7300,149
2799.84,7071,145
2801.13,6818,139
2802.42,6592,135
2803.71,6323,129
2805.00,6102,125
2806.29,5866,120
2807.58,5615,115
2808.87,5377,109
2810.16,5144,105
2811.45,4893,100
2812.73,4626,95
2814.02,4380,90
2815.31,4110,84
2816.60,3920,80
2817.89,3701,76
2819.18,3459,71
2820.47,3245,66
2821.76,3032,62
2823.05,2765,56
2824.34,2592,53
2825.62,2387,49
2826.91,2172,45
2828.20,1999,41
2829.49,1810,37
2830.78,1595,33
2832.07,1441,30
2833.36,1286,27
2834.65,1121,23
2835.94,968,20
2837.23,848,18
2838.52,718,15
2839.80,613,13
2841.09,510,11
2842.38,403,9
2843.67,324,7
2844.96,255,6
2846.25,193,4
2847.54,138,3
2848.83,100,2
2850.12,74,2
2851.41,56,2
2852.70,48,2
2853.98,50,1
2855.27,59,2
2856.56,80,2
2857.85,111,3
2859.14,156,4
2860.43,207,5
2861.72,269,6
2863.01,341,7
2864.30,423,9
2865.59,506,11
2866.87,604,13
2868.16,718,15
2869.45,851,18
2870.74,973,20
2872.03,1108,23
2873.32,1271,26
2874.61,1433,29
2875.90,1577,33
2877.19,1732,36
2878.48,1918,39
2879.77,2084,42
2881.05,2289,47
2882.34,2462,51
2883.63,2673,54
2884.92,2888,59
2886.21,3093,63
2887.50,3296,67
2888.79,3510,71
2890.08,3734,76
2891.37,3955,81
2892.66,4214,86
2893.95,4424,90
2895.23,4677,95
2896.52,4912,100
2897.81,5149,105
2899.10,5391,110
2900.39,5654,115
2901.68,5860,120
2902.97,6108,125
2904.26,6359,130
2905.55,6617,135
2906.84,6859,140
2908.12,7107,145
2909.41,7358,150
2910.70,7574,155
2911.99,7793,159
2913.28,8007,164
2914.57,8217,168
2915.86,8430,172
2917.15,8635,176
2918.44,8826,180
2919.73,8992,184
2921.02,9187,188
2922.30,9347,191
2923.59,9481,194
2924.88,9632,197
2926.17,9780,201
2927.46,9900,202
2928.75,10020,205
2930.04,10149,208
2931.33,10256,210
2932.62,10348,212
2933.91,10431,214
2935.20,10500,215
2936.48,10561,216
2937.77,10611,217
2939.06,10653,218
2940.35,10680,219
2941.64,10700,219
2942.93,10704,219
2944.22,10702,219
2945.51,10684,219
2946.80,10651,218
2948.09,10610,217
2949.37,10566,216
2950.66,10509,215
2951.95,10432,214
2953.24,10360,212
2954.53,10270,210
2955.82,10165,208
2957.11,10045,206
2958.40,9951,204
2959.69,9817,201
2960.98,9693,199
2962.27,9540,195
2963.55,9399,192
2964.84,9249,190
2966.13,9084,186
2967.42,8910,182
2968.71,8745,179
2970.00,8549,175
2971.29,8379,170
2972.58,8168,167
2973.87,7977,163
2975.16,7758,159
2976.45,7554,154
2977.73,7325,150
2979.02,7078,144
2980.31,6870,140
2981.60,6650,136
2982.89,6404,131
2984.18,6189,127
2985.47,5973,122
2986.76,5740,117
2988.05,5467,112
2989.34,5274,108
2990.62,5016,102
2991.91,4796,98
2993.20,4570,93
2994.49,4357,89
2995.78,4130,84
2997.07,3893,80
2998.36,3669,75
2999.65,3458,71
3000.94,3216,66
3002.23,3005,61
3003.52,2773,57
3004.80,2594,53
3006.09,2391,49
3007.38,2195,45
3008.67,1990,41
3009.96,1817,37
3011.25,1635,33
3012.54,1448,30
3013.83,1289,27
3015.12,1131,24
3016.41,1005,21
3017.70,852,18
3018.98,733,15
3020.27,627,13
3021.56,523,11
3022.85,423,9
3024.14,328,7
3025.43,260,5
3026.72,198,4
3028.01,146,3
3029.30,108,3
3030.59,72,2
3031.87,56,2
3033.16,47,1
3034.45,49,2
3035.74,62,2
3037.03,87,2
3038.32,123,3
3039.61,169,4
3040.90,230,5
3042.19,301,6
3043.48,378,8
3044.77,470,10
3046.05,564,12
3047.34,673,14
3048.63,814,16
3049.92,957,20
3051.21,1082,22
3052.50,1233,25
3053.79,1396,29
3055.08,1545,31
3056.37,1703,35
3057.66,1898,39
3058.95,2070,43
3060.23,2273,47
3061.52,2483,50
3062.81,2663,54
3064.10,2849,58
3065.39,3064,62
3066.68,3271,67
3067.97,3469,71
3069.26,3701,76
3070.55,3929,81
3071.84,4160,85
3073.12,4384,90
3074.41,4597,94
3075.70,4838,99
3076.99,5047,103
3078.28,5288,108
3079.57,5526,114
3080.86,5771,118
3082.15,6003,123
3083.44,6225,128
3084.73,6480,132
3086.02,6718,138
3087.30,6910,142
3088.59,7133,146
3089.88,7346,150
3091.17,7558,155
3092.46,7764,159
3093.75,7970,163
3095.04,8172,168
3096.33,8358,171
3097.62,8553,176
3098.91,8719,179
3100.20,8893,182
3101.48,9063,186
3102.77,9230,189
3104.06,9386,192
3105.35,9534,196
3106.64,9724,200
3107.93,9829,201
3109.22,9945,203
3110.51,10065,206
3111.80,10194,209
3113.09,10289,211
3114.37,10348,213
3115.66,10459,215
3116.95,10541,217
3118.24,10597,217
3119.53,10636,218
3120.82,10671,219
3122.11,10682,219
3123.40,10705,219
3124.69,10694,219
3125.98,10689,219
3127.27,10671,219
3128.55,10618,217
3129.84,10587,217
3131.13,10527,216
3132.42,10452,213
3133.71,10398,212
3135.00,10302,211
3136.29,10212,209
3137.58,10092,207
3138.87,9980,204
3140.16,9856,202
3141.45,9683,199
3142.73,9538,195
3144.02,9401,192
3145.31,9228,189
3146.60,9042,186
3147.89,8862,182
3149.18,8680,177
3150.47,8468,174
3151.76,8259,168
3153.05,8050,165
3154.34,7843,161
3155.62,7613,156
3156.91,7383,151
3158.20,7135,146
3159.49,6940,142
3160.78,6703,137
3162.07,6474,132
3163.36,6216,127
3164.65,5990,122
3165.94,5781,118
3167.23,5509,113
3168.52,5290,108
3169.80,5071,104
3171.09,4859,99
3172.38,4603,93
3173.67,4380,89
3174.96,4181,85
3176.25,3932,81
3177.54,3701,75
3178.83,3501,72
3180.12,3301,68
3181.41,3077,63
3182.70,2852,58
3183.98,2648,54
3185.27,2460,51
3186.56,2254,46
3187.85,2080,43
3189.14,1878,39
3190.43,1695,35
3191.72,1540,31
3193.01,1386,28
3194.30,1235,26
3195.59,1085,22
3196.87,952,20
3198.16,838,18
3199.45,719,15
3200.74,608,13
3202.03,513,11
3203.32,411,9
3204.61,327,7
3205.90,264,6
3207.19,207,5
3208.48,157,4
3209.77,113,3
3211.05,83,2
3212.34,58,2
3213.63,47,1
3214.92,48,2
3216.21,59,2
3217.50,86,3
3218.79,116,3
3220.08,165,4
3221.37,217,5
3222.66,282,6
3223.95,368,7
3225.23,458,9
3226.52,566,12
3227.81,662,14
3229.10,797,16
3230.39,926,19
3231.68,1043,22
3232.97,1214,25
3234.26,1371,28
3235.55,1530,32
3236.84,1716,35
3238.12,1894,39
3239.41,2087,43
3240.70,2264,46

