
1.29,3372,787
2.58,3116,739
3.87,2924,700
5.16,2703,655
6.45,2477,607
7.73,2303,572
9.02,2109,533
10.31,1922,495
11.60,1737,457
12.89,1558,420
14.18,1414,391
15.47,1249,357
16.76,1111,328
18.05,963,299
19.34,855,276
20.62,751,254
21.91,642,231
23.20,546,212
24.49,474,197
25.78,405,183
27.07,348,171
28.36,301,162
29.65,274,157
30.94,253,151
32.23,245,151
33.52,249,151
34.80,260,154
36.09,284,158
37.38,322,166
38.67,367,176
39.96,429,188
41.25,478,198
42.54,558,215
43.83,650,233
45.12,740,252
46.41,841,272
47.70,937,292
48.98,1067,319
50.27,1201,347
51.56,1347,376
52.85,1493,407
54.14,1658,440
55.43,1815,474
56.72,1964,504
58.01,2150,542
59.30,2354,584
60.59,2524,619
61.88,2750,666
63.16,2955,707
64.45,3177,753
65.74,3376,795
67.03,3576,836
68.32,3813,884
69.61,4066,936
70.90,4256,975
72.19,4523,1031
73.48,4738,1075
74.77,4962,1121
76.05,5203,1171
77.34,5430,1218
78.63,5642,1261
79.92,5889,1313
81.21,6113,1358
82.50,6367,1411
83.79,6581,1456
85.08,6860,1513
86.37,7069,1556
87.66,7311,1606
88.95,7541,1654
90.23,7769,1701
91.52,7973,1744
92.81,8166,1784
94.10,8393,1832
95.39,8613,1877
96.68,8809,1918
97.97,9019,1963
99.26,9216,2002
100.55,9389,2038
101.84,9552,2072
103.12,9706,2105
104.41,9876,2140
105.70,10008,2169
106.99,10147,2196
108.28,10275,2223
109.57,10395,2246
110.86,10509,2272
112.15,10600,2292
113.44,10678,2306
114.73,10775,2326
116.02,10831,2337
117.30,10883,2348
118.59,10924,2358
119.88,10950,2363
121.17,10989,2372
122.46,10977,2368
123.75,10975,2369
125.04,10965,2365
126.33,10947,2361
127.62,10914,2354
128.91,10855,2344
130.20,10775,2326
131.48,10700,2310
132.77,10605,2290
134.06,10523,2275
135.35,10430,2253
136.64,10336,2236
137.93,10186,2204
139.22,10041,2172
140.51,9908,2145
141.80,9771,2116
143.09,9626,2085
144.38,9454,2050
145.66,9292,2017
146.95,9102,1979
148.24,8956,1948
149.53,8807,1916
150.82,8611,1875
152.11,8414,1836
153.40,8201,1791
154.69,8001,1750
155.98,7789,1706
157.27,7552,1656
158.55,7365,1617
159.84,7125,1569
161.13,6905,1521
162.42,6679,1476
163.71,6444,1428
165.00,6213,1379
166.29,5958,1327
167.58,5712,1275
168.87,5455,1223
170.16,5190,1168
171.45,5002,1130
172.73,4760,1079
174.02,4531,1032
175.31,4308,984
176.60,4087,940
177.89,3853,891
179.18,3632,847
180.47,3409,800
181.76,3215,760
183.05,3020,721
184.34,2841,684
185.63,2635,641
186.91,2440,602
188.20,2262,565
189.49,2086,527
190.78,1878,485
192.07,1697,448
193.36,1537,415
194.65,1381,384
195.94,1267,360
197.23,1128,331
198.52,984,302
199.80,856,276
201.09,751,254
202.38,652,234
203.67,546,212
204.96,465,195
206.25,407,183
207.54,346,171
208.83,306,163
210.12,276,157
211.41,255,153
212.70,244,151
213.98,247,151
215.27,260,153
216.56,288,159
217.85,325,167
219.14,372,176
220.43,432,189
221.72,497,202
223.01,577,218
224.30,679,239
225.59,781,260
226.88,888,283
228.16,1006,306
229.45,1151,336
230.74,1287,364
232.03,1431,394
233.32,1600,427
234.61,1801,468
235.90,1974,506
237.19,2157,542
238.48,2378,589
239.77,2592,633
241.05,2782,672
242.34,3007,718
243.63,3225,763
244.92,3449,808
246.21,3670,854
247.50,3898,902
248.79,4163,956
250.08,4420,1009
251.37,4641,1055
252.66,4875,1103
253.95,5092,1148
255.23,5294,1189
256.52,5532,1239
257.81,5758,1285
259.10,5978,1331
260.39,6240,1385
261.68,6503,1442
262.97,6707,1483
264.26,6916,1526
265.55,7190,1582
266.84,7388,1624
268.13,7580,1664
269.41,7811,1712
270.70,8055,1762
271.99,8280,1809
273.28,8474,1850
274.57,8680,1892
275.86,8887,1935
277.15,9077,1973
278.44,9261,2011
279.73,9448,2050
281.02,9595,2082
282.30,9766,2116
283.59,9939,2153
284.88,10103,2186
286.17,10255,2220
287.46,10364,2240
288.75,10474,2265
290.04,10606,2291
291.33,10698,2312
292.62,10811,2335
293.91,10878,2347
295.20,10959,2365
296.48,11043,2383
297.77,11117,2397
299.06,11170,2408
300.35,11200,2414
301.64,11225,2419
302.93,11245,2423
304.22,11250,2424
305.51,11206,2414
306.80,11146,2402
308.09,11149,2402
309.38,11108,2393
310.66,11050,2381
311.95,10936,2359
313.24,10911,2353
314.53,10834,2337
315.82,10727,2314
317.11,10633,2294
318.40,10511,2267
319.69,10342,2234
320.98,10174,2199
322.27,9992,2161
323.55,9780,2118
324.84,9635,2085
326.13,9478,2054
327.42,9234,2004
328.71,9022,1960
330.00,8837,1920
331.29,8591,1870
332.58,8422,1834
333.87,8214,1793
335.16,7986,1745
336.45,7751,1696
337.73,7525,1651
339.02,7304,1604
340.31,7033,1548
341.60,6764,1492
342.89,6516,1441
344.18,6290,1394
345.47,6020,1337
346.76,5777,1287
348.05,5534,1238
349.34,5286,1185
350.63,5045,1136
351.91,4783,1082
353.20,4519,1029
354.49,4309,984
355.78,4088,941
357.07,3831,887
358.36,3637,848
359.65,3461,811
360.94,3273,772
362.23,3053,726
363.52,2830,681
364.80,2643,643
366.09,2474,608
367.38,2251,562
368.67,2059,523
369.96,1915,494
371.25,1723,454
372.54,1574,424
373.83,1427,394
375.12,1289,366
376.41,1135,334
377.70,1020,310
378.98,892,284
380.27,782,261
381.56,685,242
382.85,599,223
384.14,519,207
385.43,448,193
386.72,395,182
388.01,345,171
389.30,299,162
390.59,275,157
391.88,254,153
393.16,246,151
394.45,248,152
395.74,261,154
397.03,281,158
398.32,312,165
399.61,352,173
400.90,408,184
402.19,475,198
403.48,546,213
404.77,639,232
406.05,727,250
407.34,828,270
408.63,942,294
409.92,1092,324
411.21,1207,349
412.50,1351,377
413.79,1529,414
415.08,1724,454
416.37,1916,493
417.66,2076,526
418.95,2262,565
420.23,2493,611
421.52,2660,646
422.81,2870,689
424.10,3100,737
425.39,3334,785
426.68,3554,830
427.97,3771,875
429.26,4005,923
430.55,4223,968
431.84,4470,1019
433.13,4703,1067
434.41,4947,1117
435.70,5199,1170
436.99,5449,1221
438.28,5687,1270
439.57,5932,1322
440.86,6201,1377
442.15,6450,1427
443.44,6689,1477
444.73,6948,1532
446.02,7227,1589
447.30,7453,1637
448.59,7686,1685
449.88,7919,1733
451.17,8154,1782
452.46,8349,1821
453.75,8565,1867
455.04,8770,1910
456.33,8972,1952
457.62,9141,1987
458.91,9320,2024
460.20,9496,2061
461.48,9645,2091
462.77,9829,2131
464.06,9946,2155
465.35,10080,2183
466.64,10199,2207
467.93,10317,2232
469.22,10432,2256
470.51,10528,2275
471.80,10638,2300
473.09,10720,2317
474.38,10784,2329
475.66,10845,2342
476.95,10911,2356
478.24,10945,2363
479.53,10971,2368
480.82,11001,2375
482.11,11026,2380
483.40,11015,2377
484.69,11000,2375
485.98,10991,2373
487.27,10969,2368
488.55,10928,2358
489.84,10875,2347
491.13,10819,2335
492.42,10743,2321
493.71,10663,2304
495.00,10570,2284
496.29,10486,2265
497.58,10386,2246
498.87,10272,2221
500.16,10137,2192
501.45,10008,2168
502.73,9844,2133
504.02,9721,2107
505.31,9564,2074
506.60,9372,2033
507.89,9165,1992
509.18,8967,1949
510.47,8779,1910
511.76,8578,1869
513.05,8383,1829
514.34,8171,1785
515.63,7908,1730
516.91,7648,1677
518.20,7432,1631
519.49,7163,1576
520.78,6935,1529
522.07,6685,1477
523.36,6463,1430
524.65,6214,1379
525.94,5987,1332
527.23,5754,1283
528.52,5477,1226
529.80,5239,1178
531.09,4996,1126
532.38,4743,1075
533.67,4470,1018
534.96,4273,978
536.25,4065,934
537.54,3798,880
538.83,3570,833
540.12,3358,790
541.41,3122,741
542.70,2906,696
543.98,2682,651
545.27,2501,613
546.56,2306,573
547.85,2098,530
549.14,1918,494
550.43,1735,456
551.72,1554,419
553.01,1403,388
554.30,1246,355
555.59,1100,325
556.88,992,303
558.16,877,279
559.45,752,254
560.74,659,235
562.03,573,217
563.32,499,202
564.61,423,186
565.90,373,177
567.19,330,167
568.48,292,160
569.77,265,155
571.05,251,151
572.34,244,150
573.63,246,151
574.92,259,153
576.21,281,157
577.50,316,165
578.79,357,173
580.08,411,184
581.37,478,198
582.66,548,213
583.95,620,228
585.23,718,248
586.52,816,268
587.81,925,290
589.10,1053,317
590.39,1203,348
591.68,1342,375
592.97,1490,406
594.26,1632,436
595.55,1807,472
596.84,1969,505
598.13,2141,539
599.41,2322,578
600.70,2530,621
601.99,2745,664
603.28,2936,703
604.57,3136,745
605.86,3372,794
607.15,3580,836
608.44,3799,882
609.73,4033,930
611.02,4284,982
612.30,4523,1031
613.59,4771,1081
614.88,5005,1130
616.17,5278,1187
617.46,5526,1239
618.75,5745,1284
620.04,6022,1341
621.33,6331,1404
622.62,6561,1451
623.91,6799,1501
625.20,7047,1553
626.48,7310,1607
627.77,7538,1653
629.06,7741,1696
630.35,7963,1743
631.64,8210,1792
632.93,8426,1837
634.22,8616,1878
635.51,8841,1924
636.80,9049,1969
638.09,9250,2008
639.38,9388,2037
640.66,9559,2073
641.95,9689,2101
643.24,9880,2140
644.53,10030,2172
645.82,10135,2194
647.11,10270,2221
648.40,10449,2259
649.69,10565,2282
650.98,10687,2307
652.27,10766,2324
653.55,10844,2340
654.84,10919,2355
656.13,10928,2360
657.42,10997,2373
658.71,11103,2395
660.00,11084,2391
661.29,11217,2415
662.58,11202,2414
663.87,11184,2410
665.16,11132,2400
666.45,11096,2392
667.73,11097,2391
669.02,11046,2381
670.31,10987,2369
671.60,10845,2339
672.89,10826,2335
674.18,10761,2321
675.47,10655,2300
676.76,10561,2281
678.05,10447,2257
679.34,10328,2232
680.63,10203,2207
681.91,10052,2176
683.20,9836,2131
684.49,9669,2096
685.78,9519,2065
687.07,9380,2036
688.36,9167,1992
689.65,8997,1956
690.94,8839,1923
692.23,8605,1875
693.52,8361,1823
694.80,8166,1783
696.09,7932,1734
697.38,7685,1684
698.67,7464,1638
699.96,7274,1598
701.25,7013,1544
702.54,6797,1501
703.83,6507,1441
705.12,6307,1399
706.41,6089,1353
707.70,5835,1301
708.98,5570,1246
710.27,5355,1203
711.56,5120,1154
712.85,4912,1110
714.14,4639,1055
715.43,4427,1010
716.72,4209,966
718.01,3960,915
719.30,3710,863
720.59,3520,823
721.88,3306,780
723.16,3056,728
724.45,2850,685
725.74,2641,642
727.03,2451,605
728.32,2233,559
729.61,2026,516
730.90,1845,479
732.19,1648,438
733.48,1486,406
734.77,1322,371
736.05,1179,343
737.34,1055,317
738.63,936,293
739.92,815,267
741.21,699,243
742.50,610,225
743.79,525,208
745.08,452,194
746.37,390,181
747.66,336,169
748.95,299,162
750.23,269,155
751.52,251,151
752.81,245,151
754.10,250,152
755.39,269,155
756.68,299,162
757.97,332,169
759.26,380,178
760.55,449,192
761.84,521,207
763.13,604,224
764.41,700,244
765.70,818,267
766.99,920,289
768.28,1054,316
769.57,1178,342
770.86,1336,374
772.15,1507,409
773.44,1644,437
774.73,1815,472
776.02,2023,516
777.30,2153,542
778.59,2350,583
779.88,2529,620
781.17,2736,663
782.46,2905,698
783.75,3101,738
785.04,3322,783
786.33,3549,830
787.62,3740,868
788.91,3989,922
790.20,4225,969
791.48,4450,1017
792.77,4682,1064
794.06,4958,1120
795.35,5166,1163
796.64,5413,1214
797.93,5623,1258
799.22,5845,1304
800.51,6099,1356
801.80,6375,1414
803.09,6609,1461
804.38,6800,1502
805.66,7057,1554
806.95,7285,1602
808.24,7514,1651
809.53,7703,1689
810.82,7908,1732
812.11,8179,1788
813.40,8357,1825
814.69,8541,1863
815.98,8743,1904
817.27,8967,1952
818.55,9102,1980
819.84,9284,2017
821.13,9451,2052
822.42,9638,2091
823.71,9772,2118
825.00,9910,2148
826.29,10045,2177
827.58,10184,2206
828.87,10289,2226
830.16,10399,2249
831.45,10506,2272
832.73,10603,2292
834.02,10702,2311
835.31,10762,2324
836.60,10827,2338
837.89,10870,2349
839.18,10905,2356
840.47,10932,2360
841.76,10968,2368
843.05,10957,2366
844.34,10950,2365
845.63,10928,2360
846.91,10900,2353
848.20,10859,2344
849.49,10817,2336
850.78,10744,2319
852.07,10669,2304
853.36,10585,2288
854.65,10505,2269
855.94,10402,2250
857.23,10303,2229
858.52,10173,2201
859.80,10024,2171
861.09,9878,2140
862.38,9739,2110
863.67,9548,2072
864.96,9384,2038
866.25,9204,1999
867.54,9008,1957
868.83,8803,1917
870.12,8616,1878
871.41,8397,1832
872.70,8165,1784
873.98,7933,1735
875.27,7736,1694
876.56,7507,1646
877.85,7305,1606
879.14,7072,1558
880.43,6829,1507
881.72,6606,1461
883.01,6346,1407
884.30,6151,1367
885.59,5867,1307
886.88,5659,1265
888.16,5494,1231
889.45,5230,1176
890.74,5034,1135
892.03,4800,1087
893.32,4584,1042
894.61,4306,985
895.90,4086,940
897.19,3900,902
898.48,3669,853
899.77,3456,810
901.05,3268,772
902.34,3020,720
903.63,2827,681
904.92,2626,638
906.21,2431,599
907.50,2238,559
908.79,2043,519
910.08,1848,480
911.37,1692,447
912.66,1534,415
913.95,1411,389
915.23,1278,363
916.52,1144,335
917.81,993,304
919.10,880,281
920.39,771,258
921.68,689,241
922.97,606,224
924.26,519,206
925.55,443,191
926.84,392,180
928.13,346,171
929.41,310,164
930.70,275,157
931.99,254,152
933.28,245,150
934.57,246,151
935.86,258,153
937.15,281,157
938.44,318,166
939.73,368,176
941.02,433,189
942.30,505,204
943.59,598,223
944.88,688,242
946.17,783,261
947.46,903,286
948.75,1019,309
950.04,1143,335
951.33,1319,371
952.62,1473,403
953.91,1626,434
955.20,1811,472
956.48,1988,508
957.77,2169,546
959.06,2356,584
960.35,2565,627
961.64,2755,667
962.93,2969,711
964.22,3190,755
965.51,3463,812
966.80,3698,861
968.09,3924,906
969.38,4172,959
970.66,4412,1008
971.95,4659,1059
973.24,4901,1109
974.53,5169,1164
975.82,5415,1214
977.11,5707,1274
978.40,5971,1331
979.69,6206,1378
980.98,6466,1431
982.27,6728,1486
983.55,6980,1539
984.84,7176,1578
986.13,7408,1629
987.42,7640,1675
988.71,7876,1724
990.00,8076,1765
991.29,8307,1815
992.58,8500,1854
993.87,8659,1887
995.16,8881,1934
996.45,9063,1970
997.73,9260,2013
999.02,9433,2048
1000.31,9587,2079
1001.60,9766,2119
1002.89,9936,2152
1004.18,10053,2176
1005.47,10202,2207
1006.76,10331,2234
1008.05,10471,2264
1009.34,10612,2292
1010.63,10706,2311
1011.91,10803,2330
1013.20,10895,2351
1014.49,10996,2372
1015.78,11049,2383
1017.07,11126,2397
1018.36,11196,2413
1019.65,11192,2413
1020.94,11231,2421
1022.23,11251,2424
1023.52,11270,2429
1024.80,11249,2424
1026.09,11232,2420
1027.38,11197,2414
1028.67,11169,2408
1029.96,11129,2399
1031.25,11027,2377
1032.54,10937,2359
1033.83,10899,2352
1035.12,10798,2329
1036.41,10704,2308
1037.70,10598,2288
1038.98,10467,2261
1040.27,10338,2234
1041.56,10159,2197
1042.85,9985,2161
1044.14,9834,2131
1045.43,9664,2094
1046.72,9486,2055
1048.01,9257,2009
1049.30,9090,1973
1050.59,8908,1937
1051.88,8689,1891
1053.16,8459,1843
1054.45,8250,1799
1055.74,8054,1759
1057.03,7820,1711
1058.32,7574,1660
1059.61,7332,1610
1060.90,7056,1553
1062.19,6823,1504
1063.48,6540,1447
1064.77,6322,1402
1066.05,6033,1341
1067.34,5797,1294
1068.63,5563,1245
1069.92,5320,1194
1071.21,5040,1136
1072.50,4793,1086
1073.79,4528,1031
1075.08,4312,986
1076.37,4063,935
1077.66,3811,882
1078.95,3586,837
1080.23,3346,788
switching colors
1081.52,5722,314
1082.81,5243,288
1084.10,4860,268
1085.39,4402,242
1086.68,4111,226
1087.97,3685,202
1089.26,3342,184
1090.55,3009,165
1091.84,2688,147
1093.13,2419,133
1094.41,2161,119
1095.70,1833,101
1096.99,1625,90
1098.28,1406,78
1099.57,1206,66
1100.86,998,56
1102.15,829,46
1103.44,673,37
1104.73,526,30
1106.02,389,22
1107.30,301,17
1108.59,225,13
1109.88,162,10
1111.17,121,8
1112.46,98,6
1113.75,97,6
1115.04,119,8
1116.33,165,10
1117.62,228,14
1118.91,320,18
1120.20,414,23
1121.48,544,31
1122.77,675,38
1124.06,837,46
1125.35,1022,57
1126.64,1211,67
1127.93,1420,78
1129.22,1698,94
1130.51,1929,106
1131.80,2218,122
1133.09,2489,137
1134.38,2765,152
1135.66,3127,172
1136.95,3414,187
1138.24,3737,205
1139.53,4168,229
1140.82,4511,247
1142.11,4938,271
1143.40,5296,292
1144.69,5698,312
1145.98,6109,336
1147.27,6583,362
1148.55,7049,387
1149.84,7514,414
1151.13,7966,439
1152.42,8479,467
1153.71,8932,492
1155.00,9434,520
1156.29,9906,546
1157.58,10382,572
1158.87,10841,597
1160.16,11299,623
1161.45,11760,648
1162.73,12247,677
1164.02,12729,704
1165.31,13174,728
1166.60,13669,755
1167.89,14082,778
1169.18,14456,801
1170.47,14884,824
1171.76,15311,848
1173.05,15711,871
1174.34,16007,887
1175.63,16437,910
1176.91,16848,934
1178.20,17210,953
1179.49,17604,976
1180.78,18047,1001
1182.07,18409,1021
1183.36,18862,1046
1184.65,19052,1058
1185.94,19333,1074
1187.23,19617,1090
1188.52,19833,1102
1189.80,20087,1116
1191.09,20265,1126
1192.38,20452,1137
1193.67,20579,1145
1194.96,20730,1152
1196.25,20851,1159
1197.54,20989,1168
1198.83,21076,1172
1200.12,21198,1178
1201.41,21299,1184
1202.70,21271,1184
1203.98,21289,1184
1205.27,21281,1183
1206.56,21213,1178
1207.85,21158,1176
1209.14,21045,1169
1210.43,20986,1166
1211.72,20822,1156
1213.01,20681,1148
1214.30,20506,1138
1215.59,20334,1129
1216.88,20182,1120
1218.16,19991,1109
1219.45,19707,1094
1220.74,19408,1076
1222.03,19110,1061
1223.32,18890,1047
1224.61,18502,1025
1225.90,18186,1008
1227.19,17885,990
1228.48,17473,967
1229.77,17114,947
1231.05,16760,928
1232.34,16453,911
1233.63,16021,886
1234.92,15519,858
1236.21,15122,837
1237.50,14697,812
1238.79,14311,791
1240.08,13875,765
1241.37,13443,742
1242.66,12919,713
1243.95,12458,687
1245.23,12028,664
1246.52,11537,636
1247.81,11037,608
1249.10,10513,580
1250.39,9935,547
1251.68,9579,526
1252.97,9069,499
1254.26,8447,464
1255.55,7927,435
1256.84,7471,411
1258.13,7045,387
1259.41,6542,359
1260.70,6064,332
1261.99,5700,313
1263.28,5289,290
1264.57,4840,266
1265.86,4456,244
1267.15,4100,225
1268.44,3735,205
1269.73,3347,184
1271.02,2965,163
1272.30,2629,144
1273.59,2357,130
1274.88,2097,115
1276.17,1809,100
1277.46,1561,86
1278.75,1338,74
1280.04,1108,62
1281.33,909,50
1282.62,737,41
1283.91,589,33
1285.20,436,25
1286.48,323,19
1287.77,238,14
1289.06,169,10
1290.35,121,7
1291.64,97,6
1292.93,97,6
1294.22,121,8
1295.51,165,10
1296.80,236,14
1298.09,320,18
1299.38,412,24
1300.66,552,31
1301.95,700,39
1303.24,860,48
1304.53,1066,59
1305.82,1254,69
1307.11,1474,81
1308.40,1721,95
1309.69,1956,108
1310.98,2220,122
1312.27,2515,138
1313.55,2825,155
1314.84,3104,171
1316.13,3401,187
1317.42,3779,207
1318.71,4159,228
1320.00,4500,246
1321.29,4930,271
1322.58,5320,292
1323.87,5669,311
1325.16,6181,339
1326.45,6607,363
1327.73,6980,384
1329.02,7441,410
1330.31,7934,436
1331.60,8391,462
1332.89,8893,489
1334.18,9310,513
1335.47,9766,538
1336.76,10226,563
1338.05,10687,588
1339.34,11212,618
1340.63,11664,644
1341.91,12138,670
1343.20,12603,695
1344.49,13041,720
1345.78,13488,745
1347.07,13924,769
1348.36,14407,796
1349.65,14848,820
1350.94,15264,843
1352.23,15711,868
1353.52,16163,893
1354.80,16522,914
1356.09,16956,938
1357.38,17309,959
1358.67,17681,979
1359.96,18052,1000
1361.25,18354,1016
1362.54,18719,1037
1363.83,19060,1057
1365.12,19328,1071
1366.41,19615,1087
1367.70,19886,1102
1368.98,20232,1121
1370.27,20367,1129
1371.56,20606,1141
1372.85,20803,1153
1374.14,20946,1161
1375.43,21006,1165
1376.72,21016,1167
1378.01,20952,1165
1379.30,21103,1173
1380.59,21005,1166
1381.88,21106,1174
1383.16,21202,1177
1384.45,21122,1173
1385.74,21061,1171
1387.03,20901,1162
1388.32,21052,1168
1389.61,20788,1155
1390.90,20695,1148
1392.19,20537,1140
1393.48,20407,1133
1394.77,20240,1123
1396.05,20036,1112
1397.34,19877,1101
1398.63,19651,1089
1399.92,19453,1077
1401.21,19210,1062
1402.50,18799,1039
1403.79,18494,1023
1405.08,18093,1001
1406.37,17711,980
1407.66,17372,960
1408.95,17040,941
1410.23,16615,916
1411.52,16249,897
1412.81,15852,875
1414.10,15401,850
1415.39,15015,828
1416.68,14631,807
1417.97,14218,783
1419.26,13798,760
1420.55,13297,732
1421.84,12901,711
1423.13,12430,686
1424.41,11972,660
1425.70,11490,632
1426.99,11118,612
1428.28,10604,584
1429.57,10183,560
1430.86,9698,534
1432.15,9200,505
1433.44,8784,483
1434.73,8225,452
1436.02,7777,427
1437.30,7330,402
1438.59,6946,381
1439.88,6547,359
1441.17,6111,336
1442.46,5735,315
1443.75,5273,290
1445.04,4917,269
1446.33,4533,249
1447.62,4128,227
1448.91,3800,208
1450.20,3432,188
1451.48,3140,172
1452.77,2840,156
1454.06,2534,139
1455.35,2234,123
1456.64,1964,108
1457.93,1642,91
1459.22,1407,78
1460.51,1223,68
1461.80,1009,56
1463.09,833,46
1464.38,682,38
1465.66,529,29
1466.95,384,22
1468.24,282,16
1469.53,208,12
1470.82,134,8
1472.11,101,7
1473.40,94,6
1474.69,108,7
1475.98,146,9
1477.27,205,12
1478.55,280,16
1479.84,394,23
1481.13,512,29
1482.42,659,36
1483.71,824,46
1485.00,1017,56
1486.29,1193,66
1487.58,1448,80
1488.87,1673,92
1490.16,1934,106
1491.45,2219,122
1492.73,2547,140
1494.02,2844,156
1495.31,3149,173
1496.60,3524,193
1497.89,3922,215
1499.18,4250,234
1500.47,4621,254
1501.76,5072,278
1503.05,5530,303
1504.34,5905,325
1505.63,6380,350
1506.91,6826,376
1508.20,7300,401
1509.49,7748,427
1510.78,8201,451
1512.07,8683,479
1513.36,9166,505
1514.65,9596,528
1515.94,10053,555
1517.23,10521,580
1518.52,11023,608
1519.80,11487,634
1521.09,11964,660
1522.38,12330,681
1523.67,12817,707
1524.96,13221,732
1526.25,13688,757
1527.54,14140,782
1528.83,14584,808
1530.12,14945,828
1531.41,15343,849
1532.70,15755,872
1533.98,16144,894
1535.27,16558,917
1536.56,16947,940
1537.85,17286,959
1539.14,17612,977
1540.43,17933,996
1541.72,18327,1017
1543.01,18619,1034
1544.30,18928,1051
1545.59,19189,1067
1546.88,19410,1080
1548.16,19641,1092
1549.45,19890,1105
1550.74,20100,1118
1552.03,20313,1129
1553.32,20466,1138
1554.61,20625,1147
1555.90,20748,1154
1557.19,20869,1161
1558.48,20948,1165
1559.77,21010,1169
1561.05,21035,1169
1562.34,21107,1174
1563.63,21073,1171
1564.92,21076,1172
1566.21,21063,1170
1567.50,20991,1166
1568.79,20936,1164
1570.08,20781,1155
1571.37,20615,1145
1572.66,20438,1136
1573.95,20263,1126
1575.23,20033,1114
1576.52,19850,1102
1577.81,19607,1088
1579.10,19440,1079
1580.39,19103,1060
1581.68,18801,1043
1582.97,18576,1029
1584.26,18208,1009
1585.55,17840,990
1586.84,17502,969
1588.13,17160,951
1589.41,16755,927
1590.70,16398,907
1591.99,15999,885
1593.28,15604,863
1594.57,15159,838
1595.86,14738,814
1597.15,14356,793
1598.44,13948,770
1599.73,13421,741
1601.02,12871,711
1602.30,12462,688
1603.59,12007,662
1604.88,11505,634
1606.17,10966,603
1607.46,10483,578
1608.75,10063,554
1610.04,9593,528
1611.33,9050,497
1612.62,8576,472
1613.91,8176,449
1615.20,7649,420
1616.48,7134,392
1617.77,6781,372
1619.06,6334,348
1620.35,5902,323
1621.64,5494,302
1622.93,5106,280
1624.22,4749,261
1625.51,4354,238
1626.80,4058,223
1628.09,3770,207
1629.38,3355,185
1630.66,3049,167
1631.95,2700,148
1633.24,2461,135
1634.53,2156,118
1635.82,1934,106
1637.11,1665,92
1638.40,1433,79
1639.69,1225,68
1640.98,1027,57
1642.27,840,46
1643.55,650,36
1644.84,530,30
1646.13,412,24
1647.42,298,17
1648.71,224,13
1650.00,162,10
1651.29,120,8
1652.58,96,6
1653.87,97,6
1655.16,113,7
1656.45,155,10
1657.73,213,12
1659.02,290,17
1660.31,408,23
1661.60,517,29
1662.89,650,36
1664.18,788,44
1665.47,977,54
1666.76,1149,63
1668.05,1363,75
1669.34,1612,88
1670.63,1891,104
1671.91,2170,119
1673.20,2480,136
1674.49,2773,152
1675.78,3105,170
1677.07,3432,188
1678.36,3901,214
1679.65,4232,232
1680.94,4653,255
1682.23,5118,281
1683.52,5599,307
1684.80,6011,330
1686.09,6420,352
1687.38,6876,378
1688.67,7314,402
1689.96,7783,427
1691.25,8275,454
1692.54,8728,480
1693.83,9235,508
1695.12,9706,533
1696.41,10158,559
1697.70,10591,583
1698.98,11089,611
1700.27,11528,635
1701.56,12049,664
1702.85,12584,694
1704.14,13018,719
1705.43,13413,741
1706.72,13925,769
1708.01,14474,799
1709.30,14879,822
1710.59,15266,844
1711.88,15771,871
1713.16,16266,899
1714.45,16676,924
1715.74,16976,941
1717.03,17449,966
1718.32,17894,991
1719.61,18208,1010
1720.90,18521,1026
1722.19,18880,1046
1723.48,19157,1062
1724.77,19420,1077
1726.05,19559,1086
1727.34,19920,1105
1728.63,20212,1120
1729.92,20405,1133
1731.21,20605,1143
1732.50,20725,1151
1733.79,20829,1158
1735.08,21043,1168
1736.37,21166,1176
1737.66,21272,1182
1738.95,21326,1185
1740.23,21457,1191
1741.52,21469,1192
1742.81,21516,1194
1744.10,21462,1191
1745.39,21426,1190
1746.68,21429,1189
1747.97,21231,1179
1749.26,21268,1179
1750.55,21094,1170
1751.84,20973,1164
1753.13,20770,1152
1754.41,20639,1144
1755.70,20439,1134
1756.99,20259,1123
1758.28,20037,1111
1759.57,19843,1100
1760.86,19506,1082
1762.15,19192,1064
1763.44,18937,1049
1764.73,18604,1031
1766.02,18259,1011
1767.30,17900,991
1768.59,17605,974
1769.88,17251,954
1771.17,16815,929
1772.46,16404,908
1773.75,15932,879
1775.04,15544,858
1776.33,15064,831
1777.62,14637,808
1778.91,14173,781
1780.20,13638,752
1781.48,13220,728
1782.77,12705,701
1784.06,12223,674
1785.35,11718,646
1786.64,11178,617
1787.93,10768,594
1789.22,10262,565
1790.51,9798,539
1791.80,9305,512
1793.09,8781,484
1794.38,8383,461
1795.66,7889,434
1796.95,7371,406
1798.24,6948,382
1799.53,6521,359
1800.82,6075,334
1802.11,5644,310
1803.40,5265,290
1804.69,4865,267
1805.98,4408,242
1807.27,4053,222
1808.55,3693,203
1809.84,3322,183
1811.13,2965,163
1812.42,2654,146
1813.71,2319,128
1815.00,2031,112
1816.29,1781,98
1817.58,1517,84
1818.87,1302,72
1820.16,1067,59
1821.45,885,49
1822.73,674,38
1824.02,546,31
1825.31,433,25
1826.60,324,19
1827.89,233,14
1829.18,166,10
1830.47,124,8
1831.76,99,6
1833.05,97,6
1834.34,114,8
1835.63,163,10
1836.91,210,12
1838.20,295,17
1839.49,388,22
1840.78,514,29
1842.07,619,35
1843.36,778,43
1844.65,968,54
1845.94,1150,63
1847.23,1352,74
1848.52,1591,87
1849.80,1864,102
1851.09,2080,114
1852.38,2362,130
1853.67,2677,147
1854.96,3035,167
1856.25,3321,182
1857.54,3695,203
1858.83,4123,226
1860.12,4448,244
1861.41,4746,261
1862.70,5185,284
1863.98,5603,308
1865.27,5975,329
1866.56,6441,354
1867.85,6812,375
1869.14,7271,400
1870.43,7720,425
1871.72,8141,448
1873.01,8606,474
1874.30,9055,498
1875.59,9512,524
1876.88,9943,549
1878.16,10400,574
1879.45,10903,602
1880.74,11400,629
1882.03,11810,653
1883.32,12280,678
1884.61,12770,707
1885.90,13201,730
1887.19,13630,754
1888.48,14060,779
1889.77,14543,805
1891.05,14937,827
1892.34,15372,851
1893.63,15820,877
1894.92,16248,901
1896.21,16596,921
1897.50,16957,941
1898.79,17335,961
1900.08,17627,980
1901.37,17981,998
1902.66,18285,1016
1903.95,18611,1034
1905.23,18888,1050
1906.52,19155,1065
1907.81,19398,1078
1909.10,19583,1088
1910.39,19812,1101
1911.68,19999,1111
1912.97,20181,1122
1914.26,20372,1133
1915.55,20510,1140
1916.84,20609,1146
1918.13,20718,1151
1919.41,20761,1155
1920.70,20868,1161
1921.99,20856,1160
1923.28,20870,1161
1924.57,20875,1160
1925.86,20815,1157
1927.15,20722,1151
1928.44,20655,1149
1929.73,20631,1147
1931.02,20521,1141
1932.30,20389,1133
1933.59,20217,1123
1934.88,20079,1116
1936.17,19956,1109
1937.46,19757,1097
1938.75,19505,1084
1940.04,19259,1068
1941.33,18898,1049
1942.62,18745,1040
1943.91,18399,1020
1945.20,18096,1004
1946.48,17753,983
1947.77,17370,962
1949.06,17081,946
1950.35,16643,921
1951.64,16353,905
1952.93,15968,884
1954.22,15567,861
1955.51,15107,836
1956.80,14600,807
1958.09,14264,787
1959.38,13847,764
1960.66,13369,739
1961.95,12892,711
1963.24,12407,684
1964.53,12013,662
1965.82,11510,634
1967.11,11040,608
1968.40,10568,583
1969.69,10138,559
1970.98,9673,532
1972.27,9182,505
1973.55,8804,483
1974.84,8320,458
1976.13,7851,432
1977.42,7429,409
1978.71,7019,386
1980.00,6604,362
1981.29,6156,339
1982.58,5717,314
1983.87,5299,291
1985.16,4880,268
1986.45,4462,245
1987.73,4128,226
1989.02,3780,207
1990.31,3336,183
1991.60,3037,167
1992.89,2696,148
1994.18,2368,130
1995.47,2094,115
1996.76,1795,98
1998.05,1519,84
1999.34,1268,69
2000.63,1055,59
2001.91,884,49
2003.20,701,39
2004.49,553,31
2005.78,434,25
2007.07,319,18
2008.36,225,13
2009.65,159,10
2010.94,120,8
2012.23,97,6
2013.52,98,6
2014.80,118,7
2016.09,161,10
2017.38,223,13
2018.67,308,18
2019.96,417,23
2021.25,560,32
2022.54,712,40
2023.83,895,50
2025.12,1096,60
2026.41,1308,72
2027.70,1536,84
2028.98,1819,100
2030.27,2093,115
2031.56,2380,130
2032.85,2723,149
2034.14,3092,170
2035.43,3402,186
2036.72,3752,206
2038.01,4153,228
2039.30,4585,251
2040.59,4929,270
2041.88,5300,291
2043.16,5794,318
2044.45,6223,341
2045.74,6630,364
2047.03,7083,389
2048.32,7495,412
2049.61,7935,437
2050.90,8309,456
2052.19,8818,485
2053.48,9200,507
2054.77,9634,530
2056.05,10142,559
2057.34,10626,586
2058.63,11119,614
2059.92,11570,638
2061.21,12046,665
2062.50,12442,687
2063.79,12859,710
2065.08,13479,746
2066.37,13857,765
2067.66,14290,791
2068.95,14752,815
2070.23,15193,840
2071.52,15552,861
2072.81,15925,882
2074.10,16388,907
2075.39,16765,929
2076.68,17118,948
2077.97,17491,970
2079.26,17907,993
2080.55,18205,1009
2081.84,18542,1028
2083.12,18854,1045
2084.41,19148,1062
2085.70,19425,1077
2086.99,19705,1093
2088.28,19942,1106
2089.57,20190,1120
2090.86,20370,1130
2092.15,20621,1143
2093.44,20766,1152
2094.73,20863,1158
2096.02,21056,1168
2097.30,21171,1174
2098.59,21343,1183
2099.88,21312,1182
2101.17,21418,1187
2102.46,21437,1188
2103.75,21468,1191
2105.04,21390,1186
2106.33,21173,1175
2107.62,21207,1177
2108.91,21226,1176
2110.20,20905,1161
2111.48,20755,1152
2112.77,20747,1150
2114.06,20598,1141
2115.35,20345,1127
2116.64,20026,1111
2117.93,19805,1097
2119.22,19474,1081
2120.51,19205,1066
2121.80,18841,1045
2123.09,18517,1027
2124.37,18187,1010
2125.66,17987,997
2126.95,17731,980
2128.24,17229,954
2129.53,16873,934
2130.82,16368,906
2132.11,15970,884
2133.40,15595,863
2134.69,15212,841
2135.98,14824,820
2137.27,14310,790
2138.55,13924,768
2139.84,13254,732
2141.13,12829,708
2142.42,12324,680
2143.71,11891,655
2145.00,11387,629
2146.29,10940,602
2147.58,10438,575
2148.87,9984,551
2150.16,9561,526
2151.45,9145,504
2152.73,8652,476
2154.02,8200,451
2155.31,7897,435
2156.60,7446,410
2157.89,6972,384
2159.18,6580,362
2160.47,6213,342
switching colors
2161.76,2702,55
2163.05,2479,51
2164.34,2319,48
2165.62,2144,44
2166.91,1942,40
2168.20,1805,37
2169.49,1636,34
2170.78,1474,31
2172.07,1336,28
2173.36,1159,24
2174.65,1046,22
2175.94,909,19
2177.23,791,16
2178.52,680,14
2179.80,583,13
2181.09,500,11
2182.38,410,9
2183.67,333,8
2184.96,256,6
2186.25,206,5
2187.54,151,4
2188.83,110,3
2190.12,83,2
2191.41,61,2
2192.70,49,2
2193.98,45,2
2195.27,51,1
2196.56,66,2
2197.85,93,2
2199.14,125,3
2200.43,169,4
2201.72,221,5
2203.01,283,6
2204.30,365,8
2205.59,444,10
2206.87,548,12
2208.16,644,14
2209.45,780,17
2210.74,913,19
2212.03,1055,22
2213.32,1173,24
2214.61,1335,28
2215.90,1512,30
2217.19,1654,34
2218.48,1824,37
2219.77,2018,42
2221.05,2185,45
2222.34,2379,49
2223.63,2566,53
2224.92,2765,57
2226.21,2962,61
2227.50,3167,65
2228.79,3369,69
2230.08,3560,73
2231.37,3804,77
2232.66,4035,82
2233.95,4246,87
2235.23,4457,91
2236.52,4688,97
2237.81,4902,99
2239.10,5147,105
2240.39,5398,110
2241.68,5631,114
2242.97,5845,120
2244.26,6095,125
2245.55,6362,130
2246.84,6544,135
2248.12,6741,138
2249.41,6918,141
2250.70,7119,146
2251.99,7262,149
2253.28,7509,154
2254.57,7629,156
2255.86,7835,160
2257.15,7975,164
2258.44,8123,167
2259.73,8279,170
2261.02,8450,173
2262.30,8573,176
2263.59,8681,178
2264.88,8817,181
2266.17,8944,183
2267.46,9069,187
2268.75,9149,188
2270.04,9238,190
2271.33,9356,192
2272.62,9407,193
2273.91,9472,194
2275.20,9546,196
2276.48,9601,197
2277.77,9650,198
2279.06,9675,199
2280.35,9699,199
2281.64,9742,200
2282.93,9729,199
2284.22,9733,200
2285.51,9718,200
2286.80,9698,199
2288.09,9667,199
2289.37,9620,197
2290.66,9581,196
2291.95,9511,195
2293.24,9447,194
2294.53,9378,192
2295.82,9299,190
2297.11,9218,189
2298.40,9115,187
2299.69,8994,185
2300.98,8889,182
2302.27,8713,179
2303.55,8590,176
2304.84,8451,174
2306.13,8295,169
2307.42,8112,166
2308.71,7945,163
2310.00,7758,160
2311.29,7581,155
2312.58,7373,151
2313.87,7186,148
2315.16,6981,143
2316.45,6765,139
2317.73,6568,135
2319.02,6376,130
2320.31,6167,126
2321.60,5937,121
2322.89,5740,118
2324.18,5514,113
2325.47,5303,108
2326.76,5075,104
2328.05,4846,99
2329.34,4627,95
2330.62,4422,90
2331.91,4202,86
2333.20,3945,81
2334.49,3759,77
2335.78,3575,73
2337.07,3334,68
2338.36,3103,64
2339.65,2919,60
2340.94,2722,56
2342.23,2514,52
2343.52,2326,48
2344.80,2134,44
2346.09,1951,39
2347.38,1784,37
2348.67,1602,33
2349.96,1438,30
2351.25,1263,26
2352.54,1140,24
2353.83,1013,21
2355.12,870,17
2356.41,769,16
2357.70,659,14
2358.98,559,12
2360.27,462,10
2361.56,376,8
2362.85,309,7
2364.14,234,5
2365.43,186,4
2366.72,142,4
2368.01,112,3
2369.30,79,2
2370.59,60,2
2371.87,47,1
2373.16,45,2
2374.45,52,2
2375.74,68,2
2377.03,91,3
2378.32,125,3
2379.61,174,4
2380.90,226,5
2382.19,279,6
2383.48,350,8
2384.77,433,9
2386.05,530,11
2387.34,630,13
2388.63,726,15
2389.92,845,18
2391.21,976,20
2392.50,1091,23
2393.79,1222,25
2395.08,1378,28
2396.37,1521,31
2397.66,1685,35
2398.95,1877,38
2400.23,2031,42
2401.52,2182,45
2402.81,2353,48
2404.10,2579,53
2405.39,2787,57
2406.68,2968,61
2407.97,3204,66
2409.26,3402,70
2410.55,3653,75
2411.84,3873,79
2413.12,4070,83
2414.41,4268,87
2415.70,4551,93
2416.99,4773,97
2418.28,5021,103
2419.57,5250,107
2420.86,5502,113
2422.15,5718,116
2423.44,5924,121
2424.73,6151,126
2426.02,6383,130
2427.30,6591,135
2428.59,6782,138
2429.88,7016,143
2431.17,7238,148
2432.46,7417,151
2433.75,7583,155
2435.04,7783,159
2436.33,7932,162
2437.62,8111,166
2438.91,8283,169
2440.20,8445,173
2441.48,8568,176
2442.77,8755,180
2444.06,8924,183
2445.35,9014,186
2446.64,9178,188
2447.93,9307,191
2449.22,9416,193
2450.51,9502,195
2451.80,9568,197
2453.09,9728,198
2454.37,9809,201
2455.66,9874,202
2456.95,9972,203
2458.24,9998,205
2459.53,10037,205
2460.82,10040,205
2462.11,10033,206
2463.40,10050,206
2464.69,10015,205
2465.98,9935,204
2467.27,9976,204
2468.55,9927,202
2469.84,9869,202
2471.13,9831,201
2472.42,9747,199
2473.71,9679,197
2475.00,9601,196
2476.29,9516,195
2477.58,9402,193
2478.87,9299,190
2480.16,9162,188
2481.45,9019,185
2482.73,8906,182
2484.02,8734,179
2485.31,8590,176
2486.60,8426,173
2487.89,8259,169
2489.18,8095,166
2490.47,7927,162
2491.76,7705,157
2493.05,7530,154
2494.34,7343,149
2495.62,7165,147
2496.91,6956,142
2498.20,6762,139
2499.49,6571,134
2500.78,6306,129
2502.07,6090,124
2503.36,5888,120
2504.65,5652,116
2505.94,5471,112
2507.23,5243,107
2508.52,5038,103
2509.80,4838,99
2511.09,4622,95
2512.38,4404,91
2513.67,4161,85
2514.96,3942,81
2516.25,3733,77
2517.54,3530,72
2518.83,3295,67
2520.12,3106,64
2521.41,2909,59
2522.70,2683,55
2523.98,2464,51
2525.27,2252,47
2526.56,2061,42
2527.85,1856,38
2529.14,1696,35
2530.43,1551,31
2531.72,1377,28
2533.01,1230,26
2534.30,1074,22
2535.59,942,20
2536.87,818,17
2538.16,701,15
2539.45,580,12
2540.74,494,11
2542.03,409,9
2543.32,327,7
2544.61,254,6
2545.90,197,5
2547.19,149,4
2548.48,106,2
2549.77,77,2
2551.05,55,2
2552.34,46,1
2553.63,46,2
2554.92,56,2
2556.21,81,3
2557.50,114,3
2558.79,155,4
2560.08,212,5
2561.37,276,6
2562.66,344,7
2563.95,428,9
2565.23,525,11
2566.52,628,13
2567.81,733,15
2569.10,840,18
2570.39,963,19
2571.68,1126,23
2572.97,1240,26
2574.26,1395,29
2575.55,1557,32
2576.84,1715,35
2578.12,1830,37
2579.41,2007,41
2580.70,2185,45
2581.99,2354,48
2583.28,2527,52
2584.57,2772,57
2585.86,2957,60
2587.15,3132,64
2588.44,3313,68
2589.73,3518,71
2591.02,3756,77
2592.30,3955,81
2593.59,4200,86
2594.88,4371,90
2596.17,4632,95
2597.46,4832,99
2598.75,5069,104
2600.04,5256,107
2601.33,5479,112
2602.62,5711,117
2603.91,5851,120
2605.20,6082,124
2606.48,6319,129
2607.77,6511,134
2609.06,6713,137
2610.35,6888,141
2611.64,7092,145
2612.93,7238,149
2614.22,7428,152
2615.51,7613,156
2616.80,7804,160
2618.09,7963,163
2619.37,8139,167
2620.66,8282,170
2621.95,8439,173
2623.24,8565,176
2624.53,8702,178
2625.82,8823,181
2627.11,8953,184
2628.40,9066,186
2629.69,9166,188
2630.98,9272,190
2632.27,9357,192
2633.55,9443,194
2634.84,9513,196
2636.13,9559,196
2637.42,9609,197
2638.71,9644,198
2640.00,9665,198
2641.29,9696,199
2642.58,9701,199
2643.87,9699,198
2645.16,9675,198
2646.45,9655,198
2647.73,9627,197
2649.02,9587,197
2650.31,9530,196
2651.60,9471,194
2652.89,9391,192
2654.18,9314,191
2655.47,9237,189
2656.76,9146,188
2658.05,9011,185
2659.34,8917,182
2660.62,8782,180
2661.91,8646,177
2663.20,8483,174
2664.49,8326,171
2665.78,8171,167
2667.07,7994,164
2668.36,7820,160
2669.65,7623,156
2670.94,7472,153
2672.23,7276,149
2673.52,7074,145
2674.80,6898,141
2676.09,6698,137
2677.38,6510,133
2678.67,6323,129
2679.96,6111,125
2681.25,5904,121
2682.54,5706,117
2683.83,5502,113
2685.12,5299,109
2686.41,5103,104
2687.70,4909,100
2688.98,4700,96
2690.27,4453,91
2691.56,4243,87
2692.85,4069,83
2694.14,3845,79
2695.43,3654,75
2696.72,3461,71
2698.01,3243,66
2699.30,3029,62
2700.59,2830,58
2701.87,2617,54
2703.16,2440,50
2704.45,2258,47
2705.74,2098,43
2707.03,1929,39
2708.32,1757,36
2709.61,1607,33
2710.90,1443,30
2712.19,1304,27
2713.48,1168,25
2714.77,1031,21
2716.05,903,18
2717.34,780,16
2718.63,694,15
2719.92,581,12
2721.21,498,11
2722.50,417,9
2723.79,328,7
2725.08,264,5
2726.37,205,5
2727.66,152,4
2728.95,115,2
2730.23,81,2
2731.52,62,2
2732.81,48,2
2734.10,45,2
2735.39,54,2
2736.68,72,2
2737.97,105,3
2739.26,148,3
2740.55,198,5
2741.84,258,6
2743.12,334,8
2744.41,413,9
2745.70,508,11
2746.99,596,13
2748.28,722,16
2749.57,843,18
2750.86,998,21
2752.15,1107,23
2753.44,1239,26
2754.73,1398,29
2756.02,1578,33
2757.30,1722,36
2758.59,1903,39
2759.88,2091,43
2761.17,2282,46
2762.46,2462,51
2763.75,2668,54
2765.04,2881,59
2766.33,3095,63
2767.62,3299,68
2768.91,3537,72
2770.20,3769,76
2771.48,4004,82
2772.77,4239,86
2774.06,4482,92
2775.35,4694,96
2776.64,4920,100
2777.93,5151,105
2779.22,5385,110
2780.51,5604,114
2781.80,5842,120
2783.09,6043,123
2784.37,6255,128
2785.66,6483,132
2786.95,6691,137
2788.24,6863,140
2789.53,7055,144
2790.82,7237,148
2792.11,7434,152
2793.40,7605,156
2794.69,7783,159
2795.98,7971,163
2797.27,8162,167
2798.55,8307,170
2799.84,8479,174
2801.13,8633,177
2802.42,8774,179
2803.71,8926,182
2805.00,9049,185
2806.29,9196,188
2807.58,9305,190
2808.87,9437,193
2810.16,9524,194
2811.45,9629,197
2812.73,9718,199
2814.02,9773,200
2815.31,9854,202
2816.60,9901,203
2817.89,9976,204
2819.18,10001,204
2820.47,10035,205
2821.76,10057,206
2823.05,10074,206
2824.34,10074,206
2825.62,10056,206
2826.91,10039,205
2828.20,9997,205
2829.49,9968,204
2830.78,9908,203
2832.07,9842,202
2833.36,9765,199
2834.65,9714,198
2835.94,9617,197
2837.23,9518,195
2838.52,9399,192
2839.80,9277,190
2841.09,9119,187
2842.38,8981,184
2843.67,8820,181
2844.96,8665,178
2846.25,8509,174
2847.54,8338,170
2848.83,8154,167
2850.12,7999,163
2851.41,7814,160
2852.70,7614,155
2853.98,7404,151
2855.27,7211,147
2856.56,6960,143
2857.85,6753,138
2859.14,6576,134
2860.43,6333,130
2861.72,6088,125
2863.01,5851,120
2864.30,5645,116
2865.59,5388,111
2866.87,5184,107
2868.16,4970,102
2869.45,4731,97
2870.74,4514,92
2872.03,4264,88
2873.32,4032,82
2874.61,3783,77
2875.90,3582,73
2877.19,3358,69
2878.48,3129,64
2879.77,2901,59
2881.05,2718,56
2882.34,2529,52
2883.63,2325,48
2884.92,2129,44
2886.21,1971,40
2887.50,1801,37
2888.79,1639,34
2890.08,1487,31
2891.37,1330,27
2892.66,1197,25
2893.95,1072,22
2895.23,942,19
2896.52,823,17
2897.81,710,15
2899.10,616,13
2900.39,516,11
2901.68,423,9
2902.97,339,8
2904.26,270,6
2905.55,206,5
2906.84,160,4
2908.12,117,3
2909.41,89,2
2910.70,62,2
2911.99,50,2
2913.28,45,1
2914.57,52,2
2915.86,65,2
2917.15,92,2
2918.44,123,3
2919.73,167,4
2921.02,216,5
2922.30,272,6
2923.59,351,8
2924.88,427,9
2926.17,528,11
2927.46,612,13
2928.75,706,15
2930.04,817,17
2931.33,947,20
2932.62,1075,23
2933.91,1204,25
2935.20,1351,28
2936.48,1509,31
2937.77,1670,34
2939.06,1829,38
2940.35,1990,41
2941.64,2177,44
2942.93,2400,49
2944.22,2557,52
2945.51,2760,57
2946.80,2994,61
2948.09,3197,66
2949.37,3429,70
2950.66,3679,75
2951.95,3869,80
2953.24,4086,83
2954.53,4311,88
2955.82,4527,93
2957.11,4733,97
2958.40,4960,101
2959.69,5185,106
2960.98,5393,110
2962.27,5626,115
2963.55,5832,120
2964.84,6039,124
2966.13,6242,128
2967.42,6462,132
2968.71,6611,135
2970.00,6800,139
2971.29,7010,144
2972.58,7211,148
2973.87,7384,151
2975.16,7591,156
2976.45,7844,160
2977.73,8005,164
2979.02,8184,168
2980.31,8341,171
2981.60,8499,175
2982.89,8650,178
2984.18,8787,180
2985.47,8918,183
2986.76,9024,185
2988.05,9149,188
2989.34,9240,190
2990.62,9315,191
2991.91,9392,193
2993.20,9483,194
2994.49,9553,196
2995.78,9598,197
2997.07,9641,198
2998.36,9675,199
2999.65,9695,199
3000.94,9717,200
3002.23,9725,200
3003.52,9732,199
3004.80,9716,200
3006.09,9700,199
3007.38,9671,199
3008.67,9629,197
3009.96,9587,197
3011.25,9523,196
3012.54,9463,194
3013.83,9399,193
3015.12,9315,191
3016.41,9228,190
3017.70,9125,187
3018.98,9005,184
3020.27,8894,183
3021.56,8779,180
3022.85,8633,177
3024.14,8494,175
3025.43,8375,172
3026.72,8231,169
3028.01,8071,166
3029.30,7889,162
3030.59,7732,158
3031.87,7553,155
3033.16,7365,151
3034.45,7188,147
3035.74,6999,144
3037.03,6839,140
3038.32,6624,136
3039.61,6425,131
3040.90,6223,128
3042.19,5978,122
3043.48,5778,119
3044.77,5564,114
3046.05,5335,109
3047.34,5115,105
3048.63,4894,100
3049.92,4643,95
3051.21,4414,90
3052.50,4202,86
3053.79,3929,80
3055.08,3713,76
3056.37,3491,72
3057.66,3284,67
3058.95,3090,64
3060.23,2879,59
3061.52,2694,55
3062.81,2499,51
3064.10,2300,47
3065.39,2102,43
3066.68,1928,40
3067.97,1760,36
3069.26,1595,33
3070.55,1447,30
3071.84,1283,27
3073.12,1144,23
3074.41,1005,21
3075.70,880,19
3076.99,766,16
3078.28,640,13
3079.57,532,11
3080.86,437,10
3082.15,357,8
3083.44,288,6
3084.73,219,5
3086.02,166,3
3087.30,113,3
3088.59,85,3
3089.88,61,2
3091.17,48,2
3092.46,45,1
3093.75,51,2
3095.04,68,2
3096.33,102,3
3097.62,129,3
3098.91,173,4
3100.20,224,5
3101.48,282,6
3102.77,367,8
3104.06,446,10
3105.35,518,11
3106.64,618,13
3107.93,709,15
3109.22,829,18
3110.51,927,19
3111.80,1087,22
3113.09,1216,26
3114.37,1335,27
3115.66,1500,31
3116.95,1654,34
3118.24,1806,37
3119.53,1969,41
3120.82,2167,44
3122.11,2348,48
3123.40,2524,52
3124.69,2730,56
3125.98,2953,61
3127.27,3162,65
3128.55,3342,68
3129.84,3554,73
3131.13,3748,77
3132.42,3960,81
3133.71,4162,85
3135.00,4400,89
3136.29,4612,94
3137.58,4865,100
3138.87,5051,103
3140.16,5287,108
3141.45,5476,112
3142.73,5728,117
3144.02,5925,122
3145.31,6140,126
3146.60,6379,131
3147.89,6610,135
3149.18,6810,139
3150.47,7028,144
3151.76,7255,148
3153.05,7465,153
3154.34,7631,156
3155.62,7836,160
3156.91,8028,164
3158.20,8229,168
3159.49,8399,172
3160.78,8573,176
3162.07,8722,178
3163.36,8875,181
3164.65,9008,185
3165.94,9148,187
3167.23,9261,190
3168.52,9396,192
3169.80,9478,194
3171.09,9583,196
3172.38,9654,197
3173.67,9689,199
3174.96,9771,200
3176.25,9830,201
3177.54,9816,201
3178.83,9905,203
3180.12,9842,203
3181.41,9899,203
3182.70,9993,204
3183.98,9999,204
3185.27,9960,205
3186.56,9883,202
3187.85,9907,203
3189.14,9848,201
3190.43,9764,200
3191.72,9668,199
3193.01,9651,198
3194.30,9587,196
3195.59,9539,195
3196.87,9437,193
3198.16,9323,190
3199.45,9197,188
3200.74,9039,185
3202.03,8872,182
3203.32,8749,178
3204.61,8583,175
3205.90,8415,171
3207.19,8236,168
3208.48,8040,164
3209.77,7894,162
3211.05,7713,158
3212.34,7564,155
3213.63,7366,150
3214.92,7171,147
3216.21,6969,142
3217.50,6723,137
3218.79,6561,134
3220.08,6342,130
3221.37,6156,126
3222.66,5938,121
3223.95,5721,117
3225.23,5522,113
3226.52,5303,108
3227.81,5075,104
3229.10,4868,100
3230.39,4643,94
3231.68,4412,90
3232.97,4189,85
3234.26,3987,82
3235.55,3753,77
3236.84,3570,73
3238.12,3358,69
3239.41,3170,65
3240.70,2962,60
