
1.29,8147,1727
2.58,7830,1667
3.87,7569,1614
5.16,7237,1546
6.45,6971,1492
7.73,6663,1428
9.02,6342,1363
10.31,6026,1299
11.60,5697,1230
12.89,5385,1167
14.18,5102,1109
15.47,4792,1045
16.76,4480,982
18.05,4156,915
19.34,3898,862
20.62,3652,811
21.91,3341,749
23.20,3035,686
24.49,2764,630
25.78,2497,576
27.07,2251,525
28.36,2012,477
29.65,1806,435
30.94,1610,394
32.23,1429,358
33.52,1227,316
34.80,1074,285
36.09,914,253
37.38,779,225
38.67,643,197
39.96,547,178
41.25,459,160
42.54,367,142
43.83,301,128
45.12,246,117
46.41,214,111
47.70,189,106
48.98,183,105
50.27,192,107
51.56,214,111
52.85,252,119
54.14,305,130
55.43,377,145
56.72,466,164
58.01,565,184
59.30,676,207
60.59,813,235
61.88,961,266
63.16,1103,295
64.45,1287,333
65.74,1466,370
67.03,1627,403
68.32,1840,446
69.61,2095,499
70.90,2274,536
72.19,2486,579
73.48,2779,640
74.77,2966,678
76.05,3204,728
77.34,3438,777
78.63,3720,835
79.92,3993,891
81.21,4288,952
82.50,4524,1000
83.79,4916,1082
85.08,5170,1134
86.37,5429,1188
87.66,5768,1258
88.95,6049,1314
90.23,6358,1380
91.52,6635,1436
92.81,7013,1515
94.10,7306,1575
95.39,7697,1657
96.68,7986,1716
97.97,8313,1783
99.26,8601,1842
100.55,8947,1914
101.84,9227,1973
103.12,9507,2030
104.41,9783,2088
105.70,10131,2161
106.99,10381,2212
108.28,10661,2270
109.57,10954,2331
110.86,11211,2386
112.15,11461,2437
113.44,11725,2490
114.73,11960,2539
116.02,12223,2593
117.30,12446,2641
118.59,12675,2688
119.88,12871,2727
121.17,13096,2774
122.46,13268,2810
123.75,13406,2839
125.04,13602,2880
126.33,13745,2907
127.62,13885,2937
128.91,14004,2961
130.20,14103,2981
131.48,14206,3002
132.77,14278,3020
134.06,14352,3032
135.35,14401,3042
136.64,14445,3053
137.93,14455,3054
139.22,14434,3050
140.51,14421,3047
141.80,14407,3042
143.09,14371,3034
144.38,14307,3020
145.66,14226,3005
146.95,14150,2988
148.24,14042,2966
149.53,13924,2939
150.82,13805,2916
152.11,13705,2893
153.40,13458,2841
154.69,13303,2808
155.98,13103,2767
157.27,12961,2738
158.55,12743,2692
159.84,12498,2642
161.13,12267,2593
162.42,12024,2543
163.71,11823,2501
165.00,11500,2433
166.29,11227,2376
167.58,10921,2312
168.87,10712,2268
170.16,10400,2203
171.45,10088,2138
172.73,9835,2086
174.02,9551,2027
175.31,9250,1964
176.60,8913,1896
177.89,8631,1838
179.18,8292,1767
180.47,8075,1722
181.76,7833,1672
183.05,7462,1595
184.34,7224,1547
185.63,6874,1474
186.91,6632,1425
188.20,6243,1345
189.49,5914,1276
190.78,5628,1217
192.07,5326,1156
193.36,5057,1101
194.65,4718,1031
195.94,4535,993
197.23,4205,925
198.52,3850,853
199.80,3645,811
201.09,3398,761
202.38,3098,700
203.67,2853,650
204.96,2611,599
206.25,2352,547
207.54,2193,515
208.83,1967,469
210.12,1752,425
211.41,1588,391
212.70,1369,347
213.98,1210,314
215.27,1082,288
216.56,942,259
217.85,807,232
219.14,681,206
220.43,554,180
221.72,475,163
223.01,392,147
224.30,312,131
225.59,269,122
226.88,225,113
228.16,199,108
229.45,185,105
230.74,187,106
232.03,207,110
233.32,247,119
234.61,299,129
235.90,359,142
237.19,463,163
238.48,557,182
239.77,670,206
241.05,794,231
242.34,930,259
243.63,1067,288
244.92,1243,323
246.21,1425,362
247.50,1607,398
248.79,1820,443
250.08,2024,485
251.37,2240,529
252.66,2460,575
253.95,2713,626
255.23,2950,675
256.52,3205,728
257.81,3500,789
259.10,3797,852
260.39,4087,912
261.68,4378,971
262.97,4698,1038
264.26,4996,1099
265.55,5317,1165
266.84,5658,1235
268.13,5962,1298
269.41,6321,1372
270.70,6671,1444
271.99,6999,1513
273.28,7317,1578
274.57,7641,1647
275.86,8007,1722
277.15,8338,1791
278.44,8570,1839
279.73,8887,1907
281.02,9224,1975
282.30,9533,2038
283.59,9819,2096
284.88,10131,2161
286.17,10402,2218
287.46,10651,2269
288.75,10905,2322
290.04,11180,2379
291.33,11456,2436
292.62,11651,2478
293.91,11954,2542
295.20,12161,2582
296.48,12397,2633
297.77,12638,2682
299.06,12807,2717
300.35,12979,2753
301.64,13237,2806
302.93,13390,2838
304.22,13547,2869
305.51,13700,2900
306.80,13857,2932
308.09,13999,2963
309.38,14043,2971
310.66,14144,2990
311.95,14229,3009
313.24,14315,3027
314.53,14341,3032
315.82,14396,3045
317.11,14463,3055
318.40,14450,3054
319.69,14459,3055
320.98,14433,3050
322.27,14380,3036
323.55,14323,3026
324.84,14280,3016
326.13,14202,2999
327.42,14096,2978
328.71,13998,2957
330.00,13879,2930
331.29,13721,2898
332.58,13569,2867
333.87,13421,2836
335.16,13263,2803
336.45,13087,2766
337.73,12862,2718
339.02,12634,2672
340.31,12424,2627
341.60,12158,2572
342.89,11959,2529
344.18,11713,2481
345.47,11480,2429
346.76,11235,2379
348.05,10998,2328
349.34,10758,2278
350.63,10465,2218
351.91,10147,2152
353.20,9838,2089
354.49,9548,2029
355.78,9252,1966
357.07,8926,1899
358.36,8613,1834
359.65,8328,1775
360.94,8018,1711
362.23,7699,1645
363.52,7343,1572
364.80,6988,1500
366.09,6683,1437
367.38,6340,1366
368.67,6009,1298
369.96,5704,1235
371.25,5415,1175
372.54,5070,1104
373.83,4770,1042
375.12,4491,985
376.41,4165,917
377.70,3883,861
378.98,3621,807
380.27,3379,758
381.56,3103,700
382.85,2844,647
384.14,2590,595
385.43,2383,553
386.72,2177,511
388.01,1951,465
389.30,1746,423
390.59,1553,383
391.88,1367,346
393.16,1236,319
394.45,1069,285
395.74,905,251
397.03,788,227
398.32,658,201
399.61,523,174
400.90,451,159
402.19,374,143
403.48,312,131
404.77,258,120
406.05,226,114
407.34,196,108
408.63,182,104
409.92,184,105
411.21,197,108
412.50,228,114
413.79,273,124
415.08,330,136
416.37,404,151
417.66,476,166
418.95,562,183
420.23,670,206
421.52,774,227
422.81,919,257
424.10,1064,287
425.39,1243,325
426.68,1413,359
427.97,1540,385
429.26,1757,430
430.55,1972,475
431.84,2225,526
433.13,2383,559
434.41,2636,610
435.70,2918,670
436.99,3146,716
438.28,3433,775
439.57,3710,832
440.86,4033,898
442.15,4304,956
443.44,4606,1018
444.73,4920,1082
446.02,5227,1145
447.30,5544,1212
448.59,5860,1278
449.88,6167,1342
451.17,6479,1406
452.46,6804,1473
453.75,7127,1539
455.04,7441,1604
456.33,7756,1670
457.62,8094,1740
458.91,8396,1802
460.20,8724,1870
461.48,9023,1932
462.77,9327,1995
464.06,9623,2058
465.35,9954,2126
466.64,10254,2188
467.93,10485,2236
469.22,10868,2315
470.51,11126,2368
471.80,11334,2413
473.09,11617,2470
474.38,11914,2532
475.66,12125,2577
476.95,12390,2632
478.24,12647,2685
479.53,12857,2728
480.82,13051,2768
482.11,13239,2809
483.40,13414,2842
484.69,13564,2876
485.98,13691,2902
487.27,13845,2933
488.55,13951,2955
489.84,14021,2970
491.13,14124,2991
492.42,14214,3009
493.71,14267,3020
495.00,14334,3032
496.29,14396,3045
497.58,14448,3054
498.87,14436,3051
500.16,14417,3047
501.45,14381,3039
502.73,14361,3036
504.02,14304,3021
505.31,14142,2989
506.60,14045,2969
507.89,13899,2940
509.18,13786,2914
510.47,13668,2890
511.76,13501,2855
513.05,13363,2829
514.34,13185,2790
515.63,13058,2763
516.91,12896,2729
518.20,12719,2691
519.49,12555,2656
520.78,12381,2619
522.07,12162,2574
523.36,11949,2528
524.65,11638,2466
525.94,11382,2411
527.23,11168,2366
528.52,10889,2307
529.80,10646,2258
531.09,10336,2194
532.38,10072,2139
533.67,9705,2063
534.96,9539,2027
536.25,9229,1963
537.54,8936,1902
538.83,8683,1850
540.12,8297,1769
541.41,8108,1731
542.70,7787,1663
543.98,7395,1584
545.27,7051,1515
546.56,6750,1451
547.85,6394,1377
549.14,6032,1302
550.43,5721,1237
551.72,5442,1181
553.01,5089,1108
554.30,4783,1045
555.59,4490,985
556.88,4216,929
558.16,3895,863
559.45,3649,812
560.74,3386,758
562.03,3111,702
563.32,2856,649
564.61,2599,597
565.90,2346,546
567.19,2122,499
568.48,1914,456
569.77,1699,414
571.05,1491,370
572.34,1341,341
573.63,1174,306
574.92,997,270
576.21,848,239
577.50,722,213
578.79,602,189
580.08,495,168
581.37,405,150
582.66,331,135
583.95,270,122
585.23,225,113
586.52,197,107
587.81,183,105
589.10,185,106
590.39,201,109
591.68,234,115
592.97,280,125
594.26,337,137
595.55,412,152
596.84,494,170
598.13,605,193
599.41,706,212
600.70,845,242
601.99,957,265
603.28,1120,298
604.57,1253,325
605.86,1413,358
607.15,1582,393
608.44,1757,429
609.73,1961,472
611.02,2210,522
612.30,2449,572
613.59,2628,609
614.88,2833,651
616.17,3096,706
617.46,3407,771
618.75,3628,816
620.04,3862,864
621.33,4227,940
622.62,4476,991
623.91,4796,1057
625.20,5141,1128
626.48,5423,1187
627.77,5710,1247
629.06,5987,1304
630.35,6278,1364
631.64,6602,1431
632.93,6921,1497
634.22,7249,1566
635.51,7542,1626
636.80,7843,1689
638.09,8140,1751
639.38,8450,1814
640.66,8764,1879
641.95,9100,1950
643.24,9360,2004
644.53,9655,2064
645.82,10014,2137
647.11,10265,2191
648.40,10562,2252
649.69,10821,2305
650.98,11081,2359
652.27,11360,2418
653.55,11607,2469
654.84,11821,2514
656.13,12064,2565
657.42,12348,2621
658.71,12475,2649
660.00,12681,2691
661.29,12946,2746
662.58,13125,2781
663.87,13284,2816
665.16,13398,2839
666.45,13571,2875
667.73,13763,2912
669.02,13798,2923
670.31,13926,2948
671.60,13945,2952
672.89,14018,2966
674.18,14066,2976
675.47,14106,2983
676.76,14175,2999
678.05,14203,3004
679.34,14209,3003
680.63,14245,3011
681.91,14182,2998
683.20,14146,2990
684.49,14088,2977
685.78,13999,2959
687.07,13894,2938
688.36,13768,2911
689.65,13648,2884
690.94,13542,2862
692.23,13392,2830
693.52,13240,2796
694.80,13031,2753
696.09,12876,2721
697.38,12628,2670
698.67,12429,2629
699.96,12212,2584
701.25,11985,2537
702.54,11773,2493
703.83,11543,2443
705.12,11332,2399
706.41,11064,2344
707.70,10796,2289
708.98,10555,2237
710.27,10327,2190
711.56,10034,2130
712.85,9758,2073
714.14,9492,2016
715.43,9199,1956
716.72,8976,1911
718.01,8664,1847
719.30,8386,1787
720.59,8119,1733
721.88,7814,1669
723.16,7451,1594
724.45,7141,1531
725.74,6836,1469
727.03,6569,1413
728.32,6263,1349
729.61,5898,1274
730.90,5587,1211
732.19,5313,1153
733.48,5053,1101
734.77,4738,1035
736.05,4468,980
737.34,4204,926
738.63,3914,866
739.92,3616,805
741.21,3344,749
742.50,3078,695
743.79,2887,656
745.08,2670,611
746.37,2427,561
747.66,2198,515
748.95,2000,475
750.23,1775,428
751.52,1600,392
752.81,1394,350
754.10,1243,320
755.39,1073,285
756.68,899,250
757.97,785,226
759.26,646,198
760.55,521,172
761.84,438,156
763.13,348,137
764.41,283,124
765.70,232,114
766.99,203,107
768.28,186,105
769.57,182,104
770.86,194,106
772.15,217,112
773.44,256,120
774.73,315,131
776.02,386,146
777.30,472,164
778.59,564,183
779.88,671,205
781.17,798,232
782.46,936,259
783.75,1085,291
785.04,1258,326
786.33,1444,365
787.62,1630,404
788.91,1823,444
790.20,2061,492
791.48,2283,537
792.77,2517,586
794.06,2767,638
795.35,3047,695
796.64,3355,760
797.93,3577,805
799.22,3885,868
800.51,4206,936
801.80,4513,997
803.09,4793,1056
804.38,5083,1116
805.66,5406,1184
806.95,5708,1246
808.24,6004,1306
809.53,6289,1367
810.82,6579,1426
812.11,6968,1507
813.40,7257,1567
814.69,7512,1619
815.98,7835,1685
817.27,8185,1759
818.55,8452,1814
819.84,8713,1870
821.13,9030,1934
822.42,9414,2013
823.71,9660,2065
825.00,10003,2135
826.29,10239,2184
827.58,10551,2250
828.87,10772,2296
830.16,11019,2347
831.45,11314,2409
832.73,11586,2464
834.02,11848,2518
835.31,12086,2567
836.60,12295,2609
837.89,12529,2659
839.18,12727,2701
840.47,12923,2738
841.76,13089,2775
843.05,13270,2814
844.34,13421,2844
845.63,13575,2875
846.91,13746,2912
848.20,13884,2937
849.49,13957,2955
850.78,14057,2974
852.07,14117,2986
853.36,14201,3004
854.65,14284,3022
855.94,14328,3030
857.23,14347,3036
858.52,14378,3040
859.80,14376,3039
861.09,14316,3027
862.38,14256,3015
863.67,14226,3006
864.96,14148,2991
866.25,14064,2973
867.54,13947,2947
868.83,13856,2927
870.12,13742,2904
871.41,13587,2873
872.70,13454,2844
873.98,13274,2807
875.27,13113,2773
876.56,12905,2729
877.85,12789,2704
879.14,12547,2654
880.43,12283,2599
881.72,12106,2562
883.01,11858,2510
884.30,11616,2459
885.59,11362,2405
886.88,11093,2348
888.16,10822,2293
889.45,10593,2244
890.74,10314,2185
892.03,9958,2112
893.32,9686,2056
894.61,9408,1998
895.90,9106,1937
897.19,8745,1861
898.48,8431,1796
899.77,8123,1733
901.05,7845,1674
902.34,7463,1597
903.63,7184,1540
904.92,6839,1468
906.21,6506,1400
907.50,6174,1331
908.79,5893,1273
910.08,5554,1203
911.37,5274,1145
912.66,5019,1093
913.95,4687,1024
915.23,4393,965
916.52,4163,917
917.81,3810,846
919.10,3603,802
920.39,3377,757
921.68,3156,711
922.97,2842,646
924.26,2615,601
925.55,2368,550
926.84,2218,519
928.13,1995,473
929.41,1772,428
930.70,1607,395
931.99,1397,352
933.28,1260,323
934.57,1106,292
935.86,943,259
937.15,805,231
938.44,696,208
939.73,561,180
941.02,454,159
942.30,388,146
943.59,328,134
944.88,271,122
946.17,227,113
947.46,201,108
948.75,186,106
950.04,183,104
951.33,198,108
952.62,222,112
953.91,260,121
955.20,312,132
956.48,375,145
957.77,453,160
959.06,539,178
960.35,645,199
961.64,780,227
962.93,917,256
964.22,1084,291
965.51,1231,321
966.80,1406,358
968.09,1589,395
969.38,1784,436
970.66,2015,483
971.95,2260,533
973.24,2491,581
974.53,2763,637
975.82,3022,691
977.11,3309,750
978.40,3570,804
979.69,3830,857
980.98,4131,920
982.27,4425,981
983.55,4717,1041
984.84,5002,1100
986.13,5336,1169
987.42,5633,1230
988.71,5954,1297
990.00,6256,1358
991.29,6556,1421
992.58,6889,1491
993.87,7191,1553
995.16,7513,1621
996.45,7831,1686
997.73,8183,1759
999.02,8512,1827
1000.31,8820,1892
1001.60,9155,1960
1002.89,9491,2030
1004.18,9769,2088
1005.47,10062,2150
1006.76,10395,2217
1008.05,10694,2279
1009.34,10980,2339
1010.63,11253,2396
1011.91,11500,2448
1013.20,11776,2504
1014.49,11990,2550
1015.78,12199,2593
1017.07,12481,2650
1018.36,12652,2686
1019.65,12846,2728
1020.94,13048,2767
1022.23,13252,2810
1023.52,13437,2847
1024.80,13585,2876
1026.09,13735,2909
1027.38,13858,2933
1028.67,13965,2956
1029.96,14030,2969
1031.25,14098,2982
1032.54,14172,2998
1033.83,14266,3016
1035.12,14274,3020
1036.41,14355,3033
1037.70,14321,3028
1038.98,14367,3035
1040.27,14337,3030
1041.56,14313,3024
1042.85,14255,3013
1044.14,14224,3006
1045.43,14158,2992
1046.72,14065,2972
1048.01,13943,2946
1049.30,13783,2912
1050.59,13664,2888
1051.88,13487,2850
1053.16,13339,2819
1054.45,13192,2787
1055.74,13043,2757
1057.03,12868,2721
1058.32,12674,2679
1059.61,12469,2638
1060.90,12269,2596
1062.19,12081,2557
1063.48,11868,2513
1064.77,11607,2458
1066.05,11407,2415
1067.34,11158,2364
1068.63,10890,2307
1069.92,10633,2255
1071.21,10329,2190
1072.50,10091,2140
1073.79,9802,2081
1075.08,9432,2003
1076.37,9192,1955
1077.66,8855,1884
1078.95,8537,1819
1080.23,8216,1752
switching colors
1081.52,17367,950
1082.81,17191,938
1084.10,16324,890
1085.39,15739,857
1086.68,15246,829
1087.97,14671,798
1089.26,14058,762
1090.55,13457,729
1091.84,12890,697
1093.13,12315,666
1094.41,11663,629
1095.70,11071,596
1096.99,10555,569
1098.28,9944,535
1099.57,9418,505
1100.86,8807,471
1102.15,8259,442
1103.44,7700,411
1104.73,7193,384
1106.02,6582,350
1107.30,6149,327
1108.59,5647,300
1109.88,5172,274
1111.17,4677,247
1112.46,4209,222
1113.75,3822,200
1115.04,3401,177
1116.33,2963,155
1117.62,2590,135
1118.91,2317,121
1120.20,1975,102
1121.48,1703,87
1122.77,1443,74
1124.06,1208,62
1125.35,992,50
1126.64,761,39
1127.93,612,30
1129.22,453,23
1130.51,346,18
1131.80,250,13
1133.09,179,10
1134.38,128,8
1135.66,112,7
1136.95,115,8
1138.24,144,10
1139.53,198,13
1140.82,271,19
1142.11,378,25
1143.40,502,32
1144.69,649,41
1145.98,813,50
1147.27,1048,64
1148.55,1275,77
1149.84,1531,92
1151.13,1852,111
1152.42,2137,126
1153.71,2490,146
1155.00,2782,163
1156.29,3146,183
1157.58,3531,206
1158.87,3885,226
1160.16,4285,249
1161.45,4773,277
1162.73,5178,299
1164.02,5668,327
1165.31,6145,354
1166.60,6579,379
1167.89,7143,410
1169.18,7681,441
1170.47,8226,471
1171.76,8744,501
1173.05,9326,532
1174.34,9931,567
1175.63,10526,600
1176.91,11170,635
1178.20,11817,673
1179.49,12348,702
1180.78,12912,734
1182.07,13556,769
1183.36,14176,804
1184.65,14768,837
1185.94,15347,870
1187.23,15925,902
1188.52,16546,938
1189.80,17100,968
1191.09,17658,999
1192.38,18228,1032
1193.67,18796,1062
1194.96,19271,1091
1196.25,19825,1119
1197.54,20351,1149
1198.83,20832,1176
1200.12,21395,1207
1201.41,21820,1230
1202.70,22222,1252
1203.98,22779,1282
1205.27,23090,1299
1206.56,23454,1320
1207.85,23852,1342
1209.14,24243,1362
1210.43,24525,1378
1211.72,24831,1394
1213.01,25144,1410
1214.30,25421,1424
1215.59,25612,1436
1216.88,25855,1447
1218.16,25970,1454
1219.45,26150,1463
1220.74,26256,1468
1222.03,26316,1469
1223.32,26391,1473
1224.61,26420,1473
1225.90,26433,1473
1227.19,26403,1471
1228.48,26383,1470
1229.77,26270,1462
1231.05,26192,1457
1232.34,25968,1444
1233.63,25880,1439
1234.92,25678,1426
1236.21,25518,1416
1237.50,25528,1416
1238.79,25196,1396
1240.08,25059,1386
1241.37,24766,1369
1242.66,24448,1350
1243.95,24055,1328
1245.23,23760,1310
1246.52,23280,1283
1247.81,22919,1262
1249.10,22421,1234
1250.39,22067,1213
1251.68,21642,1190
1252.97,21045,1156
1254.26,20558,1128
1255.55,20100,1103
1256.84,19487,1068
1258.13,19049,1042
1259.41,18625,1018
1260.70,18230,995
1261.99,17833,971
1263.28,17305,942
1264.57,16756,910
1265.86,16165,877
1267.15,15686,850
1268.44,15106,818
1269.73,14452,781
1271.02,13856,748
1272.30,13179,711
1273.59,12655,682
1274.88,12184,656
1276.17,11604,624
1277.46,11095,596
1278.75,10474,562
1280.04,9778,523
1281.33,9300,497
1282.62,8712,465
1283.91,8091,431
1285.20,7590,404
1286.48,7145,380
1287.77,6601,351
1289.06,5977,317
1290.35,5479,290
1291.64,5014,263
1292.93,4472,235
1294.22,4018,210
1295.51,3596,188
1296.80,3137,163
1298.09,2713,141
1299.38,2480,129
1300.66,2069,107
1301.95,1749,90
1303.24,1429,72
1304.53,1197,61
1305.82,969,49
1307.11,760,39
1308.40,611,31
1309.69,455,22
1310.98,329,17
1312.27,236,12
1313.55,164,9
1314.84,124,8
1316.13,113,8
1317.42,128,9
1318.71,173,12
1320.00,248,17
1321.29,344,23
1322.58,490,32
1323.87,640,41
1325.16,835,52
1326.45,1042,64
1327.73,1331,80
1329.02,1580,95
1330.31,1844,110
1331.60,2185,129
1332.89,2522,149
1334.18,2862,168
1335.47,3216,188
1336.76,3656,213
1338.05,4106,238
1339.34,4486,261
1340.63,4944,286
1341.91,5336,308
1343.20,5878,339
1344.49,6295,363
1345.78,6699,386
1347.07,7243,416
1348.36,7722,443
1349.65,8368,480
1350.94,8802,504
1352.23,9367,536
1353.52,9953,568
1354.80,10455,598
1356.09,10976,626
1357.38,11537,658
1358.67,12179,694
1359.96,12753,726
1361.25,13292,757
1362.54,13941,792
1363.83,14610,831
1365.12,15196,863
1366.41,15674,890
1367.70,16283,925
1368.98,16888,958
1370.27,17327,982
1371.56,17934,1016
1372.85,18429,1044
1374.14,19055,1079
1375.43,19400,1099
1376.72,19971,1129
1378.01,20586,1163
1379.30,20856,1179
1380.59,21325,1205
1381.88,21771,1230
1383.16,22237,1254
1384.45,22727,1281
1385.74,23070,1300
1387.03,23468,1323
1388.32,23751,1337
1389.61,24123,1358
1390.90,24430,1374
1392.19,24643,1386
1393.48,24900,1400
1394.77,25090,1410
1396.05,25305,1420
1397.34,25536,1434
1398.63,25670,1441
1399.92,25837,1448
1401.21,25876,1451
1402.50,25935,1452
1403.79,25989,1455
1405.08,26031,1457
1406.37,26023,1455
1407.66,26027,1454
1408.95,25971,1452
1410.23,25845,1441
1411.52,25759,1436
1412.81,25603,1426
1414.10,25490,1420
1415.39,25288,1408
1416.68,25101,1398
1417.97,24846,1381
1419.26,24602,1368
1420.55,24296,1349
1421.84,24026,1333
1423.13,23722,1314
1424.41,23362,1294
1425.70,23047,1274
1426.99,22716,1254
1428.28,22305,1230
1429.57,21866,1206
1430.86,21388,1176
1432.15,20902,1150
1433.44,20402,1120
1434.73,19917,1093
1436.02,19366,1062
1437.30,18860,1033
1438.59,18334,1003
1439.88,17795,972
1441.17,17371,948
1442.46,16825,918
1443.75,16240,886
1445.04,15735,856
1446.33,15196,826
1447.62,14663,796
1448.91,14118,765
1450.20,13544,735
1451.48,12907,698
1452.77,12444,673
1454.06,11866,641
1455.35,11245,606
1456.64,10629,573
1457.93,10196,549
1459.22,9683,519
1460.51,9047,485
1461.80,8507,456
1463.09,8082,433
1464.38,7525,402
1465.66,6984,373
1466.95,6411,342
1468.24,6014,320
1469.53,5507,291
1470.82,5083,269
1472.11,4616,244
1473.40,4220,222
1474.69,3829,202
1475.98,3448,181
1477.27,3038,159
1478.55,2696,141
1479.84,2365,122
1481.13,2030,105
1482.42,1751,89
1483.71,1485,76
1485.00,1284,65
1486.29,1043,53
1487.58,831,42
1488.87,639,32
1490.16,502,25
1491.45,379,19
1492.73,265,13
1494.02,196,10
1495.31,141,8
1496.60,114,7
1497.89,115,8
1499.18,144,10
1500.47,213,14
1501.76,306,20
1503.05,444,29
1504.34,603,39
1505.63,781,49
1506.91,974,59
1508.20,1227,74
1509.49,1470,88
1510.78,1726,104
1512.07,2050,122
1513.36,2412,142
1514.65,2727,160
1515.94,3096,181
1517.23,3504,205
1518.52,3911,228
1519.80,4314,249
1521.09,4769,276
1522.38,5247,303
1523.67,5721,330
1524.96,6238,359
1526.25,6807,391
1527.54,7342,421
1528.83,7920,453
1530.12,8510,486
1531.41,9113,520
1532.70,9727,555
1533.98,10402,593
1535.27,11021,627
1536.56,11694,665
1537.85,12323,701
1539.14,12950,735
1540.43,13545,768
1541.72,14187,805
1543.01,14723,835
1544.30,15423,873
1545.59,15998,906
1546.88,16436,930
1548.16,17124,969
1549.45,17707,1001
1550.74,18346,1036
1552.03,18841,1064
1553.32,19381,1095
1554.61,19871,1120
1555.90,20355,1148
1557.19,20834,1174
1558.48,21405,1206
1559.77,21835,1230
1561.05,22340,1258
1562.34,22735,1279
1563.63,23126,1302
1564.92,23624,1328
1566.21,24088,1352
1567.50,24459,1373
1568.79,24705,1387
1570.08,25069,1406
1571.37,25294,1418
1572.66,25628,1437
1573.95,25946,1453
1575.23,26186,1467
1576.52,26525,1484
1577.81,26701,1493
1579.10,26891,1503
1580.39,26967,1507
1581.68,27124,1515
1582.97,27205,1518
1584.26,27220,1518
1585.55,27112,1511
1586.84,27029,1507
1588.13,26936,1501
1589.41,26844,1495
1590.70,26780,1490
1591.99,26604,1480
1593.28,26526,1473
1594.57,26397,1465
1595.86,26185,1453
1597.15,25946,1438
1598.44,25927,1435
1599.73,25523,1412
1601.02,25206,1394
1602.30,24928,1377
1603.59,24596,1357
1604.88,24213,1335
1606.17,23759,1308
1607.46,23361,1286
1608.75,22968,1263
1610.04,22540,1237
1611.33,22048,1209
1612.62,21645,1187
1613.91,21139,1158
1615.20,20667,1131
1616.48,20084,1098
1617.77,19584,1069
1619.06,19035,1037
1620.35,18480,1007
1621.64,17865,973
1622.93,17322,942
1624.22,16737,909
1625.51,16147,876
1626.80,15525,842
1628.09,14954,809
1629.38,14401,778
1630.66,13732,742
1631.95,13075,705
1633.24,12543,675
1634.53,11867,637
1635.82,11280,606
1637.11,10572,566
1638.40,9987,535
1639.69,9420,503
1640.98,8854,473
1642.27,8240,438
1643.55,7662,406
1644.84,7174,381
1646.13,6630,352
1647.42,6180,327
1648.71,5636,298
1650.00,5173,272
1651.29,4791,252
1652.58,4286,225
1653.87,3908,203
1655.16,3497,183
1656.45,3112,162
1657.73,2733,142
1659.02,2402,124
1660.31,2129,110
1661.60,1809,93
1662.89,1539,79
1664.18,1303,66
1665.47,1083,55
1666.76,872,43
1668.05,676,34
1669.34,504,25
1670.63,382,19
1671.91,255,13
1673.20,202,11
1674.49,147,8
1675.78,122,8
1677.07,121,8
1678.36,147,11
1679.65,200,14
1680.94,297,19
1682.23,389,26
1683.52,536,34
1684.80,713,45
1686.09,874,55
1687.38,1042,64
1688.67,1281,78
1689.96,1575,95
1691.25,1815,108
1692.54,2138,127
1693.83,2447,144
1695.12,2741,161
1696.41,3156,185
1697.70,3536,207
1698.98,4005,233
1700.27,4313,251
1701.56,4841,280
1702.85,5349,308
1704.14,5906,341
1705.43,6367,367
1706.72,6894,396
1708.01,7406,425
1709.30,7993,458
1710.59,8559,490
1711.88,9139,523
1713.16,9681,554
1714.45,10375,592
1715.74,10930,624
1717.03,11478,654
1718.32,12172,693
1719.61,12769,727
1720.90,13384,761
1722.19,13936,792
1723.48,14613,830
1724.77,15268,867
1726.05,15802,896
1727.34,16363,928
1728.63,16816,954
1729.92,17419,987
1731.21,17928,1017
1732.50,18497,1048
1733.79,19094,1081
1735.08,19644,1110
1736.37,20205,1143
1737.66,20742,1173
1738.95,21279,1201
1740.23,21794,1230
1741.52,22335,1259
1742.81,22743,1282
1744.10,23168,1306
1745.39,23538,1327
1746.68,24171,1361
1747.97,24343,1370
1749.26,24656,1387
1750.55,25021,1407
1751.84,25393,1426
1753.13,25598,1437
1754.41,25888,1452
1755.70,26089,1462
1756.99,26257,1471
1758.28,26453,1481
1759.57,26567,1486
1760.86,26616,1490
1762.15,26753,1496
1763.44,26809,1497
1764.73,26842,1499
1766.02,26828,1497
1767.30,26808,1495
1768.59,26749,1490
1769.88,26645,1483
1771.17,26430,1471
1772.46,26247,1462
1773.75,26121,1454
1775.04,25965,1444
1776.33,25740,1430
1777.62,25521,1417
1778.91,25277,1402
1780.20,25060,1389
1781.48,24773,1372
1782.77,24476,1354
1784.06,24171,1335
1785.35,23776,1314
1786.64,23407,1292
1787.93,23037,1270
1789.22,22685,1249
1790.51,22239,1223
1791.80,21799,1199
1793.09,21397,1175
1794.38,20844,1144
1795.66,20482,1122
1796.95,20072,1098
1798.24,19499,1066
1799.53,19066,1041
1800.82,18632,1017
1802.11,18051,984
1803.40,17464,952
1804.69,16950,922
1805.98,16421,892
1807.27,15736,855
1808.55,15162,822
1809.84,14553,788
1811.13,13959,756
1812.42,13407,725
1813.71,12784,690
1815.00,12219,660
1816.29,11561,623
1817.58,10923,588
1818.87,10290,552
1820.16,9650,517
1821.45,8961,479
1822.73,8443,452
1824.02,7888,421
1825.31,7306,388
1826.60,6758,358
1827.89,6269,333
1829.18,5722,303
1830.47,5260,278
1831.76,4777,252
1833.05,4271,225
1834.34,3877,203
1835.63,3441,180
1836.91,3082,161
1838.20,2645,137
1839.49,2336,121
1840.78,2055,106
1842.07,1729,89
1843.36,1415,72
1844.65,1155,59
1845.94,954,48
1847.23,760,38
1848.52,566,29
1849.80,433,22
1851.09,309,16
1852.38,220,12
1853.67,156,9
1854.96,125,7
1856.25,125,9
1857.54,148,10
1858.83,204,14
1860.12,279,19
1861.41,399,26
1862.70,518,33
1863.98,683,43
1865.27,848,53
1866.56,1069,65
1867.85,1317,80
1869.14,1601,96
1870.43,1869,111
1871.72,2129,126
1873.01,2475,146
1874.30,2825,166
1875.59,3161,184
1876.88,3536,206
1878.16,3928,228
1879.45,4391,255
1880.74,4788,276
1882.03,5234,302
1883.32,5701,329
1884.61,6231,358
1885.90,6673,384
1887.19,7221,414
1888.48,7851,450
1889.77,8357,478
1891.05,8977,513
1892.34,9553,545
1893.63,10013,571
1894.92,10663,607
1896.21,11227,639
1897.50,11777,670
1898.79,12314,700
1900.08,12984,738
1901.37,13644,775
1902.66,14238,808
1903.95,14794,838
1905.23,15403,874
1906.52,15930,902
1907.81,16502,934
1909.10,17120,968
1910.39,17719,1001
1911.68,18250,1032
1912.97,18881,1067
1914.26,19408,1096
1915.55,19960,1127
1916.84,20429,1153
1918.13,20881,1179
1919.41,21424,1208
1920.70,21978,1238
1921.99,22415,1262
1923.28,22853,1287
1924.57,23327,1312
1925.86,23749,1336
1927.15,24153,1358
1928.44,24519,1378
1929.73,24834,1394
1931.02,25148,1411
1932.30,25466,1428
1933.59,25720,1442
1934.88,26013,1457
1936.17,26270,1470
1937.46,26466,1481
1938.75,26602,1488
1940.04,26712,1492
1941.33,26857,1499
1942.62,26914,1503
1943.91,26965,1505
1945.20,26996,1505
1946.48,26995,1503
1947.77,27036,1504
1949.06,26969,1499
1950.35,26861,1492
1951.64,26765,1487
1952.93,26553,1473
1954.22,26358,1462
1955.51,26155,1450
1956.80,25957,1437
1958.09,25722,1423
1959.38,25437,1405
1960.66,25135,1389
1961.95,24850,1371
1963.24,24506,1352
1964.53,24160,1330
1965.82,23626,1301
1967.11,23213,1277
1968.40,22864,1256
1969.69,22583,1239
1970.98,21896,1201
1972.27,21459,1177
1973.55,21065,1153
1974.84,20649,1129
1976.13,20195,1102
1977.42,19745,1077
1978.71,19269,1050
1980.00,18792,1022
1981.29,18358,998
1982.58,17830,969
1983.87,17214,934
1985.16,16516,896
1986.45,16073,870
1987.73,15548,840
1989.02,14852,802
1990.31,14319,774
1991.60,13529,730
1992.89,12941,697
1994.18,12515,674
1995.47,11998,644
1996.76,11247,603
1998.05,10509,563
1999.34,10046,538
2000.63,9550,511
2001.91,8966,478
2003.20,8385,447
2004.49,7844,418
2005.78,7385,392
2007.07,6836,362
2008.36,6372,337
2009.65,5777,305
2010.94,5400,285
2012.23,4872,256
2013.52,4428,233
2014.80,4078,214
2016.09,3631,190
2017.38,3248,169
2018.67,2848,147
2019.96,2411,125
2021.25,2123,110
2022.54,1842,94
2023.83,1563,80
2025.12,1318,67
2026.41,1101,56
2027.70,855,43
2028.98,643,33
2030.27,485,24
2031.56,334,17
2032.85,229,12
2034.14,166,9
2035.43,134,8
2036.72,126,9
2038.01,149,11
2039.30,208,14
2040.59,276,19
2041.88,382,25
2043.16,523,34
2044.45,681,43
2045.74,865,53
2047.03,1057,64
2048.32,1302,79
2049.61,1581,95
2050.90,1852,111
2052.19,2151,127
2053.48,2506,148
2054.77,2901,171
2056.05,3253,190
2057.34,3702,215
2058.63,4157,241
2059.92,4601,266
2061.21,5087,294
2062.50,5612,324
2063.79,6104,352
2065.08,6650,383
2066.37,7239,415
2067.66,7808,447
2068.95,8331,478
2070.23,8935,511
2071.52,9493,542
2072.81,10125,579
2074.10,10623,606
2075.39,11212,639
2076.68,11803,672
2077.97,12392,706
2079.26,12995,740
2080.55,13603,773
2081.84,14165,805
2083.12,14668,833
2084.41,15332,869
2085.70,15908,902
2086.99,16414,931
2088.28,17012,965
2089.57,17628,998
2090.86,18166,1029
2092.15,18683,1058
2093.44,19318,1093
2094.73,19714,1115
2096.02,20194,1142
2097.30,20751,1172
2098.59,21222,1199
2099.88,21673,1224
2101.17,22222,1253
2102.46,22661,1277
2103.75,23123,1303
2105.04,23487,1323
2106.33,23819,1341
2107.62,24309,1368
2108.91,24554,1381
2110.20,24810,1396
2111.48,25061,1410
2112.77,25398,1427
2114.06,25725,1444
2115.35,25857,1451
2116.64,26123,1464
2117.93,26245,1472
2119.22,26391,1479
2120.51,26523,1486
2121.80,26495,1483
2123.09,26603,1489
2124.37,26623,1489
2125.66,26628,1487
2126.95,26585,1485
2128.24,26525,1480
2129.53,26496,1476
2130.82,26373,1471
2132.11,26270,1462
2133.40,26141,1455
2134.69,25970,1445
2135.98,25804,1435
2137.27,25484,1416
2138.55,25237,1401
2139.84,25010,1387
2141.13,24729,1370
2142.42,24404,1350
2143.71,24127,1335
2145.00,23771,1312
2146.29,23393,1293
2147.58,23000,1269
2148.87,22644,1248
2150.16,22117,1218
2151.45,21737,1195
2152.73,21271,1169
2154.02,20817,1143
2155.31,20306,1113
2156.60,19753,1082
2157.89,19135,1047
2159.18,18709,1022
2160.47,18132,989
switching colors
2161.76,9244,189
2163.05,8981,184
2164.34,8760,178
2165.62,8451,171
2166.91,8211,167
2168.20,7907,160
2169.49,7689,156
2170.78,7410,150
2172.07,7146,144
2173.36,6913,140
2174.65,6679,134
2175.94,6362,128
2177.23,6063,123
2178.52,5798,117
2179.80,5559,112
2181.09,5334,107
2182.38,5054,101
2183.67,4764,96
2184.96,4520,90
2186.25,4246,85
2187.54,4013,81
2188.83,3788,75
2190.12,3545,70
2191.41,3309,65
2192.70,3095,61
2193.98,2773,55
2195.27,2608,52
2196.56,2391,47
2197.85,2194,43
2199.14,1978,39
2200.43,1791,35
2201.72,1628,32
2203.01,1430,28
2204.30,1269,25
2205.59,1125,22
2206.87,974,19
2208.16,816,16
2209.45,681,14
2210.74,598,12
2212.03,487,10
2213.32,404,8
2214.61,305,6
2215.90,243,5
2217.19,193,4
2218.48,140,3
2219.77,103,3
2221.05,79,2
2222.34,67,2
2223.63,65,2
2224.92,75,2
2226.21,96,3
2227.50,127,4
2228.79,170,4
2230.08,238,6
2231.37,295,7
2232.66,375,9
2233.95,487,12
2235.23,583,14
2236.52,685,16
2237.81,816,19
2239.10,991,23
2240.39,1141,26
2241.68,1299,29
2242.97,1484,33
2244.26,1672,36
2245.55,1853,40
2246.84,2048,45
2248.12,2249,48
2249.41,2455,53
2250.70,2666,57
2251.99,2912,63
2253.28,3133,67
2254.57,3383,73
2255.86,3645,78
2257.15,3884,83
2258.44,4117,87
2259.73,4388,93
2261.02,4648,99
2262.30,4899,104
2263.59,5155,109
2264.88,5446,115
2266.17,5732,121
2267.46,5986,126
2268.75,6344,134
2270.04,6625,139
2271.33,6899,146
2272.62,7182,151
2273.91,7475,157
2275.20,7755,162
2276.48,8035,168
2277.77,8298,174
2279.06,8570,179
2280.35,8811,184
2281.64,9047,189
2282.93,9329,195
2284.22,9531,199
2285.51,9769,204
2286.80,9978,208
2288.09,10188,212
2289.37,10407,216
2290.66,10592,220
2291.95,10803,225
2293.24,10961,228
2294.53,11106,231
2295.82,11268,233
2297.11,11393,237
2298.40,11525,239
2299.69,11657,242
2300.98,11770,244
2302.27,11866,246
2303.55,11937,247
2304.84,11955,247
2306.13,11975,248
2307.42,11989,248
2308.71,11990,248
2310.00,11982,248
2311.29,11980,247
2312.58,11973,247
2313.87,11936,247
2315.16,11915,246
2316.45,11891,245
2317.73,11848,244
2319.02,11823,244
2320.31,11803,243
2321.60,11741,242
2322.89,11684,240
2324.18,11535,237
2325.47,11438,235
2326.76,11343,233
2328.05,11146,229
2329.34,11038,226
2330.62,10886,223
2331.91,10727,220
2333.20,10555,216
2334.49,10386,213
2335.78,10269,209
2337.07,10065,205
2338.36,9952,202
2339.65,9698,198
2340.94,9462,193
2342.23,9264,189
2343.52,8988,182
2344.80,8722,177
2346.09,8473,172
2347.38,8200,166
2348.67,7924,161
2349.96,7675,156
2351.25,7424,150
2352.54,7144,144
2353.83,6859,139
2355.12,6614,133
2356.41,6361,129
2357.70,6057,122
2358.98,5764,116
2360.27,5501,111
2361.56,5250,106
2362.85,4974,100
2364.14,4704,95
2365.43,4434,89
2366.72,4188,84
2368.01,3926,78
2369.30,3676,73
2370.59,3418,68
2371.87,3181,63
2373.16,2934,58
2374.45,2705,54
2375.74,2460,49
2377.03,2252,45
2378.32,2031,40
2379.61,1825,36
2380.90,1633,33
2382.19,1429,28
2383.48,1290,25
2384.77,1112,22
2386.05,997,19
2387.34,847,16
2388.63,701,14
2389.92,576,11
2391.21,474,9
2392.50,397,8
2393.79,315,6
2395.08,247,5
2396.37,178,4
2397.66,133,3
2398.95,104,3
2400.23,81,2
2401.52,68,2
2402.81,66,2
2404.10,77,2
2405.39,103,3
2406.68,134,4
2407.97,175,5
2409.26,236,7
2410.55,303,7
2411.84,384,9
2413.12,458,11
2414.41,559,13
2415.70,681,16
2416.99,799,18
2418.28,949,22
2419.57,1092,25
2420.86,1273,29
2422.15,1411,31
2423.44,1586,35
2424.73,1792,39
2426.02,1987,43
2427.30,2164,47
2428.59,2373,51
2429.88,2583,55
2431.17,2795,60
2432.46,3035,65
2433.75,3263,70
2435.04,3505,75
2436.33,3781,81
2437.62,3983,84
2438.91,4282,91
2440.20,4535,96
2441.48,4835,103
2442.77,5079,107
2444.06,5368,114
2445.35,5627,119
2446.64,5942,125
2447.93,6154,129
2449.22,6441,135
2450.51,6758,142
2451.80,7063,148
2453.09,7322,154
2454.37,7579,159
2455.66,7885,165
2456.95,8163,170
2458.24,8404,176
2459.53,8650,181
2460.82,8898,185
2462.11,9157,191
2463.40,9421,197
2464.69,9626,201
2465.98,9786,204
2467.27,10097,210
2468.55,10228,214
2469.84,10355,216
2471.13,10545,220
2472.42,10745,224
2473.71,10887,227
2475.00,11158,232
2476.29,11377,236
2477.58,11544,240
2478.87,11681,243
2480.16,11807,244
2481.45,11840,246
2482.73,11937,248
2484.02,12074,250
2485.31,12117,251
2486.60,12119,250
2487.89,12167,252
2489.18,12191,252
2490.47,12239,253
2491.76,12262,253
2493.05,12210,252
2494.34,12170,251
2495.62,12133,250
2496.91,12104,250
2498.20,12002,247
2499.49,11891,245
2500.78,11830,243
2502.07,11745,242
2503.36,11681,240
2504.65,11583,238
2505.94,11491,236
2507.23,11370,233
2508.52,11237,231
2509.80,11133,229
2511.09,10953,224
2512.38,10778,221
2513.67,10610,217
2514.96,10505,214
2516.25,10357,211
2517.54,10170,208
2518.83,10009,204
2520.12,9781,199
2521.41,9568,194
2522.70,9303,189
2523.98,9079,184
2525.27,8854,179
2526.56,8586,174
2527.85,8368,170
2529.14,8057,163
2530.43,7800,157
2531.72,7597,154
2533.01,7325,148
2534.30,7012,141
2535.59,6783,137
2536.87,6501,131
2538.16,6213,125
2539.45,5979,121
2540.74,5741,115
2542.03,5465,110
2543.32,5173,104
2544.61,4921,99
2545.90,4638,93
2547.19,4378,88
2548.48,4084,81
2549.77,3837,77
2551.05,3598,72
2552.34,3353,67
2553.63,3107,62
2554.92,2821,56
2556.21,2540,50
2557.50,2333,47
2558.79,2097,42
2560.08,1863,37
2561.37,1665,33
2562.66,1508,30
2563.95,1322,26
2565.23,1133,22
2566.52,1023,20
2567.81,867,17
2569.10,724,14
2570.39,602,12
2571.68,501,10
2572.97,399,8
2574.26,313,6
2575.55,244,5
2576.84,179,4
2578.12,134,3
2579.41,95,3
2580.70,70,2
2581.99,59,2
2583.28,61,2
2584.57,77,2
2585.86,106,3
2587.15,152,5
2588.44,196,5
2589.73,269,7
2591.02,354,9
2592.30,444,11
2593.59,547,13
2594.88,685,16
2596.17,806,18
2597.46,943,22
2598.75,1101,25
2600.04,1276,28
2601.33,1435,32
2602.62,1607,35
2603.91,1767,39
2605.20,1996,44
2606.48,2167,47
2607.77,2381,52
2609.06,2563,55
2610.35,2741,59
2611.64,2974,64
2612.93,3220,68
2614.22,3443,73
2615.51,3701,79
2616.80,3983,84
2618.09,4202,90
2619.37,4439,94
2620.66,4696,100
2621.95,4954,105
2623.24,5199,110
2624.53,5455,115
2625.82,5768,122
2627.11,6079,128
2628.40,6286,132
2629.69,6566,138
2630.98,6874,144
2632.27,7140,149
2633.55,7381,155
2634.84,7635,161
2636.13,7912,166
2637.42,8152,171
2638.71,8414,175
2640.00,8659,181
2641.29,8926,186
2642.58,9139,191
2643.87,9365,195
2645.16,9580,199
2646.45,9788,204
2647.73,10041,209
2649.02,10226,213
2650.31,10391,216
2651.60,10604,221
2652.89,10780,224
2654.18,10967,228
2655.47,11099,231
2656.76,11267,233
2658.05,11405,236
2659.34,11517,239
2660.62,11622,242
2661.91,11736,244
2663.20,11836,246
2664.49,11913,246
2665.78,11982,247
2667.07,12045,249
2668.36,12068,250
2669.65,12095,250
2670.94,12113,250
2672.23,12152,251
2673.52,12104,250
2674.80,12044,249
2676.09,12004,247
2677.38,11974,246
2678.67,11898,244
2679.96,11827,243
2681.25,11761,242
2682.54,11652,239
2683.83,11580,238
2685.12,11450,235
2686.41,11336,233
2687.70,11218,230
2688.98,11039,225
2690.27,10966,225
2691.56,10751,219
2692.85,10628,218
2694.14,10440,212
2695.43,10247,209
2696.72,10028,204
2698.01,9800,200
2699.30,9586,195
2700.59,9402,192
2701.87,9160,187
2703.16,8914,180
2704.45,8670,176
2705.74,8409,171
2707.03,8143,165
2708.32,7926,160
2709.61,7580,153
2710.90,7392,150
2712.19,7185,145
2713.48,6877,139
2714.77,6719,135
2716.05,6422,130
2717.34,6165,124
2718.63,5879,118
2719.92,5641,113
2721.21,5437,109
2722.50,5090,102
2723.79,4854,98
2725.08,4586,92
2726.37,4342,87
2727.66,4119,83
2728.95,3838,77
2730.23,3608,72
2731.52,3339,66
2732.81,3089,61
2734.10,2909,57
2735.39,2652,52
2736.68,2447,49
2737.97,2257,44
2739.26,2018,40
2740.55,1796,35
2741.84,1641,32
2743.12,1506,30
2744.41,1317,26
2745.70,1176,23
2746.99,1011,20
2748.28,860,17
2749.57,737,14
2750.86,611,12
2752.15,525,10
2753.44,420,8
2754.73,338,7
2756.02,262,6
2757.30,191,4
2758.59,137,3
2759.88,101,2
2761.17,73,2
2762.46,59,2
2763.75,58,2
2765.04,69,2
2766.33,96,3
2767.62,137,4
2768.91,193,5
2770.20,260,7
2771.48,346,9
2772.77,432,11
2774.06,529,13
2775.35,642,15
2776.64,771,18
2777.93,895,20
2779.22,1049,24
2780.51,1216,27
2781.80,1388,31
2783.09,1566,35
2784.37,1744,38
2785.66,1929,42
2786.95,2127,46
2788.24,2337,51
2789.53,2548,55
2790.82,2783,60
2792.11,3058,66
2793.40,3299,71
2794.69,3539,75
2795.98,3799,81
2797.27,4085,87
2798.55,4356,93
2799.84,4606,98
2801.13,4884,104
2802.42,5237,110
2803.71,5528,117
2805.00,5781,122
2806.29,6096,129
2807.58,6392,135
2808.87,6669,141
2810.16,6925,145
2811.45,7205,152
2812.73,7441,155
2814.02,7715,162
2815.31,8055,169
2816.60,8304,174
2817.89,8537,179
2819.18,8779,184
2820.47,9041,189
2821.76,9272,193
2823.05,9509,198
2824.34,9753,203
2825.62,9915,207
2826.91,10167,212
2828.20,10401,216
2829.49,10555,220
2830.78,10741,223
2832.07,10921,227
2833.36,11156,231
2834.65,11265,234
2835.94,11437,237
2837.23,11583,240
2838.52,11709,243
2839.80,11839,245
2841.09,11937,247
2842.38,12028,249
2843.67,12109,250
2844.96,12192,252
2846.25,12272,253
2847.54,12250,253
2848.83,12294,254
2850.12,12297,254
2851.41,12249,253
2852.70,12249,253
2853.98,12252,252
2855.27,12175,251
2856.56,12160,250
2857.85,12065,249
2859.14,12026,247
2860.43,11969,246
2861.72,11882,245
2863.01,11790,243
2864.30,11684,240
2865.59,11592,238
2866.87,11481,236
2868.16,11315,232
2869.45,11247,231
2870.74,11072,228
2872.03,10944,224
2873.32,10744,220
2874.61,10525,214
2875.90,10337,211
2877.19,10114,207
2878.48,9930,203
2879.77,9704,198
2881.05,9484,193
2882.34,9245,188
2883.63,9019,183
2884.92,8753,178
2886.21,8462,172
2887.50,8220,167
2888.79,7931,161
2890.08,7670,155
2891.37,7433,150
2892.66,7131,145
2893.95,6891,140
2895.23,6603,134
2896.52,6333,128
2897.81,6090,123
2899.10,5781,116
2900.39,5453,110
2901.68,5250,105
2902.97,4949,99
2904.26,4710,94
2905.55,4381,88
2906.84,4164,84
2908.12,3918,79
2909.41,3644,73
2910.70,3333,66
2911.99,3116,62
2913.28,2919,58
2914.57,2712,53
2915.86,2449,49
2917.15,2204,44
2918.44,2042,41
2919.73,1826,36
2921.02,1649,33
2922.30,1480,29
2923.59,1314,26
2924.88,1144,23
2926.17,994,20
2927.46,884,18
2928.75,745,15
2930.04,626,13
2931.33,524,10
2932.62,433,9
2933.91,326,7
2935.20,256,5
2936.48,194,4
2937.77,144,3
2939.06,107,3
2940.35,79,2
2941.64,61,2
2942.93,56,2
2944.22,63,2
2945.51,80,2
2946.80,118,4
2948.09,162,4
2949.37,217,6
2950.66,274,7
2951.95,362,8
2953.24,435,11
2954.53,527,13
2955.82,634,15
2957.11,777,18
2958.40,911,21
2959.69,1043,23
2960.98,1168,26
2962.27,1341,30
2963.55,1487,33
2964.84,1680,37
2966.13,1876,41
2967.42,2088,46
2968.71,2331,51
2970.00,2535,54
2971.29,2772,59
2972.58,2990,64
2973.87,3230,69
2975.16,3481,74
2976.45,3722,80
2977.73,3991,85
2979.02,4245,91
2980.31,4498,96
2981.60,4773,101
2982.89,5072,107
2984.18,5333,113
2985.47,5616,119
2986.76,5880,124
2988.05,6172,130
2989.34,6407,135
2990.62,6677,140
2991.91,6983,147
2993.20,7268,153
2994.49,7540,158
2995.78,7785,163
2997.07,8035,168
2998.36,8309,174
2999.65,8564,180
3000.94,8824,184
3002.23,9034,189
3003.52,9334,195
3004.80,9558,199
3006.09,9765,204
3007.38,9981,208
3008.67,10213,213
3009.96,10414,217
3011.25,10598,221
3012.54,10787,224
3013.83,10985,228
3015.12,11133,232
3016.41,11290,235
3017.70,11414,237
3018.98,11551,240
3020.27,11667,242
3021.56,11749,244
3022.85,11853,245
3024.14,11932,247
3025.43,12008,249
3026.72,12045,249
3028.01,12048,249
3029.30,12042,249
3030.59,12024,248
3031.87,11999,248
3033.16,11977,247
3034.45,11940,246
3035.74,11913,246
3037.03,11881,245
3038.32,11862,245
3039.61,11842,244
3040.90,11781,243
3042.19,11715,242
3043.48,11578,239
3044.77,11451,235
3046.05,11321,233
3047.34,11167,230
3048.63,11078,227
3049.92,10906,224
3051.21,10764,220
3052.50,10656,219
3053.79,10402,213
3055.08,10267,210
3056.37,10104,206
3057.66,9947,203
3058.95,9801,200
3060.23,9635,196
3061.52,9484,193
3062.81,9272,188
3064.10,9035,183
3065.39,8806,179
3066.68,8571,174
3067.97,8373,169
3069.26,8085,164
3070.55,7835,159
3071.84,7535,153
3073.12,7289,147
3074.41,7053,143
3075.70,6761,137
3076.99,6495,131
3078.28,6194,125
3079.57,5943,120
3080.86,5703,114
3082.15,5444,109
3083.44,5102,102
3084.73,4833,97
3086.02,4558,91
3087.30,4254,85
3088.59,3969,79
3089.88,3724,74
3091.17,3475,69
3092.46,3210,64
3093.75,2978,59
3095.04,2746,55
3096.33,2443,48
3097.62,2267,45
3098.91,2057,41
3100.20,1834,37
3101.48,1621,32
3102.77,1461,28
3104.06,1299,25
3105.35,1123,21
3106.64,975,19
3107.93,845,17
3109.22,704,14
3110.51,577,12
3111.80,471,9
3113.09,375,7
3114.37,293,5
3115.66,220,5
3116.95,158,3
3118.24,112,2
3119.53,81,2
3120.82,62,2
3122.11,57,2
3123.40,67,2
3124.69,88,3
3125.98,122,4
3127.27,176,5
3128.55,232,6
3129.84,294,7
3131.13,384,10
3132.42,485,12
3133.71,581,14
3135.00,711,17
3136.29,823,19
3137.58,945,22
3138.87,1069,24
3140.16,1251,27
3141.45,1377,30
3142.73,1550,34
3144.02,1764,39
3145.31,1945,42
3146.60,2163,47
3147.89,2334,51
3149.18,2530,55
3150.47,2752,59
3151.76,2995,64
3153.05,3247,70
3154.34,3475,74
3155.62,3706,79
3156.91,3953,84
3158.20,4259,90
3159.49,4524,96
3160.78,4776,101
3162.07,5042,106
3163.36,5325,112
3164.65,5580,118
3165.94,5840,123
3167.23,6094,128
3168.52,6394,134
3169.80,6661,140
3171.09,6932,146
3172.38,7223,152
3173.67,7425,156
3174.96,7719,161
3176.25,7962,167
3177.54,8246,172
3178.83,8529,178
3180.12,8752,183
3181.41,9002,188
3182.70,9269,193
3183.98,9470,196
3185.27,9683,202
3186.56,9879,206
3187.85,10159,212
3189.14,10357,216
3190.43,10516,218
3191.72,10656,222
3193.01,10901,227
3194.30,11113,231
3195.59,11264,234
3196.87,11425,237
3198.16,11555,240
3199.45,11706,243
3200.74,11758,243
3202.03,11812,244
3203.32,11957,248
3204.61,12000,248
3205.90,12072,250
3207.19,12116,250
3208.48,12108,251
3209.77,12119,251
3211.05,12120,251
3212.34,12148,251
3213.63,12144,251
3214.92,12170,250
3216.21,12056,249
3217.50,11988,247
3218.79,11920,246
3220.08,11869,245
3221.37,11768,243
3222.66,11684,241
3223.95,11573,238
3225.23,11522,236
3226.52,11415,234
3227.81,11307,231
3229.10,11139,228
3230.39,10975,225
3231.68,10804,221
3232.97,10634,218
3234.26,10446,213
3235.55,10256,209
3236.84,10077,205
3238.12,9886,201
3239.41,9693,197
3240.70,9500,193