
1.29,405,182
2.58,354,174
3.87,313,166
5.16,279,159
6.45,259,154
7.73,248,152
9.02,250,154
10.31,260,155
11.60,285,160
12.89,331,169
14.18,372,178
15.47,436,191
16.76,487,202
18.05,556,216
19.34,639,232
20.62,730,252
21.91,819,270
23.20,964,298
24.49,1078,323
25.78,1202,347
27.07,1334,375
28.36,1480,405
29.65,1666,443
30.94,1801,471
32.23,1978,507
33.52,2186,551
34.80,2336,582
36.09,2510,617
37.38,2732,662
38.67,2995,717
39.96,3156,750
41.25,3343,788
42.54,3596,839
43.83,3801,883
45.12,4073,938
46.41,4237,973
47.70,4493,1024
48.98,4733,1074
50.27,4979,1125
51.56,5182,1167
52.85,5403,1213
54.14,5638,1262
55.43,5904,1316
56.72,6110,1360
58.01,6360,1411
59.30,6617,1464
60.59,6894,1520
61.88,7102,1563
63.16,7363,1619
64.45,7615,1671
65.74,7809,1711
67.03,8026,1755
68.32,8259,1803
69.61,8514,1855
70.90,8703,1895
72.19,8917,1939
73.48,9154,1987
74.77,9360,2030
76.05,9533,2066
77.34,9680,2095
78.63,9840,2129
79.92,9977,2158
81.21,10146,2192
82.50,10269,2218
83.79,10393,2243
85.08,10520,2269
86.37,10593,2287
87.66,10691,2306
88.95,10770,2324
90.23,10836,2338
91.52,10906,2353
92.81,10992,2369
94.10,10993,2371
95.39,11029,2379
96.68,11054,2382
97.97,11056,2383
99.26,11046,2381
100.55,11039,2378
101.84,11013,2373
103.12,10975,2367
104.41,10921,2355
105.70,10854,2341
106.99,10780,2326
108.28,10681,2306
109.57,10602,2288
110.86,10503,2267
112.15,10372,2240
113.44,10250,2216
114.73,10141,2193
116.02,10000,2163
117.30,9851,2134
118.59,9699,2101
119.88,9542,2069
121.17,9342,2027
122.46,9197,1996
123.75,9069,1969
125.04,8858,1926
126.33,8691,1891
127.62,8488,1849
128.91,8272,1803
130.20,8074,1762
131.48,7835,1714
132.77,7668,1680
134.06,7432,1629
135.35,7202,1583
136.64,7002,1542
137.93,6724,1484
139.22,6541,1448
140.51,6276,1392
141.80,6047,1346
143.09,5753,1284
144.38,5560,1244
145.66,5318,1193
146.95,5085,1145
148.24,4831,1094
149.53,4618,1050
150.82,4400,1004
152.11,4177,960
153.40,3885,899
154.69,3725,865
155.98,3469,813
157.27,3273,773
158.55,3108,739
159.84,2906,697
161.13,2683,652
162.42,2476,610
163.71,2295,572
165.00,2117,535
166.29,1936,498
167.58,1752,460
168.87,1595,428
170.16,1450,398
171.45,1310,370
172.73,1160,339
174.02,1028,312
175.31,890,283
176.60,779,261
177.89,644,233
179.18,561,216
180.47,483,201
181.76,417,187
183.05,353,173
184.34,312,165
185.63,282,159
186.91,258,154
188.20,247,152
189.49,248,152
190.78,261,155
192.07,284,159
193.36,323,167
194.65,366,176
195.94,424,188
197.23,488,201
198.52,567,217
199.80,663,237
201.09,767,258
202.38,878,281
203.67,1010,309
204.96,1136,335
206.25,1277,363
207.54,1421,393
208.83,1602,430
210.12,1791,468
211.41,1956,503
212.70,2166,546
213.98,2390,592
215.27,2573,629
216.56,2776,670
217.85,2996,716
219.14,3227,764
220.43,3433,806
221.72,3654,852
223.01,3910,905
224.30,4181,960
225.59,4384,1002
226.88,4631,1053
228.16,4853,1100
229.45,5111,1153
230.74,5329,1198
232.03,5577,1249
233.32,5786,1291
234.61,6008,1337
235.90,6286,1395
237.19,6491,1437
238.48,6735,1488
239.77,7017,1546
241.05,7195,1583
242.34,7401,1626
243.63,7658,1679
244.92,7845,1718
246.21,8077,1765
247.50,8291,1809
248.79,8537,1861
250.08,8765,1908
251.37,8929,1943
252.66,9122,1982
253.95,9334,2026
255.23,9520,2065
256.52,9659,2093
257.81,9842,2132
259.10,10013,2168
260.39,10198,2204
261.68,10313,2230
262.97,10425,2253
264.26,10558,2280
265.55,10698,2310
266.84,10805,2331
268.13,10910,2354
269.41,10988,2369
270.70,11082,2388
271.99,11160,2406
273.28,11210,2416
274.57,11228,2418
275.86,11284,2429
277.15,11358,2444
278.44,11361,2445
279.73,11376,2447
281.02,11284,2428
282.30,11345,2442
283.59,11293,2430
284.88,11249,2420
286.17,11182,2406
287.46,11138,2399
288.75,11061,2382
290.04,10953,2359
291.33,10877,2343
292.62,10751,2316
293.91,10589,2284
295.20,10481,2262
296.48,10220,2208
297.77,10090,2181
299.06,9896,2141
300.35,9765,2112
301.64,9518,2063
302.93,9336,2027
304.22,9122,1981
305.51,8936,1943
306.80,8726,1899
308.09,8510,1853
309.38,8310,1811
310.66,8074,1764
311.95,7852,1717
313.24,7608,1667
314.53,7358,1616
315.82,7135,1569
317.11,6882,1516
318.40,6700,1479
319.69,6372,1411
320.98,6181,1372
322.27,5922,1319
323.55,5676,1268
324.84,5411,1213
326.13,5161,1162
327.42,4898,1109
328.71,4659,1058
330.00,4409,1006
331.29,4142,952
332.58,3930,909
333.87,3734,868
335.16,3526,826
336.45,3312,781
337.73,3100,738
339.02,2924,702
340.31,2718,661
341.60,2489,612
342.89,2318,577
344.18,2110,534
345.47,1932,498
346.76,1795,471
348.05,1614,434
349.34,1478,406
350.63,1315,373
351.91,1165,341
353.20,1016,311
354.49,905,288
355.78,784,263
357.07,707,247
358.36,616,229
359.65,534,211
360.94,467,198
362.23,408,186
363.52,352,174
364.80,307,165
366.09,277,159
367.38,258,156
368.67,250,154
369.96,250,153
371.25,259,155
372.54,285,160
373.83,325,169
375.12,359,176
376.41,427,190
377.70,493,203
378.98,566,217
380.27,633,232
381.56,732,252
382.85,819,270
384.14,936,293
385.43,1101,328
386.72,1203,349
388.01,1362,381
389.30,1549,419
390.59,1724,455
391.88,1879,487
393.16,2092,531
394.45,2277,568
395.74,2460,607
397.03,2654,646
398.32,2883,694
399.61,3110,740
400.90,3332,785
402.19,3546,829
403.48,3779,877
404.77,4012,924
406.05,4237,971
407.34,4478,1022
408.63,4716,1070
409.92,4945,1116
411.21,5209,1172
412.50,5467,1226
413.79,5718,1277
415.08,5984,1331
416.37,6229,1383
417.66,6475,1433
418.95,6738,1489
420.23,7007,1544
421.52,7245,1591
422.81,7466,1637
424.10,7731,1694
425.39,7961,1742
426.68,8180,1787
427.97,8395,1830
429.26,8615,1876
430.55,8831,1921
431.84,9013,1959
433.13,9207,1999
434.41,9369,2033
435.70,9547,2071
436.99,9700,2103
438.28,9868,2138
439.57,9987,2162
440.86,10130,2192
442.15,10255,2218
443.44,10377,2243
444.73,10479,2264
446.02,10591,2289
447.30,10703,2312
448.59,10770,2325
449.88,10847,2342
451.17,10913,2354
452.46,10961,2365
453.75,11001,2374
455.04,11034,2380
456.33,11081,2390
457.62,11080,2389
458.91,11085,2393
460.20,11082,2391
461.48,11069,2387
462.77,11044,2382
464.06,10999,2374
465.35,10947,2363
466.64,10895,2351
467.93,10818,2335
469.22,10751,2321
470.51,10651,2300
471.80,10561,2281
473.09,10454,2259
474.38,10342,2237
475.66,10229,2213
476.95,10100,2186
478.24,9930,2150
479.53,9786,2120
480.82,9619,2085
482.11,9429,2047
483.40,9250,2008
484.69,9071,1971
485.98,8843,1923
487.27,8655,1886
488.55,8471,1847
489.84,8240,1798
491.13,7987,1746
492.42,7723,1691
493.71,7528,1649
495.00,7282,1599
496.29,7016,1545
497.58,6792,1498
498.87,6556,1448
500.16,6320,1400
501.45,6068,1348
502.73,5795,1292
504.02,5578,1246
505.31,5333,1197
506.60,5076,1144
507.89,4803,1087
509.18,4585,1043
510.47,4368,998
511.76,4116,946
513.05,3872,896
514.34,3654,850
515.63,3429,805
516.91,3210,759
518.20,2975,712
519.49,2767,668
520.78,2559,626
522.07,2344,581
523.36,2135,538
524.65,1959,502
525.94,1783,467
527.23,1615,432
528.52,1452,399
529.80,1293,366
531.09,1145,335
532.38,1023,311
533.67,890,284
534.96,784,261
536.25,679,241
537.54,601,224
538.83,512,206
540.12,442,192
541.41,392,182
542.70,340,171
543.98,302,163
545.27,274,157
546.56,256,154
547.85,247,152
549.14,247,152
550.43,258,154
551.72,276,158
553.01,312,165
554.30,361,175
555.59,404,184
556.88,467,197
558.16,528,209
559.45,613,227
560.74,718,248
562.03,816,269
563.32,916,289
564.61,1043,316
565.90,1199,347
567.19,1332,375
568.48,1466,402
569.77,1635,437
571.05,1798,470
572.34,1939,498
573.63,2143,542
574.92,2305,574
576.21,2526,621
577.50,2702,657
578.79,2925,702
580.08,3153,750
581.37,3344,788
582.66,3558,832
583.95,3800,883
585.23,4054,936
586.52,4280,981
587.81,4540,1034
589.10,4745,1078
590.39,5022,1134
591.68,5302,1193
592.97,5561,1245
594.26,5775,1290
595.55,6061,1349
596.84,6321,1402
598.13,6562,1453
599.41,6799,1501
600.70,7065,1556
601.99,7325,1611
603.28,7523,1652
604.57,7770,1701
605.86,8029,1757
607.15,8242,1800
608.44,8461,1844
609.73,8697,1892
611.02,8916,1938
612.30,9100,1978
613.59,9305,2019
614.88,9447,2050
616.17,9568,2076
617.46,9755,2113
618.75,9933,2151
620.04,10030,2171
621.33,10192,2206
622.62,10386,2245
623.91,10523,2275
625.20,10624,2294
626.48,10732,2317
627.77,10860,2344
629.06,10901,2352
630.35,10963,2366
631.64,11054,2384
632.93,11181,2410
634.22,11132,2400
635.51,11350,2444
636.80,11342,2441
638.09,11345,2442
639.38,11348,2444
640.66,11310,2435
641.95,11294,2433
643.24,11262,2424
644.53,11205,2414
645.82,11142,2398
647.11,11071,2385
648.40,10969,2363
649.69,10905,2349
650.98,10793,2326
652.27,10673,2301
653.55,10539,2273
654.84,10424,2250
656.13,10290,2223
657.42,10156,2196
658.71,10000,2163
660.00,9814,2124
661.29,9638,2088
662.58,9493,2057
663.87,9316,2021
665.16,9118,1979
666.45,8894,1933
667.73,8691,1892
669.02,8505,1853
670.31,8274,1804
671.60,8050,1759
672.89,7830,1714
674.18,7617,1669
675.47,7396,1625
676.76,7114,1566
678.05,6884,1518
679.34,6682,1478
680.63,6435,1426
681.91,6213,1381
683.20,5920,1319
684.49,5724,1280
685.78,5499,1232
687.07,5237,1178
688.36,4990,1127
689.65,4772,1082
690.94,4535,1034
692.23,4291,983
693.52,4015,927
694.80,3825,888
696.09,3615,843
697.38,3385,797
698.67,3136,746
699.96,2928,703
701.25,2729,662
702.54,2491,613
703.83,2262,565
705.12,2077,528
706.41,1881,489
707.70,1688,448
708.98,1536,417
710.27,1398,389
711.56,1218,352
712.85,1096,327
714.14,956,297
715.43,843,275
716.72,727,251
718.01,629,232
719.30,536,212
720.59,464,197
721.88,404,185
723.16,353,175
724.45,305,164
725.74,274,159
727.03,257,155
728.32,248,153
729.61,251,154
730.90,266,157
732.19,292,161
733.48,330,170
734.77,384,180
736.05,441,193
737.34,512,207
738.63,598,224
739.92,691,243
741.21,794,264
742.50,916,289
743.79,1053,318
745.08,1184,345
746.37,1326,374
747.66,1487,407
748.95,1626,436
750.23,1777,467
751.52,1988,510
752.81,2170,547
754.10,2302,574
755.39,2526,619
756.68,2705,657
757.97,2853,688
759.26,3131,745
760.55,3310,781
761.84,3521,825
763.13,3779,878
764.41,4028,930
765.70,4227,970
766.99,4466,1021
768.28,4734,1075
769.57,4904,1111
770.86,5114,1154
772.15,5361,1206
773.44,5609,1256
774.73,5871,1310
776.02,6106,1359
777.30,6352,1410
778.59,6596,1461
779.88,6831,1509
781.17,7083,1562
782.46,7277,1601
783.75,7505,1647
785.04,7716,1693
786.33,7926,1735
787.62,8146,1781
788.91,8363,1827
790.20,8578,1871
791.48,8771,1910
792.77,8941,1946
794.06,9140,1988
795.35,9304,2023
796.64,9480,2059
797.93,9632,2091
799.22,9807,2127
800.51,9964,2159
801.80,10116,2192
803.09,10238,2216
804.38,10358,2242
805.66,10476,2265
806.95,10585,2288
808.24,10685,2308
809.53,10764,2325
810.82,10843,2341
812.11,10912,2354
813.40,10963,2367
814.69,10988,2371
815.98,11029,2378
817.27,11035,2381
818.55,11041,2382
819.84,11046,2383
821.13,11018,2377
822.42,10992,2371
823.71,10954,2363
825.00,10898,2351
826.29,10834,2338
827.58,10772,2326
828.87,10697,2309
830.16,10596,2288
831.45,10503,2269
832.73,10366,2241
834.02,10265,2219
835.31,10115,2188
836.60,9984,2161
837.89,9804,2124
839.18,9641,2089
840.47,9479,2056
841.76,9300,2018
843.05,9091,1975
844.34,8902,1935
845.63,8715,1897
846.91,8493,1851
848.20,8278,1807
849.49,8055,1760
850.78,7833,1714
852.07,7631,1671
853.36,7381,1621
854.65,7167,1576
855.94,6907,1523
857.23,6681,1475
858.52,6479,1433
859.80,6229,1382
861.09,5957,1326
862.38,5779,1289
863.67,5587,1250
864.96,5315,1194
866.25,5128,1155
867.54,4890,1106
868.83,4659,1058
870.12,4389,1003
871.41,4206,965
872.70,3945,911
873.98,3745,870
875.27,3548,829
876.56,3323,783
877.85,3108,740
879.14,2876,692
880.43,2702,655
881.72,2513,617
883.01,2292,572
884.30,2108,533
885.59,1930,497
886.88,1734,457
888.16,1592,428
889.45,1472,404
890.74,1323,372
892.03,1176,342
893.32,1040,315
894.61,905,287
895.90,814,268
897.19,728,251
898.48,634,231
899.77,548,214
901.05,479,199
902.34,417,187
903.63,362,176
904.92,312,166
906.21,281,159
907.50,259,154
908.79,248,151
910.08,247,152
911.37,257,154
912.66,278,158
913.95,318,167
915.23,366,176
916.52,424,188
917.81,508,206
919.10,596,224
920.39,683,242
921.68,781,261
922.97,895,285
924.26,1003,307
925.55,1159,339
926.84,1290,365
928.13,1454,400
929.41,1628,435
930.70,1805,472
931.99,1977,508
933.28,2146,542
934.57,2350,584
935.86,2560,626
937.15,2753,668
938.44,2968,711
939.73,3215,763
941.02,3450,810
942.30,3671,855
943.59,3919,908
944.88,4164,959
946.17,4390,1003
947.46,4645,1056
948.75,4913,1112
950.04,5162,1163
951.33,5444,1221
952.62,5720,1278
953.91,5952,1326
955.20,6215,1381
956.48,6518,1443
957.77,6747,1490
959.06,6966,1536
960.35,7189,1581
961.64,7436,1633
962.93,7696,1687
964.22,7871,1723
965.51,8125,1776
966.80,8342,1821
968.09,8509,1855
969.38,8707,1897
970.66,8918,1940
971.95,9106,1979
973.24,9303,2020
974.53,9461,2053
975.82,9650,2092
977.11,9805,2124
978.40,9974,2160
979.69,10115,2189
980.98,10260,2220
982.27,10385,2246
983.55,10528,2275
984.84,10681,2306
986.13,10785,2327
987.42,10894,2351
988.71,10986,2366
990.00,11042,2380
991.29,11106,2394
992.58,11194,2413
993.87,11256,2425
995.16,11272,2428
996.45,11322,2438
997.73,11340,2442
999.02,11357,2446
1000.31,11338,2441
1001.60,11295,2433
1002.89,11324,2440
1004.18,11271,2428
1005.47,11229,2420
1006.76,11154,2404
1008.05,11102,2394
1009.34,11022,2376
1010.63,10920,2356
1011.91,10822,2336
1013.20,10695,2308
1014.49,10579,2283
1015.78,10448,2257
1017.07,10297,2226
1018.36,10126,2189
1019.65,9968,2157
1020.94,9780,2119
1022.23,9591,2079
1023.52,9425,2044
1024.80,9199,1997
1026.09,9012,1958
1027.38,8798,1914
1028.67,8590,1872
1029.96,8391,1831
1031.25,8165,1784
1032.54,7890,1726
1033.83,7652,1676
1035.12,7449,1635
1036.41,7175,1579
1037.70,6907,1523
1038.98,6720,1483
1040.27,6451,1429
1041.56,6211,1379
1042.85,5926,1320
1044.14,5710,1274
1045.43,5428,1217
1046.72,5176,1164
1048.01,4918,1112
1049.30,4652,1058
1050.59,4380,1002
1051.88,4168,959
1053.16,3915,906
1054.45,3663,854
1055.74,3403,800
1057.03,3190,756
1058.32,2962,710
1059.61,2711,658
1060.90,2553,626
1062.19,2330,580
1063.48,2142,541
1064.77,1944,501
1066.05,1790,469
1067.34,1638,438
1068.63,1483,406
1069.92,1339,378
1071.21,1171,343
1072.50,1051,317
1073.79,943,295
1075.08,812,269
1076.37,730,253
1077.66,638,233
1078.95,553,216
1080.23,474,200
switching colors
1081.52,414,24
1082.81,304,18
1084.10,227,13
1085.39,168,11
1086.68,124,8
1087.97,100,7
1089.26,95,6
1090.55,112,7
1091.84,155,10
1093.13,214,13
1094.41,298,17
1095.70,413,23
1096.99,517,29
1098.28,639,36
1099.57,792,44
1100.86,941,53
1102.15,1162,64
1103.44,1346,74
1104.73,1623,90
1106.02,1859,102
1107.30,2084,114
1108.59,2367,130
1109.88,2631,144
1111.17,2997,164
1112.46,3313,182
1113.75,3335,184
1115.04,3695,203
1116.33,3916,216
1117.62,4186,231
1118.91,4527,249
1120.20,5018,277
1121.48,5380,298
1122.77,5714,316
1124.06,6154,340
1125.35,6577,365
1126.64,7040,390
1127.93,7454,413
1129.22,7862,436
1130.51,8262,459
1131.80,8870,491
1133.09,9192,510
1134.38,9487,526
1135.66,9893,549
1136.95,10414,577
1138.24,10746,597
1139.53,11207,622
1140.82,11621,646
1142.11,12180,677
1143.40,12345,688
1144.69,12936,719
1145.98,13263,738
1147.27,13616,757
1148.55,13857,772
1149.84,14170,791
1151.13,14569,812
1152.42,14829,828
1153.71,15275,852
1155.00,15703,876
1156.29,16045,896
1157.58,16307,910
1158.87,16569,925
1160.16,16875,942
1161.45,17241,964
1162.73,17369,970
1164.02,18060,1008
1165.31,18166,1013
1166.60,18240,1018
1167.89,18852,1051
1169.18,18872,1053
1170.47,18901,1054
1171.76,18987,1060
1173.05,19112,1068
1174.34,19171,1071
1175.63,19129,1067
1176.91,19225,1073
1178.20,19234,1074
1179.49,19228,1073
1180.78,19220,1073
1182.07,19140,1068
1183.36,19227,1072
1184.65,19144,1068
1185.94,18912,1055
1187.23,18735,1045
1188.52,18561,1036
1189.80,18380,1025
1191.09,18200,1016
1192.38,18062,1008
1193.67,17877,997
1194.96,17645,984
1196.25,17427,971
1197.54,17097,953
1198.83,16838,939
1200.12,16586,924
1201.41,16264,905
1202.70,15957,889
1203.98,15626,870
1205.27,15421,857
1206.56,15037,836
1207.85,14728,820
1209.14,14392,800
1210.43,13962,776
1211.72,13583,753
1213.01,13239,735
1214.30,12841,712
1215.59,12545,696
1216.88,12202,676
1218.16,11767,651
1219.45,11335,628
1220.74,10905,604
1222.03,10895,602
1223.32,10500,579
1224.61,9973,551
1225.90,9461,522
1227.19,8925,492
1228.48,8424,463
1229.77,7907,435
1231.05,7405,408
1232.34,6980,385
1233.63,6510,359
1234.92,6068,335
1236.21,5651,311
1237.50,5263,290
1238.79,4866,268
1240.08,4463,246
1241.37,4155,229
1242.66,3814,211
1243.95,3440,189
1245.23,3097,171
1246.52,2803,154
1247.81,2479,137
1249.10,2211,122
1250.39,1942,107
1251.68,1688,94
1252.97,1473,82
1254.26,1249,69
1255.55,1034,58
1256.84,850,47
1258.13,696,39
1259.41,544,31
1260.70,419,24
1261.99,311,18
1263.28,226,14
1264.57,161,9
1265.86,109,7
1267.15,90,6
1268.44,88,6
1269.73,104,7
1271.02,143,9
1272.30,204,11
1273.59,272,16
1274.88,373,21
1276.17,481,27
1277.46,599,33
1278.75,766,43
1280.04,933,52
1281.33,1119,62
1282.62,1304,72
1283.91,1535,84
1285.20,1718,94
1286.48,2008,111
1287.77,2253,124
1289.06,2487,137
1290.35,2749,151
1291.64,3078,169
1292.93,3437,189
1294.22,3669,202
1295.51,4025,221
1296.80,4427,244
1298.09,4757,263
1299.38,5074,280
1300.66,5518,305
1301.95,5928,327
1303.24,6293,348
1304.53,6696,369
1305.82,7144,395
1307.11,7577,418
1308.40,7887,436
1309.69,8393,464
1310.98,8771,485
1312.27,9140,507
1313.55,9604,531
1314.84,10044,556
1316.13,10486,581
1317.42,10919,605
1318.71,11294,625
1320.00,11701,649
1321.29,12118,671
1322.58,12547,696
1323.87,12943,718
1325.16,13335,741
1326.45,13775,765
1327.73,14215,789
1329.02,14533,807
1330.31,14951,831
1331.60,15304,850
1332.89,15656,870
1334.18,15937,886
1335.47,16206,903
1336.76,16543,920
1338.05,16886,939
1339.34,17224,959
1340.63,17512,975
1341.91,17788,989
1343.20,17984,1002
1344.49,18214,1014
1345.78,18384,1024
1347.07,18614,1036
1348.36,18794,1047
1349.65,18859,1052
1350.94,18898,1054
1352.23,18807,1050
1353.52,18995,1060
1354.80,18903,1056
1356.09,19247,1073
1357.38,19241,1072
1358.67,19151,1068
1359.96,18950,1058
1361.25,19359,1080
1362.54,19359,1080
1363.83,19197,1071
1365.12,18994,1059
1366.41,18935,1055
1367.70,18772,1046
1368.98,18538,1033
1370.27,18462,1028
1371.56,18329,1020
1372.85,18093,1008
1374.14,17930,997
1375.43,17686,983
1376.72,17460,970
1378.01,17169,954
1379.30,16821,935
1380.59,16499,917
1381.88,16276,904
1383.16,15937,884
1384.45,15534,862
1385.74,15185,842
1387.03,14859,823
1388.32,14604,809
1389.61,14164,784
1390.90,13889,770
1392.19,13468,747
1393.48,13099,725
1394.77,12753,706
1396.05,12304,680
1397.34,11915,659
1398.63,11386,631
1399.92,11032,610
1401.21,10680,591
1402.50,10096,557
1403.79,9825,543
1405.08,9341,517
1406.37,8890,490
1407.66,8465,468
1408.95,8057,444
1410.23,7545,417
1411.52,7186,396
1412.81,6741,371
1414.10,6375,352
1415.39,5962,329
1416.68,5658,311
1417.97,5279,291
1419.26,4849,266
1420.55,4453,245
1421.84,4138,228
1423.13,3843,212
1424.41,3459,191
1425.70,3179,176
1426.99,2898,159
1428.28,2613,144
1429.57,2357,130
1430.86,2075,115
1432.15,1817,100
1433.44,1572,87
1434.73,1357,75
1436.02,1159,64
1437.30,971,54
1438.59,790,44
1439.88,631,35
1441.17,495,28
1442.46,369,21
1443.75,278,16
1445.04,186,11
1446.33,128,8
1447.62,98,6
1448.91,86,6
1450.20,94,6
1451.48,128,8
1452.77,175,11
1454.06,237,13
1455.35,329,18
1456.64,442,25
1457.93,567,32
1459.22,717,40
1460.51,894,49
1461.80,1054,59
1463.09,1263,70
1464.38,1481,82
1465.66,1715,95
1466.95,1989,110
1468.24,2259,125
1469.53,2527,139
1470.82,2834,157
1472.11,3152,174
1473.40,3461,191
1474.69,3809,210
1475.98,4172,230
1477.27,4557,251
1478.55,4943,273
1479.84,5372,296
1481.13,5743,317
1482.42,6207,343
1483.71,6579,364
1485.00,6986,387
1486.29,7442,412
1487.58,7796,432
1488.87,8310,460
1490.16,8619,478
1491.45,9065,502
1492.73,9562,530
1494.02,9936,551
1495.31,10320,572
1496.60,10712,594
1497.89,11169,620
1499.18,11623,645
1500.47,12029,667
1501.76,12402,690
1503.05,12889,715
1504.34,13277,737
1505.63,13555,753
1506.91,13935,775
1508.20,14369,800
1509.49,14624,815
1510.78,15010,836
1512.07,15373,855
1513.36,15717,876
1514.65,15997,891
1515.94,16328,910
1517.23,16614,927
1518.52,16890,943
1519.80,17153,958
1521.09,17445,974
1522.38,17626,984
1523.67,18185,1015
1524.96,18123,1012
1526.25,18370,1025
1527.54,18487,1032
1528.83,18670,1043
1530.12,18823,1050
1531.41,18900,1055
1532.70,19002,1061
1533.98,19096,1066
1535.27,19091,1066
1536.56,19204,1072
1537.85,19202,1073
1539.14,19162,1072
1540.43,19181,1072
1541.72,19082,1066
1543.01,19016,1062
1544.30,18917,1057
1545.59,18788,1049
1546.88,18628,1041
1548.16,18441,1030
1549.45,18292,1022
1550.74,18152,1013
1552.03,17982,1004
1553.32,17728,989
1554.61,17556,980
1555.90,17301,964
1557.19,17263,961
1558.48,16924,942
1559.77,16642,926
1561.05,16304,908
1562.34,16058,894
1563.63,15687,873
1564.92,15321,851
1566.21,14963,832
1567.50,14684,815
1568.79,14250,791
1570.08,13841,769
1571.37,13464,747
1572.66,13111,727
1573.95,12611,699
1575.23,12218,676
1576.52,11831,656
1577.81,11409,631
1579.10,10906,603
1580.39,10421,576
1581.68,9978,552
1582.97,9629,532
1584.26,9227,510
1585.55,8715,482
1586.84,8224,454
1588.13,7812,431
1589.41,7410,409
1590.70,6936,383
1591.99,6589,363
1593.28,6195,342
1594.57,5777,319
1595.86,5416,298
1597.15,5091,280
1598.44,4708,260
1599.73,4359,241
1601.02,3997,221
1602.30,3745,207
1603.59,3410,188
1604.88,3113,172
1606.17,2858,157
1607.46,2594,143
1608.75,2342,130
1610.04,2020,111
1611.33,1806,100
1612.62,1581,88
1613.91,1337,74
1615.20,1167,65
1616.48,980,54
1617.77,806,45
1619.06,649,36
1620.35,504,28
1621.64,377,21
1622.93,289,17
1624.22,213,13
1625.51,150,9
1626.80,107,7
1628.09,89,5
1629.38,85,6
1630.66,96,6
1631.95,128,8
1633.24,178,10
1634.53,247,14
1635.82,337,19
1637.11,432,25
1638.40,548,30
1639.69,677,38
1640.98,832,46
1642.27,1027,57
1643.55,1229,68
1644.84,1448,80
1646.13,1667,92
1647.42,1950,108
1648.71,2173,120
1650.00,2464,136
1651.29,2749,152
1652.58,3111,171
1653.87,3444,190
1655.16,3776,208
1656.45,4193,231
1657.73,4624,255
1659.02,4975,274
1660.31,5350,295
1661.60,5768,318
1662.89,6203,341
1664.18,6567,363
1665.47,6994,386
1666.76,7429,410
1668.05,7857,434
1669.34,8307,459
1670.63,8688,481
1671.91,9069,502
1673.20,9542,529
1674.49,9963,551
1675.78,10345,573
1677.07,10767,598
1678.36,11341,629
1679.65,11760,652
1680.94,12145,674
1682.23,12684,703
1683.52,13085,727
1684.80,13463,748
1686.09,13898,771
1687.38,14396,799
1688.67,14770,821
1689.96,15061,838
1691.25,15472,861
1692.54,15978,889
1693.83,16324,908
1695.12,16598,924
1696.41,16970,945
1697.70,17218,958
1698.98,17541,976
1700.27,17756,989
1701.56,17997,1003
1702.85,18248,1017
1704.14,18515,1031
1705.43,18643,1039
1706.72,18824,1048
1708.01,18944,1056
1709.30,19086,1064
1710.59,19210,1071
1711.88,19308,1076
1713.16,19479,1085
1714.45,19464,1084
1715.74,19530,1088
1717.03,19591,1092
1718.32,19570,1091
1719.61,19547,1090
1720.90,19488,1086
1722.19,19527,1088
1723.48,19442,1084
1724.77,19404,1081
1726.05,19264,1073
1727.34,19170,1069
1728.63,19071,1061
1729.92,18839,1049
1731.21,18707,1041
1732.50,18521,1030
1733.79,18280,1017
1735.08,18075,1005
1736.37,17834,993
1737.66,17570,977
1738.95,17251,959
1740.23,16974,943
1741.52,16677,927
1742.81,16353,908
1744.10,16060,892
1745.39,15606,867
1746.68,15294,851
1747.97,15042,834
1749.26,14576,808
1750.55,14117,783
1751.84,13742,761
1753.13,13376,741
1754.41,12969,719
1755.70,12570,696
1756.99,12107,670
1758.28,11609,643
1759.57,11179,619
1760.86,10731,594
1762.15,10328,571
1763.44,9901,547
1764.73,9473,523
1766.02,9027,499
1767.30,8560,473
1768.59,8108,448
1769.88,7715,426
1771.17,7271,401
1772.46,6825,376
1773.75,6467,356
1775.04,6021,332
1776.33,5582,308
1777.62,5224,288
1778.91,4863,267
1780.20,4467,246
1781.48,4090,225
1782.77,3709,204
1784.06,3396,187
1785.35,3059,169
1786.64,2755,152
1787.93,2435,134
1789.22,2192,121
1790.51,1923,106
1791.80,1623,89
1793.09,1407,77
1794.38,1224,67
1795.66,1024,57
1796.95,817,45
1798.24,645,35
1799.53,524,29
1800.82,417,24
1802.11,301,17
1803.40,224,13
1804.69,165,10
1805.98,116,7
1807.27,92,6
1808.55,87,5
1809.84,96,6
1811.13,134,7
1812.42,180,11
1813.71,245,14
1815.00,343,20
1816.29,451,25
1817.58,572,32
1818.87,689,38
1820.16,864,48
1821.45,1042,57
1822.73,1210,67
1824.02,1429,79
1825.31,1641,90
1826.60,1881,104
1827.89,2167,120
1829.18,2442,134
1830.47,2758,151
1831.76,3011,166
1833.05,3393,186
1834.34,3690,204
1835.63,4005,221
1836.91,4317,238
1838.20,4680,258
1839.49,5035,278
1840.78,5377,297
1842.07,5786,320
1843.36,6227,344
1844.65,6648,368
1845.94,7015,388
1847.23,7466,413
1848.52,7860,435
1849.80,8187,453
1851.09,8603,476
1852.38,9015,500
1853.67,9486,526
1854.96,9894,548
1856.25,10347,574
1857.54,10753,597
1858.83,11227,624
1860.12,11620,645
1861.41,11969,664
1862.70,12430,690
1863.98,12807,712
1865.27,13229,735
1866.56,13598,757
1867.85,14028,782
1869.14,14435,805
1870.43,14761,821
1871.72,15082,840
1873.01,15447,860
1874.30,15764,879
1875.59,16117,898
1876.88,16430,915
1878.16,16756,934
1879.45,17031,949
1880.74,17267,963
1882.03,17500,976
1883.32,17680,987
1884.61,17876,998
1885.90,18069,1008
1887.19,18300,1022
1888.48,18445,1029
1889.77,18559,1037
1891.05,18695,1044
1892.34,18867,1053
1893.63,18890,1055
1894.92,18936,1057
1896.21,18969,1060
1897.50,18954,1059
1898.79,18961,1059
1900.08,18928,1058
1901.37,18875,1054
1902.66,18783,1049
1903.95,18814,1051
1905.23,18757,1048
1906.52,18704,1044
1907.81,18645,1040
1909.10,18461,1030
1910.39,18371,1025
1911.68,18187,1014
1912.97,17951,1000
1914.26,17799,992
1915.55,17534,977
1916.84,17218,959
1918.13,17007,948
1919.41,16778,934
1920.70,16519,920
1921.99,16225,904
1923.28,15911,885
1924.57,15619,868
1925.86,15219,846
1927.15,14849,825
1928.44,14583,811
1929.73,14152,787
1931.02,13765,763
1932.30,13442,746
1933.59,12924,717
1934.88,12625,700
1936.17,12201,677
1937.46,11751,651
1938.75,11333,628
1940.04,10924,605
1941.33,10465,580
1942.62,10065,557
1943.91,9619,532
1945.20,9274,512
1946.48,8791,486
1947.77,8387,464
1949.06,7996,442
1950.35,7519,415
1951.64,7601,417
1952.93,7145,394
1954.22,6493,357
1955.51,6104,336
1956.80,5740,317
1958.09,5304,292
1959.38,4950,273
1960.66,4526,250
1961.95,4166,230
1963.24,3851,212
1964.53,3456,191
1965.82,3137,173
1967.11,2827,156
1968.40,2516,139
1969.69,2228,123
1970.98,1936,106
1972.27,1666,92
1973.55,1430,79
1974.84,1200,66
1976.13,996,56
1977.42,821,46
1978.71,656,37
1980.00,529,29
1981.29,407,23
1982.58,296,16
1983.87,217,13
1985.16,153,9
1986.45,111,7
1987.73,89,6
1989.02,86,6
1990.31,101,7
1991.60,138,8
1992.89,192,11
1994.18,276,16
1995.47,372,21
1996.76,487,28
1998.05,618,34
1999.34,783,44
2000.63,951,52
2001.91,1142,63
2003.20,1361,74
2004.49,1592,87
2005.78,1869,103
2007.07,2101,116
2008.36,2440,135
2009.65,2725,150
2010.94,3033,167
2012.23,3360,185
2013.52,3689,203
2014.80,4035,222
2016.09,4323,239
2017.38,4751,262
2018.67,5143,284
2019.96,5519,304
2021.25,5896,325
2022.54,6327,350
2023.83,6741,372
2025.12,7067,391
2026.41,7414,410
2027.70,7868,435
2028.98,8310,461
2030.27,8674,480
2031.56,9124,506
2032.85,9616,532
2034.14,9984,552
2035.43,10324,572
2036.72,10848,602
2038.01,11124,617
2039.30,11561,643
2040.59,12048,668
2041.88,12487,694
2043.16,12887,717
2044.45,13304,739
2045.74,13666,760
2047.03,14052,781
2048.32,14379,799
2049.61,14808,825
2050.90,15101,841
2052.19,15414,859
2053.48,15807,880
2054.77,16126,898
2056.05,16445,915
2057.34,16705,931
2058.63,16969,945
2059.92,17211,960
2061.21,17502,976
2062.50,17688,986
2063.79,17942,1000
2065.08,18184,1014
2066.37,18411,1026
2067.66,18592,1037
2068.95,18698,1043
2070.23,18814,1049
2071.52,18890,1054
2072.81,19068,1063
2074.10,19162,1069
2075.39,19171,1070
2076.68,19342,1079
2077.97,19415,1081
2079.26,19455,1084
2080.55,19301,1075
2081.84,19411,1081
2083.12,19352,1078
2084.41,19130,1066
2085.70,19144,1065
2086.99,19060,1061
2088.28,18945,1054
2089.57,18727,1041
2090.86,18450,1028
2092.15,18214,1014
2093.44,17965,1001
2094.73,17607,982
2096.02,17498,975
2097.30,17043,949
2098.59,16786,937
2099.88,16591,924
2101.17,16477,916
2102.46,16160,898
2103.75,15743,875
2105.04,15343,853
2106.33,14934,831
2107.62,14576,810
2108.91,14248,792
2110.20,13986,775
2111.48,13508,750
2112.77,13114,726
2114.06,12692,704
2115.35,12133,673
2116.64,11745,650
2117.93,11390,631
2119.22,10925,605
2120.51,10492,580
2121.80,10097,558
2123.09,9647,532
2124.37,9221,509
2125.66,8865,489
2126.95,8414,464
2128.24,7999,442
2129.53,7608,420
2130.82,7232,399
2132.11,6780,374
2133.40,6416,354
2134.69,6091,336
2135.98,5692,314
2137.27,5275,290
2138.55,4891,270
2139.84,4560,252
2141.13,4194,231
2142.42,3885,214
2143.71,3540,195
2145.00,3225,177
2146.29,2906,160
2147.58,2600,143
2148.87,2387,132
2150.16,2078,114
2151.45,1911,105
2152.73,1686,93
2154.02,1466,81
2155.31,1251,69
2156.60,1046,58
2157.89,858,48
2159.18,703,39
2160.47,565,32
switching colors
2161.76,217,5
2163.05,165,4
2164.34,127,3
2165.62,94,3
2166.91,65,2
2168.20,51,2
2169.49,46,2
2170.78,49,2
2172.07,67,2
2173.36,89,2
2174.65,126,3
2175.94,174,4
2177.23,226,5
2178.52,280,6
2179.80,363,8
2181.09,443,9
2182.38,539,11
2183.67,645,14
2184.96,779,16
2186.25,911,19
2187.54,1032,21
2188.83,1176,24
2190.12,1328,28
2191.41,1488,31
2192.70,1662,34
2193.98,1845,38
2195.27,2016,41
2196.56,2189,45
2197.85,2394,49
2199.14,2599,53
2200.43,2770,56
2201.72,2983,61
2203.01,3189,65
2204.30,3394,69
2205.59,3621,74
2206.87,3840,78
2208.16,4062,83
2209.45,4283,87
2210.74,4512,92
2212.03,4735,98
2213.32,4956,101
2214.61,5218,106
2215.90,5457,111
2217.19,5670,116
2218.48,5905,120
2219.77,6153,126
2221.05,6356,129
2222.34,6557,134
2223.63,6775,138
2224.92,6979,143
2226.21,7152,146
2227.50,7328,150
2228.79,7513,153
2230.08,7725,158
2231.37,7901,162
2232.66,8046,165
2233.95,8202,168
2235.23,8362,171
2236.52,8517,175
2237.81,8647,178
2239.10,8764,179
2240.39,8934,183
2241.68,9052,185
2242.97,9183,188
2244.26,9261,189
2245.55,9363,192
2246.84,9438,193
2248.12,9515,195
2249.41,9581,197
2250.70,9657,198
2251.99,9717,199
2253.28,9761,200
2254.57,9784,201
2255.86,9833,202
2257.15,9847,202
2258.44,9858,202
2259.73,9856,202
2261.02,9845,202
2262.30,9821,202
2263.59,9797,201
2264.88,9756,199
2266.17,9711,199
2267.46,9644,197
2268.75,9597,197
2270.04,9518,196
2271.33,9446,193
2272.62,9354,192
2273.91,9247,189
2275.20,9140,187
2276.48,9003,184
2277.77,8869,182
2279.06,8734,178
2280.35,8582,176
2281.64,8421,172
2282.93,8262,169
2284.22,8087,165
2285.51,7874,161
2286.80,7694,158
2288.09,7529,153
2289.37,7314,150
2290.66,7101,146
2291.95,6884,141
2293.24,6710,137
2294.53,6495,133
2295.82,6271,128
2297.11,6065,124
2298.40,5844,120
2299.69,5628,114
2300.98,5404,111
2302.27,5180,106
2303.55,4954,101
2304.84,4730,96
2306.13,4520,92
2307.42,4289,88
2308.71,4075,83
2310.00,3861,79
2311.29,3622,74
2312.58,3401,69
2313.87,3198,65
2315.16,2977,61
2316.45,2773,57
2317.73,2558,52
2319.02,2382,49
2320.31,2179,45
2321.60,2003,41
2322.89,1799,37
2324.18,1659,34
2325.47,1486,31
2326.76,1326,28
2328.05,1186,25
2329.34,1012,21
2330.62,900,19
2331.91,799,16
2333.20,687,15
2334.49,587,12
2335.78,473,10
2337.07,400,8
2338.36,316,7
2339.65,258,6
2340.94,208,5
2342.23,161,4
2343.52,120,3
2344.80,84,2
2346.09,66,2
2347.38,49,1
2348.67,45,2
2349.96,49,1
2351.25,62,2
2352.54,86,2
2353.83,120,3
2355.12,163,4
2356.41,210,5
2357.70,283,6
2358.98,341,7
2360.27,428,9
2361.56,518,10
2362.85,608,13
2364.14,724,15
2365.43,837,18
2366.72,969,20
2368.01,1080,22
2369.30,1239,26
2370.59,1361,28
2371.87,1516,31
2373.16,1679,35
2374.45,1864,38
2375.74,2015,41
2377.03,2197,44
2378.32,2363,48
2379.61,2576,53
2380.90,2756,56
2382.19,2974,61
2383.48,3188,65
2384.77,3415,69
2386.05,3633,74
2387.34,3856,78
2388.63,4083,84
2389.92,4301,88
2391.21,4577,93
2392.50,4824,99
2393.79,5057,103
2395.08,5274,107
2396.37,5517,113
2397.66,5745,117
2398.95,5977,121
2400.23,6193,127
2401.52,6421,131
2402.81,6620,135
2404.10,6844,139
2405.39,7070,144
2406.68,7284,149
2407.97,7472,153
2409.26,7677,157
2410.55,7860,161
2411.84,8019,164
2413.12,8218,168
2414.41,8377,171
2415.70,8537,175
2416.99,8685,178
2418.28,8873,181
2419.57,8981,184
2420.86,9099,187
2422.15,9303,191
2423.44,9428,193
2424.73,9511,195
2426.02,9605,196
2427.30,9763,200
2428.59,9877,202
2429.88,9914,202
2431.17,10005,204
2432.46,10095,206
2433.75,10114,207
2435.04,10160,207
2436.33,10189,208
2437.62,10190,209
2438.91,10199,209
2440.20,10139,207
2441.48,10164,208
2442.77,10140,207
2444.06,10094,206
2445.35,10045,205
2446.64,9983,204
2447.93,9931,203
2449.22,9840,202
2450.51,9757,200
2451.80,9671,197
2453.09,9536,195
2454.37,9434,192
2455.66,9334,191
2456.95,9181,188
2458.24,9054,185
2459.53,8899,181
2460.82,8768,180
2462.11,8579,175
2463.40,8432,172
2464.69,8247,169
2465.98,8065,165
2467.27,7877,161
2468.55,7673,156
2469.84,7489,153
2471.13,7316,149
2472.42,7103,145
2473.71,6930,142
2475.00,6720,136
2476.29,6484,132
2477.58,6256,127
2478.87,6063,123
2480.16,5843,119
2481.45,5630,115
2482.73,5436,111
2484.02,5163,105
2485.31,4971,101
2486.60,4758,97
2487.89,4506,92
2489.18,4294,88
2490.47,4073,83
2491.76,3845,78
2493.05,3585,73
2494.34,3394,69
2495.62,3210,65
2496.91,2984,61
2498.20,2767,57
2499.49,2539,52
2500.78,2339,48
2502.07,2106,43
2503.36,1920,39
2504.65,1774,37
2505.94,1593,33
2507.23,1423,29
2508.52,1263,26
2509.80,1126,23
2511.09,982,20
2512.38,854,18
2513.67,729,15
2514.96,619,13
2516.25,516,10
2517.54,436,9
2518.83,338,7
2520.12,278,6
2521.41,202,4
2522.70,159,4
2523.98,105,3
2525.27,79,2
2526.56,58,2
2527.85,47,2
2529.14,46,1
2530.43,55,2
2531.72,76,2
2533.01,115,3
2534.30,155,4
2535.59,205,5
2536.87,277,6
2538.16,339,8
2539.45,413,8
2540.74,520,10
2542.03,607,12
2543.32,716,15
2544.61,842,17
2545.90,953,20
2547.19,1094,22
2548.48,1226,25
2549.77,1400,28
2551.05,1537,32
2552.34,1688,34
2553.63,1846,38
2554.92,2007,41
2556.21,2159,45
2557.50,2359,49
2558.79,2570,52
2560.08,2760,56
2561.37,2919,59
2562.66,3109,63
2563.95,3319,67
2565.23,3563,73
2566.52,3750,76
2567.81,3961,81
2569.10,4182,85
2570.39,4413,91
2571.68,4613,94
2572.97,4840,99
2574.26,5043,103
2575.55,5269,107
2576.84,5493,112
2578.12,5679,116
2579.41,5893,121
2580.70,6146,126
2581.99,6303,129
2583.28,6517,133
2584.57,6728,137
2585.86,6924,142
2587.15,7096,145
2588.44,7277,149
2589.73,7480,153
2591.02,7680,157
2592.30,7833,161
2593.59,8015,164
2594.88,8188,168
2596.17,8359,171
2597.46,8502,174
2598.75,8656,177
2600.04,8792,181
2601.33,8924,183
2602.62,9051,185
2603.91,9170,188
2605.20,9278,190
2606.48,9384,192
2607.77,9491,194
2609.06,9545,195
2610.35,9622,197
2611.64,9679,198
2612.93,9743,200
2614.22,9765,200
2615.51,9807,201
2616.80,9823,200
2618.09,9824,201
2619.37,9826,202
2620.66,9814,201
2621.95,9793,200
2623.24,9767,200
2624.53,9718,199
2625.82,9666,197
2627.11,9611,196
2628.40,9543,196
2629.69,9455,194
2630.98,9355,192
2632.27,9252,190
2633.55,9165,188
2634.84,9041,185
2636.13,8916,183
2637.42,8768,179
2638.71,8611,176
2640.00,8473,173
2641.29,8291,169
2642.58,8115,166
2643.87,7972,163
2645.16,7793,159
2646.45,7591,156
2647.73,7378,151
2649.02,7233,147
2650.31,7022,144
2651.60,6807,139
2652.89,6636,136
2654.18,6424,132
2655.47,6212,127
2656.76,6021,123
2658.05,5839,119
2659.34,5642,115
2660.62,5416,111
2661.91,5221,107
2663.20,4974,101
2664.49,4800,98
2665.78,4545,93
2667.07,4356,89
2668.36,4149,85
2669.65,3875,79
2670.94,3693,76
2672.23,3533,73
2673.52,3283,67
2674.80,3098,64
2676.09,2935,60
2677.38,2707,55
2678.67,2496,52
2679.96,2346,48
2681.25,2160,45
2682.54,1991,41
2683.83,1827,38
2685.12,1681,35
2686.41,1518,31
2687.70,1340,28
2688.98,1198,25
2690.27,1087,23
2691.56,963,20
2692.85,834,17
2694.14,726,15
2695.43,619,13
2696.72,537,12
2698.01,442,9
2699.30,350,8
2700.59,274,6
2701.87,225,5
2703.16,169,4
2704.45,124,3
2705.74,92,2
2707.03,65,2
2708.32,50,1
2709.61,45,1
2710.90,52,1
2712.19,69,2
2713.48,104,3
2714.77,138,3
2716.05,195,5
2717.34,256,6
2718.63,329,7
2719.92,396,8
2721.21,488,10
2722.50,601,12
2723.79,705,14
2725.08,851,18
2726.37,966,20
2727.66,1090,22
2728.95,1238,25
2730.23,1401,28
2731.52,1545,31
2732.81,1710,35
2734.10,1894,39
2735.39,2106,43
2736.68,2271,46
2737.97,2475,51
2739.26,2678,55
2740.55,2897,58
2741.84,3085,63
2743.12,3322,67
2744.41,3556,73
2745.70,3787,77
2746.99,4025,82
2748.28,4279,87
2749.57,4489,92
2750.86,4712,96
2752.15,4957,101
2753.44,5186,105
2754.73,5405,110
2756.02,5638,115
2757.30,5853,119
2758.59,6084,124
2759.88,6309,128
2761.17,6548,133
2762.46,6699,136
2763.75,6880,141
2765.04,7086,145
2766.33,7327,150
2767.62,7482,152
2768.91,7658,156
2770.20,7858,161
2771.48,8062,164
2772.77,8200,168
2774.06,8381,171
2775.35,8562,175
2776.64,8699,178
2777.93,8850,181
2779.22,9014,184
2780.51,9141,187
2781.80,9283,190
2783.09,9410,193
2784.37,9537,195
2785.66,9647,197
2786.95,9743,199
2788.24,9821,201
2789.53,9916,203
2790.82,9943,203
2792.11,10024,205
2793.40,10102,206
2794.69,10096,206
2795.98,10152,207
2797.27,10195,208
2798.55,10202,209
2799.84,10200,208
2801.13,10197,208
2802.42,10174,208
2803.71,10150,208
2805.00,10120,206
2806.29,10073,206
2807.58,10010,204
2808.87,9950,203
2810.16,9861,202
2811.45,9786,199
2812.73,9654,197
2814.02,9550,195
2815.31,9425,192
2816.60,9288,190
2817.89,9133,186
2819.18,8991,184
2820.47,8840,180
2821.76,8650,176
2823.05,8480,173
2824.34,8308,169
2825.62,8128,166
2826.91,7954,163
2828.20,7737,158
2829.49,7563,154
2830.78,7323,150
2832.07,7084,145
2833.36,6922,142
2834.65,6709,137
2835.94,6460,132
2837.23,6249,128
2838.52,5963,123
2839.80,5788,117
2841.09,5541,113
2842.38,5329,109
2843.67,5114,105
2844.96,4864,99
2846.25,4624,95
2847.54,4372,89
2848.83,4135,85
2850.12,3909,80
2851.41,3697,75
2852.70,3449,70
2853.98,3205,65
2855.27,3010,61
2856.56,2819,58
2857.85,2590,53
2859.14,2383,49
2860.43,2217,45
2861.72,2048,42
2863.01,1884,39
2864.30,1689,35
2865.59,1544,32
2866.87,1379,28
2868.16,1258,26
2869.45,1118,23
2870.74,959,20
2872.03,858,18
2873.32,748,16
2874.61,640,13
2875.90,527,11
2877.19,439,9
2878.48,366,8
2879.77,281,6
2881.05,223,5
2882.34,178,4
2883.63,133,3
2884.92,94,2
2886.21,68,2
2887.50,52,2
2888.79,46,2
2890.08,50,2
2891.37,66,2
2892.66,88,2
2893.95,123,3
2895.23,171,4
2896.52,215,4
2897.81,281,6
2899.10,345,7
2900.39,419,9
2901.68,502,11
2902.97,591,12
2904.26,710,15
2905.55,816,17
2906.84,946,19
2908.12,1075,22
2909.41,1178,24
2910.70,1347,28
2911.99,1520,31
2913.28,1652,34
2914.57,1825,37
2915.86,2000,41
2917.15,2169,45
2918.44,2366,48
2919.73,2560,52
2921.02,2788,57
2922.30,3018,62
2923.59,3247,66
2924.88,3463,71
2926.17,3679,75
2927.46,3885,79
2928.75,4104,84
2930.04,4333,89
2931.33,4531,93
2932.62,4774,98
2933.91,4991,102
2935.20,5222,107
2936.48,5458,112
2937.77,5660,115
2939.06,5877,121
2940.35,6085,125
2941.64,6297,129
2942.93,6490,133
2944.22,6649,137
2945.51,6904,142
2946.80,7186,147
2948.09,7326,149
2949.37,7523,153
2950.66,7710,158
2951.95,7925,162
2953.24,8096,166
2954.53,8290,170
2955.82,8435,172
2957.11,8601,175
2958.40,8742,179
2959.69,8888,183
2960.98,9020,185
2962.27,9137,188
2963.55,9247,190
2964.84,9336,192
2966.13,9420,193
2967.42,9509,195
2968.71,9591,197
2970.00,9647,198
2971.29,9713,199
2972.58,9761,200
2973.87,9788,201
2975.16,9821,202
2976.45,9840,202
2977.73,9851,202
2979.02,9851,203
2980.31,9855,202
2981.60,9822,202
2982.89,9796,200
2984.18,9760,200
2985.47,9725,200
2986.76,9658,198
2988.05,9596,197
2989.34,9533,195
2990.62,9451,194
2991.91,9367,192
2993.20,9252,190
2994.49,9140,187
2995.78,9023,185
2997.07,8901,182
2998.36,8764,180
2999.65,8633,176
3000.94,8503,173
3002.23,8360,171
3003.52,8179,168
3004.80,8024,164
3006.09,7837,160
3007.38,7679,157
3008.67,7471,153
3009.96,7305,149
3011.25,7134,146
3012.54,6934,142
3013.83,6737,138
3015.12,6558,135
3016.41,6290,129
3017.70,6096,125
3018.98,5848,120
3020.27,5652,116
3021.56,5439,111
3022.85,5214,106
3024.14,4951,101
3025.43,4749,97
3026.72,4521,92
3028.01,4278,87
3029.30,3996,82
3030.59,3796,77
3031.87,3592,73
3033.16,3387,69
3034.45,3159,65
3035.74,2959,61
3037.03,2773,57
3038.32,2562,52
3039.61,2358,49
3040.90,2167,45
3042.19,1993,41
3043.48,1809,37
3044.77,1643,34
3046.05,1495,31
3047.34,1323,27
3048.63,1182,24
3049.92,1039,22
3051.21,921,19
3052.50,785,17
3053.79,667,14
3055.08,547,11
3056.37,462,10
3057.66,380,8
3058.95,299,6
3060.23,229,5
3061.52,174,4
3062.81,130,3
3064.10,91,2
3065.39,65,2
3066.68,51,1
3067.97,45,1
3069.26,50,2
3070.55,67,2
3071.84,89,2
3073.12,120,3
3074.41,167,4
3075.70,216,5
3076.99,278,6
3078.28,350,7
3079.57,428,9
3080.86,526,11
3082.15,590,12
3083.44,700,14
3084.73,815,17
3086.02,935,19
3087.30,1087,23
3088.59,1226,25
3089.88,1339,27
3091.17,1474,31
3092.46,1627,33
3093.75,1838,37
3095.04,1969,40
3096.33,2202,45
3097.62,2342,47
3098.91,2525,52
3100.20,2767,56
3101.48,2980,61
3102.77,3137,64
3104.06,3334,68
3105.35,3571,73
3106.64,3770,77
3107.93,3994,81
3109.22,4191,85
3110.51,4400,90
3111.80,4636,95
3113.09,4870,99
3114.37,5079,104
3115.66,5307,108
3116.95,5537,113
3118.24,5752,117
3119.53,5978,122
3120.82,6200,126
3122.11,6457,132
3123.40,6675,136
3124.69,6863,140
3125.98,7082,145
3127.27,7313,149
3128.55,7505,154
3129.84,7721,159
3131.13,7907,162
3132.42,8125,166
3133.71,8292,169
3135.00,8464,173
3136.29,8644,175
3137.58,8812,180
3138.87,8954,183
3140.16,9109,186
3141.45,9246,189
3142.73,9380,192
3144.02,9464,194
3145.31,9609,197
3146.60,9660,198
3147.89,9781,200
3149.18,9857,202
3150.47,9904,203
3151.76,9969,204
3153.05,9935,204
3154.34,9984,204
3155.62,9985,205
3156.91,10180,208
3158.20,10201,209
3159.49,10152,208
3160.78,10130,206
3162.07,10135,207
3163.36,10083,207
3164.65,10000,205
3165.94,9980,204
3167.23,9938,203
3168.52,9891,203
3169.80,9786,199
3171.09,9676,197
3172.38,9559,195
3173.67,9454,193
3174.96,9331,190
3176.25,9194,188
3177.54,9060,185
3178.83,8905,182
3180.12,8707,178
3181.41,8569,176
3182.70,8394,172
3183.98,8183,167
3185.27,8025,164
3186.56,7883,161
3187.85,7698,157
3189.14,7481,152
3190.43,7346,150
3191.72,7153,146
3193.01,6894,140
3194.30,6724,138
3195.59,6495,132
3196.87,6288,128
3198.16,6101,125
3199.45,5879,120
3200.74,5640,115
3202.03,5422,110
3203.32,5213,106
3204.61,5002,102
3205.90,4731,97
3207.19,4502,92
3208.48,4300,88
3209.77,4069,83
3211.05,3847,79
3212.34,3661,75
3213.63,3449,70
3214.92,3255,66
3216.21,3056,63
3217.50,2806,57
3218.79,2614,54
3220.08,2447,50
3221.37,2309,47
3222.66,2111,43
3223.95,1930,40
3225.23,1746,36
3226.52,1601,32
3227.81,1430,29
3229.10,1273,26
3230.39,1143,24
3231.68,1007,21
3232.97,851,18
3234.26,738,16
3235.55,635,14
3236.84,522,11
3238.12,424,9
3239.41,343,8
3240.70,265,6