
1.29,1244,305
2.58,1072,280
3.87,914,250
5.16,880,251
6.45,762,228
7.73,644,204
9.02,527,180
10.31,422,158
11.60,361,148
12.89,290,134
14.18,251,126
15.47,222,121
16.76,208,118
18.05,211,119
19.34,230,123
20.62,262,130
21.91,313,140
23.20,386,156
24.49,472,174
25.78,573,195
27.07,693,220
28.36,829,248
29.65,966,276
30.94,1129,309
32.23,1296,344
33.52,1480,382
34.80,1678,423
36.09,1900,468
37.38,2133,517
38.67,2378,567
39.96,2629,618
41.25,2873,670
42.54,3143,725
43.83,3448,788
45.12,3710,842
46.41,4023,907
47.70,4372,978
48.98,4688,1044
50.27,5015,1112
51.56,5356,1181
52.85,5734,1260
54.14,6090,1333
55.43,6438,1405
56.72,6855,1491
58.01,7245,1571
59.30,7616,1649
60.59,7980,1723
61.88,8395,1810
63.16,8794,1892
64.45,9137,1961
65.74,9503,2037
67.03,9865,2112
68.32,10208,2184
69.61,10584,2262
70.90,11000,2349
72.19,11294,2410
73.48,11619,2476
74.77,11974,2550
76.05,12265,2610
77.34,12539,2668
78.63,12820,2726
79.92,13060,2776
81.21,13353,2836
82.50,13612,2890
83.79,13869,2945
85.08,14133,2997
86.37,14402,3054
87.66,14601,3094
88.95,14797,3134
90.23,15017,3181
91.52,15136,3205
92.81,15310,3241
94.10,15461,3271
95.39,15615,3304
96.68,15751,3330
97.97,15850,3352
99.26,15944,3373
100.55,16009,3385
101.84,16075,3397
103.12,16159,3414
104.41,16189,3422
105.70,16209,3425
106.99,16234,3430
108.28,16200,3420
109.57,16211,3424
110.86,16126,3406
112.15,16061,3395
113.44,16034,3387
114.73,15911,3359
116.02,15773,3331
117.30,15694,3312
118.59,15535,3281
119.88,15373,3247
121.17,15227,3216
122.46,15022,3175
123.75,14839,3137
125.04,14671,3099
126.33,14452,3057
127.62,14205,3003
128.91,13998,2961
130.20,13741,2908
131.48,13461,2846
132.77,13177,2788
134.06,12902,2731
135.35,12584,2665
136.64,12240,2597
137.93,11935,2531
139.22,11636,2469
140.51,11295,2397
141.80,10905,2315
143.09,10611,2255
144.38,10258,2184
145.66,9883,2105
146.95,9533,2034
148.24,9177,1958
149.53,8833,1888
150.82,8452,1810
152.11,8110,1738
153.40,7745,1665
154.69,7293,1570
155.98,6988,1508
157.27,6627,1434
158.55,6259,1357
159.84,5928,1289
161.13,5567,1215
162.42,5217,1143
163.71,4894,1077
165.00,4562,1010
166.29,4239,943
167.58,3875,868
168.87,3588,809
170.16,3335,758
171.45,3058,700
172.73,2767,641
174.02,2536,594
175.31,2289,543
176.60,2051,496
177.89,1835,450
179.18,1621,406
180.47,1415,363
181.76,1209,320
183.05,1066,292
184.34,911,260
185.63,755,226
186.91,666,211
188.20,554,188
189.49,449,166
190.78,383,153
192.07,327,143
193.36,266,131
194.65,227,122
195.94,208,117
197.23,204,119
198.52,214,120
199.80,238,125
201.09,275,133
202.38,330,144
203.67,414,161
204.96,499,180
206.25,565,193
207.54,696,221
208.83,832,248
210.12,963,276
211.41,1094,303
212.70,1292,344
213.98,1473,381
215.27,1687,425
216.56,1845,457
217.85,2077,505
219.14,2326,557
220.43,2538,601
221.72,2764,648
223.01,2988,694
224.30,3281,753
225.59,3559,811
226.88,3752,848
228.16,4107,924
229.45,4443,992
230.74,4801,1068
232.03,5105,1130
233.32,5451,1201
234.61,5808,1275
235.90,6087,1332
237.19,6479,1414
238.48,6861,1493
239.77,7221,1567
241.05,7527,1632
242.34,7865,1702
243.63,8206,1772
244.92,8546,1842
246.21,8902,1916
247.50,9255,1989
248.79,9554,2051
250.08,9894,2121
251.37,10008,2144
252.66,10290,2201
253.95,10388,2219
255.23,10806,2309
256.52,11316,2416
257.81,11642,2482
259.10,11918,2540
260.39,12216,2602
261.68,12643,2689
262.97,12921,2749
264.26,13087,2784
265.55,13353,2840
266.84,13609,2892
268.13,13928,2959
269.41,14168,3009
270.70,14369,3050
271.99,14564,3091
273.28,14747,3128
274.57,14929,3167
275.86,15075,3196
277.15,15261,3232
278.44,15375,3257
279.73,15453,3272
281.02,15546,3292
282.30,15608,3303
283.59,15659,3314
284.88,15709,3325
286.17,15725,3326
287.46,15725,3326
288.75,15717,3326
290.04,15692,3320
291.33,15642,3307
292.62,15596,3300
293.91,15541,3286
295.20,15390,3254
296.48,15297,3236
297.77,15193,3214
299.06,15051,3183
300.35,14906,3152
301.64,14775,3124
302.93,14607,3089
304.22,14383,3043
305.51,14185,3003
306.80,13965,2954
308.09,13719,2903
309.38,13560,2871
310.66,13290,2815
311.95,13022,2757
313.24,12758,2702
314.53,12564,2662
315.82,12248,2596
317.11,11913,2527
318.40,11622,2468
319.69,11304,2400
320.98,10960,2329
322.27,10688,2273
323.55,10381,2209
324.84,10057,2143
326.13,9695,2067
327.42,9297,1984
328.71,9019,1928
330.00,8677,1857
331.29,8308,1779
332.58,7964,1708
333.87,7524,1618
335.16,7159,1541
336.45,6787,1465
337.73,6431,1391
339.02,6092,1322
340.31,5713,1243
341.60,5396,1178
342.89,4996,1096
344.18,4673,1030
345.47,4381,969
346.76,4121,917
348.05,3807,852
349.34,3492,788
350.63,3249,738
351.91,2991,686
353.20,2731,634
354.49,2470,579
355.78,2239,532
357.07,2002,484
358.36,1768,436
359.65,1581,398
360.94,1385,357
362.23,1210,322
363.52,1046,288
364.80,873,253
366.09,741,226
367.38,618,201
368.67,501,177
369.96,418,160
371.25,343,146
372.54,285,134
373.83,234,122
375.12,211,117
376.41,203,116
377.70,215,119
378.98,235,121
380.27,282,132
381.56,343,146
382.85,418,161
384.14,511,181
385.43,608,202
386.72,736,230
388.01,879,259
389.30,1023,288
390.59,1181,320
391.88,1338,350
393.16,1510,388
394.45,1732,434
395.74,1923,473
397.03,2140,517
398.32,2335,558
399.61,2564,606
400.90,2859,668
402.19,3215,739
403.48,3439,788
404.77,3695,840
406.05,4021,906
407.34,4288,961
408.63,4648,1037
409.92,4975,1104
411.21,5291,1170
412.50,5645,1243
413.79,5923,1301
415.08,6237,1367
416.37,6575,1435
417.66,6901,1504
418.95,7264,1578
420.23,7617,1650
421.52,7902,1709
422.81,8279,1788
424.10,8679,1869
425.39,9063,1950
426.68,9373,2014
427.97,9680,2079
429.26,10011,2146
430.55,10345,2215
431.84,10677,2284
433.13,11025,2355
434.41,11330,2418
435.70,11728,2500
436.99,12056,2568
438.28,12328,2625
439.57,12666,2696
440.86,12891,2742
442.15,13180,2801
443.44,13479,2863
444.73,13713,2914
446.02,14096,2992
447.30,14306,3034
448.59,14557,3084
449.88,14780,3130
451.17,14975,3172
452.46,15171,3211
453.75,15319,3241
455.04,15502,3278
456.33,15625,3305
457.62,15777,3337
458.91,15885,3359
460.20,16008,3383
461.48,16003,3385
462.77,16078,3400
464.06,15992,3384
465.35,16026,3389
466.64,16003,3385
467.93,16019,3388
469.22,15979,3378
470.51,16088,3399
471.80,15960,3374
473.09,15894,3357
474.38,15745,3326
475.66,15541,3287
476.95,15479,3272
478.24,15332,3242
479.53,15256,3222
480.82,15086,3187
482.11,14840,3135
483.40,14668,3099
484.69,14461,3057
485.98,14029,2964
487.27,12906,2723
488.55,12649,2667
489.84,12934,2731
491.13,12184,2572
492.42,12363,2610
493.71,12237,2584
495.00,12005,2539
496.29,11706,2478
497.58,11337,2400
498.87,10980,2328
500.16,11137,2364
501.45,10821,2297
502.73,10605,2253
504.02,10167,2161
505.31,9929,2114
506.60,9625,2050
507.89,9231,1969
509.18,8933,1908
510.47,8576,1834
511.76,8153,1745
513.05,7795,1673
514.34,7477,1607
515.63,7131,1536
516.91,6754,1457
518.20,6437,1393
519.49,6068,1317
520.78,5726,1247
522.07,5429,1185
523.36,5138,1127
524.65,4828,1064
525.94,4489,993
527.23,4228,940
528.52,3889,872
529.80,3629,818
531.09,3308,751
532.38,3049,698
533.67,2793,645
534.96,2520,590
536.25,2326,550
537.54,2087,502
538.83,1864,455
540.12,1634,409
541.41,1484,379
542.70,1277,335
543.98,1109,302
545.27,949,270
546.56,819,243
547.85,693,218
549.14,578,193
550.43,465,171
551.72,389,156
553.01,322,142
554.30,255,129
555.59,220,122
556.88,208,119
558.16,209,120
559.45,229,124
560.74,264,132
562.03,318,143
563.32,383,157
564.61,474,176
565.90,569,196
567.19,687,220
568.48,820,248
569.77,963,277
571.05,1116,309
572.34,1296,346
573.63,1478,384
574.92,1676,423
576.21,1905,471
577.50,2147,521
578.79,2397,573
580.08,2663,627
581.37,2928,683
582.66,3197,738
583.95,3518,805
585.23,3878,879
586.52,4170,939
587.81,4482,1005
589.10,4844,1078
590.39,5228,1158
591.68,5522,1219
592.97,5834,1283
594.26,6179,1354
595.55,6546,1431
596.84,6882,1501
598.13,7200,1568
599.41,7555,1639
600.70,7929,1717
601.99,8268,1788
603.28,8553,1846
604.57,8919,1923
605.86,9231,1986
607.15,9508,2044
608.44,9843,2114
609.73,10175,2184
611.02,10519,2254
612.30,10868,2326
613.59,11217,2399
614.88,11454,2447
616.17,11767,2513
617.46,12049,2572
618.75,12355,2636
620.04,12628,2693
621.33,12977,2765
622.62,13206,2810
623.91,13433,2858
625.20,13737,2922
626.48,13974,2971
627.77,14173,3012
629.06,14370,3054
630.35,14579,3096
631.64,14763,3135
632.93,14937,3170
634.22,15081,3201
635.51,15215,3230
636.80,15361,3259
638.09,15461,3278
639.38,15566,3297
640.66,15656,3318
641.95,15746,3336
643.24,15799,3347
644.53,15834,3353
645.82,15866,3360
647.11,15855,3357
648.40,15854,3356
649.69,15819,3348
650.98,15778,3339
652.27,15715,3326
653.55,15648,3313
654.84,15550,3292
656.13,15452,3272
657.42,15336,3247
658.71,15186,3212
660.00,15037,3183
661.29,14844,3142
662.58,14593,3090
663.87,14445,3056
665.16,14206,3007
666.45,13980,2960
667.73,13756,2911
669.02,13550,2870
670.31,13270,2810
671.60,13044,2764
672.89,12690,2690
674.18,12522,2655
675.47,12257,2600
676.76,11949,2535
678.05,11636,2470
679.34,11303,2401
680.63,11000,2338
681.91,10613,2257
683.20,10253,2184
684.49,9934,2117
685.78,9579,2043
687.07,9202,1966
688.36,8838,1891
689.65,8472,1815
690.94,8141,1746
692.23,7754,1666
693.52,7407,1595
694.80,6978,1507
696.09,6664,1443
697.38,6364,1381
698.67,5963,1297
699.96,5659,1235
701.25,5307,1162
702.54,5028,1105
703.83,4674,1033
705.12,4361,968
706.41,4095,914
707.70,3760,843
708.98,3468,784
710.27,3273,745
711.56,2963,681
712.85,2778,642
714.14,2482,582
715.43,2285,541
716.72,2052,494
718.01,1794,441
719.30,1616,405
720.59,1417,362
721.88,1187,310
723.16,1109,301
724.45,950,270
725.74,815,242
727.03,689,216
728.32,594,197
729.61,480,174
730.90,400,158
732.19,327,143
733.48,277,133
734.77,231,123
736.05,210,119
737.34,205,119
738.63,210,119
739.92,232,124
741.21,264,131
742.50,317,142
743.79,395,159
745.08,460,172
746.37,557,192
747.66,667,214
748.95,793,241
750.23,943,271
751.52,1085,302
752.81,1275,340
754.10,1466,380
755.39,1667,421
756.68,1894,468
757.97,2124,516
759.26,2296,551
760.55,2611,616
761.84,2895,674
763.13,3172,731
764.41,3457,790
765.70,3771,855
766.99,4071,917
768.28,4375,981
769.57,4686,1045
770.86,5009,1109
772.15,5329,1176
773.44,5667,1247
774.73,5980,1310
776.02,6299,1375
777.30,6142,1334
778.59,7052,1532
779.88,7315,1585
781.17,7665,1659
782.46,8104,1750
783.75,8494,1831
785.04,8830,1901
786.33,9157,1971
787.62,9561,2053
788.91,9896,2123
790.20,10141,2174
791.48,10451,2237
792.77,10926,2335
794.06,11184,2390
795.35,10597,2257
796.64,11895,2535
797.93,12120,2578
799.22,12228,2600
800.51,12003,2547
801.80,13374,2842
803.09,13582,2886
804.38,13876,2947
805.66,14154,3002
806.95,14395,3053
808.24,14546,3082
809.53,14713,3117
810.82,14924,3162
812.11,15098,3199
813.40,15182,3216
814.69,15346,3250
815.98,15523,3288
817.27,15666,3315
818.55,15765,3335
819.84,15833,3350
821.13,15939,3374
822.42,16047,3394
823.71,16024,3389
825.00,16027,3390
826.29,16082,3398
827.58,16095,3400
828.87,16079,3397
830.16,16061,3394
831.45,15957,3372
832.73,15930,3368
834.02,15858,3353
835.31,15751,3329
836.60,15652,3308
837.89,15467,3268
839.18,15333,3239
840.47,15212,3214
841.76,15007,3170
843.05,14851,3139
844.34,14731,3116
845.63,14501,3065
846.91,14237,3010
848.20,13976,2957
849.49,13769,2916
850.78,13540,2865
852.07,13348,2825
853.36,13047,2764
854.65,12842,2720
855.94,12521,2652
857.23,12207,2589
858.52,11875,2518
859.80,11541,2449
861.09,11276,2394
862.38,10947,2326
863.67,10617,2258
864.96,10275,2187
866.25,9933,2116
867.54,9553,2037
868.83,9154,1956
870.12,8831,1888
871.41,8404,1800
872.70,8006,1718
873.98,7645,1644
875.27,7286,1570
876.56,6951,1501
877.85,6614,1431
879.14,6254,1357
880.43,5891,1282
881.72,5531,1208
883.01,5211,1143
884.30,4828,1063
885.59,4534,1003
886.88,4254,946
888.16,3923,878
889.45,3594,811
890.74,3309,753
892.03,3023,694
893.32,2756,641
894.61,2492,586
895.90,2277,542
897.19,2048,494
898.48,1810,447
899.77,1603,404
901.05,1384,360
902.34,1202,322
903.63,1034,288
904.92,864,253
906.21,736,227
907.50,609,202
908.79,508,181
910.08,413,162
911.37,336,146
912.66,278,134
913.95,244,126
915.23,217,122
916.52,209,120
917.81,213,121
919.10,238,126
920.39,274,134
921.68,323,143
922.97,396,158
924.26,458,172
925.55,558,192
926.84,670,216
928.13,794,241
929.41,954,275
930.70,1075,300
931.99,1240,335
933.28,1424,373
934.57,1652,420
935.86,1829,456
937.15,2050,502
938.44,2315,557
939.73,2566,610
941.02,2794,657
942.30,3087,716
943.59,3326,766
944.88,3617,826
946.17,3931,891
947.46,4244,955
948.75,4453,998
950.04,4783,1067
951.33,5119,1137
952.62,5449,1204
953.91,5757,1268
955.20,6104,1339
956.48,6434,1409
957.77,6712,1467
959.06,7141,1555
960.35,7464,1621
961.64,7844,1700
962.93,8172,1768
964.22,8554,1849
965.51,8899,1920
966.80,9264,1996
968.09,9592,2064
969.38,9921,2131
970.66,10291,2210
971.95,10646,2282
973.24,10993,2354
974.53,11315,2421
975.82,11631,2487
977.11,12018,2567
978.40,12278,2620
979.69,12553,2677
980.98,12871,2743
982.27,13162,2804
983.55,13406,2855
984.84,13645,2905
986.13,13908,2959
987.42,14146,3009
988.71,14347,3050
990.00,14577,3097
991.29,14769,3136
992.58,14930,3169
993.87,15091,3203
995.16,15255,3235
996.45,15382,3262
997.73,15504,3287
999.02,15605,3309
1000.31,15702,3327
1001.60,15763,3340
1002.89,15823,3354
1004.18,15876,3363
1005.47,15888,3366
1006.76,15895,3365
1008.05,15883,3363
1009.34,15857,3359
1010.63,15808,3348
1011.91,15740,3333
1013.20,15659,3316
1014.49,15595,3301
1015.78,15451,3273
1017.07,15345,3250
1018.36,15210,3220
1019.65,15058,3189
1020.94,14899,3153
1022.23,14719,3116
1023.52,14541,3079
1024.80,14337,3039
1026.09,14104,2989
1027.38,13909,2949
1028.67,13674,2899
1029.96,13441,2850
1031.25,13222,2803
1032.54,12941,2747
1033.83,12704,2696
1035.12,12395,2631
1036.41,12080,2565
1037.70,11837,2513
1038.98,11471,2436
1040.27,11175,2376
1041.56,10910,2322
1042.85,10581,2253
1044.14,10182,2170
1045.43,9895,2109
1046.72,9530,2034
1048.01,9183,1962
1049.30,8816,1887
1050.59,8489,1819
1051.88,8198,1761
1053.16,7837,1685
1054.45,7496,1615
1055.74,7178,1549
1057.03,6776,1466
1058.32,6494,1409
1059.61,6141,1335
1060.90,5846,1275
1062.19,5514,1206
1063.48,5184,1139
1064.77,4830,1064
1066.05,4541,1006
1067.34,4273,951
1068.63,3978,890
1069.92,3643,821
1071.21,3388,770
1072.50,3066,704
1073.79,2846,659
1075.08,2571,601
1076.37,2356,558
1077.66,2112,508
1078.95,1860,457
1080.23,1643,412
switching colors
1081.52,5516,285
1082.81,4864,251
1084.10,4380,225
1085.39,3936,201
1086.68,3494,177
1087.97,3037,154
1089.26,2665,134
1090.55,2277,115
1091.84,1983,99
1093.13,1626,81
1094.41,1321,65
1095.70,1067,52
1096.99,857,42
1098.28,678,33
1099.57,507,25
1100.86,369,18
1102.15,267,13
1103.44,192,10
1104.73,148,9
1106.02,141,10
1107.30,163,12
1108.59,219,16
1109.88,310,22
1111.17,425,29
1112.46,576,38
1113.75,771,49
1115.04,999,63
1116.33,1263,77
1117.62,1538,94
1118.91,1857,112
1120.20,2164,130
1121.48,2573,153
1122.77,2982,175
1124.06,3315,195
1125.35,3766,220
1126.64,4258,248
1127.93,4688,273
1129.22,5143,298
1130.51,5664,328
1131.80,6222,359
1133.09,6620,381
1134.38,7113,408
1135.66,7760,444
1136.95,8447,483
1138.24,8854,505
1139.53,9426,538
1140.82,10105,576
1142.11,10715,609
1143.40,11347,644
1144.69,11969,679
1145.98,12585,713
1147.27,13229,748
1148.55,13907,787
1149.84,14513,821
1151.13,15181,857
1152.42,16035,904
1153.71,16648,937
1155.00,17306,973
1156.29,17883,1006
1157.58,18561,1043
1158.87,19206,1079
1160.16,19741,1108
1161.45,20352,1142
1162.73,21014,1178
1164.02,21583,1210
1165.31,22236,1245
1166.60,22880,1281
1167.89,23347,1306
1169.18,23863,1334
1170.47,24489,1368
1171.76,24878,1389
1173.05,25391,1418
1174.34,25915,1445
1175.63,26353,1469
1176.91,26804,1494
1178.20,27339,1521
1179.49,27726,1540
1180.78,28013,1557
1182.07,28392,1577
1183.36,28722,1593
1184.65,29088,1612
1185.94,29304,1624
1187.23,29468,1631
1188.52,29723,1645
1189.80,29899,1654
1191.09,29924,1655
1192.38,30089,1661
1193.67,30137,1662
1194.96,30086,1659
1196.25,30156,1660
1197.54,30185,1661
1198.83,30133,1657
1200.12,29971,1648
1201.41,29711,1632
1202.70,29773,1633
1203.98,29432,1614
1205.27,29333,1606
1206.56,28989,1588
1207.85,28513,1562
1209.14,28623,1563
1210.43,28217,1540
1211.72,28010,1526
1213.01,27438,1496
1214.30,27183,1479
1215.59,26682,1451
1216.88,26150,1422
1218.16,25693,1394
1219.45,25235,1368
1220.74,24716,1338
1222.03,24199,1309
1223.32,23527,1271
1224.61,22898,1234
1225.90,22446,1210
1227.19,21734,1171
1228.48,21131,1137
1229.77,20478,1100
1231.05,19926,1071
1232.34,19288,1035
1233.63,18588,996
1234.92,17997,963
1236.21,17272,921
1237.50,16658,889
1238.79,16113,858
1240.08,15395,819
1241.37,14734,783
1242.66,14011,744
1243.95,13394,709
1245.23,12507,661
1246.52,12140,641
1247.81,11516,607
1249.10,10834,570
1250.39,10162,535
1251.68,9558,501
1252.97,8767,461
1254.26,8361,438
1255.55,7746,405
1256.84,7196,375
1258.13,6559,342
1259.41,6001,311
1260.70,5578,289
1261.99,5049,261
1263.28,4591,236
1264.57,4139,213
1265.86,3653,187
1267.15,3340,171
1268.44,2945,150
1269.73,2592,131
1271.02,2191,111
1272.30,1934,97
1273.59,1666,83
1274.88,1360,67
1276.17,1154,57
1277.46,952,47
1278.75,759,37
1280.04,573,28
1281.33,416,20
1282.62,320,16
1283.91,238,13
1285.20,184,10
1286.48,160,10
1287.77,167,11
1289.06,207,15
1290.35,285,20
1291.64,408,27
1292.93,530,35
1294.22,733,47
1295.51,927,59
1296.80,1161,72
1298.09,1405,86
1299.38,1691,103
1300.66,1971,119
1301.95,2331,140
1303.24,2685,160
1304.53,3077,182
1305.82,3491,206
1307.11,3964,232
1308.40,4417,258
1309.69,4817,281
1310.98,5349,311
1312.27,5854,339
1313.55,6328,366
1314.84,6893,397
1316.13,7520,432
1317.42,8208,471
1318.71,8824,505
1320.00,9464,540
1321.29,10137,578
1322.58,10809,615
1323.87,11550,657
1325.16,12142,690
1326.45,12863,730
1327.73,13539,768
1329.02,14245,808
1330.31,14964,847
1331.60,15572,881
1332.89,16316,922
1334.18,16936,957
1335.47,17613,994
1336.76,18244,1029
1338.05,18941,1068
1339.34,19517,1100
1340.63,20113,1133
1341.91,20730,1167
1343.20,21321,1199
1344.49,21871,1229
1345.78,22389,1256
1347.07,22934,1288
1348.36,23473,1315
1349.65,23950,1343
1350.94,24512,1373
1352.23,24981,1397
1353.52,25509,1426
1354.80,25860,1445
1356.09,26334,1470
1357.38,26709,1491
1358.67,27095,1511
1359.96,27512,1533
1361.25,27868,1551
1362.54,28099,1564
1363.83,28455,1582
1365.12,28687,1594
1366.41,28921,1605
1367.70,29091,1615
1368.98,29341,1626
1370.27,29492,1633
1371.56,29560,1637
1372.85,29689,1642
1374.14,29754,1645
1375.43,29787,1645
1376.72,29754,1642
1378.01,29697,1637
1379.30,29602,1633
1380.59,29538,1627
1381.88,29434,1620
1383.16,29307,1614
1384.45,29100,1599
1385.74,28907,1588
1387.03,28718,1576
1388.32,28440,1558
1389.61,28196,1543
1390.90,27834,1522
1392.19,27551,1506
1393.48,27176,1483
1394.77,26737,1456
1396.05,26320,1431
1397.34,25889,1407
1398.63,25351,1375
1399.92,24835,1346
1401.21,24296,1316
1402.50,23827,1289
1403.79,23267,1257
1405.08,22717,1226
1406.37,22126,1193
1407.66,21561,1161
1408.95,20916,1125
1410.23,20252,1088
1411.52,19655,1055
1412.81,19010,1018
1414.10,18378,983
1415.39,17703,946
1416.68,17002,908
1417.97,16402,874
1419.26,15768,839
1420.55,15117,804
1421.84,14395,765
1423.13,13689,726
1424.41,13037,689
1425.70,12313,650
1426.99,11669,615
1428.28,11045,581
1429.57,10337,543
1430.86,9647,505
1432.15,9048,474
1433.44,8474,442
1434.73,7826,408
1436.02,7299,380
1437.30,6726,349
1438.59,6191,321
1439.88,5634,291
1441.17,5089,262
1442.46,4668,240
1443.75,4194,215
1445.04,3779,192
1446.33,3291,167
1447.62,2919,148
1448.91,2581,130
1450.20,2279,114
1451.48,1984,100
1452.77,1676,83
1454.06,1397,69
1455.35,1169,58
1456.64,893,44
1457.93,706,35
1459.22,555,27
1460.51,443,22
1461.80,318,16
1463.09,232,12
1464.38,194,10
1465.66,160,10
1466.95,166,11
1468.24,200,14
1469.53,269,19
1470.82,375,26
1472.11,492,33
1473.40,627,41
1474.69,829,53
1475.98,1007,63
1477.27,1262,78
1478.55,1493,91
1479.84,1792,109
1481.13,2090,126
1482.42,2450,146
1483.71,2842,168
1485.00,3193,188
1486.29,3567,210
1487.58,4061,238
1488.87,4518,263
1490.16,5062,294
1491.45,5514,319
1492.73,6128,354
1494.02,6576,379
1495.31,7152,411
1496.60,7811,447
1497.89,8424,482
1499.18,9063,517
1500.47,9642,550
1501.76,10339,589
1503.05,11054,628
1504.34,11741,666
1505.63,12380,703
1506.91,13092,741
1508.20,13739,778
1509.49,14447,817
1510.78,15134,854
1512.07,15786,891
1513.36,16441,926
1514.65,17147,966
1515.94,17745,1000
1517.23,18475,1040
1518.52,19142,1076
1519.80,19623,1105
1521.09,20288,1139
1522.38,20794,1168
1523.67,21498,1206
1524.96,21968,1233
1526.25,22890,1281
1527.54,23479,1313
1528.83,24088,1346
1530.12,24515,1370
1531.41,25086,1400
1532.70,25705,1434
1533.98,26037,1453
1535.27,26546,1480
1536.56,26894,1500
1537.85,27529,1531
1539.14,28015,1559
1540.43,28445,1580
1541.72,28744,1596
1543.01,28885,1602
1544.30,29300,1623
1545.59,29455,1631
1546.88,29663,1643
1548.16,29828,1650
1549.45,29957,1657
1550.74,30029,1659
1552.03,30209,1668
1553.32,30212,1668
1554.61,30199,1666
1555.90,30262,1668
1557.19,30192,1663
1558.48,30137,1657
1559.77,30090,1654
1561.05,29854,1643
1562.34,29809,1637
1563.63,29598,1626
1564.92,29450,1614
1566.21,29278,1602
1567.50,28942,1584
1568.79,28831,1576
1570.08,28478,1554
1571.37,28210,1539
1572.66,27742,1513
1573.95,27486,1498
1575.23,26982,1468
1576.52,26515,1441
1577.81,26075,1419
1579.10,25672,1393
1580.39,25158,1363
1581.68,24776,1342
1582.97,24206,1311
1584.26,23691,1281
1585.55,23088,1247
1586.84,22572,1218
1588.13,21983,1185
1589.41,21434,1153
1590.70,20854,1120
1591.99,20276,1089
1593.28,19714,1058
1594.57,18924,1015
1595.86,18340,981
1597.15,17733,949
1598.44,17004,907
1599.73,16389,874
1601.02,15711,836
1602.30,14969,796
1603.59,14379,764
1604.88,13636,723
1606.17,12874,681
1607.46,12251,647
1608.75,11557,609
1610.04,10812,570
1611.33,10021,526
1612.62,9494,497
1613.91,8751,458
1615.20,8161,426
1616.48,7519,391
1617.77,7027,365
1619.06,6402,332
1620.35,5753,298
1621.64,5242,269
1622.93,4750,244
1624.22,4291,220
1625.51,3794,193
1626.80,3404,173
1628.09,2992,152
1629.38,2555,129
1630.66,2242,113
1631.95,1858,93
1633.24,1573,78
1634.53,1274,63
1635.82,1030,50
1637.11,807,40
1638.40,647,31
1639.69,465,23
1640.98,346,17
1642.27,248,13
1643.55,188,11
1644.84,158,10
1646.13,160,11
1647.42,198,14
1648.71,253,18
1650.00,342,23
1651.29,486,32
1652.58,613,40
1653.87,797,51
1655.16,1024,64
1656.45,1255,78
1657.73,1512,93
1659.02,1807,109
1660.31,2091,126
1661.60,2360,141
1662.89,2768,164
1664.18,3203,189
1665.47,3516,207
1666.76,3962,232
1668.05,4440,259
1669.34,4870,283
1670.63,5354,310
1671.91,5810,336
1673.20,6412,369
1674.49,6810,393
1675.78,7347,422
1677.07,7943,456
1678.36,8601,493
1679.65,9195,526
1680.94,9836,561
1682.23,10466,598
1683.52,11112,633
1684.80,11737,668
1686.09,12393,705
1687.38,12902,733
1688.67,13611,773
1689.96,14189,804
1691.25,14951,847
1692.54,15533,880
1693.83,16226,919
1695.12,16802,950
1696.41,17412,983
1697.70,18074,1019
1698.98,18744,1057
1700.27,19452,1098
1701.56,19902,1121
1702.85,20657,1162
1704.14,21236,1195
1705.43,21791,1224
1706.72,22373,1256
1708.01,22958,1288
1709.30,23536,1320
1710.59,24074,1349
1711.88,24517,1372
1713.16,25062,1404
1714.45,25574,1431
1715.74,26016,1454
1717.03,26476,1479
1718.32,26876,1500
1719.61,27284,1521
1720.90,27624,1540
1722.19,27971,1558
1723.48,28233,1572
1724.77,28538,1588
1726.05,28809,1601
1727.34,29000,1610
1728.63,29206,1621
1729.92,29361,1627
1731.21,29472,1632
1732.50,29570,1636
1733.79,29682,1641
1735.08,29736,1642
1736.37,29705,1640
1737.66,29704,1637
1738.95,29614,1632
1740.23,29560,1628
1741.52,29420,1618
1742.81,29350,1612
1744.10,29118,1599
1745.39,28849,1582
1746.68,28616,1568
1747.97,28377,1553
1749.26,28091,1536
1750.55,27667,1512
1751.84,27377,1494
1753.13,27059,1474
1754.41,26670,1452
1755.70,26077,1417
1756.99,25595,1390
1758.28,25288,1373
1759.57,24741,1341
1760.86,24197,1310
1762.15,23758,1286
1763.44,23182,1254
1764.73,22592,1220
1766.02,22180,1197
1767.30,21681,1169
1768.59,21038,1133
1769.88,20495,1102
1771.17,19934,1072
1772.46,19342,1038
1773.75,18544,995
1775.04,17992,964
1776.33,17343,928
1777.62,16754,896
1778.91,16160,863
1780.20,15466,825
1781.48,14791,787
1782.77,14141,751
1784.06,13435,712
1785.35,12909,684
1786.64,12154,643
1787.93,11517,608
1789.22,10933,576
1790.51,10292,541
1791.80,9563,502
1793.09,9153,480
1794.38,8525,446
1795.66,7975,417
1796.95,7346,383
1798.24,6798,353
1799.53,6306,328
1800.82,5728,297
1802.11,5301,274
1803.40,4875,251
1804.69,4392,226
1805.98,3908,200
1807.27,3485,178
1808.55,3069,156
1809.84,2730,138
1811.13,2347,118
1812.42,2023,101
1813.71,1724,86
1815.00,1386,69
1816.29,1140,56
1817.58,863,42
1818.87,687,33
1820.16,522,25
1821.45,376,19
1822.73,254,13
1824.02,197,11
1825.31,164,10
1826.60,160,11
1827.89,191,13
1829.18,243,17
1830.47,335,23
1831.76,463,31
1833.05,616,40
1834.34,805,52
1835.63,1012,64
1836.91,1251,78
1838.20,1524,93
1839.49,1823,110
1840.78,2115,127
1842.07,2459,146
1843.36,2899,171
1844.65,3292,194
1845.94,3739,219
1847.23,4237,247
1848.52,4728,275
1849.80,5218,302
1851.09,5753,333
1852.38,6373,367
1853.67,7009,402
1854.96,7584,435
1856.25,8238,470
1857.54,8895,508
1858.83,9569,545
1860.12,10175,579
1861.41,10844,616
1862.70,11521,654
1863.98,12091,685
1865.27,12767,724
1866.56,13474,762
1867.85,14086,797
1869.14,14833,838
1870.43,15417,871
1871.72,16129,910
1873.01,16614,937
1874.30,17369,978
1875.59,17980,1013
1876.88,18613,1047
1878.16,19192,1079
1879.45,19966,1121
1880.74,20477,1150
1882.03,21039,1181
1883.32,21742,1219
1884.61,22310,1250
1885.90,22978,1286
1887.19,23488,1314
1888.48,24060,1346
1889.77,24655,1378
1891.05,25114,1403
1892.34,25668,1434
1893.63,26232,1463
1894.92,26604,1483
1896.21,27114,1511
1897.50,27530,1532
1898.79,27807,1548
1900.08,28240,1572
1901.37,28483,1584
1902.66,28841,1603
1903.95,29130,1618
1905.23,29395,1631
1906.52,29642,1643
1907.81,29821,1653
1909.10,29983,1660
1910.39,30203,1670
1911.68,30241,1671
1912.97,30367,1677
1914.26,30430,1680
1915.55,30378,1676
1916.84,30441,1679
1918.13,30400,1675
1919.41,30437,1673
1920.70,30214,1662
1921.99,30074,1652
1923.28,30069,1650
1924.57,29896,1639
1925.86,29593,1621
1927.15,29331,1606
1928.44,29123,1591
1929.73,28798,1574
1931.02,28451,1554
1932.30,28073,1531
1933.59,27766,1512
1934.88,27339,1488
1936.17,26880,1461
1937.46,26273,1428
1938.75,25922,1407
1940.04,25374,1376
1941.33,24850,1346
1942.62,24348,1317
1943.91,23807,1287
1945.20,23138,1250
1946.48,22597,1219
1947.77,21950,1183
1949.06,21349,1150
1950.35,20511,1103
1951.64,19989,1073
1952.93,19156,1028
1954.22,18641,998
1955.51,18018,964
1956.80,17211,920
1958.09,16579,884
1959.38,15973,851
1960.66,15182,808
1961.95,14394,765
1963.24,13817,734
1964.53,13147,697
1965.82,12528,663
1967.11,11803,623
1968.40,11104,586
1969.69,10450,550
1970.98,9931,523
1972.27,9170,481
1973.55,8509,445
1974.84,7988,417
1976.13,7436,388
1977.42,6861,357
1978.71,6387,332
1980.00,5901,306
1981.29,5294,274
1982.58,4889,252
1983.87,4399,226
1985.16,3906,199
1986.45,3490,178
1987.73,3120,159
1989.02,2733,139
1990.31,2389,121
1991.60,2058,103
1992.89,1744,87
1994.18,1414,70
1995.47,1216,60
1996.76,964,47
1998.05,745,37
1999.34,576,28
2000.63,440,22
2001.91,340,17
2003.20,231,12
2004.49,193,11
2005.78,162,10
2007.07,160,11
2008.36,185,13
2009.65,263,18
2010.94,335,23
2012.23,433,30
2013.52,591,39
2014.80,772,50
2016.09,948,60
2017.38,1175,73
2018.67,1435,88
2019.96,1766,107
2021.25,2010,121
2022.54,2365,142
2023.83,2794,166
2025.12,3161,187
2026.41,3575,210
2027.70,4035,236
2028.98,4563,266
2030.27,5008,292
2031.56,5496,319
2032.85,6082,352
2034.14,6662,384
2035.43,7143,411
2036.72,7704,443
2038.01,8354,480
2039.30,8996,515
2040.59,9530,546
2041.88,10133,579
2043.16,10817,616
2044.45,11499,656
2045.74,12103,688
2047.03,12748,725
2048.32,13367,759
2049.61,14063,798
2050.90,14674,832
2052.19,15301,867
2053.48,16022,907
2054.77,16695,945
2056.05,17385,982
2057.34,18112,1022
2058.63,18846,1063
2059.92,19501,1100
2061.21,20160,1135
2062.50,20790,1170
2063.79,21438,1205
2065.08,22154,1246
2066.37,22645,1272
2067.66,23306,1308
2068.95,23915,1341
2070.23,24456,1371
2071.52,24853,1392
2072.81,25362,1420
2074.10,25831,1445
2075.39,26270,1470
2076.68,26661,1490
2077.97,27089,1513
2079.26,27477,1533
2080.55,27848,1553
2081.84,28165,1568
2083.12,28436,1583
2084.41,28675,1595
2085.70,28949,1608
2086.99,29129,1619
2088.28,29339,1629
2089.57,29499,1636
2090.86,29621,1641
2092.15,29738,1647
2093.44,29795,1649
2094.73,29856,1651
2096.02,29816,1649
2097.30,29791,1645
2098.59,29763,1642
2099.88,29671,1637
2101.17,29567,1629
2102.46,29467,1622
2103.75,29236,1609
2105.04,29132,1600
2106.33,28969,1590
2107.62,28714,1574
2108.91,28406,1556
2110.20,28177,1542
2111.48,27789,1521
2112.77,27531,1504
2114.06,27205,1486
2115.35,26724,1457
2116.64,26322,1434
2117.93,25953,1411
2119.22,25530,1387
2120.51,25031,1357
2121.80,24624,1335
2123.09,24060,1303
2124.37,23581,1276
2125.66,22974,1243
2126.95,22329,1207
2128.24,21795,1175
2129.53,21113,1137
2130.82,20509,1103
2132.11,19866,1067
2133.40,19085,1024
2134.69,18414,986
2135.98,17653,944
2137.27,16985,908
2138.55,16300,870
2139.84,15611,832
2141.13,14933,795
2142.42,14227,756
2143.71,13604,722
2145.00,13006,689
2146.29,12277,649
2147.58,11611,613
2148.87,10979,579
2150.16,10359,545
2151.45,9673,507
2152.73,9037,474
2154.02,8460,442
2155.31,7919,413
2156.60,7279,379
2157.89,6693,347
2159.18,6091,316
2160.47,5640,291
switching colors
2161.76,3710,73
2163.05,3445,68
2164.34,3187,63
2165.62,2923,58
2166.91,2682,53
2168.20,2441,48
2169.49,2223,43
2170.78,1987,39
2172.07,1774,35
2173.36,1561,30
2174.65,1397,27
2175.94,1221,24
2177.23,1046,20
2178.52,881,17
2179.80,771,15
2181.09,654,12
2182.38,532,10
2183.67,422,8
2184.96,351,7
2186.25,272,6
2187.54,208,4
2188.83,154,3
2190.12,118,3
2191.41,94,2
2192.70,80,3
2193.98,79,2
2195.27,89,3
2196.56,114,4
2197.85,151,4
2199.14,194,5
2200.43,252,7
2201.72,320,8
2203.01,423,10
2204.30,519,13
2205.59,629,15
2206.87,761,18
2208.16,901,21
2209.45,1074,24
2210.74,1209,27
2212.03,1355,31
2213.32,1539,35
2214.61,1709,38
2215.90,1887,42
2217.19,2097,46
2218.48,2315,50
2219.77,2562,56
2221.05,2759,60
2222.34,3014,65
2223.63,3259,70
2224.92,3512,76
2226.21,3761,81
2227.50,4039,87
2228.79,4331,93
2230.08,4586,98
2231.37,4874,104
2232.66,5213,111
2233.95,5503,117
2235.23,5854,124
2236.52,6081,129
2237.81,6394,135
2239.10,6724,141
2240.39,7037,149
2241.68,7362,154
2242.97,7668,161
2244.26,7965,167
2245.55,8323,175
2246.84,8592,180
2248.12,8860,185
2249.41,9170,192
2250.70,9438,197
2251.99,9720,202
2253.28,9984,208
2254.57,10267,214
2255.86,10509,218
2257.15,10743,224
2258.44,10941,227
2259.73,11145,232
2261.02,11360,236
2262.30,11623,241
2263.59,11712,244
2264.88,11923,248
2266.17,12154,252
2267.46,12321,256
2268.75,12425,257
2270.04,12594,262
2271.33,12725,262
2272.62,12825,266
2273.91,12972,268
2275.20,13144,271
2276.48,13224,273
2277.77,13331,275
2279.06,13406,276
2280.35,13428,276
2281.64,13464,276
2282.93,13449,276
2284.22,13470,276
2285.51,13425,275
2286.80,13381,274
2288.09,13366,274
2289.37,13309,272
2290.66,13258,271
2291.95,13146,269
2293.24,13086,267
2294.53,12984,265
2295.82,12873,263
2297.11,12710,259
2298.40,12595,256
2299.69,12464,254
2300.98,12290,250
2302.27,12096,246
2303.55,11923,242
2304.84,11778,238
2306.13,11576,235
2307.42,11352,230
2308.71,11096,225
2310.00,10940,221
2311.29,10662,216
2312.58,10445,211
2313.87,10147,205
2315.16,9892,199
2316.45,9645,195
2317.73,9373,188
2319.02,9128,184
2320.31,8863,178
2321.60,8544,171
2322.89,8264,166
2324.18,8008,160
2325.47,7707,155
2326.76,7407,148
2328.05,7077,141
2329.34,6807,136
2330.62,6528,130
2331.91,6233,124
2333.20,5947,118
2334.49,5662,113
2335.78,5393,107
2337.07,5042,99
2338.36,4771,94
2339.65,4445,88
2340.94,4212,83
2342.23,3893,77
2343.52,3549,70
2344.80,3360,66
2346.09,3088,60
2347.38,2817,55
2348.67,2534,49
2349.96,2276,44
2351.25,2058,40
2352.54,1856,36
2353.83,1656,32
2355.12,1454,28
2356.41,1293,25
2357.70,1120,22
2358.98,958,19
2360.27,810,15
2361.56,684,13
2362.85,554,11
2364.14,451,9
2365.43,364,7
2366.72,284,6
2368.01,212,5
2369.30,156,3
2370.59,118,2
2371.87,90,2
2373.16,78,2
2374.45,80,3
2375.74,97,3
2377.03,125,4
2378.32,169,5
2379.61,228,6
2380.90,308,8
2382.19,390,10
2383.48,489,12
2384.77,617,15
2386.05,741,17
2387.34,872,20
2388.63,1022,24
2389.92,1218,28
2391.21,1357,31
2392.50,1520,34
2393.79,1703,37
2395.08,1943,43
2396.37,2070,45
2397.66,2299,50
2398.95,2508,55
2400.23,2723,59
2401.52,2932,64
2402.81,3155,68
2404.10,3404,73
2405.39,3662,79
2406.68,3935,85
2407.97,4197,90
2409.26,4423,95
2410.55,4728,101
2411.84,4967,106
2413.12,5278,112
2414.41,5536,118
2415.70,5828,124
2416.99,6100,130
2418.28,6361,134
2419.57,6657,141
2420.86,7014,148
2422.15,7235,153
2423.44,7510,158
2424.73,7812,164
2426.02,8089,170
2427.30,8343,175
2428.59,8590,180
2429.88,8887,187
2431.17,9132,191
2432.46,9394,197
2433.75,9651,202
2435.04,9864,206
2436.33,10094,210
2437.62,10340,216
2438.91,10567,221
2440.20,10775,224
2441.48,11012,229
2442.77,11221,233
2444.06,11412,237
2445.35,11591,241
2446.64,11801,245
2447.93,11939,247
2449.22,12112,251
2450.51,12251,254
2451.80,12408,256
2453.09,12519,258
2454.37,12610,261
2455.66,12718,263
2456.95,12810,264
2458.24,12879,266
2459.53,12935,266
2460.82,12988,267
2462.11,12994,267
2463.40,13023,267
2464.69,13000,268
2465.98,12986,267
2467.27,12967,266
2468.55,12913,265
2469.84,12845,263
2471.13,12818,263
2472.42,12731,261
2473.71,12624,259
2475.00,12544,256
2476.29,12416,254
2477.58,12282,251
2478.87,12135,248
2480.16,11968,243
2481.45,11791,240
2482.73,11612,236
2484.02,11433,232
2485.31,11181,227
2486.60,10974,223
2487.89,10770,218
2489.18,10510,213
2490.47,10300,208
2491.76,10039,203
2493.05,9797,198
2494.34,9523,192
2495.62,9270,188
2496.91,9036,182
2498.20,8775,176
2499.49,8496,171
2500.78,8246,165
2502.07,7992,161
2503.36,7654,154
2504.65,7416,149
2505.94,7194,144
2507.23,6907,139
2508.52,6604,132
2509.80,6314,126
2511.09,6063,122
2512.38,5773,115
2513.67,5502,109
2514.96,5205,103
2516.25,4958,98
2517.54,4670,93
2518.83,4421,88
2520.12,4178,83
2521.41,3901,77
2522.70,3601,71
2523.98,3379,66
2525.27,3094,61
2526.56,2832,56
2527.85,2640,51
2529.14,2386,46
2530.43,2202,43
2531.72,1989,38
2533.01,1826,36
2534.30,1619,31
2535.59,1437,28
2536.87,1273,25
2538.16,1102,21
2539.45,960,19
2540.74,828,16
2542.03,703,13
2543.32,577,11
2544.61,478,9
2545.90,384,7
2547.19,285,5
2548.48,225,5
2549.77,160,3
2551.05,123,3
2552.34,96,3
2553.63,79,2
2554.92,78,2
2556.21,92,3
2557.50,121,4
2558.79,164,5
2560.08,225,6
2561.37,295,7
2562.66,384,10
2563.95,478,12
2565.23,587,14
2566.52,710,17
2567.81,829,19
2569.10,985,23
2570.39,1150,26
2571.68,1322,30
2572.97,1494,33
2574.26,1699,38
2575.55,1897,42
2576.84,2085,46
2578.12,2308,51
2579.41,2537,55
2580.70,2769,60
2581.99,3034,65
2583.28,3303,71
2584.57,3560,77
2585.86,3822,82
2587.15,4131,88
2588.44,4414,94
2589.73,4692,100
2591.02,5043,107
2592.30,5391,115
2593.59,5708,121
2594.88,6016,127
2596.17,6381,135
2597.46,6665,141
2598.75,6915,145
2600.04,7254,153
2601.33,7564,158
2602.62,7848,165
2603.91,8126,171
2605.20,8455,178
2606.48,8755,183
2607.77,8976,188
2609.06,9362,195
2610.35,9509,199
2611.64,9801,204
2612.93,10060,209
2614.22,10292,214
2615.51,10542,219
2616.80,10838,225
2618.09,11037,228
2619.37,11287,235
2620.66,11440,237
2621.95,11672,242
2623.24,11868,246
2624.53,12012,248
2625.82,12214,253
2627.11,12423,257
2628.40,12572,259
2629.69,12730,263
2630.98,12875,265
2632.27,12993,268
2633.55,13087,270
2634.84,13187,272
2636.13,13295,274
2637.42,13354,274
2638.71,13394,276
2640.00,13448,276
2641.29,13499,277
2642.58,13511,277
2643.87,13529,278
2645.16,13541,277
2646.45,13504,277
2647.73,13485,277
2649.02,13421,275
2650.31,13398,274
2651.60,13330,272
2652.89,13233,271
2654.18,13153,268
2655.47,13055,267
2656.76,12927,264
2658.05,12770,261
2659.34,12636,257
2660.62,12478,253
2661.91,12308,250
2663.20,12101,246
2664.49,11898,241
2665.78,11713,237
2667.07,11481,233
2668.36,11253,228
2669.65,11039,223
2670.94,10765,217
2672.23,10530,213
2673.52,10256,207
2674.80,10007,202
2676.09,9741,197
2677.38,9459,190
2678.67,9165,184
2679.96,8862,178
2681.25,8561,172
2682.54,8282,166
2683.83,7947,159
2685.12,7696,154
2686.41,7391,148
2687.70,7084,142
2688.98,6706,134
2690.27,6422,128
2691.56,6131,122
2692.85,5848,116
2694.14,5542,110
2695.43,5227,104
2696.72,4949,98
2698.01,4631,91
2699.30,4319,85
2700.59,4021,79
2701.87,3764,75
2703.16,3446,67
2704.45,3223,64
2705.74,2981,58
2707.03,2735,53
2708.32,2495,49
2709.61,2273,44
2710.90,2045,40
2712.19,1852,36
2713.48,1652,32
2714.77,1437,28
2716.05,1291,25
2717.34,1133,22
2718.63,980,18
2719.92,824,16
2721.21,713,14
2722.50,604,12
2723.79,474,9
2725.08,377,7
2726.37,306,6
2727.66,244,4
2728.95,171,3
2730.23,131,2
2731.52,103,3
2732.81,83,2
2734.10,77,2
2735.39,85,3
2736.68,112,4
2737.97,143,4
2739.26,191,6
2740.55,245,7
2741.84,316,8
2743.12,391,10
2744.41,490,12
2745.70,596,14
2746.99,725,17
2748.28,845,19
2749.57,989,23
2750.86,1129,25
2752.15,1270,28
2753.44,1459,33
2754.73,1648,37
2756.02,1849,40
2757.30,2031,45
2758.59,2264,50
2759.88,2506,55
2761.17,2746,60
2762.46,2978,64
2763.75,3245,70
2765.04,3502,76
2766.33,3758,81
2767.62,4022,87
2768.91,4307,92
2770.20,4596,98
2771.48,4898,105
2772.77,5200,111
2774.06,5469,116
2775.35,5767,122
2776.64,6069,129
2777.93,6344,133
2779.22,6607,139
2780.51,6947,147
2781.80,7271,153
2783.09,7557,158
2784.37,7816,165
2785.66,8120,171
2786.95,8404,177
2788.24,8655,182
2789.53,8958,188
2790.82,9211,193
2792.11,9476,198
2793.40,9737,203
2794.69,10013,209
2795.98,10266,214
2797.27,10516,219
2798.55,10745,224
2799.84,10957,228
2801.13,11165,233
2802.42,11392,237
2803.71,11644,242
2805.00,11783,245
2806.29,11957,249
2807.58,12156,252
2808.87,12288,255
2810.16,12427,258
2811.45,12535,259
2812.73,12661,262
2814.02,12762,263
2815.31,12841,265
2816.60,12904,266
2817.89,12987,268
2819.18,13044,270
2820.47,13089,270
2821.76,13100,269
2823.05,13111,271
2824.34,13106,269
2825.62,13089,268
2826.91,13070,269
2828.20,13027,267
2829.49,12993,266
2830.78,12933,265
2832.07,12860,263
2833.36,12791,261
2834.65,12659,259
2835.94,12582,258
2837.23,12457,254
2838.52,12346,251
2839.80,12187,249
2841.09,12038,245
2842.38,11867,241
2843.67,11664,237
2844.96,11504,234
2846.25,11318,230
2847.54,11077,225
2848.83,10883,220
2850.12,10672,216
2851.41,10466,212
2852.70,10191,206
2853.98,9940,201
2855.27,9706,195
2856.56,9475,191
2857.85,9203,185
2859.14,8947,180
2860.43,8702,175
2861.72,8445,170
2863.01,8161,164
2864.30,7873,158
2865.59,7542,151
2866.87,7290,146
2868.16,6998,140
2869.45,6682,133
2870.74,6407,128
2872.03,6124,122
2873.32,5833,116
2874.61,5478,108
2875.90,5223,104
2877.19,4898,97
2878.48,4590,91
2879.77,4313,85
2881.05,4032,79
2882.34,3698,73
2883.63,3457,68
2884.92,3213,63
2886.21,2987,59
2887.50,2689,53
2888.79,2453,48
2890.08,2209,43
2891.37,1999,39
2892.66,1798,35
2893.95,1603,31
2895.23,1405,28
2896.52,1248,24
2897.81,1088,21
2899.10,919,18
2900.39,766,15
2901.68,647,13
2902.97,532,10
2904.26,425,8
2905.55,329,6
2906.84,256,5
2908.12,189,4
2909.41,138,3
2910.70,103,2
2911.99,82,2
2913.28,76,3
2914.57,85,3
2915.86,109,4
2917.15,150,4
2918.44,198,5
2919.73,256,6
2921.02,343,8
2922.30,428,11
2923.59,536,12
2924.88,648,16
2926.17,771,18
2927.46,896,21
2928.75,1020,23
2930.04,1186,27
2931.33,1342,30
2932.62,1505,34
2933.91,1684,38
2935.20,1896,42
2936.48,2106,46
2937.77,2305,50
2939.06,2523,55
2940.35,2770,60
2941.64,2996,64
2942.93,3235,70
2944.22,3473,74
2945.51,3757,80
2946.80,3997,86
2948.09,4344,92
2949.37,4601,98
2950.66,4850,103
2951.95,5183,110
2953.24,5448,115
2954.53,5707,121
2955.82,6025,128
2957.11,6316,133
2958.40,6599,139
2959.69,6903,145
2960.98,7194,151
2962.27,7487,157
2963.55,7759,163
2964.84,8033,168
2966.13,8350,176
2967.42,8670,181
2968.71,8943,187
2970.00,9235,193
2971.29,9500,199
2972.58,9769,204
2973.87,10084,211
2975.16,10332,215
2976.45,10549,220
2977.73,10872,227
2979.02,11126,231
2980.31,11394,236
2981.60,11602,241
2982.89,11857,246
2984.18,12037,249
2985.47,12228,253
2986.76,12399,257
2988.05,12565,260
2989.34,12730,263
2990.62,12848,265
2991.91,12987,268
2993.20,13126,272
2994.49,13206,272
2995.78,13268,274
2997.07,13380,275
2998.36,13368,275
2999.65,13403,276
3000.94,13480,278
3002.23,13425,276
3003.52,13474,277
3004.80,13543,278
3006.09,13447,276
3007.38,13466,276
3008.67,13456,276
3009.96,13391,274
3011.25,13358,273
3012.54,13249,270
3013.83,13126,268
3015.12,13042,265
3016.41,12890,262
3017.70,12731,259
3018.98,12564,255
3020.27,12410,253
3021.56,12222,248
3022.85,12043,245
3024.14,11809,240
3025.43,11641,236
3026.72,11405,231
3028.01,11184,226
3029.30,10928,220
3030.59,10739,217
3031.87,10505,212
3033.16,10229,207
3034.45,9981,201
3035.74,9715,195
3037.03,9477,190
3038.32,9235,186
3039.61,8932,180
3040.90,8623,173
3042.19,8353,167
3043.48,8069,161
3044.77,7777,155
3046.05,7481,150
3047.34,7186,143
3048.63,6928,138
3049.92,6590,131
3051.21,6279,125
3052.50,5982,119
3053.79,5681,113
3055.08,5400,107
3056.37,5108,101
3057.66,4834,95
3058.95,4548,90
3060.23,4287,85
3061.52,3973,78
3062.81,3757,74
3064.10,3449,68
3065.39,3191,62
3066.68,2978,58
3067.97,2760,54
3069.26,2540,50
3070.55,2265,44
3071.84,2070,40
3073.12,1889,37
3074.41,1688,33
3075.70,1490,29
3076.99,1300,25
3078.28,1151,22
3079.57,997,19
3080.86,842,16
3082.15,724,14
3083.44,594,11
3084.73,478,9
3086.02,361,7
3087.30,284,6
3088.59,205,4
3089.88,150,3
3091.17,109,3
3092.46,87,3
3093.75,77,2
3095.04,80,3
3096.33,95,3
3097.62,127,4
3098.91,171,5
3100.20,226,7
3101.48,301,8
3102.77,381,9
3104.06,470,11
3105.35,576,14
3106.64,701,16
3107.93,835,20
3109.22,966,22
3110.51,1140,26
3111.80,1328,30
3113.09,1501,34
3114.37,1703,38
3115.66,1912,42
3116.95,2150,47
3118.24,2376,52
3119.53,2623,57
3120.82,2870,63
3122.11,3152,68
3123.40,3409,73
3124.69,3674,79
3125.98,3925,84
3127.27,4176,89
3128.55,4487,96
3129.84,4736,101
3131.13,5011,107
3132.42,5267,112
3133.71,5540,117
3135.00,5845,124
3136.29,6094,129
3137.58,6414,136
3138.87,6676,141
3140.16,6959,147
3141.45,7241,153
3142.73,7495,158
3144.02,7786,164
3145.31,8027,169
3146.60,8352,176
3147.89,8618,181
3149.18,8884,186
3150.47,9100,191
3151.76,9359,195
3153.05,9645,202
3154.34,9892,207
3155.62,10103,211
3156.91,10368,216
3158.20,10577,220
3159.49,10827,225
3160.78,11036,228
3162.07,11217,233
3163.36,11439,238
3164.65,11631,241
3165.94,11783,245
3167.23,11945,248
3168.52,12137,252
3169.80,12242,254
3171.09,12397,256
3172.38,12521,258
3173.67,12637,261
3174.96,12730,263
3176.25,12817,265
3177.54,12911,266
3178.83,12970,267
3180.12,13041,268
3181.41,13090,269
3182.70,13126,270
3183.98,13129,270
3185.27,13121,269
3186.56,13127,270
3187.85,13083,269
3189.14,13044,267
3190.43,12991,266
3191.72,12940,265
3193.01,12848,263
3194.30,12754,261
3195.59,12644,257
3196.87,12528,255
3198.16,12391,253
3199.45,12215,248
3200.74,12069,246
3202.03,11899,242
3203.32,11723,238
3204.61,11507,234
3205.90,11301,230
3207.19,11085,224
3208.48,10853,220
3209.77,10636,216
3211.05,10396,210
3212.34,10124,204
3213.63,9895,200
3214.92,9607,194
3216.21,9356,188
3217.50,9084,183
3218.79,8780,176
3220.08,8494,171
3221.37,8226,165
3222.66,7910,159
3223.95,7624,153
3225.23,7306,147
3226.52,7020,140
3227.81,6717,134
3229.10,6394,127
3230.39,6081,121
3231.68,5793,115
3232.97,5560,110
3234.26,5249,105
3235.55,4964,99
3236.84,4701,93
3238.12,4449,88
3239.41,4148,82
3240.70,3899,77
