-0.15,3435,5985,3544
0.00,3433,6016,3579
0.15,3441,6053,3587
0.30,3445,6106,3611
0.45,3455,6146,3644
0.60,3462,6183,3642
0.75,3468,6198,3661
0.90,3477,6237,3685
1.05,3484,6231,3694
1.20,3486,6238,3701
1.35,3487,6247,3726
1.50,3488,6270,3730
1.65,3493,6280,3742
1.80,3497,6284,3769
1.95,3499,6294,3781
2.10,3510,6301,3795
2.25,3519,6311,3798
2.40,3528,6320,3832
2.55,3536,6330,3838
2.70,3549,6340,3860
2.85,3554,6357,3894
3.00,3563,6351,3914
3.15,3572,6374,3926
3.30,3574,6383,3938
3.45,3587,6415,3975
3.60,3597,6429,3996
3.75,3611,6466,4010
3.90,3610,6460,4023
4.05,3617,6492,4044
4.20,3627,6509,4063
4.35,3632,6514,4080
4.50,3638,6537,4095
4.65,3646,6559,4105
4.80,3651,6591,4135
4.95,3659,6599,4162
5.10,3671,6599,4201
5.25,3678,6606,4206
5.40,3677,6606,4225
5.55,3688,6634,4263
5.70,3691,6645,4277
5.85,3696,6679,4283
6.00,3700,6713,4306
6.15,3703,6761,4324
6.30,3705,6779,4343
6.45,3715,6810,4364
6.60,3720,6840,4398
6.75,3728,6857,4417
6.90,3738,6875,4428
7.05,3742,6899,4445
7.20,3749,6931,4437
7.35,3750,6940,4461
7.50,3756,6921,4496
7.65,3756,6907,4510
7.80,3759,6911,4510
7.95,3762,6937,4541
8.10,3763,6954,4561
8.25,3773,6981,4567
8.40,3775,7009,4588
8.55,3778,7033,4624
8.70,3789,7043,4630
8.85,3795,7052,4665
9.00,3797,7067,4681
9.15,3805,7094,4690
9.30,3808,7105,4710
9.45,3811,7119,4725
9.60,3815,7141,4742
9.75,3820,7161,4780
9.90,3825,7166,4794
10.05,3834,7183,4803
10.20,3836,7194,4820
10.35,3846,7212,4847
10.50,3853,7229,4858
10.65,3857,7246,4878
10.80,3866,7257,4880
10.95,3875,7289,4895
11.10,3883,7298,4902
11.25,3889,7316,4914
11.40,3891,7352,4934
11.55,3897,7357,4958
11.70,3902,7372,4976
11.85,3904,7383,5017
12.00,3912,7404,5042
12.15,3913,7409,5047
12.30,3918,7438,5071
12.45,3927,7459,5092
12.60,3926,7474,5124
12.75,3931,7479,5137
12.90,3933,7511,5138
13.05,3934,7526,5145
13.20,3937,7537,5168
13.35,3942,7551,5170
13.50,3945,7559,5189
13.65,3950,7576,5223
13.80,3957,7583,5239
13.95,3960,7595,5234
14.10,3958,7614,5241
14.25,3960,7636,5264
14.40,3960,7666,5267
14.55,3966,7691,5297
14.70,3981,7705,5298
14.85,3985,7715,5328
15.00,3991,7738,5347
15.15,3989,7748,5350
15.30,3990,7742,5370
15.45,3988,7734,5363
15.60,3984,7699,5372
15.75,3984,7687,5384
15.90,3983,7688,5392
16.05,3979,7705,5408
16.20,3983,7722,5427
16.35,3981,7726,5442
16.50,3984,7734,5477
16.65,3986,7762,5478
16.80,3991,7800,5508
16.95,3995,7830,5510
17.10,3999,7855,5519
17.25,4002,7886,5547
17.40,4008,7906,5551
17.55,4010,7927,5564
17.70,4013,7938,5583
17.85,4018,7957,5587
18.00,4023,7985,5596
18.15,4019,7988,5607
18.30,4025,8016,5624
18.45,4029,8038,5644
18.60,4030,8051,5657
18.75,4036,8079,5674
18.90,4040,8093,5704
19.05,4041,8096,5697
19.20,4042,8106,5721
19.35,4047,8123,5721
19.50,4054,8138,5730
19.65,4055,8151,5749
19.80,4058,8167,5757
19.95,4060,8173,5756
20.10,4061,8193,5780
20.25,4063,8209,5789
20.40,4067,8227,5792
20.55,4064,8244,5820
20.70,4065,8256,5821
20.85,4065,8274,5848
21.00,4065,8277,5863
21.15,4063,8291,5880
21.30,4067,8299,5879
21.45,4067,8304,5892
21.60,4069,8313,5908
21.75,4068,8322,5937
21.90,4070,8320,5943
22.05,4074,8325,5960
22.20,4076,8319,5959
22.35,4075,8332,5972
22.50,4076,8329,5984
22.65,4077,8332,6000
22.80,4080,8356,6028
22.95,4083,8353,6056
23.10,4083,8353,6060
23.25,4089,8366,6078
23.40,4093,8365,6093
23.55,4094,8367,6107
23.70,4097,8382,6120
23.85,4096,8381,6130
24.00,4096,8391,6152
24.15,4095,8410,6149
24.30,4096,8436,6173
24.45,4098,8441,6172
24.60,4095,8457,6185
24.75,4096,8477,6199
24.90,4097,8477,6211
25.05,4097,8494,6215
25.20,4096,8491,6218
25.35,4098,8504,6226
25.50,4102,8507,6232
25.65,4101,8518,6240
25.80,4100,8528,6261
25.95,4103,8532,6254
26.10,4108,8536,6261
26.25,4106,8554,6266
26.40,4105,8557,6270
26.55,4105,8573,6277
26.70,4103,8578,6299
26.85,4101,8591,6309
27.00,4104,8613,6308
27.15,4102,8620,6334
27.30,4103,8628,6346
27.45,4105,8644,6343
27.60,4107,8650,6353
27.75,4104,8657,6366
27.90,4106,8670,6369
28.05,4100,8666,6377
28.20,4103,8684,6398
28.35,4098,8686,6408
28.50,4098,8697,6402
28.65,4098,8698,6425
28.80,4092,8702,6419
28.95,4089,8723,6431
29.10,4089,8718,6438
29.25,4083,8723,6455
29.40,4078,8728,6468
29.55,4073,8733,6470
29.70,4072,8735,6476
29.85,4070,8732,6481
30.00,4067,8744,6496
30.15,4069,8738,6488
30.30,4070,8750,6507
30.45,4066,8750,6503
30.60,4067,8744,6511
30.75,4067,8758,6521
30.90,4065,8749,6531
31.05,4068,8752,6546
31.20,4068,8762,6553
31.35,4071,8755,6565
31.50,4068,8751,6573
31.65,4067,8748,6583
31.80,4066,8748,6590
31.95,4061,8753,6599
32.10,4058,8743,6609
32.25,4053,8754,6618
32.40,4049,8741,6629
32.55,4044,8746,6638
32.70,4040,8738,6649
32.85,4034,8728,6653
33.00,4027,8733,6675
33.15,4023,8721,6671
33.30,4017,8720,6677
33.45,4014,8715,6677
33.60,4010,8713,6683
33.75,4004,8719,6688
33.90,4007,8705,6701
34.05,4002,8715,6697
34.20,3998,8712,6714
34.35,3997,8714,6720
34.50,3998,8713,6726
34.65,3992,8707,6717
34.80,3987,8708,6738
34.95,3979,8709,6732
35.10,3973,8711,6753
35.25,3967,8710,6751
35.40,3960,8714,6758
35.55,3953,8718,6773
35.70,3943,8728,6785
35.85,3940,8721,6794
36.00,3935,8727,6820
36.15,3929,8717,6812
36.30,3930,8710,6832
36.45,3930,8710,6834
36.60,3928,8707,6842
36.75,3928,8694,6853
36.90,3925,8679,6871
37.05,3924,8664,6879
37.20,3927,8659,6903
37.35,3926,8651,6893
37.50,3923,8642,6898
37.65,3917,8638,6901
37.80,3916,8634,6904
37.95,3908,8628,6910
38.10,3905,8635,6911
38.25,3902,8653,6915
38.40,3901,8660,6921
38.55,3893,8667,6912
38.70,3888,8683,6922
38.85,3881,8696,6924
39.00,3873,8709,6910
39.15,3864,8714,6920
39.30,3855,8720,6921
39.45,3848,8733,6903
39.60,3845,8734,6896
39.75,3836,8728,6894
39.90,3830,8728,6893
40.05,3822,8734,6900
40.20,3815,8735,6901
40.35,3809,8744,6889
40.50,3802,8745,6890
40.65,3792,8737,6902
40.80,3786,8741,6894
40.95,3780,8745,6905
41.10,3772,8732,6906
41.25,3764,8728,6901
41.40,3758,8732,6877
41.55,3745,8718,6878
41.70,3739,8715,6853
41.85,3731,8718,6848
42.00,3724,8715,6853
42.15,3720,8708,6857
42.30,3719,8695,6861
42.45,3710,8685,6867
42.60,3699,8674,6881
42.75,3697,8664,6862
42.90,3685,8652,6859
43.05,3684,8648,6853
43.20,3678,8638,6852
43.35,3673,8626,6851
43.50,3663,8619,6849
43.65,3659,8609,6850
43.80,3653,8612,6860
43.95,3651,8603,6846
44.10,3642,8594,6860
44.25,3635,8583,6857
44.40,3628,8573,6880
44.55,3614,8571,6882
44.70,3609,8560,6895
44.85,3598,8540,6918
45.00,3587,8528,6907
45.15,3578,8524,6909
45.30,3572,8507,6904
45.45,3567,8494,6898
45.60,3561,8482,6907
45.75,3559,8469,6904
45.90,3563,8463,6885
46.05,3556,8459,6894
46.20,3553,8449,6875
46.35,3547,8439,6880
46.50,3541,8422,6857
46.65,3531,8412,6853
46.80,3523,8407,6859
46.95,3512,8387,6853
47.10,3507,8360,6837
47.25,3498,8332,6850
47.40,3486,8301,6844
47.55,3477,8282,6833
47.70,3470,8274,6831
47.85,3461,8284,6827
48.00,3453,8285,6827
48.15,3443,8305,6832
48.30,3433,8321,6834
48.45,3421,8315,6815
48.60,3411,8314,6815
48.75,3408,8311,6828
48.90,3395,8295,6809
49.05,3388,8277,6820
49.20,3377,8270,6802
49.35,3372,8246,6802
49.50,3365,8211,6797
49.65,3360,8198,6793
49.80,3358,8186,6789
49.95,3351,8182,6780
50.10,3343,8190,6794
50.25,3335,8194,6783
50.40,3329,8186,6784
50.55,3322,8191,6783
50.70,3314,8175,6770
50.85,3309,8149,6761
51.00,3299,8129,6750
51.15,3282,8117,6760
51.30,3278,8090,6756
51.45,3269,8084,6738
51.60,3264,8061,6753
51.75,3256,8042,6733
51.90,3251,8039,6731
52.05,3239,8023,6726
52.20,3226,8001,6720
52.35,3222,7986,6723
52.50,3201,7973,6701
52.65,3193,7950,6704
52.80,3182,7929,6682
52.95,3167,7906,6676
53.10,3159,7896,6663
53.25,3148,7880,6639
53.40,3141,7866,6635
53.55,3127,7853,6644
53.70,3118,7844,6634
53.85,3109,7835,6648
54.00,3098,7829,6633
54.15,3090,7812,6640
54.30,3085,7807,6622
54.45,3068,7782,6615
54.60,3063,7764,6611
54.75,3054,7754,6605
54.90,3038,7742,6615
55.05,3033,7724,6607
55.20,3027,7716,6591
55.35,3019,7713,6585
55.50,3015,7690,6595
55.65,3013,7675,6580
55.80,3006,7660,6577
55.95,2994,7649,6573
56.10,2987,7631,6585
56.25,2981,7612,6565
56.40,2972,7596,6562
56.55,2956,7587,6568
56.70,2944,7571,6548
56.85,2941,7548,6542
57.00,2926,7535,6549
57.15,2910,7516,6544
57.30,2901,7504,6522
57.45,2892,7492,6528
57.60,2884,7484,6520
57.75,2882,7474,6519
57.90,2870,7466,6518
58.05,2868,7455,6514
58.20,2855,7439,6516
58.35,2841,7424,6507
58.50,2833,7406,6482
58.65,2820,7395,6480
58.80,2806,7370,6457
58.95,2793,7358,6461
59.10,2786,7344,6438
59.25,2770,7324,6433
59.40,2761,7294,6429
59.55,2751,7278,6425
59.70,2744,7254,6416
59.85,2737,7242,6410
60.00,2722,7220,6400
60.15,2719,7205,6406
60.30,2712,7199,6391
60.45,2695,7179,6389
60.60,2695,7156,6368
60.75,2681,7142,6367
60.90,2667,7125,6351
61.05,2662,7107,6321
61.20,2660,7090,6307
61.35,2644,7076,6292
61.50,2640,7068,6296
61.65,2634,7056,6282
61.80,2633,7033,6258
61.95,2625,7020,6249
62.10,2613,7009,6243
62.25,2604,6996,6237
62.40,2594,6980,6231
62.55,2590,6970,6218
62.70,2570,6946,6210
62.85,2561,6931,6215
63.00,2551,6915,6192
63.15,2544,6903,6182
63.30,2528,6878,6177
63.45,2515,6873,6170
63.60,2506,6854,6161
63.75,2494,6828,6153
63.90,2481,6809,6140
64.05,2476,6791,6120
64.20,2457,6775,6101
64.35,2450,6754,6079
64.50,2428,6742,6058
64.65,2420,6716,6056
64.80,2400,6689,6031
64.95,2382,6659,6028
65.10,2371,6651,6006
65.25,2356,6631,5994
65.40,2341,6608,5990
65.55,2328,6576,5974
65.70,2321,6553,5954
65.85,2310,6541,5942
66.00,2301,6534,5901
66.15,2280,6509,5881
66.30,2286,6504,5882
66.45,2266,6470,5860
66.60,2256,6465,5856
66.75,2250,6448,5864
66.90,2238,6417,5878
67.05,2232,6408,5863
67.20,2232,6398,5855
67.35,2222,6383,5837
67.50,2214,6367,5832
67.65,2202,6347,5811
67.80,2188,6327,5799
67.95,2180,6313,5775
68.10,2171,6272,5765
68.25,2167,6244,5748
68.40,2154,6203,5732
68.55,2141,6160,5729
68.70,2118,6116,5735
68.85,2113,6104,5740
69.00,2091,6085,5752
69.15,2078,6061,5730
69.30,2067,6059,5715
69.45,2050,6033,5694
69.60,2035,6004,5668
69.75,2029,5982,5645
69.90,2027,5964,5630
70.05,2017,5944,5601
70.20,2012,5915,5577
70.35,1997,5892,5558
70.50,1992,5863,5536
70.65,1987,5833,5529
70.80,1977,5807,5507
70.95,1963,5774,5469
71.10,1963,5749,5461
71.25,1950,5719,5445
71.40,1928,5675,5429
71.55,1927,5642,5416
71.70,1914,5612,5407
71.85,1904,5598,5395
72.00,1881,5567,5383
72.15,1870,5551,5368
72.30,1868,5541,5356
72.45,1845,5516,5332
72.60,1835,5512,5318
72.75,1835,5488,5299
72.90,1812,5462,5276
73.05,1814,5446,5277
73.20,1808,5438,5254
73.35,1794,5406,5243
73.50,1786,5392,5233
73.65,1779,5358,5225
73.80,1770,5348,5217
73.95,1773,5325,5207
74.10,1755,5294,5206
74.25,1744,5269,5178
74.40,1742,5253,5174
74.55,1720,5219,5154
74.70,1716,5192,5142
74.85,1704,5176,5123
75.00,1681,5153,5107
75.15,1669,5111,5086
75.30,1654,5082,5052
75.45,1646,5059,5038
75.60,1647,5038,5038
75.75,1628,5026,5010
75.90,1621,5004,5015
76.05,1609,4993,4998
76.20,1601,4947,4956
76.35,1585,4930,4945
76.50,1575,4926,4941
76.65,1564,4892,4927
76.80,1551,4868,4896
76.95,1535,4836,4870
77.10,1536,4812,4857
77.25,1511,4792,4847
77.40,1508,4747,4805
77.55,1491,4745,4796
77.70,1479,4707,4778
77.85,1467,4683,4774
78.00,1455,4665,4746
78.15,1445,4649,4725
78.30,1436,4629,4722
78.45,1427,4610,4698
78.60,1419,4594,4689
78.75,1418,4568,4669
78.90,1395,4535,4654
79.05,1400,4531,4647
79.20,1381,4501,4633
79.35,1376,4487,4636
79.50,1369,4472,4612
79.65,1362,4472,4598
79.80,1355,4442,4596
79.95,1346,4426,4572
80.10,1350,4412,4563
80.25,1331,4393,4545
80.40,1333,4384,4543
80.55,1311,4350,4524
80.70,1301,4328,4506
80.85,1289,4319,4470
81.00,1279,4293,4445
81.15,1264,4253,4423
81.30,1253,4241,4402
81.45,1248,4228,4402
81.60,1238,4209,4376
81.75,1227,4174,4361
81.90,1218,4152,4352
82.05,1206,4144,4337
82.20,1196,4106,4312
82.35,1184,4081,4289
82.50,1185,4056,4269
82.65,1161,4039,4263
82.80,1162,4017,4225
82.95,1135,3981,4206
83.10,1125,3945,4181
83.25,1127,3921,4178
83.40,1106,3896,4141
83.55,1094,3873,4120
83.70,1083,3853,4095
83.85,1075,3824,4086
84.00,1067,3804,4073
84.15,1072,3786,4071
84.30,1050,3765,4037
84.45,1050,3744,4014
84.60,1032,3724,3998
84.75,1018,3698,3974
84.90,1025,3685,3961
85.05,1004,3666,3944
85.20,1008,3652,3931
85.35,1002,3633,3924
85.50,984,3615,3896
85.65,978,3600,3895
85.80,984,3585,3882
85.95,965,3570,3868
86.10,959,3562,3841
86.25,961,3543,3822
86.40,941,3506,3804
86.55,931,3494,3798
86.70,922,3459,3762
86.85,923,3431,3742
87.00,902,3416,3720
87.15,905,3379,3696
87.30,884,3357,3682
87.45,874,3332,3672
87.60,864,3304,3636
87.75,857,3298,3622
87.90,847,3264,3600
88.05,840,3243,3585
88.20,829,3213,3571
88.35,820,3190,3536
88.50,822,3168,3516
88.65,800,3160,3493
88.80,788,3130,3466
88.95,775,3087,3451
89.10,779,3077,3418
89.25,756,3055,3398
89.40,745,3027,3370
89.55,751,2992,3349
89.70,727,2969,3328
89.85,722,2958,3318
90.00,726,2935,3301
90.15,703,2907,3291
90.30,708,2891,3264
90.45,692,2845,3225
90.60,680,2848,3235
90.75,670,2835,3203
90.90,665,2825,3207
91.05,673,2810,3183
91.20,655,2797,3169
91.35,663,2770,3163
91.50,645,2754,3148
91.65,640,2738,3152
91.80,646,2725,3128
91.95,629,2706,3111
92.10,623,2702,3097
92.25,615,2669,3081
92.40,607,2645,3073
92.55,600,2623,3039
92.70,592,2614,3019
92.85,595,2577,3013
93.00,585,2551,2992
93.15,567,2527,2959
93.30,559,2501,2941
93.45,551,2495,2923
93.60,554,2474,2907
93.75,534,2429,2896
93.90,540,2431,2869
94.05,534,2403,2867
94.20,517,2382,2855
94.35,518,2373,2816
94.50,503,2337,2795
94.65,494,2315,2771
94.80,478,2272,2735
94.95,484,2259,2724
95.10,475,2232,2716
95.25,458,2210,2698
95.40,454,2195,2683
95.55,446,2170,2646
95.70,449,2151,2647
95.85,432,2130,2630
96.00,435,2125,2600
96.15,423,2110,2587
96.30,414,2076,2570
96.45,407,2049,2559
96.60,403,2040,2535
96.75,398,2025,2536
96.90,391,2002,2518
97.05,393,2000,2488
97.20,382,1990,2481
97.35,378,1977,2470
97.50,382,1948,2457
97.65,378,1950,2459
97.80,374,1923,2431
97.95,368,1906,2419
98.10,356,1906,2406
98.25,352,1875,2405
98.40,346,1857,2378
98.55,347,1839,2359
98.70,334,1817,2342
98.85,328,1797,2337
99.00,328,1790,2319
99.15,313,1767,2283
99.30,316,1737,2283
99.45,304,1731,2251
99.60,298,1699,2235
99.75,293,1695,2215
99.90,287,1667,2200
100.05,287,1644,2193
100.20,276,1625,2172
100.35,272,1613,2147
100.50,266,1606,2126
100.65,260,1570,2107
100.80,252,1555,2080
100.95,245,1535,2075
101.10,241,1506,2046
101.25,234,1498,2038
101.40,231,1482,2008
101.55,224,1444,1985
101.70,219,1424,1967
101.85,216,1420,1963
102.00,211,1412,1940
102.15,211,1383,1939
102.30,201,1367,1922
102.45,197,1350,1891
102.60,199,1339,1881
102.75,189,1323,1865
102.90,185,1305,1863
103.05,183,1301,1842
103.20,181,1285,1842
103.35,181,1289,1831
103.50,179,1264,1808
103.65,177,1256,1811
103.80,175,1261,1786
103.95,166,1235,1773
104.10,163,1223,1774
104.25,159,1209,1745
104.40,160,1209,1731
104.55,151,1192,1716
104.70,148,1160,1699
104.85,148,1144,1699
105.00,140,1125,1667
105.15,135,1106,1663
105.30,136,1091,1647
105.45,132,1092,1613
105.60,125,1062,1598
105.75,120,1062,1583
105.90,117,1032,1582
106.05,114,1016,1549
106.20,111,1014,1531
106.35,108,989,1537
106.50,103,973,1504
106.65,99,949,1492
106.80,96,934,1474
106.95,93,919,1462
107.10,91,911,1434
107.25,87,887,1415
107.40,88,879,1405
107.55,80,856,1383
107.70,78,843,1367
107.85,77,850,1360
108.00,74,823,1359
108.15,73,824,1346
108.30,71,792,1311
108.45,67,784,1301
108.60,66,774,1290
108.75,63,775,1277
108.90,64,748,1261
109.05,63,743,1253
109.20,61,733,1244
109.35,57,723,1234
109.50,56,728,1242
109.65,55,708,1233
109.80,55,711,1226
109.95,51,690,1199
110.10,53,680,1204
110.25,51,681,1177
110.40,46,659,1179
110.55,45,644,1163
110.70,43,632,1149
110.85,42,619,1118
111.00,41,617,1118
111.15,39,590,1086
111.30,37,578,1089
111.45,34,566,1056
111.60,35,570,1048
111.75,33,546,1049
111.90,31,536,1037
112.05,32,526,1008
112.20,30,519,1000
112.35,30,506,986
112.50,28,502,987
112.65,28,494,960
112.80,23,465,935
112.95,26,467,927
113.10,22,447,911
113.25,24,440,901
113.40,24,428,887
113.55,24,417,875
113.70,23,416,876
113.85,23,400,852
114.00,23,398,838
114.15,22,381,827
114.30,18,370,812
114.45,18,370,801
114.60,22,354,806
114.75,18,341,774
114.90,22,338,768
115.05,22,334,762
115.20,23,334,767
115.35,23,322,760
115.50,22,317,753
115.65,23,311,733
115.80,23,313,725
115.95,20,299,730
116.10,21,295,708
116.25,24,287,698
116.40,24,281,689
116.55,25,277,689
116.70,23,268,666
116.85,27,257,656
117.00,28,252,643
117.15,29,242,629
117.30,30,233,627
117.45,29,227,617
117.60,31,221,608
117.75,32,216,599
117.90,35,209,588
118.05,35,201,567
118.20,36,197,561
118.35,37,192,556
118.50,40,185,545
118.65,41,176,534
118.80,44,170,519
118.95,44,165,510
119.10,48,158,496
119.25,49,148,483
119.40,51,145,477
119.55,54,139,460
119.70,55,137,460
119.85,57,127,446
120.00,59,123,440
120.15,60,120,434
120.30,65,117,418
120.45,70,114,409
120.60,66,114,409
120.75,70,107,394
120.90,70,104,390
121.05,77,102,384
121.20,76,93,379
121.35,76,98,374
121.50,78,95,369
121.65,79,93,363
121.80,81,92,357
121.95,83,81,352
122.10,88,79,344
122.25,87,82,338
122.40,91,81,331
122.55,93,78,322
122.70,101,75,312
122.85,100,73,305
123.00,104,69,296
123.15,107,58,287
123.30,114,65,283
123.45,113,62,278
123.60,119,61,272
123.75,122,60,266
123.90,121,50,256
124.05,125,49,255
124.20,128,56,248
124.35,136,45,241
124.50,136,53,228
124.65,145,52,225
124.80,145,41,219
124.95,155,49,205
125.10,156,40,204
125.25,163,48,199
125.40,164,40,192
125.55,166,49,189
125.70,170,49,183
125.85,175,49,179
126.00,180,49,164
126.15,183,41,167
126.30,186,50,164
126.45,191,42,157
126.60,200,43,155
126.75,200,44,142
126.90,203,45,145
127.05,206,54,143
127.20,208,55,132
127.35,212,48,138
127.50,216,49,134
127.65,218,58,123
127.80,227,51,128
127.95,226,61,126
128.10,229,61,123
128.25,233,62,119
128.40,242,64,107
128.55,248,67,113
128.70,253,62,109
128.85,258,64,95
129.00,264,74,102
129.15,266,72,87
129.30,276,80,93
129.45,275,83,90
129.60,281,85,78
129.75,285,83,85
129.90,290,91,82
130.05,295,90,79
130.20,309,94,77
130.35,307,103,64
130.50,312,106,71
130.65,326,110,69
130.80,335,116,55
130.95,334,120,63
131.10,340,125,51
131.25,347,130,60
131.40,353,135,47
131.55,367,140,55
131.70,365,144,55
131.85,370,149,53
132.00,387,156,52
132.15,382,159,51
132.30,389,164,49
132.45,398,173,49
132.60,408,173,48
132.75,405,177,36
132.90,413,185,35
133.05,418,193,45
133.20,422,196,45
133.35,434,196,44
133.50,439,204,34
133.65,443,204,45
133.80,439,213,44
133.95,444,218,33
134.10,450,223,45
134.25,455,223,45
134.40,461,228,44
134.55,477,236,44
134.70,476,244,44
134.85,491,251,44
135.00,500,260,45
135.15,508,273,46
135.30,516,281,47
135.45,514,282,47
135.60,522,291,49
135.75,537,302,38
135.90,542,303,49
136.05,539,310,50
136.20,548,319,52
136.35,556,328,43
136.50,575,339,55
136.65,573,348,57
136.80,595,368,60
136.95,594,378,62
137.10,598,377,62
137.25,608,396,56
137.40,615,397,68
137.55,624,409,61
137.70,637,424,74
137.85,648,424,65
138.00,644,433,65
138.15,669,448,80
138.30,675,467,74
138.45,681,475,77
138.60,675,479,87
138.75,686,484,91
138.90,689,498,84
139.05,706,503,94
139.20,700,503,97
139.35,705,519,100
139.50,723,516,93
139.65,717,533,95
139.80,722,530,97
139.95,728,548,108
140.10,733,555,103
140.25,752,565,115
140.40,750,565,118
140.55,757,586,114
140.70,779,587,119
140.85,775,599,123
141.00,798,622,136
141.15,796,626,134
141.30,804,638,138
141.45,829,653,151
141.60,832,673,158
141.75,832,685,159
141.90,850,684,164
142.05,850,710,169
142.20,878,723,179
142.35,880,725,179
142.50,888,736,184
142.65,902,769,188
142.80,898,779,194
142.95,921,785,201
143.10,917,796,209
143.25,928,814,213
143.40,947,840,229
143.55,959,854,228
143.70,960,860,235
143.85,987,895,246
144.00,978,887,249
144.15,986,900,256
144.30,990,904,259
144.45,1002,923,268
144.60,1010,948,271
144.75,1023,954,281
144.90,1043,964,286
145.05,1033,987,289
145.20,1039,979,294
145.35,1044,1003,298
145.50,1063,998,302
145.65,1058,1008,306
145.80,1066,1032,312
145.95,1071,1043,317
146.10,1079,1041,323
146.25,1087,1053,329
146.40,1099,1083,338
146.55,1106,1083,345
146.70,1118,1114,352
146.85,1127,1130,363
147.00,1140,1134,370
147.15,1163,1154,380
147.30,1162,1186,389
147.45,1185,1191,403
147.60,1179,1215,408
147.75,1192,1222,416
147.90,1203,1253,429
148.05,1203,1256,426
148.20,1209,1253,431
148.35,1226,1280,446
148.50,1230,1290,451
148.65,1251,1320,459
148.80,1254,1328,472
148.95,1269,1356,487
149.10,1278,1383,495
149.25,1298,1385,504
149.40,1301,1407,515
149.55,1326,1432,530
149.70,1323,1459,536
149.85,1340,1467,542
150.00,1349,1500,569
150.15,1348,1499,570
150.30,1356,1499,567
150.45,1370,1536,592
150.60,1380,1537,590
150.75,1385,1548,597
150.90,1398,1573,610
151.05,1403,1592,614
151.20,1421,1594,622
151.35,1418,1605,640
151.50,1437,1632,647
151.65,1434,1645,655
151.80,1440,1640,650
151.95,1457,1669,657
152.10,1456,1671,667
152.25,1465,1685,687
152.40,1474,1702,686
152.55,1495,1721,696
152.70,1495,1741,707
152.85,1517,1759,730
153.00,1516,1778,730
153.15,1528,1801,744
153.30,1537,1814,765
153.45,1547,1836,765
153.60,1568,1868,788
153.75,1568,1869,786
153.90,1576,1884,808
154.05,1588,1905,806
154.20,1614,1931,836
154.35,1620,1958,844
154.50,1619,1976,854
154.65,1646,2023,871
154.80,1657,2015,874
154.95,1661,2038,889
155.10,1668,2050,897
155.25,1690,2073,913
155.40,1696,2100,927
155.55,1710,2111,935
155.70,1728,2142,971
155.85,1732,2169,973
156.00,1731,2169,973
156.15,1756,2229,1016
156.30,1757,2228,1016
156.45,1765,2232,1010
156.60,1770,2246,1034
156.75,1781,2265,1046
156.90,1792,2285,1060
157.05,1797,2301,1070
157.20,1806,2330,1079
157.35,1823,2333,1091
157.50,1821,2348,1085
157.65,1828,2375,1094
157.80,1837,2377,1119
157.95,1855,2393,1115
158.10,1864,2422,1124
158.25,1873,2427,1135
158.40,1881,2448,1150
158.55,1892,2467,1162
158.70,1903,2487,1176
158.85,1914,2508,1205
159.00,1919,2534,1220
159.15,1932,2556,1221
159.30,1939,2571,1234
159.45,1950,2588,1245
159.60,1960,2609,1259
159.75,1969,2631,1287
159.90,1982,2651,1288
160.05,1995,2680,1306
160.20,2006,2697,1332
160.35,2021,2730,1340
160.50,2030,2759,1352
160.65,2036,2771,1360
160.80,2061,2805,1398
160.95,2081,2830,1409
161.10,2073,2833,1412
161.25,2087,2860,1431
161.40,2106,2898,1458
161.55,2118,2922,1475
161.70,2126,2922,1475
161.85,2137,2946,1492
162.00,2154,2980,1516
162.15,2160,2989,1522
162.30,2167,3018,1534
162.45,2174,3034,1571
162.60,2180,3056,1576
162.75,2198,3066,1577
162.90,2209,3088,1608
163.05,2216,3117,1606
163.20,2225,3120,1616
163.35,2225,3139,1645
163.50,2234,3154,1640
163.65,2243,3168,1650
163.80,2250,3185,1660
163.95,2258,3211,1687
164.10,2266,3231,1699
164.25,2282,3236,1712
164.40,2285,3259,1711
164.55,2303,3293,1745
164.70,2308,3304,1748
164.85,2319,3325,1764
165.00,2330,3351,1798
165.15,2351,3389,1804
165.30,2359,3391,1816
165.45,2362,3414,1833
165.60,2387,3454,1862
165.75,2387,3462,1870
165.90,2391,3473,1879
166.05,2404,3500,1899
166.20,2434,3545,1934
166.35,2433,3553,1933
166.50,2437,3574,1947
166.65,2446,3584,1963
166.80,2465,3623,2007
166.95,2480,3641,2022
167.10,2493,3686,2054
167.25,2501,3700,2051
167.40,2509,3713,2062
167.55,2531,3757,2088
167.70,2534,3784,2105
167.85,2539,3793,2126
168.00,2551,3809,2145
168.15,2562,3837,2149
168.30,2569,3851,2174
168.45,2580,3892,2194
168.60,2587,3897,2192
168.75,2597,3921,2223
168.90,2616,3954,2231
169.05,2615,3969,2257
169.20,2621,3999,2271
169.35,2630,4008,2269
169.50,2640,4024,2284
169.65,2646,4052,2296
169.80,2654,4057,2321
169.95,2659,4072,2320
170.10,2674,4091,2332
170.25,2677,4125,2347
170.40,2692,4136,2365
170.55,2703,4159,2380
170.70,2708,4181,2399
170.85,2718,4216,2432
171.00,2731,4239,2451
171.15,2744,4265,2458
171.30,2751,4272,2473
171.45,2768,4307,2517
171.60,2774,4320,2502
171.75,2776,4340,2519
171.90,2795,4367,2553
172.05,2794,4377,2567
172.20,2818,4417,2599
172.35,2825,4431,2604
172.50,2839,4461,2618
172.65,2843,4465,2645
172.80,2855,4503,2658
172.95,2864,4536,2690
173.10,2876,4548,2695
173.25,2896,4592,2720
173.40,2908,4623,2748
173.55,2911,4625,2756
173.70,2919,4657,2793
173.85,2931,4675,2800
174.00,2940,4689,2815
174.15,2951,4720,2831
174.30,2952,4732,2842
174.45,2963,4755,2863
174.60,2977,4778,2904
174.75,2981,4795,2921
174.90,2989,4826,2922
175.05,2992,4829,2930
175.20,2997,4858,2944
175.35,3008,4882,2963
175.50,3013,4888,2990
175.65,3018,4900,3001
175.80,3024,4927,2998
175.95,3033,4933,3011
176.10,3040,4962,3027
176.25,3048,4969,3056
176.40,3058,5002,3074
176.55,3062,5025,3080
176.70,3074,5050,3115
176.85,3081,5060,3121
177.00,3093,5084,3142
177.15,3104,5110,3164
177.30,3111,5140,3180
177.45,3119,5146,3210
177.60,3127,5166,3226
177.75,3139,5192,3228
177.90,3149,5215,3263
178.05,3157,5230,3262
178.20,3163,5258,3278
178.35,3174,5276,3317
178.50,3187,5306,3324
178.65,3197,5316,3351
178.80,3212,5358,3372
178.95,3227,5412,3421
179.10,3226,5400,3419
179.25,3241,5428,3440
179.40,3244,5446,3441
179.55,3270,5514,3514
179.70,3270,5517,3515
179.85,3274,5525,3499
180.00,3281,5535,3520
180.15,3292,5563,3548
180.30,3293,5570,3557
180.45,3307,5617,3587
180.60,3308,5619,3598
180.75,3316,5652,3621
180.90,3326,5659,3649
181.05,3330,5682,3655
181.20,3334,5708,3669
181.35,3346,5714,3682
181.50,3346,5733,3711
181.65,3352,5748,3710
181.80,3360,5774,3723
181.95,3364,5777,3737
182.10,3373,5803,3753
182.25,3381,5812,3782
182.40,3386,5831,3799
182.55,3394,5852,3818
182.70,3407,5883,3825
182.85,3410,5897,3846
183.00,3422,5916,3862
183.15,3430,5951,3884
183.30,3434,5956,3899
183.45,3441,5982,3914
183.60,3452,6003,3933
183.75,3467,6049,3979
183.90,3465,6049,3981
184.05,3465,6054,3997
184.20,3479,6094,4006
184.35,3486,6103,4033
184.50,3492,6133,4042
184.65,3504,6164,4062
184.80,3516,6207,4099
184.95,3526,6239,4126
185.10,3524,6253,4124
185.25,3532,6265,4143
185.40,3539,6291,4165
185.55,3558,6357,4225
185.70,3563,6358,4237
185.85,3558,6355,4225
186.00,3564,6374,4235
186.15,3573,6398,4277
186.30,3581,6413,4289
186.45,3580,6427,4287
186.60,3589,6442,4301
186.75,3591,6465,4333
186.90,3602,6500,4355
187.05,3601,6508,4351
187.20,3609,6524,4363
187.35,3610,6526,4376
187.50,3617,6543,4404
187.65,3620,6559,4405
187.80,3626,6582,4419
187.95,3633,6588,4434
188.10,3636,6599,4460
188.25,3642,6612,4457
188.40,3645,6629,4473
188.55,3650,6646,4491
188.70,3662,6660,4506
188.85,3663,6674,4523
189.00,3671,6696,4540
189.15,3681,6714,4558
189.30,3684,6725,4573
189.45,3696,6766,4609
189.60,3696,6755,4611
189.75,3703,6771,4626
189.90,3706,6782,4644
190.05,3714,6795,4671
190.20,3729,6852,4717
190.35,3726,6859,4715
190.50,3730,6847,4715
190.65,3737,6875,4741
190.80,3743,6893,4763
190.95,3749,6903,4790
191.10,3751,6933,4808
191.25,3757,6935,4824
191.40,3759,6966,4832
191.55,3767,6983,4854
191.70,3772,6998,4874
191.85,3775,7003,4881
192.00,3782,7028,4909
192.15,3780,7033,4911
192.30,3784,7060,4929
192.45,3788,7066,4945
192.60,3800,7088,4971
192.75,3798,7090,4975
192.90,3810,7137,5015
193.05,3809,7137,5016
193.20,3811,7126,5020
193.35,3812,7139,5037
193.50,3818,7162,5051
193.65,3822,7163,5068
193.80,3826,7175,5079
193.95,3829,7188,5107
194.10,3832,7198,5109
194.25,3836,7212,5123
194.40,3838,7225,5154
194.55,3846,7238,5159
194.70,3846,7262,5177
194.85,3852,7270,5195
195.00,3853,7280,5227
195.15,3858,7305,5248
195.30,3863,7307,5247
195.45,3865,7318,5263
195.60,3870,7326,5284
195.75,3877,7362,5327
195.90,3877,7371,5312
196.05,3880,7383,5339
196.20,3876,7379,5350
196.35,3880,7394,5347
196.50,3886,7407,5382
196.65,3886,7415,5381
196.80,3895,7448,5421
196.95,3894,7448,5433
197.10,3899,7483,5452
197.25,3906,7486,5483
197.40,3905,7491,5469
197.55,3909,7499,5497
197.70,3911,7519,5505
197.85,3915,7523,5526
198.00,3916,7525,5543
198.15,3918,7537,5552
198.30,3923,7553,5579
198.45,3922,7554,5579
198.60,3924,7561,5602
198.75,3931,7578,5616
198.90,3933,7589,5643
199.05,3933,7589,5635
199.20,3933,7612,5661
199.35,3935,7610,5657
199.50,3938,7620,5670
199.65,3941,7630,5695
199.80,3941,7636,5705
199.95,3941,7647,5700
200.10,3947,7649,5713
200.25,3943,7673,5725
200.40,3948,7672,5736
200.55,3948,7681,5764
200.70,3948,7693,5780
200.85,3951,7702,5783
201.00,3952,7722,5809
201.15,3956,7720,5808
201.30,3956,7738,5841
201.45,3958,7742,5830
201.60,3957,7761,5842
201.75,3957,7775,5853
201.90,3960,7777,5865
202.05,3962,7797,5874
202.20,3959,7802,5884
202.35,3964,7817,5914
202.50,3960,7834,5924
202.65,3961,7851,5942
202.80,3967,7870,5959
202.95,3967,7885,5990
203.10,3966,7891,5974
203.25,3965,7913,5992
203.40,3967,7910,6004
203.55,3967,7934,6029
203.70,3967,7941,6027
203.85,3969,7933,6043
204.00,3965,7951,6053
204.15,3969,7956,6058
204.30,3966,7963,6081
204.45,3971,7969,6075
204.60,3966,7976,6096
204.75,3964,8009,6120
204.90,3963,8001,6117
205.05,3966,8001,6120
205.20,3965,8006,6136
205.35,3963,8022,6132
205.50,3962,8021,6142
205.65,3961,8027,6150
205.80,3962,8036,6170
205.95,3961,8051,6166
206.10,3957,8056,6178
206.25,3960,8062,6182
206.40,3958,8075,6206
206.55,3957,8084,6204
206.70,3956,8085,6226
206.85,3956,8101,6223
207.00,3953,8099,6245
207.15,3957,8117,6239
207.30,3952,8119,6249
207.45,3952,8121,6251
207.60,3953,8136,6273
207.75,3952,8146,6273
207.90,3950,8154,6291
208.05,3950,8147,6284
208.20,3945,8174,6321
208.35,3947,8163,6308
208.50,3947,8176,6332
208.65,3946,8187,6344
208.80,3940,8205,6357
208.95,3941,8197,6369
209.10,3938,8208,6363
209.25,3938,8216,6382
209.40,3932,8223,6386
209.55,3931,8224,6400
209.70,3928,8218,6404
209.85,3927,8233,6429
210.00,3926,8228,6426
210.15,3919,8234,6444
210.30,3921,8238,6444
210.45,3917,8242,6458
210.60,3918,8250,6461
210.75,3915,8258,6478
210.90,3914,8251,6478
211.05,3915,8261,6497
211.20,3911,8251,6492
211.35,3908,8257,6499
211.50,3905,8257,6507
211.65,3905,8260,6510
211.80,3905,8262,6517
211.95,3900,8270,6536
212.10,3902,8270,6529
212.25,3898,8279,6547
212.40,3900,8271,6537
212.55,3899,8280,6545
212.70,3895,8279,6548
212.85,3893,8271,6556
213.00,3893,8281,6555
213.15,3889,8272,6565
213.30,3885,8281,6566
213.45,3882,8272,6588
213.60,3882,8267,6577
213.75,3878,8269,6593
213.90,3874,8269,6588
214.05,3873,8279,6594
214.20,3869,8265,6601
214.35,3864,8270,6612
214.50,3865,8281,6619
214.65,3857,8270,6624
214.80,3854,8270,6635
214.95,3850,8271,6638
215.10,3849,8280,6644
215.25,3841,8270,6652
215.40,3837,8274,6658
215.55,3836,8269,6662
215.70,3834,8268,6679
215.85,3828,8273,6672
216.00,3823,8270,6676
216.15,3816,8275,6680
216.30,3812,8269,6698
216.45,3806,8267,6695
216.60,3805,8272,6697
216.75,3797,8270,6702
216.90,3796,8264,6705
217.05,3791,8270,6721
217.20,3790,8266,6714
217.35,3786,8270,6715
217.50,3779,8262,6734
217.65,3776,8264,6725
217.80,3775,8253,6740
217.95,3769,8256,6733
218.10,3765,8253,6739
218.25,3763,8254,6740
218.40,3757,8264,6745
218.55,3754,8253,6751
218.70,3747,8255,6769
218.85,3747,8252,6756
219.00,3739,8251,6775
219.15,3734,8253,6764
219.30,3733,8252,6781
219.45,3727,8248,6780
219.60,3720,8247,6774
219.75,3714,8251,6775
219.90,3713,8241,6778
220.05,3703,8234,6785
220.20,3700,8233,6784
220.35,3694,8224,6801
220.50,3689,8231,6791
220.65,3684,8218,6807
220.80,3676,8216,6812
220.95,3669,8220,6804
221.10,3663,8212,6804
221.25,3661,8206,6823
221.40,3656,8200,6812
221.55,3646,8196,6811
221.70,3640,8195,6813
221.85,3633,8189,6813
222.00,3632,8195,6815
222.15,3622,8183,6813
222.30,3617,8177,6825
222.45,3608,8171,6811
222.60,3602,8169,6820
222.75,3596,8171,6807
222.90,3588,8167,6809
223.05,3584,8154,6823
223.20,3581,8151,6810
223.35,3574,8142,6822
223.50,3569,8145,6812
223.65,3562,8141,6814
223.80,3556,8133,6810
223.95,3553,8129,6809
224.10,3543,8112,6821
224.25,3540,8112,6822
224.40,3530,8105,6808
224.55,3522,8087,6824
224.70,3518,8086,6812
224.85,3509,8076,6808
225.00,3500,8064,6819
225.15,3494,8061,6822
225.30,3487,8054,6821
225.45,3480,8045,6819
225.60,3471,8048,6807
225.75,3465,8027,6807
225.90,3460,8027,6821
226.05,3451,8026,6815
226.20,3440,8020,6813
226.35,3432,8005,6810
226.50,3427,8000,6804
226.65,3411,7988,6801
226.80,3398,7968,6800
226.95,3397,7962,6780
227.10,3381,7959,6791
227.25,3370,7936,6774
227.40,3368,7931,6769
227.55,3353,7913,6765
227.70,3352,7911,6777
227.85,3343,7905,6757
228.00,3339,7894,6758
228.15,3326,7896,6766
228.30,3322,7872,6747
228.45,3311,7857,6743
228.60,3305,7854,6741
228.75,3293,7844,6749
228.90,3283,7840,6732
229.05,3284,7828,6742
229.20,3277,7827,6729
229.35,3267,7806,6738
229.50,3261,7796,6722
229.65,3257,7783,6734
229.80,3247,7777,6729
229.95,3238,7763,6724
230.10,3232,7754,6712
230.25,3225,7743,6718
230.40,3216,7738,6702
230.55,3209,7715,6713
230.70,3206,7707,6698
230.85,3193,7698,6693
231.00,3187,7681,6685
231.15,3181,7667,6693
231.30,3171,7655,6676
231.45,3161,7644,6672
231.60,3152,7627,6667
231.75,3139,7618,6673
231.90,3138,7595,6666
232.05,3124,7582,6663
232.20,3116,7567,6649
232.35,3104,7561,6643
232.50,3098,7540,6635
232.65,3092,7539,6631
232.80,3076,7508,6622
232.95,3066,7496,6617
233.10,3058,7486,6615
233.25,3045,7463,6620
233.40,3032,7457,6598
233.55,3032,7439,6610
233.70,3011,7412,6586
233.85,3007,7422,6603
234.00,3000,7409,6587
234.15,2992,7389,6579
234.30,2984,7380,6577
234.45,2976,7367,6569
234.60,2967,7349,6577
234.75,2952,7345,6555
234.90,2945,7326,6551
235.05,2945,7315,6561
235.20,2931,7304,6552
235.35,2917,7290,6541
235.50,2911,7285,6538
235.65,2902,7260,6529
235.80,2896,7246,6523
235.95,2893,7235,6500
236.10,2889,7230,6507
236.25,2876,7204,6485
236.40,2861,7190,6478
236.55,2852,7177,6472
236.70,2846,7165,6477
236.85,2829,7146,6450
237.00,2828,7122,6442
237.15,2820,7119,6434
237.30,2805,7094,6426
237.45,2801,7078,6419
237.60,2784,7059,6406
237.75,2774,7057,6411
237.90,2773,7032,6389
238.05,2760,7011,6378
238.20,2733,6978,6358
238.35,2734,6985,6356
238.50,2720,6959,6347
238.65,2709,6949,6349
238.80,2693,6923,6319
238.95,2682,6901,6309
239.10,2685,6889,6305
239.25,2662,6863,6302
239.40,2651,6848,6291
239.55,2644,6834,6271
239.70,2634,6819,6272
239.85,2628,6798,6260
240.00,2608,6779,6234
240.15,2603,6772,6227
240.30,2591,6749,6228
240.45,2582,6737,6220
240.60,2574,6720,6212
240.75,2568,6702,6187
240.90,2559,6683,6175
241.05,2553,6675,6167
241.20,2539,6662,6175
241.35,2530,6649,6167
241.50,2519,6642,6157
241.65,2511,6616,6136
241.80,2506,6603,6126
241.95,2496,6595,6133
242.10,2489,6592,6113
242.25,2482,6579,6104
242.40,2477,6562,6104
242.55,2458,6533,6079
242.70,2455,6510,6081
242.85,2435,6503,6056
243.00,2426,6486,6043
243.15,2414,6456,6031
243.30,2414,6441,6021
243.45,2397,6426,6024
243.60,2384,6406,5998
243.75,2378,6392,5990
243.90,2375,6376,5981
244.05,2366,6372,5972
244.20,2355,6345,5976
244.35,2338,6327,5965
244.50,2329,6314,5954
244.65,2322,6299,5928
244.80,2310,6273,5926
244.95,2297,6241,5909
245.10,2282,6230,5894
245.25,2273,6214,5884
245.40,2258,6185,5853
245.55,2243,6168,5843
245.70,2230,6137,5847
245.85,2219,6113,5817
246.00,2215,6092,5805
246.15,2197,6075,5791
246.30,2186,6052,5779
246.45,2172,6028,5762
246.60,2175,6016,5769
246.75,2165,6010,5756
246.90,2144,5973,5728
247.05,2135,5961,5717
247.20,2126,5947,5722
247.35,2125,5928,5696
247.50,2117,5910,5698
247.65,2098,5904,5684
247.80,2092,5878,5674
247.95,2084,5870,5662
248.10,2074,5856,5653
248.25,2064,5824,5624
248.40,2063,5810,5625
248.55,2044,5795,5610
248.70,2033,5769,5584
248.85,2032,5759,5571
249.00,2012,5740,5554
249.15,2002,5719,5540
249.30,1993,5690,5529
249.45,1992,5684,5513
249.60,1975,5667,5502
249.75,1965,5644,5486
249.90,1961,5631,5493
250.05,1948,5608,5466
250.20,1942,5590,5445
250.35,1935,5563,5432
250.50,1915,5544,5417
250.65,1903,5530,5411
250.80,1884,5497,5386
250.95,1878,5483,5364
251.10,1872,5457,5345
251.25,1862,5422,5340
251.40,1843,5401,5309
251.55,1839,5377,5296
251.70,1821,5354,5279
251.85,1818,5340,5259
252.00,1807,5309,5244
252.15,1785,5285,5238
252.30,1774,5266,5224
252.45,1759,5230,5184
252.60,1752,5221,5188
252.75,1740,5197,5158
252.90,1730,5187,5146
253.05,1726,5166,5138
253.20,1717,5148,5137
253.35,1718,5142,5108
253.50,1699,5110,5094
253.65,1689,5094,5098
253.80,1681,5074,5069
253.95,1683,5056,5056
254.10,1665,5041,5043
254.25,1656,5023,5030
254.40,1645,5015,5028
254.55,1636,4993,4997
254.70,1624,4959,4992
254.85,1626,4953,4965
255.00,1604,4926,4944
255.15,1602,4892,4927
255.30,1584,4874,4911
255.45,1574,4867,4896
255.60,1578,4838,4886
255.75,1555,4814,4863
255.90,1557,4801,4849
256.05,1534,4770,4828
256.20,1525,4766,4816
256.35,1526,4732,4810
256.50,1516,4723,4779
256.65,1504,4697,4775
256.80,1487,4655,4736
256.95,1469,4634,4734
257.10,1454,4616,4699
257.25,1442,4578,4678
257.40,1434,4559,4664
257.55,1423,4544,4659
257.70,1423,4524,4627
257.85,1411,4497,4608
258.00,1389,4471,4588
258.15,1383,4447,4574
258.30,1374,4426,4558
258.45,1360,4400,4538
258.60,1364,4379,4540
258.75,1343,4358,4522
258.90,1342,4333,4500
259.05,1325,4331,4479
259.20,1316,4316,4478
259.35,1310,4288,4465
259.50,1302,4266,4436
259.65,1293,4248,4421
259.80,1285,4231,4419
259.95,1288,4223,4388
260.10,1268,4205,4375
260.25,1259,4175,4373
260.40,1250,4167,4357
260.55,1251,4132,4324
260.70,1230,4112,4322
260.85,1221,4104,4292
261.00,1211,4070,4290
261.15,1212,4045,4258
261.30,1193,4027,4257
261.45,1184,4005,4226
261.60,1176,3996,4207
261.75,1178,3966,4194
261.90,1161,3954,4200
262.05,1152,3946,4169
262.20,1142,3908,4148
262.35,1130,3882,4127
262.50,1121,3859,4112
262.65,1124,3852,4096
262.80,1099,3807,4085
262.95,1086,3782,4050
263.10,1078,3759,4034
263.25,1067,3749,4013
263.40,1054,3706,3989
263.55,1061,3689,3991
263.70,1049,3661,3953
263.85,1025,3634,3931
264.00,1017,3617,3918
264.15,1020,3588,3911
264.30,1011,3571,3882
264.45,986,3541,3870
264.60,979,3524,3858
264.75,983,3502,3827
264.90,960,3491,3818
265.05,954,3475,3807
265.20,961,3460,3780
265.35,941,3431,3780
265.50,934,3411,3748
265.65,927,3392,3736
265.80,932,3375,3722
265.95,925,3357,3708
266.10,919,3354,3697
266.25,898,3320,3679
266.40,891,3299,3677
266.55,882,3289,3660
266.70,873,3268,3641
266.85,863,3237,3606
267.00,866,3220,3587
267.15,857,3184,3568
267.30,838,3165,3554
267.45,842,3144,3551
267.60,823,3129,3524
267.75,816,3111,3510
267.90,810,3110,3500
268.05,800,3088,3477
268.20,793,3056,3478
268.35,784,3034,3445
268.50,787,3007,3421
268.65,768,2989,3422
268.80,756,2958,3381
268.95,745,2932,3361
269.10,739,2924,3342
269.25,741,2887,3322
269.40,722,2880,3319
269.55,713,2842,3284
269.70,705,2825,3282
269.85,708,2806,3263
270.00,688,2779,3229
270.15,682,2765,3231
270.30,672,2738,3193
270.45,663,2733,3189
270.60,657,2696,3155
270.75,659,2689,3135
270.90,645,2665,3130
271.05,647,2639,3105
271.20,642,2628,3095
271.35,622,2607,3076
271.50,626,2588,3058
271.65,609,2571,3043
271.80,615,2573,3032
271.95,599,2543,3018
272.10,592,2527,3018
272.25,587,2513,2992
272.40,591,2494,2989
272.55,573,2474,2971
272.70,576,2455,2938
272.85,558,2447,2935
273.00,551,2427,2915
273.15,545,2397,2888
273.30,538,2380,2870
273.45,540,2370,2851
273.60,531,2336,2832
273.75,514,2313,2811
273.90,521,2306,2806
274.05,506,2304,2792
274.20,499,2268,2772
274.35,490,2260,2768
274.50,492,2225,2734
274.65,476,2208,2717
274.80,468,2192,2706
274.95,458,2157,2674
275.10,451,2148,2668
275.25,444,2114,2647
275.40,445,2106,2615
275.55,431,2071,2594
275.70,425,2069,2596
275.85,425,2051,2562
276.00,418,2015,2556
276.15,404,1997,2538
276.30,400,1980,2521
276.45,390,1967,2482
276.60,384,1935,2467
276.75,386,1919,2450
276.90,379,1899,2430
277.05,375,1884,2417
277.20,370,1874,2421
277.35,360,1874,2394
277.50,361,1843,2377
277.65,349,1830,2365
277.80,353,1818,2370
277.95,340,1806,2341
278.10,344,1792,2330
278.25,332,1790,2315
278.40,327,1761,2316
278.55,321,1742,2283
278.70,316,1723,2264
278.85,309,1718,2262
279.00,303,1683,2226
279.15,304,1665,2210
279.30,293,1648,2194
279.45,287,1633,2193
279.60,290,1636,2183
279.75,278,1605,2165
279.90,282,1596,2157
280.05,277,1592,2125
280.20,264,1555,2102
280.35,258,1553,2085
280.50,254,1523,2070
280.65,254,1516,2066
280.80,240,1489,2024
280.95,235,1460,2010
281.10,236,1444,2009
281.25,225,1438,1973
281.40,220,1408,1958
281.55,216,1392,1944
281.70,211,1385,1922
281.85,212,1374,1913
282.00,207,1357,1895
282.15,197,1325,1893
282.30,193,1311,1865
282.45,188,1289,1843
282.60,188,1273,1826
282.75,179,1273,1813
282.90,175,1242,1810
283.05,172,1233,1785
283.20,170,1219,1776
283.35,167,1209,1763
283.50,163,1197,1749
283.65,161,1185,1738
283.80,158,1190,1728
283.95,160,1164,1717
284.10,152,1155,1720
284.25,150,1140,1707
284.40,145,1126,1676
284.55,141,1125,1660
284.70,138,1094,1643
284.85,138,1094,1641
285.00,134,1061,1624
285.15,126,1045,1592
285.30,123,1032,1579
285.45,125,1021,1568
285.60,117,1010,1553
285.75,115,995,1539
285.90,112,986,1530
286.05,110,974,1518
286.20,107,958,1516
286.35,103,941,1499
286.50,103,926,1464
286.65,99,909,1448
286.80,95,891,1442
286.95,89,875,1412
287.10,86,865,1398
287.25,84,851,1380
287.40,81,837,1382
287.55,81,821,1350
287.70,75,807,1334
287.85,73,796,1320
288.00,71,783,1307
288.15,68,769,1290
288.30,65,772,1281
288.45,62,742,1277
288.60,61,729,1246
288.75,63,732,1251
288.90,57,718,1219
289.05,56,698,1219
289.20,57,700,1216
289.35,53,680,1191
289.50,55,669,1194
289.65,50,663,1168
289.80,49,654,1176
289.95,48,656,1151
290.10,46,637,1155
290.25,45,625,1125
290.40,43,616,1114
290.55,42,615,1116
290.70,41,602,1086
290.85,38,591,1073
291.00,37,569,1059
291.15,35,557,1045
291.30,35,547,1049
291.45,32,539,1022
291.60,32,537,1009
291.75,31,528,1013
291.90,28,522,989
292.05,29,503,979
292.20,28,490,976
292.35,28,482,951
292.50,24,469,935
292.65,23,467,938
292.80,22,447,910
292.95,25,443,907
293.10,24,426,882
293.25,24,424,868
293.40,23,406,855
293.55,22,396,841
293.70,23,386,829
293.85,22,380,833
294.00,22,370,807
294.15,17,360,792
294.30,17,360,798
294.45,17,341,782
294.60,21,337,761
294.75,22,334,763
294.90,21,318,737
295.05,22,319,743
295.20,22,306,722
295.35,19,302,716
295.50,19,304,710
295.65,23,298,703
295.80,23,288,707
295.95,24,287,687
296.10,24,276,681
296.25,21,270,671
296.40,21,267,661
296.55,25,259,649
296.70,24,249,639
296.85,27,241,638
297.00,28,232,616
297.15,29,225,602
297.30,30,217,593
297.45,32,212,592
297.60,31,208,580
297.75,34,202,568
297.90,34,198,562
298.05,35,191,551
298.20,36,186,549
298.35,37,179,540
298.50,39,174,521
298.65,41,169,514
298.80,43,157,499
298.95,46,154,495
299.10,47,149,480
299.25,49,140,472
299.40,50,139,464
299.55,52,135,451
299.70,54,131,444
299.85,56,125,434
300.00,58,121,427
300.15,60,111,417
300.30,61,114,411
300.45,65,108,398
300.60,67,105,391
300.75,70,94,383
300.90,71,98,376
301.05,74,96,370
301.20,74,93,366
301.35,77,91,361
301.50,78,90,355
301.65,80,86,350
301.80,81,77,345
301.95,83,83,339
302.10,85,80,334
302.25,86,70,327
302.40,90,76,320
302.55,97,65,314
302.70,96,62,307
302.85,102,68,297
303.00,103,57,291
303.15,107,54,283
303.30,110,60,275
303.45,113,60,269
303.60,120,58,262
303.75,120,57,252
303.90,122,56,249
304.05,125,45,244
304.20,129,44,238
304.35,137,42,233
304.50,136,41,226
304.65,141,50,219
304.80,144,50,213
304.95,147,49,201
305.10,157,39,202
305.25,161,38,194
305.40,167,48,189
305.55,165,48,182
305.70,172,47,176
305.85,175,49,171
306.00,179,49,166
306.15,184,40,162
306.30,191,41,150
306.45,192,51,151
306.60,195,43,149
306.75,199,44,136
306.90,204,53,139
307.05,207,55,128
307.20,210,55,126
307.35,212,55,123
307.50,216,57,128
307.65,218,57,126
307.80,222,58,123
307.95,231,60,112
308.10,229,54,117
308.25,233,63,114
308.40,238,65,112
308.55,248,68,107
308.70,247,62,103
308.85,253,72,101
309.00,259,74,96
309.15,265,78,92
309.30,271,82,89
309.45,278,84,85
309.60,287,82,83
309.75,286,90,80
309.90,289,88,68
310.05,293,95,76
310.20,301,99,73
310.35,306,102,72
310.50,319,107,58
310.65,319,112,55
310.80,326,117,52
310.95,331,118,61
311.10,337,123,49
311.25,352,130,57
311.40,351,135,56
311.55,358,140,43
311.70,366,148,41
311.85,371,151,50
312.00,385,156,38
312.15,390,161,38
312.30,386,166,37
312.45,395,174,46
312.60,401,176,35
312.75,407,182,45
312.90,413,192,45
313.05,425,195,45
313.20,422,200,43
313.35,427,204,43
313.50,430,209,32
313.65,435,208,32
313.80,440,212,43
313.95,444,218,42
314.10,459,227,44
314.25,456,234,42
314.40,463,234,43
314.55,470,241,43
314.70,477,254,44
314.85,493,256,43
315.00,493,264,34
315.15,500,279,45
315.30,508,286,36
315.45,514,287,46
315.60,522,293,47
315.75,527,300,48
315.90,533,308,50
316.05,549,313,50
316.20,545,319,41
316.35,553,330,42
316.50,562,339,55
316.65,570,347,56
316.80,591,360,49
316.95,588,376,51
317.10,609,388,64
317.25,605,388,55
317.40,612,396,68
317.55,621,407,69
317.70,628,415,62
317.85,635,432,75
318.00,642,432,67
318.15,649,439,79
318.30,661,464,83
318.45,676,459,84
318.60,673,470,88
318.75,679,476,90
318.90,686,488,84
319.05,692,504,95
319.20,701,515,90
319.35,721,516,103
319.50,728,524,105
319.65,733,530,99
319.80,726,537,102
319.95,733,546,112
320.10,739,564,107
320.25,747,563,111
320.40,752,571,114
320.55,761,584,125
320.70,770,595,130
320.85,790,616,134
321.00,786,617,131
321.15,806,627,141
321.30,814,651,146
321.45,824,651,151
321.60,823,667,151
321.75,842,689,156
321.90,835,686,165
322.05,848,703,170
322.20,855,726,171
322.35,864,726,182
322.50,888,744,189
322.65,886,758,194
322.80,902,779,205
322.95,905,786,204
323.10,930,803,215
323.25,927,818,222
323.40,949,829,227
323.55,957,856,233
323.70,955,856,237
323.85,977,884,245
324.00,974,899,251
324.15,980,894,257
324.30,991,911,264
324.45,998,921,269
324.60,1006,935,276
324.75,1016,949,283
324.90,1024,961,289
325.05,1042,984,293
325.20,1038,979,298
325.35,1054,987,303
325.50,1048,997,308
325.65,1068,1021,312
325.80,1061,1017,318
325.95,1069,1026,323
326.10,1076,1037,330
326.25,1083,1049,336
326.40,1106,1063,342
326.55,1114,1079,352
326.70,1113,1095,357
326.85,1122,1126,369
327.00,1134,1126,375
327.15,1145,1146,385
327.30,1156,1163,399
327.45,1167,1178,402
327.60,1178,1212,418
327.75,1183,1203,417
327.90,1191,1216,423
328.05,1215,1240,437
328.20,1210,1249,442
328.35,1223,1267,452
328.50,1234,1285,463
328.65,1242,1300,477
328.80,1270,1342,484
328.95,1281,1346,495
329.10,1276,1356,503
329.25,1291,1392,514
329.40,1300,1395,534
329.55,1310,1411,533
329.70,1322,1431,554
329.85,1333,1448,565
330.00,1341,1463,573
330.15,1349,1489,571
330.30,1360,1492,581
330.45,1373,1530,594
330.60,1380,1525,610
330.75,1389,1541,621
330.90,1411,1561,632
331.05,1409,1584,639
331.20,1413,1581,644
331.35,1420,1592,641
331.50,1427,1601,647
331.65,1433,1614,654
331.80,1438,1634,673
331.95,1449,1639,670
332.10,1455,1653,677
332.25,1465,1681,687
332.40,1474,1684,697
332.55,1496,1704,709
332.70,1505,1723,719
332.85,1518,1741,731
333.00,1519,1762,745
333.15,1531,1798,758
333.30,1545,1806,772
333.45,1552,1823,784
333.60,1573,1841,794
333.75,1583,1856,804
333.90,1583,1887,829
334.05,1603,1893,826
334.20,1605,1915,841
334.35,1618,1934,854
334.50,1626,1951,878
334.65,1635,1971,890
334.80,1653,1999,894
334.95,1665,2019,908
335.10,1675,2052,920
335.25,1689,2077,937
335.40,1709,2083,963
335.55,1708,2100,960
335.70,1723,2123,975
335.85,1744,2144,989
336.00,1751,2172,1014
336.15,1754,2181,1012
336.30,1774,2212,1024
336.45,1787,2222,1040
336.60,1781,2248,1046
336.75,1804,2258,1063
336.90,1804,2275,1074
337.05,1811,2288,1083
337.20,1818,2313,1106
337.35,1825,2310,1113
337.50,1832,2324,1107
337.65,1848,2336,1116
337.80,1855,2364,1124
337.95,1854,2366,1135
338.10,1862,2379,1145
338.25,1872,2400,1157
338.40,1879,2419,1169
338.55,1900,2439,1199
338.70,1903,2460,1214
338.85,1911,2480,1212
339.00,1925,2520,1230
339.15,1939,2532,1264
339.30,1959,2566,1263
339.45,1970,2576,1277
339.60,1970,2591,1288
339.75,1980,2612,1304
339.90,1989,2630,1314
340.05,2001,2666,1346
340.20,2011,2674,1345
340.35,2029,2706,1375
340.50,2032,2718,1376
340.65,2043,2737,1390
340.80,2058,2767,1410
340.95,2071,2794,1430
341.10,2090,2813,1444
341.25,2092,2836,1460
341.40,2108,2878,1479
341.55,2119,2901,1509
341.70,2134,2906,1510
341.85,2137,2927,1525
342.00,2157,2947,1539
342.15,2159,2967,1553
342.30,2171,2996,1575
342.45,2181,3011,1600
342.60,2187,3029,1598
342.75,2199,3067,1629
342.90,2208,3086,1630
343.05,2214,3085,1637
343.20,2221,3098,1648
343.35,2226,3111,1671
343.50,2233,3141,1668
343.65,2240,3154,1694
343.80,2246,3156,1688
343.95,2255,3175,1702
344.10,2266,3189,1729
344.25,2274,3208,1729
344.40,2284,3229,1758
344.55,2296,3265,1760
344.70,2306,3286,1791
344.85,2316,3296,1794
345.00,2329,3336,1812
345.15,2344,3349,1849
345.30,2356,3375,1865
345.45,2366,3395,1879
345.60,2375,3413,1879
345.75,2393,3436,1896
345.90,2401,3453,1908
346.05,2406,3488,1927
346.20,2416,3515,1945
346.35,2428,3524,1959
346.50,2442,3555,1991
346.65,2448,3578,2009
346.80,2474,3617,2039
346.95,2478,3624,2039
347.10,2485,3642,2052
347.25,2498,3680,2073
347.40,2510,3696,2090
347.55,2526,3717,2124
347.70,2532,3743,2131
347.85,2540,3769,2142
348.00,2550,3784,2159
348.15,2561,3804,2175
348.30,2578,3828,2210
348.45,2586,3868,2215
348.60,2588,3864,2223
348.75,2598,3888,2254
348.90,2615,3922,2273
349.05,2622,3926,2266
349.20,2629,3953,2279
349.35,2628,3953,2286
349.50,2634,3969,2299
349.65,2643,3986,2327
349.80,2648,4000,2338
349.95,2662,4030,2336
350.10,2665,4037,2365
350.25,2680,4058,2366
350.40,2681,4079,2382
350.55,2691,4105,2414
350.70,2702,4131,2435
350.85,2711,4156,2437
351.00,2722,4180,2457
351.15,2735,4223,2480
351.30,2744,4231,2497
351.45,2754,4269,2516
351.60,2769,4278,2533
351.75,2774,4301,2564
351.90,2787,4324,2566
352.05,2800,4364,2590
352.20,2800,4365,2600
352.35,2809,4387,2617
352.50,2822,4426,2655
352.65,2837,4437,2660
352.80,2841,4462,2678
352.95,2856,4492,2702
353.10,2863,4512,2720
353.25,2874,4534,2752
353.40,2889,4564,2762
353.55,2896,4593,2787
353.70,2903,4625,2800
353.85,2914,4647,2820
354.00,2924,4658,2839
354.15,2930,4675,2851
354.30,2940,4699,2870
354.45,2955,4737,2909
354.60,2963,4738,2920
354.75,2970,4764,2927
354.90,2980,4790,2947
355.05,2987,4804,2974
355.20,2987,4817,2970
355.35,2993,4828,2979
355.50,2999,4848,2995
355.65,3007,4861,3007
355.80,3017,4881,3019
355.95,3019,4905,3031
356.10,3032,4911,3045
356.25,3040,4933,3061
356.40,3044,4965,3081
356.55,3054,4977,3112
356.70,3062,5014,3132
356.85,3073,5026,3137
357.00,3087,5053,3172
357.15,3092,5081,3180
357.30,3099,5114,3198
357.45,3109,5135,3215
357.60,3117,5147,3230
357.75,3125,5177,3247
357.90,3134,5181,3260
358.05,3142,5203,3278
358.20,3153,5227,3299
358.35,3162,5262,3318
358.50,3177,5287,3342
358.65,3179,5297,3359
358.80,3194,5340,3398
358.95,3203,5363,3407
359.10,3212,5372,3438
359.25,3222,5410,3461
359.40,3233,5426,3483
359.55,3241,5445,3486
359.70,3255,5464,3506
359.85,3265,5499,3527