0.00,235,473,400
0.15,228,483,400
0.30,225,469,396
0.45,220,460,388
0.60,218,462,385
0.75,215,444,375
0.90,210,445,374
1.05,206,427,360
1.20,203,419,352
1.35,198,419,346
1.50,195,410,339
1.65,189,402,332
1.80,187,387,326
1.95,185,381,321
2.10,181,373,315
2.25,180,368,305
2.40,179,366,303
2.55,167,343,287
2.70,171,350,289
2.85,168,333,282
3.00,157,331,273
3.15,155,316,269
3.30,150,309,260
3.45,151,297,253
3.60,142,291,242
3.75,142,286,237
3.90,134,274,232
4.05,129,263,224
4.20,129,261,221
4.35,129,251,213
4.50,121,245,208
4.65,117,242,201
4.80,115,235,198
4.95,116,226,192
5.10,113,220,180
5.25,107,214,183
5.40,108,206,170
5.55,102,203,173
5.70,100,204,163
5.85,97,195,166
6.00,96,190,156
6.15,97,184,149
6.30,95,179,153
6.45,88,175,149
6.60,85,172,145
6.75,88,163,141
6.90,81,165,131
7.05,83,155,133
7.20,76,150,129
7.35,74,146,125
7.50,73,139,121
7.65,75,137,106
7.80,72,131,108
7.95,66,128,110
8.10,68,124,107
8.25,62,119,102
8.40,61,118,90
8.55,60,114,90
8.70,56,101,92
8.85,56,105,79
9.00,54,99,85
9.15,51,91,82
9.30,49,83,79
9.45,47,85,75
9.60,45,76,71
9.75,44,76,67
9.90,45,74,65
10.05,43,63,61
10.20,42,68,59
10.35,40,64,45
10.50,35,61,42
10.65,34,57,52
10.80,34,55,49
10.95,31,53,46
11.10,30,39,43
11.25,29,47,42
11.40,28,45,39
11.55,28,43,27
11.70,26,42,37
11.85,29,40,36
12.00,25,38,24
12.15,26,29,32
12.30,23,35,25
12.45,22,28,26
12.60,21,32,29
12.75,20,29,29
12.90,20,18,27
13.05,21,28,26
13.20,20,27,25
13.35,19,26,24
13.50,18,25,23
13.65,16,11,22
13.80,18,22,21
13.95,15,22,21
14.10,17,10,20
14.25,17,10,13
14.40,16,20,19
14.55,13,12,8
14.70,15,13,6
14.85,15,6,18
15.00,16,8,14
15.15,16,13,18
15.30,13,11,18
15.45,15,12,5
15.60,15,19,18
15.75,16,10,11
15.90,16,8,20
16.05,17,21,19
16.20,18,21,6
16.35,18,22,20
16.50,18,23,10
16.65,18,24,22
16.80,18,25,23
16.95,19,27,25
17.10,22,28,24
17.25,20,30,22
17.40,19,23,27
17.55,21,30,29
17.70,22,23,30
17.85,25,35,32
18.00,26,35,20
18.15,24,26,34
18.30,26,40,22
18.45,27,42,37
18.60,30,44,38
18.75,27,45,40
18.90,28,47,42
19.05,33,50,44
19.20,34,51,33
19.35,33,49,36
19.50,34,57,40
19.65,37,60,51
19.80,35,62,54
19.95,40,65,57
20.10,39,68,60
20.25,40,65,58
20.40,41,66,64
20.55,46,77,67
20.70,46,80,69
20.85,46,85,72
21.00,47,88,76
21.15,49,87,78
21.30,52,99,83
21.45,58,102,87
21.60,60,104,80
21.75,58,106,94
21.90,64,119,99
22.05,62,121,102
22.20,68,125,100
22.35,67,129,112
22.50,69,131,111
22.65,74,138,116
22.80,76,144,112
22.95,81,151,128
23.10,79,161,124
23.25,81,160,136
23.40,84,168,141
23.55,86,171,144
23.70,92,175,140
23.85,95,179,151
24.00,93,185,156
24.15,94,190,160
24.30,96,194,162
24.45,99,199,167
24.60,100,208,171
24.75,106,209,175
24.90,105,213,176
25.05,108,220,186
25.20,112,229,190
25.35,118,240,197
25.50,119,240,201
25.65,125,254,207
25.80,128,257,214
25.95,126,258,216
26.10,133,263,215
26.25,131,271,227
26.40,138,275,231
26.55,138,282,232
26.70,141,296,243
26.85,143,297,248
27.00,149,308,257
27.15,158,314,264
27.30,157,332,269
27.45,166,334,284
27.60,167,345,287
27.75,170,354,296
27.90,178,359,298
28.05,177,368,309
28.20,186,376,314
28.35,189,384,327
28.50,189,393,329
28.65,198,401,335
28.80,201,416,342
28.95,207,427,350
29.10,204,436,356
29.25,214,434,363
29.40,213,448,377
29.55,222,462,378
29.70,220,461,384
29.85,222,468,390
30.00,233,476,397
30.15,235,484,404
30.30,234,490,409
30.45,237,508,415
30.60,246,507,421
30.75,243,512,431
30.90,248,521,440
31.05,253,541,443
31.20,257,547,457
31.35,261,553,461
31.50,267,564,474
31.65,278,574,478
31.80,277,584,492
31.95,287,591,492
32.10,290,598,505
32.25,296,621,508
32.40,291,626,512
32.55,296,632,522
32.70,307,636,531
32.85,307,660,541
33.00,312,673,558
33.15,325,674,571
33.30,325,688,573
33.45,332,702,585
33.60,336,713,602
33.75,350,738,605
33.90,356,739,626
34.05,362,763,625
34.20,357,761,644
34.35,371,785,655
34.50,369,783,658
34.65,374,809,668
34.80,387,806,675
34.95,395,822,684
35.10,391,833,693
35.25,397,843,703
35.40,412,872,717
35.55,407,867,722
35.70,419,889,729
35.85,417,886,752
36.00,421,896,746
36.15,435,908,755
36.30,439,916,766
36.45,435,943,772
36.60,440,950,791
36.75,454,963,802
36.90,451,960,799
37.05,456,972,809
37.20,472,992,822
37.35,468,999,833
37.50,474,1012,857
37.65,491,1027,855
37.80,486,1036,868
37.95,492,1049,872
38.10,495,1071,887
38.25,505,1077,912
38.40,507,1081,916
38.55,521,1107,922
38.70,518,1121,936
38.85,526,1125,947
39.00,534,1139,950
39.15,542,1169,965
39.30,549,1172,991
39.45,557,1192,1008
39.60,562,1201,1001
39.75,571,1221,1016
39.90,577,1242,1028
40.05,585,1262,1058
40.20,591,1265,1052
40.35,595,1290,1069
40.50,603,1297,1075
40.65,610,1305,1086
40.80,617,1326,1099
40.95,625,1336,1113
41.10,641,1353,1135
41.25,638,1382,1136
41.40,648,1387,1155
41.55,651,1395,1179
41.70,668,1405,1170
41.85,672,1416,1179
42.00,667,1427,1188
42.15,683,1437,1197
42.30,675,1448,1206
42.45,692,1475,1215
42.60,686,1471,1224
42.75,691,1484,1252
42.90,698,1505,1247
43.05,718,1528,1259
43.20,713,1530,1290
43.35,721,1548,1289
43.50,742,1579,1318
43.65,738,1602,1320
43.80,746,1600,1330
43.95,752,1629,1340
44.10,756,1624,1349
44.25,764,1639,1364
44.40,782,1647,1384
44.55,778,1674,1386
44.70,783,1683,1398
44.85,793,1706,1417
45.00,800,1719,1430
45.15,813,1758,1460
45.30,817,1769,1478
45.45,828,1780,1480
45.60,834,1802,1489
45.75,857,1811,1506
45.90,849,1823,1518
46.05,859,1861,1551
46.20,866,1875,1559
46.35,874,1877,1578
46.50,882,1895,1586
46.65,890,1925,1607
46.80,897,1926,1603
46.95,921,1948,1620
47.10,914,1963,1639
47.25,935,1977,1644
47.40,930,2004,1663
47.55,949,2008,1676
47.70,954,2022,1682
47.85,945,2035,1691
48.00,951,2045,1700
48.15,958,2071,1710
48.30,961,2067,1734
48.45,965,2091,1747
48.60,973,2093,1741
48.75,977,2108,1754
48.90,986,2123,1770
49.05,995,2141,1797
49.20,1002,2158,1805
49.35,1012,2193,1828
49.50,1020,2196,1827
49.65,1044,2219,1851
49.80,1052,2238,1875
49.95,1046,2260,1872
50.10,1068,2266,1895
50.25,1061,2301,1912
50.40,1067,2296,1910
50.55,1089,2321,1939
50.70,1084,2331,1955
50.85,1092,2353,1972
51.00,1099,2373,1970
51.15,1108,2395,1982
51.30,1119,2415,2011
51.45,1138,2448,2023
51.60,1151,2448,2035
51.75,1150,2469,2052
51.90,1171,2489,2068
52.05,1164,2510,2086
52.20,1188,2543,2118
52.35,1181,2546,2116
52.50,1190,2579,2130
52.65,1201,2585,2161
52.80,1208,2601,2161
52.95,1219,2624,2183
53.10,1227,2637,2194
53.25,1232,2654,2206
53.40,1243,2675,2240
53.55,1260,2700,2233
53.70,1258,2707,2244
53.85,1259,2712,2257
54.00,1263,2735,2263
54.15,1268,2737,2275
54.30,1283,2749,2291
54.45,1287,2767,2312
54.60,1287,2784,2306
54.75,1306,2789,2320
54.90,1301,2808,2333
55.05,1310,2826,2351
55.20,1332,2846,2366
55.35,1341,2864,2386
55.50,1337,2884,2416
55.65,1350,2909,2419
55.80,1359,2927,2437
55.95,1378,2955,2448
56.10,1374,2964,2478
56.25,1393,2979,2491
56.40,1386,2990,2486
56.55,1396,3011,2501
56.70,1411,3046,2538
56.85,1414,3047,2533
57.00,1425,3079,2554
57.15,1434,3089,2568
57.30,1447,3121,2592
57.45,1467,3136,2622
57.60,1476,3153,2620
57.75,1482,3181,2643
57.90,1481,3211,2665
58.05,1493,3213,2672
58.20,1499,3232,2685
58.35,1507,3248,2715
58.50,1528,3269,2720
58.65,1526,3302,2734
58.80,1534,3324,2748
58.95,1543,3328,2766
59.10,1551,3349,2782
59.25,1560,3362,2808
59.40,1569,3384,2821
59.55,1576,3404,2839
59.70,1593,3410,2834
59.85,1586,3425,2861
60.00,1594,3442,2859
60.15,1599,3452,2867
60.30,1610,3463,2880
60.45,1610,3485,2900
60.60,1616,3490,2915
60.75,1625,3507,2931
60.90,1630,3530,2930
61.05,1641,3556,2947
61.20,1657,3566,2964
61.35,1674,3584,2981
61.50,1673,3621,2999
61.65,1682,3627,3017
61.80,1688,3645,3044
61.95,1703,3659,3056
62.10,1704,3679,3059
62.25,1710,3694,3070
62.40,1714,3702,3093
62.55,1725,3721,3094
62.70,1741,3743,3125
62.85,1742,3764,3127
63.00,1754,3787,3147
63.15,1767,3819,3178
63.30,1777,3834,3203
63.45,1787,3857,3205
63.60,1794,3879,3215
63.75,1803,3889,3234
63.90,1813,3910,3251
64.05,1820,3932,3268
64.20,1827,3944,3278
64.35,1849,3983,3298
64.50,1847,3988,3316
64.65,1853,4014,3341
64.80,1863,4024,3343
64.95,1870,4036,3354
65.10,1876,4051,3383
65.25,1886,4070,3383
65.40,1902,4086,3394
65.55,1901,4104,3410
65.70,1907,4130,3438
65.85,1917,4138,3457
66.00,1924,4155,3454
66.15,1931,4169,3464
66.30,1934,4180,3479
66.45,1940,4194,3495
66.60,1952,4207,3512
66.75,1955,4233,3511
66.90,1962,4237,3524
67.05,1972,4257,3537
67.20,1988,4278,3570
67.35,1986,4290,3564
67.50,2007,4325,3584
67.65,2014,4341,3595
67.80,2022,4345,3624
67.95,2020,4371,3642
68.10,2031,4384,3660
68.25,2037,4399,3657
68.40,2044,4416,3671
68.55,2062,4446,3706
68.70,2068,4452,3715
68.85,2071,4474,3718
69.00,2082,4495,3738
69.15,2089,4513,3754
69.30,2097,4528,3766
69.45,2108,4554,3786
69.60,2119,4576,3803
69.75,2139,4594,3836
69.90,2137,4613,3839
70.05,2147,4644,3859
70.20,2162,4651,3883
70.35,2160,4665,3888
70.50,2178,4686,3894
70.65,2178,4702,3927
70.80,2183,4731,3935
70.95,2196,4738,3940
71.10,2201,4752,3952
71.25,2208,4776,3962
71.40,2215,4787,3979
71.55,2219,4797,3989
71.70,2233,4822,3999
71.85,2232,4831,4023
72.00,2235,4834,4022
72.15,2245,4841,4027
72.30,2243,4865,4037
72.45,2259,4878,4047
72.60,2255,4879,4057
72.75,2270,4898,4069
72.90,2268,4906,4083
73.05,2274,4922,4096
73.20,2295,4943,4127
73.35,2297,4962,4131
73.50,2315,4981,4142
73.65,2315,5018,4175
73.80,2334,5023,4194
73.95,2332,5039,4190
74.10,2338,5049,4198
74.25,2346,5067,4230
74.40,2352,5078,4225
74.55,2356,5095,4239
74.70,2365,5124,4252
74.85,2382,5135,4270
75.00,2385,5149,4284
75.15,2391,5169,4301
75.30,2400,5192,4328
75.45,2416,5218,4355
75.60,2418,5233,4359
75.75,2431,5243,4358
75.90,2438,5272,4382
76.05,2440,5278,4386
76.20,2453,5292,4403
76.35,2461,5319,4412
76.50,2462,5321,4427
76.65,2472,5338,4440
76.80,2477,5354,4462
76.95,2496,5369,4467
77.10,2492,5397,4479
77.25,2500,5396,4499
77.40,2503,5412,4504
77.55,2513,5423,4527
77.70,2519,5432,4519
77.85,2518,5445,4537
78.00,2529,5453,4537
78.15,2525,5462,4545
78.30,2529,5471,4553
78.45,2533,5480,4564
78.60,2545,5503,4573
78.75,2543,5507,4590
78.90,2551,5520,4596
79.05,2558,5538,4615
79.20,2568,5557,4622
79.35,2584,5570,4636
79.50,2585,5586,4651
79.65,2595,5611,4667
79.80,2601,5624,4676
79.95,2608,5638,4686
80.10,2613,5649,4698
80.25,2619,5673,4710
80.40,2624,5685,4737
80.55,2636,5697,4749
80.70,2640,5718,4747
80.85,2653,5718,4760
81.00,2652,5733,4769
81.15,2660,5764,4785
81.30,2666,5772,4795
81.45,2675,5792,4811
81.60,2686,5811,4823
81.75,2688,5825,4836
81.90,2698,5842,4848
82.05,2698,5850,4857
82.20,2707,5855,4873
82.35,2713,5867,4884
82.50,2720,5878,4891
82.65,2727,5906,4905
82.80,2732,5906,4924
82.95,2739,5930,4939
83.10,2743,5934,4939
83.25,2751,5951,4957
83.40,2754,5967,4971
83.55,2765,5969,4964
83.70,2767,5977,4975
83.85,2767,5987,4987
84.00,2768,6001,4988
84.15,2772,6013,4995
84.30,2775,6013,5000
84.45,2776,6029,5010
84.60,2781,6027,5015
84.75,2788,6036,5026
84.90,2794,6049,5048
85.05,2804,6072,5053
85.20,2805,6078,5056
85.35,2813,6092,5077
85.50,2828,6105,5095
85.65,2829,6122,5093
85.80,2835,6136,5104
85.95,2840,6146,5115
86.10,2852,6162,5120
86.25,2848,6165,5126
86.40,2858,6187,5138
86.55,2856,6183,5145
86.70,2866,6201,5157
86.85,2875,6206,5174
87.00,2877,6225,5176
87.15,2881,6231,5184
87.30,2886,6254,5201
87.45,2896,6255,5215
87.60,2903,6268,5216
87.75,2901,6282,5224
87.90,2910,6300,5240
88.05,2915,6307,5245
88.20,2916,6317,5254
88.35,2924,6329,5271
88.50,2927,6352,5287
88.65,2934,6346,5285
88.80,2935,6354,5284
88.95,2943,6370,5300
89.10,2949,6385,5302
89.25,2951,6388,5314
89.40,2955,6398,5334
89.55,2957,6402,5325
89.70,2960,6406,5335
89.85,2963,6424,5336
90.00,2964,6419,5352
90.15,2967,6425,5358
90.30,2967,6431,5349
90.45,2974,6447,5358
90.60,2972,6453,5362
90.75,2976,6452,5369
90.90,2982,6470,5373
91.05,2987,6467,5381
91.20,2990,6481,5394
91.35,2998,6490,5413
91.50,3001,6501,5407
91.65,3008,6520,5417
91.80,3012,6519,5424
91.95,3016,6531,5432
92.10,3018,6536,5437
92.25,3024,6546,5442
92.40,3029,6552,5447
92.55,3035,6558,5457
92.70,3034,6577,5463
92.85,3041,6589,5478
93.00,3047,6587,5477
93.15,3045,6592,5495
93.30,3051,6610,5495
93.45,3055,6610,5498
93.60,3060,6620,5505
93.75,3062,6629,5511
93.90,3067,6638,5518
94.05,3067,6644,5522
94.20,3077,6653,5528
94.35,3074,6668,5532
94.50,3080,6675,5549
94.65,3084,6672,5552
94.80,3082,6674,5549
94.95,3087,6693,5557
95.10,3095,6690,5564
95.25,3094,6695,5580
95.40,3096,6705,5572
95.55,3097,6718,5576
95.70,3100,6712,5578
95.85,3104,6720,5583
96.00,3106,6720,5584
96.15,3102,6732,5602
96.30,3102,6737,5592
96.45,3103,6731,5597
96.60,3109,6742,5600
96.75,3107,6737,5602
96.90,3110,6751,5609
97.05,3115,6749,5613
97.20,3118,6756,5616
97.35,3120,6762,5630
97.50,3130,6778,5639
97.65,3127,6774,5630
97.80,3132,6776,5632
97.95,3134,6783,5637
98.10,3135,6785,5654
98.25,3137,6791,5643
98.40,3138,6794,5646
98.55,3139,6808,5653
98.70,3141,6804,5664
98.85,3150,6807,5656
99.00,3148,6821,5660
99.15,3149,6813,5664
99.30,3152,6833,5683
99.45,3151,6823,5685
99.60,3156,6824,5672
99.75,3155,6831,5678
99.90,3158,6833,5680
100.05,3158,6835,5680
100.20,3158,6840,5683
100.35,3159,6841,5687
100.50,3165,6845,5687
100.65,3165,6847,5689
100.80,3165,6849,5693
100.95,3165,6865,5710
101.10,3166,6856,5697
101.25,3172,6868,5699
101.40,3170,6859,5701
101.55,3175,6860,5703
101.70,3172,6873,5706
101.85,3170,6864,5722
102.00,3171,6867,5724
102.15,3171,6868,5710
102.30,3170,6867,5710
102.45,3168,6869,5710
102.60,3176,6870,5716
102.75,3170,6875,5712
102.90,3171,6885,5724
103.05,3178,6876,5716
103.20,3174,6888,5724
103.35,3176,6890,5729
103.50,3176,6879,5717
103.65,3179,6886,5717
103.80,3179,6894,5735
103.95,3182,6893,5729
104.10,3181,6883,5722
104.25,3179,6886,5721
104.40,3180,6886,5722
104.55,3180,6885,5723
104.70,3181,6896,5721
104.85,3179,6886,5724
105.00,3180,6899,5739
105.15,3182,6898,5740
105.30,3179,6887,5724
105.45,3181,6890,5725
105.60,3182,6898,5725
105.75,3181,6889,5724
105.90,3181,6886,5737
106.05,3181,6896,5724
106.20,3180,6887,5720
106.35,3181,6886,5723
106.50,3178,6887,5721
106.65,3181,6888,5729
106.80,3181,6887,5725
106.95,3178,6884,5719
107.10,3179,6887,5720
107.25,3177,6885,5732
107.40,3181,6881,5719
107.55,3183,6883,5730
107.70,3181,6888,5717
107.85,3177,6875,5715
108.00,3174,6878,5712
108.15,3172,6871,5710
108.30,3170,6870,5722
108.45,3167,6866,5715
108.60,3166,6865,5704
108.75,3168,6872,5703
108.90,3163,6858,5704
109.05,3163,6868,5701
109.20,3166,6857,5703
109.35,3167,6871,5701
109.50,3171,6860,5709
109.65,3166,6864,5695
109.80,3164,6856,5689
109.95,3164,6863,5701
110.10,3163,6861,5703
110.25,3162,6846,5687
110.40,3164,6846,5688
110.55,3158,6838,5682
110.70,3158,6834,5691
110.85,3158,6832,5676
111.00,3152,6829,5684
111.15,3150,6826,5671
111.30,3154,6822,5665
111.45,3147,6815,5662
111.60,3143,6820,5659
111.75,3143,6818,5668
111.90,3140,6801,5656
112.05,3137,6794,5646
112.20,3136,6805,5646
112.35,3134,6798,5652
112.50,3134,6796,5650
112.65,3137,6792,5634
112.80,3129,6775,5636
112.95,3126,6771,5624
113.10,3123,6777,5630
113.25,3121,6772,5628
113.40,3118,6759,5614
113.55,3118,6749,5609
113.70,3116,6746,5606
113.85,3111,6745,5616
114.00,3116,6741,5601
114.15,3108,6743,5607
114.30,3103,6730,5602
114.45,3106,6736,5590
114.60,3098,6719,5582
114.75,3097,6713,5580
114.90,3095,6706,5588
115.05,3092,6701,5570
115.20,3096,6704,5564
115.35,3089,6690,5561
115.50,3086,6693,5552
115.65,3085,6676,5562
115.80,3080,6679,5554
115.95,3078,6663,5540
116.10,3074,6658,5531
116.25,3072,6662,5523
116.40,3076,6645,5522
116.55,3067,6646,5515
116.70,3063,6633,5511
116.85,3058,6623,5503
117.00,3060,6614,5496
117.15,3052,6618,5502
117.30,3048,6609,5481
117.45,3041,6585,5471
117.60,3038,6578,5467
117.75,3036,6584,5461
117.90,3030,6572,5448
118.05,3032,6553,5444
118.20,3023,6541,5437
118.35,3019,6535,5436
118.50,3016,6528,5423
118.65,3011,6527,5416
118.80,3011,6514,5410
118.95,3001,6500,5402
119.10,2999,6490,5396
119.25,2996,6485,5387
119.40,2995,6484,5392
119.55,2993,6464,5374
119.70,2985,6459,5383
119.85,2982,6452,5362
120.00,2980,6445,5357
120.15,2972,6440,5352
120.30,2976,6435,5354
120.45,2965,6427,5349
120.60,2959,6417,5337
120.75,2957,6420,5328
120.90,2952,6399,5320
121.05,2949,6398,5311
121.20,2950,6377,5300
121.35,2948,6363,5290
121.50,2936,6351,5283
121.65,2931,6341,5272
121.80,2928,6335,5279
121.95,2924,6324,5258
122.10,2926,6319,5254
122.25,2914,6320,5243
122.40,2911,6300,5249
122.55,2908,6292,5227
122.70,2900,6273,5217
122.85,2901,6266,5222
123.00,2896,6254,5200
123.15,2885,6241,5190
123.30,2879,6226,5189
123.45,2877,6214,5168
123.60,2867,6201,5157
123.75,2859,6197,5144
123.90,2853,6180,5129
124.05,2849,6165,5126
124.20,2845,6151,5112
124.35,2841,6141,5106
124.50,2833,6129,5109
124.65,2826,6113,5082
124.80,2828,6105,5074
124.95,2813,6099,5067
125.10,2815,6079,5052
125.25,2804,6081,5042
125.40,2798,6064,5029
125.55,2792,6053,5025
125.70,2788,6045,5016
125.85,2784,6023,5005
126.00,2780,6013,5000
126.15,2773,6002,4988
126.30,2769,5996,4983
126.45,2765,5985,4977
126.60,2760,5976,4976
126.75,2755,5975,4972
126.90,2757,5956,4949
127.05,2751,5943,4952
127.20,2739,5929,4925
127.35,2729,5912,4914
127.50,2725,5901,4902
127.65,2727,5887,4903
127.80,2720,5874,4879
127.95,2710,5864,4884
128.10,2711,5847,4863
128.25,2706,5839,4858
128.40,2693,5828,4843
128.55,2685,5808,4826
128.70,2680,5798,4817
128.85,2673,5786,4806
129.00,2664,5768,4790
129.15,2655,5762,4776
129.30,2651,5742,4766
129.45,2645,5720,4756
129.60,2634,5708,4738
129.75,2630,5693,4724
129.90,2621,5674,4712
130.05,2613,5660,4697
130.20,2607,5656,4686
130.35,2607,5628,4690
130.50,2600,5617,4661
130.65,2589,5605,4650
130.80,2583,5587,4639
130.95,2571,5566,4621
131.10,2566,5554,4610
131.25,2567,5543,4616
131.40,2551,5526,4588
131.55,2547,5515,4577
131.70,2543,5502,4582
131.85,2536,5490,4558
132.00,2532,5479,4548
132.15,2526,5470,4541
132.30,2529,5459,4547
132.45,2516,5447,4524
132.60,2507,5447,4515
132.75,2501,5436,4505
132.90,2496,5409,4494
133.05,2488,5404,4477
133.20,2488,5376,4479
133.35,2484,5358,4463
133.50,2466,5352,4433
133.65,2460,5335,4433
133.80,2452,5308,4406
133.95,2445,5293,4392
134.10,2441,5292,4386
134.25,2432,5268,4372
134.40,2428,5256,4361
134.55,2422,5242,4350
134.70,2418,5220,4346
134.85,2403,5206,4333
135.00,2403,5187,4305
135.15,2395,5182,4306
135.30,2382,5153,4279
135.45,2372,5136,4260
135.60,2363,5117,4243
135.75,2355,5095,4229
135.90,2345,5093,4224
136.05,2338,5074,4200
136.20,2339,5054,4187
136.35,2323,5038,4170
136.50,2315,5011,4163
136.65,2308,4993,4141
136.80,2308,4993,4131
136.95,2300,4960,4125
137.10,2283,4943,4099
137.25,2277,4928,4094
137.40,2276,4921,4069
137.55,2263,4895,4076
137.70,2257,4884,4052
137.85,2251,4870,4041
138.00,2243,4859,4030
138.15,2237,4847,4021
138.30,2233,4840,4012
138.45,2227,4834,4019
138.60,2220,4809,3992
138.75,2213,4795,3990
138.90,2216,4791,3966
139.05,2207,4762,3952
139.20,2189,4756,3933
139.35,2191,4725,3933
139.50,2176,4705,3902
139.65,2164,4697,3885
139.80,2167,4668,3885
139.95,2150,4657,3859
140.10,2142,4633,3841
140.25,2143,4620,3832
140.40,2129,4611,3836
140.55,2127,4594,3812
140.70,2113,4573,3792
140.85,2105,4554,3775
141.00,2098,4535,3759
141.15,2089,4517,3745
141.30,2080,4498,3727
141.45,2066,4481,3705
141.60,2059,4465,3693
141.75,2048,4444,3676
141.90,2051,4412,3659
142.05,2036,4395,3657
142.20,2030,4378,3629
142.35,2013,4353,3609
142.50,2015,4350,3607
142.65,1997,4316,3595
142.80,1991,4305,3569
142.95,1981,4281,3545
143.10,1974,4265,3536
143.25,1963,4246,3532
143.40,1966,4230,3507
143.55,1950,4216,3493
143.70,1944,4201,3497
143.85,1949,4190,3473
144.00,1931,4177,3473
144.15,1924,4164,3451
144.30,1919,4163,3441
144.45,1922,4139,3446
144.60,1904,4135,3420
144.75,1906,4107,3403
144.90,1889,4090,3390
145.05,1890,4070,3390
145.20,1873,4064,3372
145.35,1873,4043,3340
145.50,1864,4019,3324
145.65,1857,3989,3308
145.80,1839,3987,3293
145.95,1830,3969,3280
146.10,1834,3941,3267
146.25,1818,3929,3255
146.40,1821,3918,3246
146.55,1806,3899,3230
146.70,1795,3889,3226
146.85,1785,3872,3211
147.00,1776,3836,3193
147.15,1765,3814,3158
147.30,1757,3797,3160
147.45,1747,3784,3124
147.60,1743,3748,3104
147.75,1729,3734,3093
147.90,1718,3715,3079
148.05,1710,3697,3060
148.20,1702,3686,3042
148.35,1693,3654,3027
148.50,1694,3639,3012
148.65,1683,3629,2995
148.80,1668,3602,2998
148.95,1669,3582,2967
149.10,1651,3567,2969
149.25,1641,3553,2937
149.40,1634,3532,2926
149.55,1637,3520,2928
149.70,1622,3516,2900
149.85,1623,3498,2884
150.00,1606,3468,2872
150.15,1608,3453,2857
150.30,1590,3439,2849
150.45,1586,3428,2837
150.60,1577,3411,2823
150.75,1569,3406,2810
150.90,1560,3382,2796
151.05,1563,3373,2781
151.20,1544,3340,2765
151.35,1538,3339,2753
151.50,1530,3308,2752
151.65,1521,3290,2735
151.80,1513,3268,2705
151.95,1504,3262,2704
152.10,1495,3229,2688
152.25,1497,3219,2654
152.40,1479,3202,2647
152.55,1471,3180,2632
152.70,1463,3175,2617
152.85,1455,3143,2601
153.00,1444,3118,2596
153.15,1436,3100,2565
153.30,1426,3079,2549
153.45,1414,3055,2530
153.60,1414,3034,2509
153.75,1396,3017,2497
153.90,1385,3003,2475
154.05,1377,2974,2461
154.20,1367,2950,2444
154.35,1359,2932,2429
154.50,1351,2926,2412
154.65,1353,2912,2414
154.80,1348,2898,2388
154.95,1324,2860,2368
155.10,1318,2846,2372
155.25,1309,2842,2352
155.40,1298,2801,2321
155.55,1290,2803,2324
155.70,1287,2777,2314
155.85,1278,2759,2299
156.00,1273,2758,2289
156.15,1264,2743,2259
156.30,1259,2715,2250
156.45,1252,2716,2237
156.60,1245,2689,2225
156.75,1240,2687,2212
156.90,1231,2657,2199
157.05,1223,2638,2199
157.20,1214,2619,2169
157.35,1205,2600,2169
157.50,1199,2600,2156
157.65,1188,2566,2139
157.80,1182,2548,2109
157.95,1172,2545,2095
158.10,1169,2523,2089
158.25,1173,2516,2071
158.40,1155,2506,2064
158.55,1148,2486,2049
158.70,1138,2455,2031
158.85,1129,2433,2030
159.00,1117,2413,1998
159.15,1110,2396,1999
159.30,1100,2374,1982
159.45,1090,2348,1959
159.60,1082,2331,1929
159.75,1074,2313,1931
159.90,1064,2308,1914
160.05,1069,2291,1900
160.20,1048,2259,1870
160.35,1038,2240,1869
160.50,1038,2215,1831
160.65,1025,2221,1845
160.80,1017,2192,1824
160.95,1007,2183,1812
161.10,998,2154,1798
161.25,994,2138,1772
161.40,982,2115,1752
161.55,977,2118,1743
161.70,971,2091,1746
161.85,963,2076,1720
162.00,959,2065,1711
162.15,953,2066,1714
162.30,947,2040,1707
162.45,941,2028,1682
162.60,948,2028,1671
162.75,928,2001,1659
162.90,921,1999,1646
163.05,914,1982,1632
163.20,906,1964,1632
163.35,898,1932,1616
163.50,890,1915,1604
163.65,879,1894,1568
163.80,872,1893,1557
163.95,867,1882,1546
164.10,862,1866,1538
164.25,857,1845,1528
164.40,851,1828,1514
164.55,853,1806,1512
164.70,848,1813,1489
164.85,828,1781,1490
165.00,819,1773,1456
165.15,810,1743,1442
165.30,799,1723,1427
165.45,791,1700,1408
165.60,783,1697,1392
165.75,775,1669,1381
165.90,768,1650,1382
166.05,770,1645,1365
166.20,754,1619,1340
166.35,757,1601,1340
166.50,737,1586,1329
166.65,731,1573,1317
166.80,724,1563,1288
166.95,730,1558,1276
167.10,724,1530,1267
167.25,705,1516,1271
167.40,695,1494,1237
167.55,696,1485,1246
167.70,686,1491,1222
167.85,677,1459,1207
168.00,671,1446,1202
168.15,667,1451,1190
168.30,675,1424,1196
168.45,658,1417,1173
168.60,652,1404,1163
168.75,646,1391,1151
168.90,642,1379,1141
169.05,645,1362,1129
169.20,627,1349,1116
169.35,620,1333,1103
169.50,625,1320,1092
169.65,617,1302,1079
169.80,612,1291,1083
169.95,596,1278,1058
170.10,600,1264,1047
170.25,583,1265,1051
170.40,587,1240,1026
170.55,570,1224,1013
170.70,574,1209,1000
170.85,561,1195,1003
171.00,548,1176,973
171.15,542,1177,961
171.30,533,1140,942
171.45,524,1125,930
171.60,519,1128,922
171.75,520,1111,906
171.90,503,1097,894
172.05,497,1066,897
172.20,492,1055,886
172.35,485,1041,876
172.50,480,1030,851
172.65,474,1017,842
172.80,470,1006,832
172.95,463,992,834
173.10,459,980,825
173.25,452,968,800
173.40,446,954,790
173.55,441,943,780
173.70,447,935,774
173.85,432,939,778
174.00,428,914,769
174.15,424,905,748
174.30,419,897,741
174.45,415,887,735
174.60,411,879,726
174.75,405,881,717
174.90,400,855,709
175.05,395,843,710
175.20,388,829,699
175.35,390,817,687
175.50,384,807,678
175.65,371,793,655
175.80,372,780,656
175.95,360,767,634
176.10,363,758,627
176.25,349,742,626
176.40,345,736,610
176.55,340,724,600
176.70,334,722,588
176.85,330,704,582
177.00,324,687,569
177.15,319,687,560
177.30,318,665,560
177.45,312,651,538
177.60,301,639,529
177.75,294,626,518
177.90,289,615,509
178.05,285,604,499
178.20,280,592,496
178.35,279,583,482
178.50,271,573,475
178.65,266,562,465
178.80,262,567,460
178.95,263,552,449
179.10,258,531,439
179.25,247,522,434
179.40,241,510,423
179.55,239,506,418
179.70,237,498,413
179.85,232,491,408
180.00,230,486,401
180.15,227,477,399
180.30,224,472,394
180.45,222,474,386
180.60,217,458,379
180.75,214,449,373
180.90,216,451,367
181.05,206,433,359
181.20,201,431,351
181.35,197,422,344
181.50,194,405,336
181.65,187,394,327
181.80,183,394,319
181.95,181,379,314
182.10,183,372,307
182.25,176,366,304
182.40,176,357,296
182.55,168,359,289
182.70,161,336,278
182.85,166,334,277
183.00,162,326,269
183.15,151,321,262
183.30,147,303,249
183.45,143,298,246
183.60,140,289,239
183.75,136,283,236
183.90,135,276,228
184.05,130,267,218
184.20,129,263,209
184.35,124,255,211
184.50,125,247,205
184.65,115,235,195
184.80,120,235,196
184.95,116,227,190
185.10,109,226,185
185.25,106,216,180
185.40,104,209,175
185.55,101,208,165
185.70,99,199,165
185.85,101,197,162
186.00,95,193,162
186.15,93,188,155
186.30,95,184,153
186.45,93,179,142
186.60,91,174,146
186.75,85,170,142
186.90,82,166,138
187.05,80,160,133
187.20,77,154,130
187.35,75,149,124
187.50,73,143,119
187.65,70,137,107
187.80,68,128,110
187.95,65,126,97
188.10,64,128,105
188.25,65,119,91
188.40,60,116,98
188.55,58,110,93
188.70,59,108,91
188.85,54,99,78
189.00,56,98,73
189.15,50,95,70
189.30,52,89,75
189.45,46,85,62
189.60,44,80,69
189.75,42,77,56
189.90,41,73,52
190.05,38,71,60
190.20,38,67,47
190.35,40,65,55
190.50,35,62,52
190.65,34,59,48
190.80,33,48,48
190.95,31,52,45
191.10,33,51,44
191.25,29,48,41
191.40,28,45,40
191.55,27,44,38
191.70,26,43,38
191.85,26,41,36
192.00,25,39,23
192.15,25,39,34
192.30,25,36,33
192.45,25,25,31
192.60,23,23,19
192.75,22,22,29
192.90,21,20,27
193.05,20,29,27
193.20,20,27,13
193.35,19,27,24
193.50,19,15,23
193.65,18,24,10
193.80,18,23,9
193.95,16,22,21
194.10,16,21,8
194.25,16,20,20
194.40,17,9,7
194.55,15,20,18
194.70,16,8,18
194.85,15,19,18
195.00,16,19,6
195.15,16,19,18
195.30,15,18,18
195.45,15,19,6
195.60,16,19,12
195.75,17,19,7
195.90,15,10,8
196.05,17,10,20
196.20,17,22,20
196.35,17,23,22
196.50,18,25,12
196.65,18,23,24
196.80,18,15,24
196.95,20,29,15
197.10,20,28,14
197.25,21,28,28
197.40,21,31,28
197.55,22,33,28
197.70,22,34,31
197.85,24,34,20
198.00,24,36,21
198.15,24,37,23
198.30,24,28,34
198.45,26,30,25
198.60,26,30,26
198.75,27,44,40
198.90,28,36,41
199.05,29,48,43
199.20,31,42,34
199.35,31,45,47
199.50,33,48,39
199.65,34,60,53
199.80,36,62,55
199.95,38,67,48
200.10,38,69,59
200.25,41,73,64
200.40,45,74,56
200.55,42,77,69
200.70,48,74,70
200.85,46,86,75
201.00,48,83,68
201.15,51,94,71
201.30,53,93,86
201.45,59,106,81
201.60,57,103,93
201.75,59,113,97
201.90,62,117,101
202.05,64,119,105
202.20,65,126,109
202.35,67,128,112
202.50,69,136,109
202.65,75,137,111
202.80,78,145,117
202.95,77,150,129
203.10,79,155,132
203.25,81,161,130
203.40,84,166,134
203.55,89,170,145
203.70,86,172,146
203.85,93,178,150
204.00,95,180,147
204.15,92,185,157
204.30,95,190,161
204.45,96,193,157
204.60,102,198,162
204.75,105,205,173
204.90,103,212,171
205.05,111,218,183
205.20,110,222,189
205.35,117,230,189
205.50,120,236,199
205.65,123,248,205
205.80,122,255,206
205.95,124,260,215
206.10,128,267,217
206.25,131,276,228
206.40,134,275,230
206.55,142,289,237
206.70,140,296,244
206.85,143,296,250
207.00,148,306,258
207.15,153,314,265
207.30,156,323,272
207.45,167,335,280
207.60,165,343,289
207.75,169,357,292
207.90,175,365,307
208.05,176,376,309
208.20,180,377,316
208.35,184,391,322
208.50,189,395,332
208.65,196,408,336
208.80,200,408,342
208.95,199,426,351
209.10,203,434,356
209.25,212,442,364
209.40,216,450,370
209.55,213,448,377
209.70,222,464,381
209.85,221,472,388
210.00,223,469,396
210.15,231,475,398
210.30,235,481,405
210.45,237,489,409
210.60,241,505,415
210.75,245,514,426
210.90,243,522,431
211.05,247,523,437
211.20,251,533,446
211.35,263,553,455
211.50,263,554,470
211.65,268,566,480
211.80,274,580,490
211.95,284,589,499
212.10,283,599,501
212.25,286,606,506
212.40,290,626,514
212.55,299,636,530
212.70,301,646,530
212.85,313,651,544
213.00,320,675,562
213.15,317,674,571
213.30,332,691,577
213.45,330,714,586
213.60,346,720,600
213.75,342,730,608
213.90,347,740,628
214.05,355,755,629
214.20,360,765,639
214.35,363,774,657
214.50,369,789,658
214.65,373,808,663
214.80,379,807,673
214.95,384,817,681
215.10,389,830,703
215.25,403,858,714
215.40,401,870,713
215.55,413,864,719
215.70,408,884,723
215.85,411,880,746
216.00,415,888,752
216.15,418,896,746
216.30,423,903,753
216.45,427,928,760
216.60,440,922,781
216.75,436,934,778
216.90,441,946,787
217.05,456,974,799
217.20,463,989,823
217.35,461,986,821
217.50,468,1016,833
217.65,485,1019,862
217.80,481,1047,859
217.95,498,1046,869
218.10,491,1053,876
218.25,498,1067,888
218.40,504,1095,913
218.55,514,1119,917
218.70,515,1104,933
218.85,523,1134,945
219.00,531,1153,945
219.15,539,1169,960
219.30,551,1196,998
219.45,554,1203,990
219.60,561,1219,1000
219.75,568,1219,1012
219.90,585,1233,1041
220.05,587,1274,1062
220.20,591,1268,1054
220.35,594,1274,1075
220.50,604,1297,1095
220.65,607,1303,1084
220.80,614,1334,1095
220.95,622,1350,1124
221.10,639,1348,1121
221.25,632,1357,1129
221.40,640,1379,1145
221.55,646,1386,1151
221.70,662,1398,1163
221.85,655,1422,1171
222.00,661,1432,1178
222.15,665,1442,1186
222.30,669,1451,1193
222.45,674,1448,1220
222.60,680,1475,1214
222.75,684,1474,1240
222.90,704,1488,1237
223.05,699,1503,1249
223.20,719,1535,1278
223.35,715,1536,1277
223.50,723,1568,1290
223.65,745,1573,1307
223.80,738,1587,1335
223.95,744,1616,1331
224.10,752,1616,1342
224.25,774,1655,1361
224.40,766,1647,1367
224.55,790,1671,1404
224.70,794,1683,1397
224.85,788,1711,1407
225.00,799,1717,1427
225.15,819,1735,1440
225.30,815,1752,1470
225.45,824,1773,1487
225.60,843,1788,1501
225.75,843,1824,1518
225.90,850,1828,1518
226.05,862,1855,1541
226.20,866,1867,1563
226.35,887,1896,1562
226.50,886,1905,1582
226.65,901,1925,1587
226.80,906,1925,1597
226.95,909,1954,1639
227.10,922,1971,1625
227.25,915,1973,1637
227.40,928,1999,1673
227.55,928,1999,1661
227.70,952,2019,1677
227.85,941,2029,1698
228.00,960,2054,1709
228.15,953,2065,1703
228.30,957,2077,1728
228.45,962,2072,1724
228.60,968,2087,1735
228.75,977,2104,1764
228.90,997,2120,1761
229.05,1005,2139,1791
229.20,1003,2158,1792
229.35,1010,2191,1809
229.50,1019,2197,1823
229.65,1041,2231,1839
229.80,1036,2232,1856
229.95,1042,2246,1879
230.10,1054,2269,1884
230.25,1069,2292,1891
230.40,1069,2303,1910
230.55,1072,2310,1916
230.70,1099,2346,1948
230.85,1091,2350,1951
231.00,1098,2366,1981
231.15,1105,2385,1980
231.30,1123,2423,2010
231.45,1139,2430,2032
231.60,1150,2467,2037
231.75,1148,2490,2071
231.90,1156,2492,2071
232.05,1182,2522,2109
232.20,1174,2532,2104
232.35,1182,2565,2117
232.50,1188,2574,2126
232.65,1205,2599,2173
232.80,1205,2614,2173
232.95,1223,2629,2170
233.10,1219,2642,2182
233.25,1231,2654,2204
233.40,1248,2667,2213
233.55,1244,2682,2243
233.70,1248,2705,2236
233.85,1255,2706,2262
234.00,1271,2733,2259
234.15,1264,2731,2268
234.30,1270,2743,2279
234.45,1276,2771,2306
234.60,1280,2770,2317
234.75,1287,2784,2313
234.90,1309,2801,2345
235.05,1305,2821,2345
235.20,1316,2854,2361
235.35,1325,2862,2375
235.50,1347,2883,2392
235.65,1346,2905,2414
235.80,1366,2923,2428
235.95,1366,2949,2463
236.10,1368,2968,2467
236.25,1376,2973,2483
236.40,1396,2991,2484
236.55,1395,3014,2500
236.70,1402,3040,2527
236.85,1424,3053,2533
237.00,1422,3069,2547
237.15,1441,3086,2562
237.30,1444,3133,2590
237.45,1449,3133,2601
237.60,1463,3163,2624
237.75,1478,3195,2668
237.90,1480,3196,2652
238.05,1499,3218,2686
238.20,1510,3242,2691
238.35,1504,3257,2701
238.50,1513,3284,2714
238.65,1522,3288,2729
238.80,1542,3324,2763
238.95,1549,3339,2761
239.10,1545,3355,2773
239.25,1555,3359,2788
239.40,1566,3402,2814
239.55,1568,3391,2830
239.70,1585,3406,2828
239.85,1591,3434,2839
240.00,1598,3434,2851
240.15,1593,3446,2876
240.30,1608,3472,2887
240.45,1604,3472,2898
240.60,1610,3498,2895
240.75,1620,3513,2909
240.90,1636,3521,2923
241.05,1634,3550,2938
241.20,1646,3572,2954
241.35,1655,3580,2985
241.50,1665,3616,2988
241.65,1675,3624,3021
241.80,1695,3656,3039
241.95,1692,3659,3034
242.10,1708,3684,3048
242.25,1709,3693,3080
242.40,1717,3712,3078
242.55,1728,3738,3103
242.70,1744,3775,3144
242.85,1746,3771,3131
243.00,1751,3792,3145
243.15,1771,3826,3177
243.30,1780,3850,3207
243.45,1784,3858,3201
243.60,1796,3897,3225
243.75,1813,3920,3251
243.90,1813,3922,3252
244.05,1835,3948,3275
244.20,1833,3972,3293
244.35,1839,3988,3298
244.50,1854,4008,3325
244.65,1852,4011,3326
244.80,1865,4049,3347
244.95,1879,4047,3358
245.10,1890,4090,3394
245.25,1891,4104,3407
245.40,1900,4121,3409
245.55,1905,4134,3418
245.70,1907,4138,3436
245.85,1914,4153,3436
246.00,1919,4154,3445
246.15,1933,4164,3456
246.30,1938,4190,3479
246.45,1936,4188,3478
246.60,1950,4216,3490
246.75,1948,4219,3516
246.90,1956,4236,3518
247.05,1975,4270,3534
247.20,1976,4279,3563
247.35,1986,4296,3566
247.50,1994,4317,3582
247.65,2015,4341,3600
247.80,2026,4374,3633
247.95,2023,4374,3644
248.10,2031,4392,3643
248.25,2044,4436,3669
248.40,2049,4435,3679
248.55,2053,4444,3700
248.70,2075,4473,3711
248.85,2074,4502,3723
249.00,2084,4507,3753
249.15,2103,4532,3757
249.30,2109,4562,3783
249.45,2130,4588,3808
249.60,2120,4590,3821
249.75,2141,4616,3829
249.90,2139,4630,3840
250.05,2148,4649,3868
250.20,2161,4676,3873
250.35,2164,4683,3882
250.50,2168,4694,3891
250.65,2179,4718,3925
250.80,2185,4729,3935
250.95,2202,4767,3965
251.10,2210,4767,3964
251.25,2210,4784,3977
251.40,2218,4804,3981
251.55,2224,4814,3989
251.70,2227,4822,3999
251.85,2234,4847,4008
252.00,2237,4853,4030
252.15,2241,4856,4044
252.30,2248,4881,4055
252.45,2253,4879,4050
252.60,2257,4902,4061
252.75,2265,4906,4089
252.90,2271,4925,4087
253.05,2288,4940,4102
253.20,2291,4961,4116
253.35,2299,4981,4131
253.50,2309,5012,4146
253.65,2320,5021,4164
253.80,2334,5049,4176
253.95,2337,5057,4209
254.10,2345,5077,4210
254.25,2354,5101,4238
254.40,2361,5123,4252
254.55,2361,5112,4236
254.70,2368,5121,4248
254.85,2384,5151,4262
255.00,2392,5173,4282
255.15,2394,5181,4297
255.30,2411,5228,4328
255.45,2410,5228,4326
255.60,2430,5258,4359
255.75,2427,5257,4360
255.90,2442,5272,4372
256.05,2445,5300,4400
256.20,2451,5308,4400
256.35,2465,5320,4427
256.50,2472,5349,4425
256.65,2477,5348,4436
256.80,2490,5401,4470
256.95,2497,5402,4484
257.10,2497,5401,4495
257.25,2499,5414,4488
257.40,2507,5427,4500
257.55,2518,5448,4507
257.70,2517,5450,4519
257.85,2529,5464,4531
258.00,2535,5484,4540
258.15,2533,5493,4548
258.30,2535,5491,4560
258.45,2547,5501,4567
258.60,2546,5525,4593
258.75,2550,5527,4587
258.90,2556,5539,4596
259.05,2563,5570,4613
259.20,2572,5583,4640
259.35,2581,5588,4636
259.50,2589,5604,4649
259.65,2602,5620,4660
259.80,2600,5640,4683
259.95,2617,5657,4697
260.10,2616,5661,4697
260.25,2624,5697,4713
260.40,2629,5691,4736
260.55,2634,5704,4730
260.70,2639,5713,4738
260.85,2643,5724,4747
261.00,2664,5767,4797
261.15,2662,5764,4798
261.30,2674,5778,4794
261.45,2680,5806,4817
261.60,2692,5814,4824
261.75,2690,5833,4834
261.90,2695,5843,4841
262.05,2704,5861,4871
262.20,2716,5865,4870
262.35,2712,5870,4874
262.50,2717,5897,4887
262.65,2724,5898,4899
262.80,2732,5913,4925
262.95,2741,5929,4936
263.10,2745,5935,4930
263.25,2755,5973,4967
263.40,2759,5961,4952
263.55,2757,5979,4957
263.70,2762,5975,4979
263.85,2773,5985,4972
264.00,2771,5995,4995
264.15,2779,6007,4988
264.30,2779,6028,5012
264.45,2784,6036,5007
264.60,2786,6048,5028
264.75,2792,6046,5038
264.90,2796,6057,5046
265.05,2807,6068,5042
265.20,2816,6080,5051
265.35,2821,6102,5061
265.50,2820,6113,5083
265.65,2825,6125,5081
265.80,2832,6135,5088
265.95,2839,6142,5116
266.10,2843,6148,5121
266.25,2846,6157,5116
266.40,2850,6167,5137
266.55,2861,6174,5145
266.70,2868,6193,5146
266.85,2869,6202,5156
267.00,2877,6212,5161
267.15,2885,6238,5187
267.30,2896,6257,5193
267.45,2890,6252,5196
267.60,2900,6270,5210
267.75,2916,6293,5231
267.90,2916,6291,5228
268.05,2917,6307,5231
268.20,2921,6306,5238
268.35,2920,6312,5247
268.50,2926,6328,5277
268.65,2928,6332,5265
268.80,2942,6356,5278
268.95,2943,6364,5298
269.10,2943,6362,5290
269.25,2954,6371,5301
269.40,2950,6379,5303
269.55,2954,6384,5307
269.70,2959,6402,5318
269.85,2966,6401,5324
270.00,2968,6407,5330
270.15,2967,6415,5337
270.30,2969,6419,5355
270.45,2971,6425,5347
270.60,2974,6432,5354
270.75,2976,6451,5372
270.90,2982,6458,5382
271.05,2986,6467,5374
271.20,2989,6465,5382
271.35,2996,6475,5387
271.50,3001,6482,5395
271.65,3003,6489,5401
271.80,3007,6494,5422
271.95,3012,6514,5415
272.10,3015,6522,5424
272.25,3029,6531,5452
272.40,3028,6537,5451
272.55,3024,6532,5439
272.70,3032,6540,5448
272.85,3037,6549,5464
273.00,3039,6565,5459
273.15,3043,6575,5467
273.30,3044,6577,5478
273.45,3054,6585,5498
273.60,3051,6593,5503
273.75,3053,6596,5493
273.90,3059,6609,5506
274.05,3061,6622,5522
274.20,3062,6625,5511
274.35,3070,6634,5538
274.50,3071,6633,5538
274.65,3072,6636,5527
274.80,3074,6643,5546
274.95,3080,6661,5544
275.10,3081,6657,5559
275.25,3088,6664,5550
275.40,3087,6669,5556
275.55,3092,6677,5559
275.70,3090,6680,5561
275.85,3090,6694,5565
276.00,3093,6697,5569
276.15,3098,6694,5573
276.30,3103,6695,5592
276.45,3104,6711,5594
276.60,3105,6706,5585
276.75,3102,6708,5590
276.90,3106,6717,5593
277.05,3108,6722,5599
277.20,3114,6732,5605
277.35,3119,6747,5610
277.50,3118,6739,5611
277.65,3121,6745,5617
277.80,3122,6759,5617
277.95,3128,6763,5622
278.10,3125,6768,5626
278.25,3133,6768,5645
278.40,3129,6770,5633
278.55,3137,6783,5638
278.70,3134,6781,5656
278.85,3140,6792,5650
279.00,3136,6788,5649
279.15,3137,6793,5654
279.30,3149,6807,5659
279.45,3152,6810,5678
279.60,3146,6807,5664
279.75,3148,6819,5668
279.90,3152,6820,5675
280.05,3157,6820,5675
280.20,3154,6826,5679
280.35,3155,6830,5681
280.50,3158,6842,5696
280.65,3159,6833,5685
280.80,3160,6836,5701
280.95,3165,6837,5692
281.10,3166,6850,5705
281.25,3162,6854,5707
281.40,3161,6845,5696
281.55,3164,6857,5698
281.70,3167,6860,5701
281.85,3165,6853,5699
282.00,3167,6865,5703
282.15,3174,6857,5704
282.30,3170,6858,5706
282.45,3169,6861,5719
282.60,3167,6860,5708
282.75,3169,6862,5708
282.90,3175,6863,5713
283.05,3171,6875,5724
283.20,3173,6870,5730
283.35,3180,6872,5727
283.50,3179,6883,5717
283.65,3174,6872,5716
283.80,3176,6872,5729
283.95,3175,6871,5727
284.10,3175,6875,5730
284.25,3175,6886,5733
284.40,3177,6878,5718
284.55,3182,6878,5721
284.70,3177,6882,5719
284.85,3179,6888,5719
285.00,3178,6888,5731
285.15,3181,6888,5720
285.30,3178,6879,5719
285.45,3177,6880,5733
285.60,3175,6879,5720
285.75,3179,6880,5720
285.90,3180,6881,5733
286.05,3176,6882,5724
286.20,3176,6888,5717
286.35,3175,6877,5719
286.50,3178,6877,5730
286.65,3175,6879,5716
286.80,3175,6884,5717
286.95,3180,6876,5728
287.10,3179,6884,5728
287.25,3174,6874,5712
287.40,3173,6874,5727
287.55,3173,6876,5730
287.70,3174,6868,5712
287.85,3171,6881,5711
288.00,3170,6868,5706
288.15,3176,6867,5707
288.30,3170,6863,5706
288.45,3170,6862,5703
288.60,3167,6870,5704
288.75,3171,6860,5701
288.90,3170,6860,5699
289.05,3167,6857,5697
289.20,3164,6867,5708
289.35,3165,6853,5695
289.50,3165,6862,5692
289.65,3161,6851,5690
289.80,3163,6850,5701
289.95,3159,6843,5685
290.10,3160,6841,5697
290.25,3156,6836,5681
290.40,3155,6834,5692
290.55,3156,6834,5679
290.70,3158,6841,5677
290.85,3155,6820,5665
291.00,3154,6823,5667
291.15,3148,6818,5664
291.30,3145,6812,5671
291.45,3148,6819,5655
291.60,3140,6806,5661
291.75,3139,6799,5647
291.90,3144,6794,5644
292.05,3136,6804,5653
292.20,3134,6788,5638
292.35,3134,6794,5636
292.50,3138,6790,5628
292.65,3129,6774,5626
292.80,3126,6766,5628
292.95,3125,6762,5617
293.10,3128,6764,5615
293.25,3119,6758,5609
293.40,3118,6761,5606
293.55,3116,6746,5612
293.70,3114,6742,5598
293.85,3111,6739,5595
294.00,3115,6736,5607
294.15,3110,6730,5586
294.30,3111,6737,5583
294.45,3108,6719,5579
294.60,3100,6715,5577
294.75,3098,6716,5569
294.90,3096,6715,5565
295.05,3093,6712,5559
295.20,3091,6706,5569
295.35,3087,6701,5562
295.50,3091,6694,5547
295.65,3082,6686,5550
295.80,3086,6681,5534
295.95,3079,6669,5529
296.10,3074,6662,5525
296.25,3072,6647,5512
296.40,3069,6650,5516
296.55,3061,6644,5512
296.70,3063,6632,5515
296.85,3063,6631,5496
297.00,3050,6621,5482
297.15,3050,6615,5496
297.30,3045,6599,5470
297.45,3042,6594,5465
297.60,3046,6589,5461
297.75,3041,6579,5456
297.90,3032,6571,5456
298.05,3028,6568,5451
298.20,3024,6552,5430
298.35,3022,6547,5439
298.50,3018,6539,5419
298.65,3012,6527,5421
298.80,3008,6529,5403
298.95,3007,6523,5399
299.10,3007,6513,5405
299.25,3000,6499,5388
299.40,2995,6486,5377
299.55,2993,6480,5372
299.70,2991,6477,5368
299.85,2986,6477,5375
300.00,2982,6460,5352
300.15,2977,6462,5346
300.30,2978,6447,5341
300.45,2976,6449,5335
300.60,2968,6430,5342
300.75,2970,6421,5323
300.90,2960,6413,5328
301.05,2956,6413,5306
301.20,2956,6405,5300
301.35,2949,6386,5294
301.50,2945,6377,5285
301.65,2939,6374,5275
301.80,2941,6360,5283
301.95,2931,6346,5278
302.10,2928,6341,5267
302.25,2919,6324,5239
302.40,2923,6319,5237
302.55,2914,6322,5232
302.70,2907,6297,5232
302.85,2900,6279,5203
303.00,2899,6274,5197
303.15,2892,6274,5205
303.30,2885,6247,5181
303.45,2884,6234,5177
303.60,2878,6221,5155
303.75,2867,6208,5146
303.90,2861,6194,5132
304.05,2857,6191,5132
304.20,2850,6185,5115
304.35,2845,6161,5116
304.50,2838,6148,5084
304.65,2834,6152,5087
304.80,2839,6134,5084
304.95,2834,6135,5075
305.10,2823,6126,5067
305.25,2819,6114,5059
305.40,2813,6092,5047
305.55,2808,6093,5041
305.70,2806,6074,5032
305.85,2806,6062,5038
306.00,2793,6051,5029
306.15,2790,6051,5004
306.30,2791,6032,4997
306.45,2786,6030,4988
306.60,2774,6010,4978
306.75,2768,6001,4970
306.90,2765,6000,4960
307.05,2758,5984,4950
307.20,2759,5962,4954
307.35,2745,5953,4932
307.50,2749,5941,4935
307.65,2736,5926,4908
307.80,2730,5914,4914
307.95,2724,5914,4890
308.10,2714,5880,4873
308.25,2722,5894,4871
308.40,2703,5857,4851
308.55,2702,5865,4852
308.70,2697,5844,4840
308.85,2690,5826,4827
309.00,2688,5807,4812
309.15,2672,5777,4790
309.30,2666,5771,4783
309.45,2659,5759,4775
309.60,2659,5755,4774
309.75,2654,5729,4751
309.90,2635,5700,4718
310.05,2636,5703,4734
310.20,2624,5684,4725
310.35,2627,5682,4701
310.50,2612,5656,4704
310.65,2607,5644,4694
310.80,2600,5626,4664
310.95,2591,5610,4652
311.10,2594,5601,4644
311.25,2576,5570,4610
311.40,2569,5560,4627
311.55,2575,5558,4623
311.70,2571,5558,4602
311.85,2564,5544,4588
312.00,2551,5529,4579
312.15,2546,5516,4566
312.30,2539,5497,4559
312.45,2540,5494,4549
312.60,2536,5470,4538
312.75,2529,5454,4525
312.90,2515,5453,4526
313.05,2506,5426,4502
313.20,2502,5410,4504
313.35,2496,5396,4481
313.50,2489,5383,4483
313.65,2480,5377,4468
313.80,2476,5354,4457
313.95,2478,5342,4433
314.10,2461,5318,4413
314.25,2461,5319,4406
314.40,2448,5293,4393
314.55,2442,5293,4386
314.70,2436,5265,4383
314.85,2429,5241,4350
315.00,2416,5222,4348
315.15,2408,5209,4325
315.30,2399,5185,4322
315.45,2394,5171,4298
315.60,2385,5137,4265
315.75,2375,5137,4278
315.90,2369,5131,4249
316.05,2353,5083,4222
316.20,2351,5084,4236
316.35,2346,5053,4198
316.50,2339,5054,4212
316.65,2329,5037,4183
316.80,2324,5023,4186
316.95,2316,5004,4155
317.10,2309,4989,4158
317.25,2302,4972,4130
317.40,2276,4932,4103
317.55,2279,4933,4089
317.70,2278,4923,4089
317.85,2281,4920,4081
318.00,2274,4910,4067
318.15,2256,4876,4050
318.30,2251,4876,4054
318.45,2245,4862,4043
318.60,2238,4835,4015
318.75,2239,4818,4005
318.90,2224,4816,3992
319.05,2217,4788,3977
319.20,2211,4783,3964
319.35,2210,4756,3966
319.50,2192,4735,3933
319.65,2194,4721,3922
319.80,2182,4714,3930
319.95,2175,4710,3902
320.10,2166,4690,3898
320.25,2168,4665,3875
320.40,2153,4652,3864
320.55,2142,4636,3854
320.70,2136,4627,3847
320.85,2122,4600,3822
321.00,2126,4588,3813
321.15,2108,4566,3782
321.30,2090,4512,3763
321.45,2084,4499,3736
321.60,2080,4500,3727
321.75,2069,4470,3725
321.90,2069,4452,3712
322.05,2062,4434,3697
322.20,2040,4420,3660
322.35,2034,4406,3664
322.50,2028,4384,3652
322.65,2021,4378,3624
322.80,2016,4337,3602
322.95,1997,4314,3580
323.10,2006,4328,3582
323.25,1991,4299,3569
323.40,1980,4275,3564
323.55,1971,4258,3534
323.70,1977,4253,3545
323.85,1967,4231,3526
324.00,1961,4220,3503
324.15,1955,4205,3490
324.30,1937,4187,3490
324.45,1929,4173,3464
324.60,1925,4158,3450
324.75,1917,4140,3438
324.90,1907,4125,3423
325.05,1900,4108,3409
325.20,1892,4090,3405
325.35,1891,4067,3390
325.50,1879,4061,3368
325.65,1869,4039,3350
325.80,1862,4038,3338
325.95,1850,4003,3320
326.10,1855,4005,3312
326.25,1839,3976,3312
326.40,1832,3974,3299
326.55,1816,3926,3268
326.70,1813,3918,3249
326.85,1805,3906,3236
327.00,1795,3885,3219
327.15,1784,3875,3216
327.30,1768,3821,3168
327.45,1761,3814,3159
327.60,1753,3808,3146
327.75,1745,3773,3142
327.90,1731,3760,3120
328.05,1714,3709,3088
328.20,1725,3723,3074
328.35,1711,3711,3078
328.50,1701,3682,3064
328.65,1693,3666,3034
328.80,1685,3657,3017
328.95,1675,3623,3001
329.10,1675,3601,2982
329.25,1671,3593,2975
329.40,1650,3570,2955
329.55,1645,3556,2945
329.70,1638,3545,2932
329.85,1627,3521,2914
330.00,1623,3521,2920
330.15,1614,3507,2892
330.30,1617,3477,2881
330.45,1601,3463,2880
330.60,1594,3444,2852
330.75,1587,3431,2855
330.90,1575,3421,2835
331.05,1570,3407,2825
331.20,1574,3379,2796
331.35,1555,3361,2783
331.50,1547,3359,2786
331.65,1538,3325,2752
331.80,1531,3326,2740
331.95,1524,3306,2740
332.10,1515,3285,2710
332.25,1504,3265,2692
332.40,1506,3247,2676
332.55,1482,3205,2652
332.70,1481,3214,2663
332.85,1472,3158,2613
333.00,1460,3157,2612
333.15,1452,3139,2599
333.30,1440,3114,2591
333.45,1428,3106,2571
333.60,1430,3080,2537
333.75,1423,3065,2526
333.90,1399,3026,2503
334.05,1394,3015,2493
334.20,1390,2982,2466
334.35,1370,2961,2463
334.50,1366,2952,2456
334.65,1374,2945,2436
334.80,1353,2937,2419
334.95,1342,2901,2400
335.10,1333,2879,2397
335.25,1338,2879,2386
335.40,1325,2840,2363
335.55,1313,2851,2348
335.70,1319,2840,2353
335.85,1309,2819,2321
336.00,1292,2791,2323
336.15,1283,2775,2294
336.30,1290,2777,2285
336.45,1276,2745,2271
336.60,1274,2741,2271
336.75,1266,2713,2242
336.90,1248,2696,2230
337.05,1240,2678,2214
337.20,1232,2673,2215
337.35,1232,2637,2181
337.50,1218,2629,2189
337.65,1206,2619,2155
337.80,1202,2595,2147
337.95,1190,2572,2128
338.10,1194,2568,2114
338.25,1176,2543,2117
338.40,1165,2528,2096
338.55,1160,2507,2073
338.70,1151,2485,2055
338.85,1138,2454,2032
339.00,1142,2454,2019
339.15,1135,2423,2005
339.30,1113,2416,1988
339.45,1104,2384,1986
339.60,1091,2354,1949
339.75,1080,2305,1923
339.90,1082,2307,1910
340.05,1066,2310,1915
340.20,1057,2294,1885
340.35,1060,2259,1883
340.50,1041,2260,1874
340.65,1035,2232,1848
340.80,1030,2218,1837
340.95,1016,2187,1810
341.10,1028,2203,1810
341.25,1006,2170,1811
341.40,1011,2165,1796
341.55,994,2143,1773
341.70,997,2122,1771
341.85,972,2093,1749
342.00,972,2094,1733
342.15,963,2074,1734
342.30,971,2079,1709
342.45,952,2065,1698
342.60,947,2052,1688
342.75,940,2039,1677
342.90,946,2020,1662
343.05,937,1992,1649
343.20,915,1983,1630
343.35,912,1974,1638
343.50,902,1942,1623
343.65,904,1912,1584
343.80,901,1910,1582
343.95,871,1873,1552
344.10,867,1866,1546
344.25,862,1855,1553
344.40,869,1842,1527
344.55,848,1825,1510
344.70,829,1794,1474
344.85,841,1782,1474
345.00,816,1757,1455
345.15,815,1751,1452
345.30,797,1728,1422
345.45,808,1707,1413
345.60,800,1687,1415
345.75,776,1666,1396
345.90,769,1668,1371
346.05,761,1648,1369
346.20,757,1622,1345
346.35,765,1613,1354
346.50,755,1605,1321
346.65,736,1592,1309
346.80,743,1566,1315
346.95,722,1560,1283
347.10,728,1533,1274
347.25,700,1517,1247
347.40,701,1503,1248
347.55,709,1508,1255
347.70,692,1481,1230
347.85,684,1479,1233
348.00,677,1452,1205
348.15,673,1442,1198
348.30,680,1430,1188
348.45,673,1432,1193
348.60,656,1403,1180
348.75,651,1407,1155
348.90,644,1393,1160
349.05,649,1363,1147
349.20,631,1362,1120
349.35,635,1332,1125
349.50,615,1314,1093
349.65,611,1304,1084
349.80,606,1308,1090
349.95,599,1279,1061
350.10,590,1276,1049
350.25,585,1248,1038
350.40,581,1239,1030
350.55,573,1221,1018
350.70,569,1214,1012
350.85,563,1199,997
351.00,556,1200,987
351.15,545,1161,982
351.30,538,1146,970
351.45,531,1129,956
351.60,531,1126,926
351.75,515,1109,912
351.90,511,1102,921
352.05,513,1088,909
352.20,500,1079,887
352.35,494,1049,874
352.50,496,1050,878
352.65,487,1018,862
352.80,485,1009,842
352.95,465,988,824
353.10,460,978,816
353.25,457,971,810
353.40,447,948,804
353.55,454,959,800
353.70,450,951,782
353.85,444,938,770
354.00,429,912,761
354.15,434,901,751
354.30,429,891,757
354.45,416,881,736
354.60,419,871,727
354.75,407,873,718
354.90,401,864,709
355.05,396,837,698
355.20,391,826,702
355.35,385,815,682
355.50,389,804,684
355.65,381,803,662
355.80,369,780,664
355.95,371,784,644
356.10,368,774,636
356.25,354,747,626
356.40,358,742,631
356.55,344,723,605
356.70,341,718,600
356.85,335,704,601
357.00,329,694,582
357.15,323,682,571
357.30,323,678,558
357.45,316,653,547
357.60,312,644,548
357.75,297,626,525
357.90,295,624,529
358.05,295,608,509
358.20,285,600,508
358.35,287,589,494
358.50,276,580,486
358.65,268,575,475
358.80,273,558,474
358.95,258,540,454
359.10,255,533,448
359.25,250,535,446
359.40,246,524,432
359.55,243,506,428
359.70,238,507,421
359.85,241,503,418
360.00,232,484,406