0.00,2004,3873,3209
0.15,1984,3852,3193
0.30,1975,3817,3176
0.45,1961,3794,3175
0.60,1962,3774,3139
0.75,1955,3759,3144
0.90,1935,3740,3112
1.05,1933,3718,3110
1.20,1915,3707,3095
1.35,1902,3694,3078
1.50,1908,3670,3051
1.65,1898,3646,3047
1.80,1879,3649,3022
1.95,1871,3619,3008
2.10,1862,3602,2994
2.25,1864,3596,2995
2.40,1844,3566,2966
2.55,1837,3554,2956
2.70,1829,3554,2962
2.85,1833,3525,2931
3.00,1823,3505,2933
3.15,1815,3505,2903
3.30,1796,3473,2904
3.45,1796,3468,2872
3.60,1775,3435,2853
3.75,1778,3420,2844
3.90,1757,3395,2841
4.05,1757,3376,2825
4.20,1735,3358,2806
4.35,1740,3344,2779
4.50,1715,3318,2774
4.65,1704,3299,2760
4.80,1696,3285,2729
4.95,1689,3269,2717
5.10,1686,3242,2710
5.25,1669,3228,2682
5.40,1657,3220,2663
5.55,1646,3183,2664
5.70,1636,3162,2644
5.85,1620,3136,2606
6.00,1609,3115,2589
6.15,1614,3100,2576
6.30,1588,3073,2553
6.45,1579,3070,2539
6.60,1573,3039,2525
6.75,1558,3030,2522
6.90,1556,2985,2482
7.05,1542,2980,2477
7.20,1532,2977,2462
7.35,1520,2942,2462
7.50,1524,2925,2429
7.65,1515,2906,2432
7.80,1492,2883,2396
7.95,1486,2872,2387
8.10,1478,2876,2375
8.25,1471,2841,2363
8.40,1463,2831,2353
8.55,1468,2816,2357
8.70,1447,2801,2328
8.85,1453,2787,2316
9.00,1434,2770,2304
9.15,1424,2754,2290
9.30,1415,2735,2275
9.45,1405,2718,2276
9.60,1407,2695,2240
9.75,1385,2692,2226
9.90,1388,2660,2227
10.05,1379,2639,2194
10.20,1373,2625,2183
10.35,1349,2607,2185
10.50,1343,2592,2155
10.65,1348,2594,2143
10.80,1324,2560,2130
10.95,1316,2545,2114
11.10,1309,2526,2099
11.25,1296,2502,2081
11.40,1297,2478,2076
11.55,1292,2467,2050
11.70,1264,2441,2030
11.85,1265,2413,2007
12.00,1257,2400,2014
12.15,1243,2371,1972
12.30,1222,2358,1962
12.45,1209,2352,1942
12.60,1202,2337,1946
12.75,1189,2292,1908
12.90,1178,2288,1889
13.05,1178,2273,1907
13.20,1181,2253,1891
13.35,1158,2235,1859
13.50,1150,2233,1844
13.65,1139,2215,1828
13.80,1130,2196,1832
13.95,1124,2167,1801
14.10,1119,2157,1811
14.25,1124,2142,1780
14.40,1116,2146,1789
14.55,1113,2134,1779
14.70,1092,2106,1750
14.85,1086,2102,1742
15.00,1077,2094,1747
15.15,1070,2064,1733
15.30,1075,2064,1705
15.45,1053,2046,1688
15.60,1044,2013,1673
15.75,1034,1995,1659
15.90,1039,1976,1644
16.05,1014,1952,1642
16.20,1020,1938,1629
16.35,1001,1928,1620
16.50,1007,1912,1608
16.65,982,1892,1573
16.80,976,1899,1583
16.95,983,1881,1550
17.10,961,1866,1539
17.25,952,1848,1524
17.40,940,1808,1521
17.55,944,1791,1489
17.70,917,1767,1469
17.85,908,1767,1457
18.00,898,1745,1437
18.15,891,1735,1429
18.30,883,1716,1414
18.45,885,1692,1394
18.60,864,1664,1385
18.75,858,1650,1371
18.90,846,1630,1355
19.05,844,1626,1351
19.20,846,1604,1332
19.35,826,1590,1322
19.50,834,1577,1328
19.65,810,1576,1315
19.80,818,1546,1286
19.95,798,1535,1276
20.10,791,1523,1266
20.25,784,1522,1252
20.40,778,1495,1242
20.55,786,1485,1252
20.70,766,1474,1225
20.85,761,1478,1217
21.00,754,1451,1224
21.15,748,1439,1214
21.30,753,1423,1184
21.45,732,1424,1171
21.60,725,1393,1157
21.75,716,1377,1145
21.90,707,1376,1130
22.05,698,1344,1135
22.20,693,1350,1125
22.35,686,1318,1096
22.50,677,1302,1098
22.65,682,1295,1069
22.80,664,1294,1061
22.95,655,1258,1047
23.10,647,1245,1052
23.25,649,1227,1019
23.40,641,1209,1004
23.55,622,1194,1008
23.70,623,1174,977
23.85,605,1162,982
24.00,608,1164,968
24.15,588,1131,939
24.30,588,1110,937
24.45,584,1101,914
24.60,568,1089,904
24.75,561,1094,893
24.90,565,1065,883
25.05,558,1052,872
25.20,540,1055,860
25.35,531,1019,859
25.50,525,1006,849
25.65,531,998,828
25.80,516,988,820
25.95,511,978,813
26.10,507,985,804
26.25,499,973,808
26.40,505,964,801
26.55,489,954,780
26.70,485,930,772
26.85,490,922,777
27.00,474,911,756
27.15,470,899,747
27.30,462,887,736
27.45,457,890,726
27.60,449,877,715
27.75,452,863,704
27.90,445,835,704
28.05,428,820,679
28.20,423,809,669
28.35,417,798,662
28.50,417,782,648
28.65,404,771,640
28.80,399,776,633
28.95,402,752,623
29.10,396,741,615
29.25,387,725,609
29.40,374,725,599
29.55,371,690,579
29.70,368,685,576
29.85,350,668,554
30.00,348,662,556
30.15,342,664,539
30.30,344,652,529
30.45,338,639,526
30.60,331,616,517
30.75,323,601,498
30.90,313,607,492
31.05,307,596,489
31.20,312,587,478
31.35,296,560,465
31.50,299,553,457
31.65,286,545,454
31.80,280,532,441
31.95,278,525,434
32.10,275,532,433
32.25,271,515,428
32.40,275,518,422
32.55,265,501,416
32.70,261,496,409
32.85,258,487,406
33.00,260,479,398
33.15,249,472,391
33.30,251,463,384
33.45,247,454,376
33.60,235,453,366
33.75,230,443,359
33.90,225,423,350
34.05,219,412,341
34.20,215,414,334
34.35,211,397,328
34.50,206,395,321
34.65,211,384,316
34.80,200,384,308
34.95,199,361,299
35.10,193,369,297
35.25,185,354,283
35.40,183,350,283
35.55,173,323,268
35.70,170,327,259
35.85,167,311,256
36.00,164,305,247
36.15,165,302,244
36.30,161,296,239
36.45,151,282,228
36.60,149,275,221
36.75,143,266,214
36.90,142,262,211
37.05,137,255,201
37.20,134,246,203
37.35,125,228,180
37.50,123,227,187
37.65,129,229,187
37.80,121,222,184
37.95,119,217,179
38.10,117,213,169
38.25,115,210,174
38.40,112,206,169
38.55,111,202,166
38.70,109,198,162
38.85,111,193,159
39.00,104,188,155
39.15,101,182,143
39.30,99,178,138
39.45,95,170,142
39.60,94,164,137
39.75,94,160,123
39.90,86,154,118
40.05,83,145,113
40.20,80,143,118
40.35,79,140,115
40.50,76,135,111
40.65,78,124,106
40.80,72,128,106
40.95,70,122,100
41.10,67,118,98
41.25,65,113,93
41.40,66,108,89
41.55,61,97,86
41.70,58,92,70
41.85,59,94,67
42.00,53,89,73
42.15,52,86,71
42.30,50,84,56
42.45,48,79,64
42.60,46,74,62
42.75,48,64,48
42.90,43,69,57
43.05,45,65,54
43.20,41,58,36
43.35,42,49,48
43.50,41,49,37
43.65,35,56,44
43.80,36,44,44
43.95,38,54,44
44.10,37,41,42
44.25,32,50,28
44.40,32,48,40
44.55,34,47,38
44.70,30,45,38
44.85,30,44,23
45.00,32,42,22
45.15,31,41,21
45.30,30,28,32
45.45,26,26,18
45.60,25,35,17
45.75,25,35,29
45.90,26,33,28
46.05,23,31,13
46.20,24,31,12
46.35,22,30,25
46.50,21,29,23
46.65,22,17,24
46.80,21,28,23
46.95,22,27,9
47.10,21,27,9
47.25,22,28,22
47.40,21,27,22
47.55,21,27,22
47.70,21,14,9
47.85,22,16,22
48.00,22,27,10
48.15,22,28,10
48.30,22,28,23
48.45,22,30,25
48.60,23,18,26
48.75,23,31,26
48.90,24,32,13
49.05,24,33,27
49.20,26,34,28
49.35,28,24,30
49.50,27,37,31
49.65,27,26,18
49.80,28,38,34
49.95,27,39,35
50.10,32,41,35
50.25,29,42,36
50.40,32,43,37
50.55,31,34,38
50.70,34,35,40
50.85,31,37,27
51.00,34,49,42
51.15,35,40,43
51.30,35,43,46
51.45,36,57,48
51.60,42,49,37
51.75,40,51,52
51.90,40,64,55
52.05,43,67,58
52.20,48,71,59
52.35,45,74,63
52.50,48,80,56
52.65,48,80,55
52.80,53,81,75
52.95,53,81,75
53.10,56,87,68
53.25,60,94,68
53.40,63,109,91
53.55,67,109,92
53.70,63,108,91
53.85,67,115,98
54.00,72,117,100
54.15,74,123,98
54.30,73,127,107
54.45,76,130,103
54.60,85,137,118
54.75,80,140,108
54.90,90,159,134
55.05,94,157,125
55.20,89,157,125
55.35,98,167,133
55.50,93,164,131
55.65,101,173,145
55.80,102,174,147
55.95,99,177,149
56.10,102,181,145
56.25,103,185,156
56.40,110,190,161
56.55,112,194,163
56.70,109,198,167
56.85,117,202,171
57.00,114,208,167
57.15,122,213,178
57.30,121,221,184
57.45,123,225,189
57.60,127,235,195
57.75,135,239,194
57.90,134,246,200
58.05,143,255,207
58.20,141,260,220
58.35,150,272,223
58.50,150,284,232
58.65,153,288,236
58.80,162,290,238
58.95,163,300,252
59.10,172,308,254
59.25,173,318,256
59.40,171,318,266
59.55,177,327,270
59.70,180,337,279
59.85,187,349,292
60.00,208,386,316
60.15,202,386,317
60.30,202,377,316
60.45,205,393,322
60.60,211,397,332
60.75,211,397,332
60.90,227,424,347
61.05,221,414,347
61.20,235,443,370
61.35,241,443,370
61.50,242,442,370
61.65,239,450,377
61.80,243,467,383
61.95,244,459,384
62.10,255,477,392
62.25,251,474,397
62.40,254,481,403
62.55,258,486,409
62.70,268,494,414
62.85,266,510,419
63.00,268,519,428
63.15,280,527,432
63.30,277,526,440
63.45,284,536,452
63.60,296,558,461
63.75,293,569,465
63.90,300,569,476
64.05,315,582,491
64.20,311,590,493
64.35,318,615,504
64.50,328,610,509
64.65,335,648,532
64.80,334,635,530
64.95,339,645,544
65.10,352,668,547
65.25,354,675,562
65.40,363,691,582
65.55,361,704,575
65.70,372,710,592
65.85,382,746,611
66.00,384,745,610
66.15,395,754,627
66.30,410,786,665
66.45,410,784,653
66.60,410,785,664
66.75,426,815,666
66.90,424,811,676
67.05,427,818,681
67.20,430,826,688
67.35,437,838,698
67.50,441,846,716
67.65,451,865,733
67.80,456,873,728
67.95,467,877,744
68.10,462,888,739
68.25,476,911,758
68.40,471,905,753
68.55,475,930,761
68.70,480,938,781
68.85,495,931,777
69.00,500,942,785
69.15,496,953,808
69.30,513,982,804
69.45,509,978,814
69.60,526,992,826
69.75,524,1025,838
69.90,530,1039,851
70.05,541,1040,879
70.20,547,1069,874
70.35,552,1064,884
70.50,563,1087,902
70.65,579,1095,908
70.80,585,1146,937
70.95,585,1143,934
71.10,602,1142,946
71.25,626,1186,984
71.40,614,1184,983
71.55,626,1184,999
71.70,636,1227,1034
71.85,635,1240,1032
72.00,634,1240,1032
72.15,654,1241,1045
72.30,674,1296,1061
72.45,674,1279,1060
72.60,679,1310,1104
72.75,689,1310,1103
72.90,680,1317,1090
73.05,691,1337,1107
73.20,701,1372,1121
73.35,718,1382,1129
73.50,710,1374,1137
73.65,735,1399,1175
73.80,727,1423,1182
73.95,744,1413,1169
74.10,749,1441,1177
74.25,754,1435,1186
74.40,760,1444,1196
74.55,751,1455,1205
74.70,770,1464,1214
74.85,762,1475,1223
75.00,782,1487,1252
75.15,789,1501,1245
75.30,782,1533,1257
75.45,791,1549,1269
75.60,799,1549,1282
75.75,822,1565,1295
75.90,832,1603,1329
76.05,828,1623,1344
76.20,850,1637,1339
76.35,845,1639,1372
76.50,855,1677,1391
76.65,872,1666,1392
76.80,876,1699,1403
76.95,874,1700,1403
77.10,910,1770,1459
77.25,923,1785,1459
77.40,909,1768,1477
77.55,915,1780,1467
77.70,931,1815,1512
77.85,947,1815,1514
78.00,983,1884,1553
78.15,967,1883,1568
78.30,967,1883,1550
78.45,985,1906,1557
78.60,979,1924,1571
78.75,1010,1967,1620
78.90,1009,1983,1635
79.05,1009,1964,1619
79.20,1008,1964,1636
79.35,1025,1998,1661
79.50,1030,2008,1652
79.65,1042,2028,1671
79.80,1044,2054,1676
79.95,1048,2061,1681
80.10,1055,2073,1711
80.25,1061,2069,1703
80.40,1082,2097,1731
80.55,1075,2111,1725
80.70,1094,2120,1751
80.85,1087,2131,1746
81.00,1107,2131,1758
81.15,1102,2147,1771
81.30,1123,2164,1802
81.45,1122,2200,1818
81.60,1131,2205,1816
81.75,1154,2239,1847
81.90,1164,2262,1865
82.05,1161,2267,1880
82.20,1168,2282,1875
82.35,1182,2326,1900
82.50,1187,2332,1919
82.65,1218,2354,1934
82.80,1204,2368,1932
82.95,1219,2380,1956
83.10,1237,2405,1964
83.25,1232,2421,1976
83.40,1244,2448,1996
83.55,1271,2460,2019
83.70,1277,2496,2048
83.85,1275,2494,2047
84.00,1298,2511,2079
84.15,1306,2529,2076
84.30,1315,2564,2091
84.45,1330,2621,2153
84.60,1332,2616,2134
84.75,1337,2631,2146
84.90,1344,2632,2174
85.05,1355,2670,2173
85.20,1371,2685,2199
85.35,1369,2683,2199
85.50,1377,2713,2210
85.65,1387,2716,2243
85.80,1395,2733,2256
85.95,1412,2743,2263
86.10,1410,2758,2260
86.25,1426,2769,2270
86.40,1432,2799,2282
86.55,1427,2809,2310
86.70,1434,2823,2321
86.85,1441,2822,2331
87.00,1449,2834,2328
87.15,1457,2849,2341
87.30,1478,2884,2356
87.45,1475,2904,2372
87.60,1485,2908,2385
87.75,1496,2946,2402
87.90,1508,2954,2436
88.05,1519,2979,2439
88.20,1529,3016,2456
88.35,1540,3023,2473
88.50,1558,3036,2484
88.65,1569,3098,2519
88.80,1568,3095,2517
88.95,1595,3107,2541
89.10,1595,3126,2560
89.25,1593,3146,2561
89.40,1616,3170,2595
89.55,1629,3220,2619
89.70,1630,3203,2618
89.85,1654,3254,2658
90.00,1665,3252,2674
90.15,1672,3288,2702
90.30,1672,3287,2701
90.45,1688,3322,2711
90.60,1702,3362,2736
90.75,1713,3348,2732
90.90,1717,3379,2759
91.05,1715,3376,2773
91.20,1735,3425,2784
91.35,1755,3441,2814
91.50,1755,3429,2799
91.65,1758,3457,2840
91.80,1764,3486,2833
91.95,1769,3494,2858
92.10,1776,3493,2854
92.25,1784,3525,2865
92.40,1804,3536,2879
92.55,1798,3536,2889
92.70,1803,3559,2916
92.85,1811,3562,2913
93.00,1818,3592,2926
93.15,1829,3592,2940
93.30,1836,3623,2969
93.45,1846,3632,2970
93.60,1857,3654,3000
93.75,1868,3689,3001
93.90,1878,3697,3032
94.05,1901,3734,3035
94.20,1901,3756,3070
94.35,1908,3757,3064
94.50,1918,3791,3080
94.65,1932,3801,3115
94.80,1953,3823,3119
94.95,1947,3832,3123
95.10,1961,3859,3148
95.25,1977,3904,3173
95.40,1981,3897,3178
95.55,2017,3965,3233
95.70,2015,3965,3232
95.85,2015,3966,3246
96.00,2032,3997,3258
96.15,2060,4031,3300
96.30,2050,4042,3282
96.45,2062,4054,3320
96.60,2079,4106,3332
96.75,2090,4090,3348
96.90,2099,4122,3345
97.05,2097,4138,3360
97.20,2118,4143,3373
97.35,2140,4199,3410
97.50,2130,4201,3407
97.65,2141,4207,3444
97.80,2145,4231,3451
97.95,2150,4239,3457
98.10,2168,4239,3470
98.25,2174,4253,3464
98.40,2172,4279,3492
98.55,2191,4277,3490
98.70,2186,4302,3500
98.85,2192,4302,3511
99.00,2200,4317,3525
99.15,2209,4330,3537
99.30,2216,4349,3566
99.45,2237,4385,3567
99.60,2248,4407,3583
99.75,2258,4431,3598
99.90,2260,4437,3615
100.05,2273,4462,3635
100.20,2284,4478,3649
100.35,2307,4504,3670
100.50,2308,4541,3687
100.65,2318,4559,3700
100.80,2327,4567,3719
100.95,2348,4598,3733
101.10,2361,4628,3775
101.25,2351,4613,3756
101.40,2362,4629,3768
101.55,2381,4683,3799
101.70,2400,4706,3833
101.85,2409,4720,3832
102.00,2429,4739,3875
102.15,2427,4750,3857
102.30,2443,4778,3880
102.45,2450,4784,3900
102.60,2461,4835,3925
102.75,2470,4822,3927
102.90,2481,4855,3945
103.05,2476,4853,3971
103.20,2497,4883,3983
103.35,2506,4918,3998
103.50,2515,4905,4010
103.65,2511,4921,4009
103.80,2521,4935,4038
103.95,2526,4946,4046
104.10,2533,4973,4038
104.25,2540,4966,4050
104.40,2546,4992,4076
104.55,2560,5001,4072
104.70,2580,5012,4115
104.85,2576,5011,4122
105.00,2583,5036,4120
105.15,2600,5037,4131
105.30,2611,5058,4147
105.45,2620,5074,4175
105.60,2628,5095,4193
105.75,2633,5115,4192
105.90,2641,5137,4223
106.05,2663,5173,4226
106.20,2665,5175,4240
106.35,2669,5208,4253
106.50,2684,5212,4273
106.65,2695,5248,4289
106.80,2703,5253,4305
106.95,2714,5272,4322
107.10,2714,5285,4320
107.25,2744,5327,4358
107.40,2736,5327,4355
107.55,2740,5342,4369
107.70,2755,5352,4387
107.85,2773,5381,4430
108.00,2776,5408,4425
108.15,2788,5427,4440
108.30,2791,5435,4448
108.45,2804,5447,4468
108.60,2809,5466,4475
108.75,2821,5492,4495
108.90,2834,5516,4517
109.05,2833,5514,4516
109.20,2853,5522,4550
109.35,2850,5547,4544
109.50,2857,5548,4555
109.65,2869,5573,4578
109.80,2874,5581,4600
109.95,2876,5597,4603
110.10,2885,5597,4598
110.25,2888,5614,4612
110.40,2897,5622,4623
110.55,2900,5647,4633
110.70,2915,5656,4645
110.85,2912,5652,4659
111.00,2925,5665,4685
111.15,2928,5680,4677
111.30,2933,5704,4689
111.45,2948,5712,4702
111.60,2951,5741,4716
111.75,2966,5757,4747
111.90,2973,5762,4745
112.05,2977,5780,4772
112.20,2983,5789,4767
112.35,2988,5803,4778
112.50,2997,5816,4808
112.65,3006,5846,4804
112.80,3020,5859,4818
112.95,3019,5861,4844
113.10,3026,5874,4856
113.25,3036,5894,4872
113.40,3045,5910,4868
113.55,3063,5943,4899
113.70,3063,5954,4914
113.85,3080,5978,4943
114.00,3081,5975,4944
114.15,3087,5992,4941
114.30,3092,6001,4952
114.45,3100,6029,4964
114.60,3114,6028,4976
114.75,3120,6039,4999
114.90,3126,6054,4999
115.05,3127,6064,5009
115.20,3133,6092,5021
115.35,3143,6107,5031
115.50,3144,6115,5055
115.65,3158,6127,5063
115.80,3164,6127,5064
115.95,3168,6147,5068
116.10,3168,6148,5079
116.25,3173,6170,5088
116.40,3185,6180,5096
116.55,3191,6173,5125
116.70,3187,6184,5119
116.85,3192,6196,5141
117.00,3196,6218,5133
117.15,3204,6215,5145
117.30,3207,6226,5153
117.45,3216,6250,5179
117.60,3223,6265,5176
117.75,3237,6265,5199
117.90,3237,6289,5195
118.05,3243,6290,5207
118.20,3255,6298,5214
118.35,3263,6315,5225
118.50,3267,6319,5233
118.65,3266,6333,5245
118.80,3272,6344,5259
118.95,3277,6353,5265
119.10,3292,6379,5277
119.25,3300,6395,5292
119.40,3306,6411,5321
119.55,3305,6406,5326
119.70,3318,6434,5324
119.85,3317,6424,5332
120.00,3322,6439,5342
120.15,3327,6452,5351
120.30,3340,6476,5361
120.45,3345,6476,5373
120.60,3349,6486,5398
120.75,3354,6492,5391
120.90,3361,6519,5403
121.05,3367,6524,5404
121.20,3377,6528,5436
121.35,3384,6538,5444
121.50,3378,6543,5433
121.65,3379,6548,5454
121.80,3385,6570,5445
121.95,3388,6567,5452
122.10,3393,6573,5459
122.25,3396,6591,5481
122.40,3401,6587,5472
122.55,3402,6608,5478
122.70,3413,6611,5489
122.85,3411,6607,5494
123.00,3415,6618,5499
123.15,3419,6638,5511
123.30,3423,6631,5531
123.45,3435,6651,5522
123.60,3435,6662,5532
123.75,3439,6656,5552
123.90,3443,6664,5544
124.05,3454,6676,5553
124.20,3457,6695,5561
124.35,3456,6702,5565
124.50,3460,6700,5576
124.65,3472,6717,5591
124.80,3472,6727,5591
124.95,3480,6735,5595
125.10,3483,6728,5618
125.25,3481,6739,5627
125.40,3491,6746,5616
125.55,3496,6762,5638
125.70,3496,6764,5650
125.85,3501,6785,5639
126.00,3506,6795,5654
126.15,3511,6797,5654
126.30,3524,6816,5696
126.45,3524,6823,5679
126.60,3522,6812,5680
126.75,3522,6825,5695
126.90,3530,6826,5691
127.05,3533,6825,5690
127.20,3541,6835,5715
127.35,3535,6840,5716
127.50,3538,6843,5721
127.65,3543,6866,5713
127.80,3549,6856,5736
127.95,3547,6862,5723
128.10,3548,6865,5741
128.25,3551,6871,5729
128.40,3556,6873,5735
128.55,3556,6886,5738
128.70,3558,6881,5743
128.85,3561,6888,5748
129.00,3562,6890,5768
129.15,3564,6907,5755
129.30,3567,6914,5759
129.45,3571,6917,5763
129.60,3575,6925,5770
129.75,3577,6918,5775
129.90,3587,6940,5779
130.05,3584,6944,5784
130.20,3590,6934,5787
130.35,3587,6937,5806
130.50,3591,6958,5811
130.65,3597,6948,5802
130.80,3600,6969,5823
130.95,3603,6972,5809
131.10,3602,6970,5832
131.25,3601,6967,5833
131.40,3607,6978,5826
131.55,3609,6981,5824
131.70,3615,7000,5831
131.85,3615,6997,5830
132.00,3620,6994,5837
132.15,3616,7005,5838
132.30,3623,7000,5856
132.45,3620,7001,5860
132.60,3620,7020,5847
132.75,3623,7012,5868
132.90,3630,7012,5852
133.05,3624,7018,5854
133.20,3632,7021,5875
133.35,3631,7021,5861
133.50,3629,7036,5862
133.65,3634,7029,5881
133.80,3633,7030,5866
133.95,3636,7038,5885
134.10,3634,7037,5869
134.25,3640,7041,5871
134.40,3637,7050,5873
134.55,3637,7041,5874
134.70,3637,7048,5877
134.85,3640,7045,5876
135.00,3637,7042,5877
135.15,3640,7046,5895
135.30,3641,7050,5897
135.45,3640,7060,5898
135.60,3645,7066,5884
135.75,3642,7057,5899
135.90,3642,7055,5889
136.05,3645,7070,5889
136.20,3643,7060,5888
136.35,3644,7073,5888
136.50,3648,7061,5906
136.65,3645,7061,5892
136.80,3651,7061,5892
136.95,3645,7074,5893
137.10,3650,7077,5908
137.25,3652,7077,5895
137.40,3651,7065,5894
137.55,3645,7063,5893
137.70,3650,7075,5892
137.85,3643,7066,5912
138.00,3650,7064,5894
138.15,3643,7065,5911
138.30,3645,7064,5914
138.45,3647,7065,5895
138.60,3647,7068,5893
138.75,3643,7064,5895
138.90,3643,7066,5895
139.05,3647,7067,5912
139.20,3650,7064,5908
139.35,3644,7073,5891
139.50,3646,7062,5890
139.65,3640,7068,5890
139.80,3647,7055,5887
139.95,3644,7056,5886
140.10,3638,7067,5885
140.25,3640,7056,5885
140.40,3638,7056,5900
140.55,3640,7054,5885
140.70,3638,7051,5881
140.85,3642,7054,5898
141.00,3638,7050,5880
141.15,3639,7060,5882
141.30,3633,7046,5877
141.45,3634,7045,5891
141.60,3631,7044,5888
141.75,3631,7040,5888
141.90,3630,7038,5885
142.05,3626,7046,5883
142.20,3627,7044,5866
142.35,3625,7029,5877
142.50,3630,7030,5876
142.65,3625,7026,5876
142.80,3623,7028,5850
142.95,3625,7016,5867
143.10,3619,7015,5866
143.25,3622,7025,5864
143.40,3616,7021,5843
143.55,3613,7005,5857
143.70,3609,7010,5837
143.85,3613,7006,5848
144.00,3605,6991,5831
144.15,3602,6997,5825
144.30,3601,6990,5821
144.45,3601,6975,5819
144.60,3600,6983,5830
144.75,3600,6966,5826
144.90,3590,6956,5818
145.05,3595,6971,5804
145.20,3585,6960,5795
145.35,3584,6948,5795
145.50,3579,6951,5801
145.65,3579,6952,5800
145.80,3575,6946,5783
145.95,3580,6942,5796
146.10,3576,6937,5790
146.25,3570,6922,5770
146.40,3566,6927,5766
146.55,3566,6925,5761
146.70,3562,6918,5760
146.85,3566,6902,5754
147.00,3555,6899,5768
147.15,3554,6892,5744
147.30,3553,6888,5742
147.45,3548,6883,5734
147.60,3546,6876,5732
147.75,3547,6880,5728
147.90,3542,6876,5737
148.05,3536,6859,5717
148.20,3536,6854,5710
148.35,3533,6852,5701
148.50,3529,6856,5703
148.65,3524,6836,5711
148.80,3522,6832,5689
148.95,3515,6807,5672
149.10,3517,6811,5672
149.25,3507,6804,5684
149.40,3504,6809,5660
149.55,3501,6785,5670
149.70,3498,6783,5648
149.85,3490,6768,5637
150.00,3488,6762,5645
150.15,3486,6769,5628
150.30,3487,6751,5635
150.45,3473,6738,5627
150.60,3479,6741,5620
150.75,3469,6726,5601
150.90,3471,6727,5592
151.05,3466,6721,5587
151.20,3455,6699,5583
151.35,3452,6693,5563
151.50,3447,6696,5581
151.65,3442,6680,5555
151.80,3431,6651,5539
151.95,3431,6663,5552
152.10,3431,6662,5534
152.25,3434,6641,5529
152.40,3423,6635,5525
152.55,3424,6627,5533
152.70,3413,6635,5511
152.85,3416,6625,5520
153.00,3413,6603,5498
153.15,3403,6596,5507
153.30,3405,6586,5484
153.45,3394,6577,5492
153.60,3389,6580,5467
153.75,3389,6571,5477
153.90,3385,6549,5455
154.05,3373,6538,5441
154.20,3368,6527,5435
154.35,3358,6515,5438
154.50,3355,6502,5428
154.65,3359,6493,5424
154.80,3352,6484,5398
154.95,3345,6481,5396
155.10,3335,6466,5383
155.25,3329,6447,5367
155.40,3323,6437,5359
155.55,3309,6423,5338
155.70,3314,6412,5336
155.85,3306,6405,5323
156.00,3298,6409,5324
156.15,3288,6389,5306
156.30,3281,6373,5292
156.45,3277,6364,5287
156.60,3275,6345,5283
156.75,3275,6348,5271
156.90,3269,6332,5259
157.05,3257,6314,5253
157.20,3251,6302,5233
157.35,3239,6290,5224
157.50,3244,6278,5223
157.65,3232,6279,5217
157.80,3225,6255,5206
157.95,3223,6246,5196
158.10,3226,6251,5192
158.25,3212,6237,5181
158.40,3212,6228,5187
158.55,3201,6207,5179
158.70,3196,6206,5171
158.85,3189,6197,5144
159.00,3189,6173,5154
159.15,3180,6162,5128
159.30,3178,6162,5116
159.45,3164,6134,5123
159.60,3159,6132,5095
159.75,3155,6109,5103
159.90,3148,6100,5093
160.05,3145,6096,5063
160.20,3136,6075,5071
160.35,3129,6063,5045
160.50,3121,6052,5050
160.65,3113,6036,5040
160.80,3102,6010,5018
160.95,3106,6009,5001
161.10,3099,5993,4988
161.25,3083,5969,4985
161.40,3078,5963,4962
161.55,3054,5924,4928
161.70,3062,5923,4945
161.85,3051,5897,4910
162.00,3051,5901,4912
162.15,3036,5880,4912
162.30,3036,5882,4886
162.45,3026,5851,4889
162.60,3011,5846,4859
162.75,3009,5825,4866
162.90,2991,5792,4823
163.05,2998,5792,4841
163.20,2985,5764,4805
163.35,2974,5764,4811
163.50,2977,5750,4805
163.65,2967,5732,4790
163.80,2948,5711,4764
163.95,2942,5700,4762
164.10,2942,5696,4745
164.25,2937,5682,4735
164.40,2935,5668,4722
164.55,2922,5654,4726
164.70,2913,5646,4703
164.85,2908,5633,4710
165.00,2902,5631,4680
165.15,2903,5605,4670
165.30,2885,5589,4674
165.45,2881,5589,4648
165.60,2877,5556,4645
165.75,2864,5545,4638
165.90,2863,5528,4609
166.05,2853,5526,4596
166.20,2849,5512,4600
166.35,2833,5498,4575
166.50,2826,5479,4573
166.65,2820,5454,4564
166.80,2819,5435,4548
166.95,2810,5425,4540
167.10,2790,5402,4520
167.25,2783,5398,4488
167.40,2782,5363,4491
167.55,2755,5344,4446
167.70,2738,5297,4414
167.85,2739,5299,4435
168.00,2736,5294,4430
168.15,2730,5264,4387
168.30,2711,5247,4375
168.45,2702,5226,4374
168.60,2696,5215,4366
168.75,2692,5220,4342
168.90,2683,5192,4329
169.05,2684,5176,4316
169.20,2669,5148,4290
169.35,2657,5152,4300
169.50,2657,5139,4274
169.65,2642,5092,4247
169.80,2639,5090,4243
169.95,2621,5073,4246
170.10,2628,5077,4222
170.25,2605,5041,4202
170.40,2599,5027,4193
170.55,2592,5017,4179
170.70,2593,4998,4168
170.85,2576,4988,4158
171.00,2570,4985,4145
171.15,2571,4969,4132
171.30,2553,4940,4118
171.45,2544,4921,4103
171.60,2536,4919,4092
171.75,2529,4893,4093
171.90,2526,4867,4075
172.05,2506,4850,4042
172.20,2498,4834,4027
172.35,2496,4831,4025
172.50,2474,4789,3990
172.65,2486,4788,4007
172.80,2473,4781,3991
172.95,2462,4746,3972
173.10,2449,4734,3946
173.25,2449,4717,3947
173.40,2424,4689,3909
173.55,2400,4657,3885
173.70,2400,4659,3871
173.85,2404,4647,3874
174.00,2384,4602,3850
174.15,2376,4596,3828
174.30,2368,4583,3814
174.45,2355,4559,3797
174.60,2356,4549,3797
174.75,2347,4539,3770
174.90,2329,4520,3752
175.05,2331,4505,3755
175.20,2321,4472,3723
175.35,2298,4450,3722
175.50,2293,4454,3711
175.65,2294,4418,3679
175.80,2279,4396,3659
175.95,2276,4385,3651
176.10,2268,4370,3639
176.25,2251,4364,3625
176.40,2242,4340,3613
176.55,2235,4338,3613
176.70,2226,4309,3587
176.85,2217,4306,3572
177.00,2217,4279,3559
177.15,2202,4261,3563
177.30,2192,4243,3530
177.45,2183,4241,3516
177.60,2174,4209,3517
177.75,2175,4189,3486
177.90,2155,4171,3470
178.05,2139,4144,3444
178.20,2142,4128,3434
178.35,2127,4133,3425
178.50,2126,4115,3409
178.65,2115,4092,3391
178.80,2102,4086,3386
178.95,2090,4047,3364
179.10,2087,4023,3345
179.25,2069,4007,3346
179.40,2056,3980,3311
179.55,2046,3965,3310
179.70,2034,3939,3273
179.85,2025,3924,3262
180.00,2011,3895,3236
180.15,2013,3876,3235
180.30,1992,3837,3200
180.45,1981,3841,3206
180.60,1975,3827,3193
180.75,1964,3807,3162
180.90,1961,3777,3140
181.05,1945,3783,3146
181.20,1936,3747,3113
181.35,1922,3726,3109
181.50,1916,3713,3101
181.65,1919,3695,3069
181.80,1896,3672,3050
181.95,1901,3659,3039
182.10,1892,3646,3043
182.25,1884,3628,3011
182.40,1870,3607,2994
182.55,1866,3608,3002
182.70,1846,3576,2967
182.85,1840,3565,2957
183.00,1843,3548,2945
183.15,1834,3546,2948
183.30,1814,3513,2916
183.45,1816,3495,2899
183.60,1795,3477,2886
183.75,1785,3473,2886
183.90,1785,3451,2867
184.05,1764,3434,2853
184.20,1759,3421,2843
184.35,1745,3396,2822
184.50,1730,3352,2781
184.65,1731,3365,2783
184.80,1719,3330,2763
184.95,1717,3307,2744
185.10,1698,3290,2729
185.25,1701,3288,2714
185.40,1678,3230,2679
185.55,1680,3230,2679
185.70,1655,3220,2658
185.85,1656,3182,2638
186.00,1634,3159,2624
186.15,1635,3140,2623
186.30,1604,3123,2594
186.45,1598,3112,2569
186.60,1587,3074,2551
186.75,1581,3059,2539
186.90,1573,3058,2526
187.05,1561,3023,2508
187.20,1546,2992,2484
187.35,1533,2982,2459
187.50,1531,2967,2477
187.65,1523,2963,2446
187.80,1525,2929,2429
187.95,1511,2920,2424
188.10,1502,2907,2426
188.25,1493,2903,2396
188.40,1497,2873,2384
188.55,1475,2873,2387
188.70,1469,2859,2360
188.85,1474,2827,2345
189.00,1452,2810,2331
189.15,1444,2809,2335
189.30,1434,2777,2303
189.45,1425,2758,2302
189.60,1430,2756,2273
189.75,1408,2724,2261
189.90,1397,2719,2243
190.05,1388,2686,2226
190.20,1394,2670,2232
190.35,1370,2653,2200
190.50,1360,2605,2162
190.65,1348,2624,2163
190.80,1355,2597,2153
190.95,1332,2590,2153
191.10,1332,2551,2117
191.25,1304,2518,2089
191.40,1309,2504,2094
191.55,1299,2485,2063
191.70,1272,2459,2040
191.85,1268,2425,2011
192.00,1258,2427,2013
192.15,1229,2388,1983
192.30,1229,2374,1987
192.45,1237,2379,1959
192.60,1191,2317,1909
192.75,1192,2301,1909
192.90,1193,2317,1911
193.05,1175,2282,1897
193.20,1190,2287,1901
193.35,1170,2258,1888
193.50,1166,2249,1884
193.65,1158,2251,1870
193.80,1144,2225,1850
193.95,1140,2215,1824
194.10,1144,2183,1828
194.25,1123,2165,1813
194.40,1122,2160,1793
194.55,1112,2143,1779
194.70,1115,2144,1765
194.85,1096,2114,1754
195.00,1088,2098,1741
195.15,1081,2084,1730
195.30,1073,2068,1718
195.45,1064,2067,1702
195.60,1070,2050,1689
195.75,1046,2031,1675
195.90,1049,2010,1673
196.05,1031,2002,1648
196.20,1019,1965,1630
196.35,1012,1938,1596
196.50,999,1922,1614
196.65,992,1908,1602
196.80,985,1898,1575
196.95,970,1868,1551
197.10,973,1844,1533
197.25,953,1833,1523
197.40,952,1807,1519
197.55,937,1814,1495
197.70,931,1761,1482
197.85,911,1753,1456
198.00,912,1727,1453
198.15,899,1726,1451
198.30,886,1701,1415
198.45,872,1676,1394
198.60,869,1670,1390
198.75,856,1643,1385
198.90,854,1655,1364
199.05,847,1626,1353
199.20,835,1601,1349
199.35,844,1594,1327
199.50,826,1581,1315
199.65,809,1554,1292
199.80,814,1535,1277
199.95,802,1553,1280
200.10,812,1528,1271
200.25,788,1528,1272
200.40,793,1495,1258
200.55,775,1501,1255
200.70,783,1492,1227
200.85,763,1460,1218
201.00,756,1448,1224
201.15,752,1438,1215
201.30,743,1438,1186
201.45,748,1408,1172
201.60,741,1392,1159
201.75,718,1392,1163
201.90,724,1359,1133
202.05,700,1337,1132
202.20,709,1331,1109
202.35,689,1318,1100
202.50,692,1301,1083
202.65,677,1309,1095
202.80,667,1273,1063
202.95,659,1272,1051
203.10,651,1245,1055
203.25,647,1251,1031
203.40,648,1215,1015
203.55,635,1200,1008
203.70,619,1182,985
203.85,626,1174,980
204.00,604,1152,975
204.15,605,1150,944
204.30,595,1129,928
204.45,593,1112,928
204.60,582,1104,924
204.75,554,1055,882
204.90,555,1059,885
205.05,544,1055,866
205.20,556,1056,881
205.35,523,1006,832
205.50,523,996,847
205.65,524,996,831
205.80,521,987,811
205.95,511,989,811
206.10,515,960,801
206.25,503,954,811
206.40,506,962,789
206.55,502,951,780
206.70,495,937,770
206.85,489,912,776
207.00,484,902,766
207.15,469,890,746
207.30,464,895,735
207.45,457,869,726
207.60,450,869,714
207.75,443,855,703
207.90,448,846,695
208.05,431,819,683
208.20,423,805,671
208.35,421,797,667
208.50,414,785,657
208.65,402,776,638
208.80,404,777,650
208.95,407,755,632
209.10,393,745,623
209.25,394,743,611
209.40,390,734,612
209.55,373,708,601
209.70,373,692,586
209.85,355,669,559
210.00,349,671,551
210.15,352,650,544
210.30,343,645,540
210.45,336,646,531
210.60,338,635,522
210.75,322,607,507
210.90,318,599,501
211.05,311,587,492
211.20,307,591,491
211.35,301,567,473
211.50,290,548,468
211.65,285,544,455
211.80,284,546,449
211.95,281,529,442
212.10,277,520,435
212.25,281,515,431
212.40,270,515,425
212.55,273,499,425
212.70,261,491,411
212.85,256,483,403
213.00,252,474,399
213.15,250,467,391
213.30,244,458,386
213.45,239,450,376
213.60,235,440,368
213.75,230,431,363
213.90,225,420,353
214.05,221,413,345
214.20,216,404,338
214.35,213,398,339
214.50,209,391,330
214.65,210,381,319
214.80,203,385,314
214.95,193,359,299
215.10,193,366,301
215.25,193,347,290
215.40,183,342,286
215.55,184,333,278
215.70,173,328,264
215.85,176,316,265
216.00,163,308,247
216.15,161,297,247
216.30,157,289,237
216.45,155,278,232
216.60,149,275,230
216.75,150,266,217
216.90,147,261,219
217.05,136,253,208
217.20,136,241,194
217.35,136,239,200
217.50,132,233,195
217.65,129,226,184
217.80,118,215,179
217.95,122,215,180
218.10,121,210,176
218.25,114,211,174
218.40,116,204,170
218.55,109,198,165
218.70,107,192,161
218.85,109,188,148
219.00,102,183,152
219.15,103,177,149
219.30,101,174,141
219.45,98,167,140
219.60,91,161,136
219.75,92,158,122
219.90,86,152,128
220.05,83,147,123
220.20,81,143,119
220.35,83,139,115
220.50,81,130,105
220.65,74,130,108
220.80,76,122,105
220.95,75,118,93
221.10,71,117,87
221.25,66,114,95
221.40,63,110,92
221.55,61,100,88
221.70,61,90,70
221.85,57,87,79
222.00,54,90,75
222.15,51,87,72
222.30,54,76,69
222.45,48,80,54
222.60,46,75,64
222.75,45,72,49
222.90,43,71,58
223.05,41,65,55
223.20,40,64,53
223.35,38,50,50
223.50,37,58,38
223.65,39,56,46
223.80,35,42,44
223.95,37,50,43
224.10,36,38,41
224.25,36,37,40
224.40,30,35,38
224.55,30,34,31
224.70,30,44,36
224.85,32,30,35
225.00,27,41,33
225.15,27,40,20
225.30,29,38,25
225.45,26,36,16
225.60,26,35,30
225.75,24,28,27
225.90,23,28,13
226.05,23,19,25
226.20,23,31,25
226.35,25,17,25
226.50,22,29,24
226.65,21,28,23
226.80,21,27,23
226.95,22,15,22
227.10,21,28,22
227.25,22,26,22
227.40,22,14,21
227.55,21,21,21
227.70,20,26,23
227.85,20,27,21
228.00,24,27,21
228.15,21,27,9
228.30,21,27,12
228.45,22,28,24
228.60,22,29,15
228.75,23,30,11
228.90,23,31,26
229.05,24,32,26
229.20,26,35,28
229.35,25,35,28
229.50,26,37,31
229.65,27,38,32
229.80,27,39,19
229.95,28,39,34
230.10,29,42,21
230.25,29,32,36
230.40,30,45,37
230.55,34,36,39
230.70,32,48,40
230.85,36,50,41
231.00,34,51,31
231.15,35,53,44
231.30,36,56,33
231.45,36,59,39
231.60,38,60,51
231.75,39,63,53
231.90,41,66,55
232.05,42,69,58
232.20,43,71,60
232.35,48,75,63
232.50,51,70,66
232.65,53,82,68
232.80,50,84,58
232.95,56,87,73
233.10,53,83,74
233.25,55,86,78
233.40,62,99,82
233.55,60,103,85
233.70,62,103,91
233.85,65,109,82
234.00,67,113,98
234.15,70,123,95
234.30,72,124,95
234.45,79,132,109
234.60,77,137,113
234.75,84,142,118
234.90,83,149,118
235.05,85,152,117
235.20,92,158,132
235.35,91,163,136
235.50,98,170,142
235.65,97,173,145
235.80,103,181,149
235.95,102,183,145
236.10,109,188,156
236.25,106,193,154
236.40,108,198,161
236.55,116,203,161
236.70,118,207,165
236.85,115,214,168
237.00,118,216,179
237.15,125,221,184
237.30,123,232,184
237.45,128,234,187
237.60,130,240,200
237.75,134,248,206
237.90,139,254,213
238.05,147,262,213
238.20,145,269,223
238.35,149,274,229
238.50,156,281,233
238.65,160,294,240
238.80,157,292,243
238.95,162,300,254
239.10,168,314,260
239.25,175,316,263
239.40,179,331,270
239.55,179,333,278
239.70,186,348,290
239.85,188,353,291
240.00,199,363,300
240.15,198,371,308
240.30,202,386,314
240.45,208,397,324
240.60,218,407,335
240.75,215,403,336
240.90,221,422,345
241.05,226,433,353
241.20,230,440,358
241.35,235,441,368
241.50,240,460,377
241.65,244,460,386
241.80,255,470,391
241.95,253,475,397
242.10,256,492,403
242.25,260,490,408
242.40,263,507,414
242.55,267,505,424
242.70,272,520,427
242.85,275,528,432
243.00,278,526,438
243.15,283,534,445
243.30,295,543,452
243.45,292,565,465
243.60,305,575,474
243.75,305,576,480
243.90,310,589,489
244.05,317,600,499
244.20,321,619,512
244.35,325,616,520
244.50,330,625,532
244.65,336,636,531
244.80,340,643,536
244.95,344,665,551
245.10,350,676,564
245.25,358,679,566
245.40,363,690,586
245.55,369,702,585
245.70,385,719,608
245.85,386,746,622
246.00,399,755,620
246.15,398,755,629
246.30,405,769,653
246.45,410,779,650
246.60,416,791,660
246.75,422,813,669
246.90,429,816,681
247.05,435,829,692
247.20,441,850,712
247.35,449,874,715
247.50,457,868,737
247.65,462,896,747
247.80,468,894,758
247.95,473,901,752
248.10,478,928,761
248.25,483,920,768
248.40,488,941,778
248.55,493,942,785
248.70,498,951,793
248.85,503,960,802
249.00,518,970,824
249.15,524,983,819
249.30,530,996,844
249.45,528,1007,840
249.60,545,1023,853
249.75,543,1035,869
249.90,550,1052,886
250.05,557,1066,888
250.20,564,1085,897
250.35,569,1088,916
250.50,575,1110,917
250.65,584,1114,930
250.80,586,1137,950
250.95,593,1134,962
251.10,614,1170,977
251.25,621,1168,974
251.40,618,1183,987
251.55,634,1197,997
251.70,648,1236,1017
251.85,647,1238,1050
252.00,652,1247,1040
252.15,671,1264,1054
252.30,668,1295,1067
252.45,676,1297,1081
252.60,695,1310,1110
252.75,691,1326,1124
252.90,699,1341,1119
253.05,720,1357,1148
253.20,715,1381,1160
253.35,727,1395,1174
253.50,732,1417,1187
253.65,737,1417,1182
253.80,747,1436,1198
253.95,753,1443,1221
254.10,758,1456,1226
254.25,765,1466,1224
254.40,769,1476,1230
254.55,776,1488,1240
254.70,781,1496,1251
254.85,787,1523,1275
255.00,805,1533,1268
255.15,809,1532,1296
255.30,818,1563,1306
255.45,814,1565,1305
255.60,824,1583,1320
255.75,833,1600,1334
255.90,856,1619,1349
256.05,853,1639,1385
256.20,861,1654,1379
256.35,867,1681,1391
256.50,887,1681,1418
256.65,883,1697,1414
256.80,904,1707,1424
256.95,898,1722,1438
257.10,906,1756,1452
257.25,919,1757,1466
257.40,939,1798,1485
257.55,934,1796,1514
257.70,963,1824,1522
257.85,955,1843,1532
258.00,964,1855,1547
258.15,973,1876,1564
258.30,981,1900,1587
258.45,992,1909,1591
258.60,1013,1923,1606
258.75,1011,1943,1621
258.90,1020,1960,1653
259.05,1029,1981,1667
259.20,1034,1993,1661
259.35,1055,2015,1680
259.50,1068,2046,1695
259.65,1078,2047,1707
259.80,1073,2065,1736
259.95,1078,2074,1732
260.10,1100,2103,1744
260.25,1091,2097,1749
260.40,1105,2110,1761
260.55,1103,2127,1784
260.70,1108,2145,1779
260.85,1125,2145,1790
261.00,1135,2157,1814
261.15,1141,2173,1830
261.30,1137,2188,1826
261.45,1145,2208,1858
261.60,1170,2235,1857
261.75,1166,2245,1874
261.90,1187,2278,1891
262.05,1203,2292,1910
262.20,1213,2321,1927
262.35,1208,2326,1958
262.50,1217,2343,1954
262.65,1228,2363,1972
262.80,1234,2374,1993
262.95,1246,2412,2020
263.10,1252,2412,2027
263.25,1272,2440,2026
263.40,1271,2448,2043
263.55,1281,2469,2061
263.70,1295,2496,2082
263.85,1317,2511,2095
264.00,1326,2530,2110
264.15,1327,2556,2149
264.30,1336,2588,2147
264.45,1358,2608,2179
264.60,1356,2615,2182
264.75,1366,2636,2199
264.90,1378,2671,2225
265.05,1388,2687,2228
265.20,1407,2705,2242
265.35,1419,2722,2261
265.50,1415,2730,2275
265.65,1423,2756,2305
265.80,1445,2765,2305
265.95,1438,2785,2314
266.10,1448,2790,2334
266.25,1453,2818,2336
266.40,1458,2827,2357
266.55,1463,2840,2355
266.70,1473,2834,2378
266.85,1476,2847,2376
267.00,1483,2876,2389
267.15,1491,2877,2401
267.30,1501,2895,2427
267.45,1519,2915,2432
267.60,1521,2936,2452
267.75,1532,2969,2466
267.90,1544,2979,2502
268.05,1556,3002,2505
268.20,1568,3039,2542
268.35,1591,3059,2539
268.50,1587,3064,2552
268.65,1601,3092,2569
268.80,1602,3108,2579
268.95,1614,3106,2593
269.10,1623,3132,2610
269.25,1636,3158,2631
269.40,1647,3193,2653
269.55,1654,3193,2665
269.70,1668,3217,2684
269.85,1690,3255,2704
270.00,1701,3272,2728
270.15,1700,3281,2754
270.30,1720,3301,2753
270.45,1721,3317,2766
270.60,1733,3344,2788
270.75,1742,3367,2804
270.90,1766,3386,2823
271.05,1762,3400,2848
271.20,1779,3426,2849
271.35,1797,3443,2871
271.50,1798,3468,2884
271.65,1811,3478,2910
271.80,1811,3496,2914
271.95,1827,3520,2929
272.10,1836,3521,2951
272.25,1832,3549,2949
272.40,1838,3549,2959
272.55,1855,3561,2970
272.70,1850,3588,2982
272.85,1858,3588,3001
273.00,1864,3617,3004
273.15,1874,3619,3018
273.30,1883,3638,3033
273.45,1892,3658,3058
273.60,1906,3690,3071
273.75,1922,3713,3089
273.90,1929,3723,3106
274.05,1943,3761,3125
274.20,1950,3780,3156
274.35,1959,3781,3166
274.50,1967,3800,3166
274.65,1977,3831,3200
274.80,1984,3834,3202
274.95,1999,3868,3224
275.10,2006,3875,3245
275.25,2016,3891,3261
275.40,2026,3923,3261
275.55,2035,3929,3279
275.70,2059,3957,3299
275.85,2060,3987,3332
276.00,2073,4002,3337
276.15,2086,4028,3371
276.30,2090,4050,3383
276.45,2109,4061,3387
276.60,2111,4075,3398
276.75,2121,4108,3423
276.90,2130,4116,3450
277.05,2139,4146,3444
277.20,2149,4149,3461
277.35,2157,4180,3484
277.50,2166,4184,3507
277.65,2185,4201,3521
277.80,2192,4214,3516
277.95,2191,4244,3531
278.10,2202,4252,3546
278.25,2220,4272,3563
278.40,2220,4284,3574
278.55,2224,4311,3584
278.70,2242,4309,3593
278.85,2239,4324,3606
279.00,2245,4336,3618
279.15,2263,4354,3633
279.30,2261,4369,3644
279.45,2271,4401,3660
279.60,2282,4421,3678
279.75,2299,4428,3703
279.90,2304,4448,3724
280.05,2310,4460,3722
280.20,2319,4479,3737
280.35,2333,4501,3755
280.50,2354,4538,3778
280.65,2355,4553,3790
280.80,2364,4554,3800
280.95,2374,4589,3820
281.10,2393,4607,3840
281.25,2390,4616,3851
281.40,2401,4636,3870
281.55,2411,4670,3886
281.70,2425,4690,3908
281.85,2444,4706,3922
282.00,2450,4745,3951
282.15,2468,4751,3964
282.30,2465,4759,3973
282.45,2477,4780,4005
282.60,2486,4815,4006
282.75,2495,4831,4034
282.90,2510,4859,4046
283.05,2514,4858,4049
283.20,2521,4884,4061
283.35,2530,4887,4081
283.50,2540,4902,4092
283.65,2548,4920,4105
283.80,2564,4936,4118
283.95,2563,4957,4126
284.10,2568,4960,4139
284.25,2574,4968,4149
284.40,2586,4987,4157
284.55,2582,4991,4184
284.70,2588,5015,4185
284.85,2604,5027,4202
285.00,2603,5026,4196
285.15,2616,5052,4207
285.30,2617,5068,4239
285.45,2627,5088,4236
285.60,2639,5109,4269
285.75,2651,5114,4271
285.90,2659,5135,4287
286.05,2671,5156,4323
286.20,2684,5189,4325
286.35,2697,5191,4343
286.50,2695,5207,4347
286.65,2708,5223,4377
286.80,2711,5249,4386
286.95,2722,5253,4399
287.10,2730,5287,4402
287.25,2739,5288,4415
287.40,2750,5309,4449
287.55,2761,5327,4452
287.70,2772,5346,4478
287.85,2787,5370,4483
288.00,2790,5386,4503
288.15,2804,5416,4512
288.30,2809,5421,4527
288.45,2816,5442,4543
288.60,2827,5456,4557
288.75,2835,5480,4572
288.90,2849,5488,4600
289.05,2848,5512,4592
289.20,2855,5513,4619
289.35,2866,5530,4629
289.50,2875,5544,4633
289.65,2881,5560,4643
289.80,2890,5575,4660
289.95,2892,5585,4682
290.10,2908,5596,4692
290.25,2907,5614,4691
290.40,2909,5629,4692
290.55,2914,5637,4707
290.70,2918,5638,4725
290.85,2928,5647,4717
291.00,2930,5660,4741
291.15,2937,5682,4756
291.30,2943,5691,4749
291.45,2952,5701,4775
291.60,2963,5731,4794
291.75,2977,5734,4793
291.90,2980,5766,4809
292.05,2990,5775,4825
292.20,3001,5803,4857
292.35,3009,5821,4852
292.50,3016,5822,4872
292.65,3022,5849,4884
292.80,3030,5848,4885
292.95,3037,5865,4900
293.10,3049,5884,4934
293.25,3056,5894,4938
293.40,3060,5914,4938
293.55,3065,5924,4957
293.70,3082,5948,4972
293.85,3091,5972,4976
294.00,3092,5970,5006
294.15,3100,5991,5017
294.30,3111,6018,5021
294.45,3118,6021,5040
294.60,3129,6038,5062
294.75,3135,6049,5055
294.90,3143,6059,5081
295.05,3146,6076,5090
295.20,3155,6101,5094
295.35,3167,6105,5100
295.50,3165,6116,5111
295.65,3174,6133,5125
295.80,3179,6140,5142
295.95,3183,6157,5136
296.10,3187,6157,5144
296.25,3188,6161,5150
296.40,3192,6169,5155
296.55,3196,6174,5161
296.70,3198,6182,5181
296.85,3204,6194,5177
297.00,3215,6204,5196
297.15,3215,6213,5194
297.30,3226,6225,5220
297.45,3229,6238,5230
297.60,3237,6265,5226
297.75,3243,6269,5240
297.90,3251,6282,5252
298.05,3260,6303,5264
298.20,3269,6312,5278
298.35,3281,6335,5287
298.50,3278,6332,5292
298.65,3284,6343,5315
298.80,3292,6371,5328
298.95,3298,6380,5339
299.10,3304,6386,5350
299.25,3311,6390,5343
299.40,3317,6420,5355
299.55,3320,6416,5359
299.70,3338,6439,5378
299.85,3335,6441,5382
300.00,3340,6453,5395
300.15,3344,6473,5405
300.30,3355,6477,5426
300.45,3363,6496,5429
300.60,3363,6502,5434
300.75,3376,6509,5446
300.90,3375,6523,5458
301.05,3385,6530,5462
301.20,3386,6552,5467
301.35,3397,6551,5478
301.50,3402,6561,5502
301.65,3404,6581,5494
301.80,3404,6577,5509
301.95,3409,6584,5520
302.10,3413,6594,5522
302.25,3414,6597,5514
302.40,3416,6602,5518
302.55,3424,6608,5536
302.70,3421,6628,5531
302.85,3431,6625,5550
303.00,3427,6642,5543
303.15,3432,6639,5551
303.30,3437,6647,5556
303.45,3444,6658,5578
303.60,3448,6666,5572
303.75,3455,6687,5582
303.90,3459,6686,5590
304.05,3473,6698,5599
304.20,3470,6710,5608
304.35,3481,6718,5631
304.50,3479,6736,5629
304.65,3485,6735,5631
304.80,3487,6738,5648
304.95,3494,6751,5644
305.10,3498,6760,5653
305.25,3503,6764,5655
305.40,3506,6775,5664
305.55,3511,6793,5671
305.70,3519,6799,5693
305.85,3522,6811,5685
306.00,3531,6812,5690
306.15,3534,6818,5712
306.30,3537,6834,5708
306.45,3537,6833,5713
306.60,3541,6839,5717
306.75,3544,6856,5724
306.90,3547,6855,5728
307.05,3549,6872,5732
307.20,3553,6864,5735
307.35,3557,6870,5745
307.50,3561,6880,5750
307.65,3565,6886,5753
307.80,3568,6891,5760
307.95,3568,6907,5761
308.10,3572,6898,5779
308.25,3571,6909,5767
308.40,3572,6915,5770
308.55,3573,6912,5775
308.70,3578,6925,5776
308.85,3576,6917,5781
309.00,3582,6922,5784
309.15,3585,6929,5785
309.30,3584,6943,5793
309.45,3586,6934,5796
309.60,3589,6940,5803
309.75,3598,6950,5806
309.90,3597,6953,5814
310.05,3601,6960,5818
310.20,3605,6978,5837
310.35,3607,6971,5825
310.50,3615,6981,5838
310.65,3614,6990,5833
310.80,3613,6983,5835
310.95,3619,6992,5841
311.10,3622,7001,5841
311.25,3620,6995,5847
311.40,3626,7006,5851
311.55,3622,7005,5853
311.70,3627,7023,5857
311.85,3628,7015,5860
312.00,3629,7016,5881
312.15,3639,7021,5869
312.30,3640,7028,5885
312.45,3637,7028,5874
312.60,3637,7039,5893
312.75,3641,7037,5893
312.90,3640,7037,5899
313.05,3642,7043,5886
313.20,3644,7045,5886
313.35,3644,7056,5905
313.50,3650,7059,5905
313.65,3648,7054,5894
313.80,3646,7056,5892
313.95,3651,7061,5897
314.10,3656,7070,5912
314.25,3656,7058,5912
314.40,3650,7056,5913
314.55,3651,7060,5898
314.70,3649,7056,5897
314.85,3655,7061,5915
315.00,3652,7062,5899
315.15,3648,7063,5901
315.30,3651,7073,5917
315.45,3652,7066,5904
315.60,3655,7069,5907
315.75,3655,7082,5909
315.90,3659,7072,5926
316.05,3660,7075,5930
316.20,3665,7091,5914
316.35,3662,7079,5928
316.50,3669,7087,5931
316.65,3664,7096,5918
316.80,3665,7080,5915
316.95,3662,7085,5916
317.10,3662,7094,5936
317.25,3667,7084,5919
317.40,3669,7083,5919
317.55,3662,7090,5933
317.70,3669,7082,5931
317.85,3665,7085,5919
318.00,3667,7082,5932
318.15,3670,7096,5920
318.30,3669,7082,5921
318.45,3662,7092,5931
318.60,3668,7085,5932
318.75,3663,7082,5933
318.90,3665,7079,5916
319.05,3666,7081,5917
319.20,3662,7089,5916
319.35,3662,7079,5930
319.50,3660,7091,5922
319.65,3658,7077,5913
319.80,3658,7088,5911
319.95,3662,7087,5909
320.10,3656,7074,5909
320.25,3657,7075,5908
320.40,3653,7068,5915
320.55,3655,7064,5901
320.70,3648,7066,5900
320.85,3648,7058,5915
321.00,3649,7057,5897
321.15,3646,7055,5911
321.30,3645,7055,5895
321.45,3645,7057,5891
321.60,3650,7056,5907
321.75,3646,7054,5907
321.90,3647,7048,5901
322.05,3645,7050,5889
322.20,3645,7052,5889
322.35,3641,7053,5882
322.50,3639,7040,5896
322.65,3638,7042,5884
322.80,3640,7042,5885
322.95,3635,7032,5874
323.10,3632,7038,5870
323.25,3636,7025,5867
323.40,3627,7021,5865
323.55,3625,7017,5861
323.70,3627,7022,5854
323.85,3622,7017,5853
324.00,3621,7000,5851
324.15,3618,6997,5845
324.30,3620,6992,5841
324.45,3617,6989,5835
324.60,3608,6982,5832
324.75,3606,6978,5826
324.90,3604,6982,5834
325.05,3601,6969,5819
325.20,3598,6959,5814
325.35,3597,6959,5809
325.50,3594,6952,5808
325.65,3592,6959,5801
325.80,3592,6953,5811
325.95,3587,6937,5793
326.10,3590,6931,5790
326.25,3582,6929,5788
326.40,3579,6933,5780
326.55,3576,6926,5794
326.70,3574,6914,5774
326.85,3570,6911,5785
327.00,3564,6906,5780
327.15,3564,6898,5762
327.30,3561,6895,5757
327.45,3559,6891,5757
327.60,3557,6881,5746
327.75,3553,6876,5740
327.90,3554,6868,5747
328.05,3546,6867,5727
328.20,3543,6853,5736
328.35,3539,6846,5731
328.50,3534,6837,5712
328.65,3532,6831,5704
328.80,3530,6837,5700
328.95,3525,6817,5694
329.10,3521,6813,5701
329.25,3516,6815,5680
329.40,3518,6797,5673
329.55,3508,6792,5681
329.70,3504,6777,5658
329.85,3502,6778,5648
330.00,3496,6760,5657
330.15,3490,6748,5651
330.30,3485,6747,5629
330.45,3478,6728,5636
330.60,3474,6728,5614
330.75,3468,6709,5603
330.90,3466,6701,5607
331.05,3462,6703,5587
331.20,3459,6698,5583
331.35,3451,6689,5575
331.50,3447,6668,5576
331.65,3443,6657,5571
331.80,3438,6645,5550
331.95,3433,6638,5561
332.10,3437,6629,5538
332.25,3426,6633,5549
332.40,3422,6620,5529
332.55,3418,6612,5525
332.70,3415,6611,5516
332.85,3409,6598,5514
333.00,3407,6589,5506
333.15,3409,6582,5498
333.30,3397,6571,5506
333.45,3390,6569,5485
333.60,3393,6548,5473
333.75,3385,6547,5472
333.90,3374,6524,5451
334.05,3373,6522,5440
334.20,3365,6503,5433
334.35,3359,6491,5423
334.50,3352,6484,5434
334.65,3349,6475,5418
334.80,3346,6465,5420
334.95,3342,6457,5396
335.10,3333,6451,5382
335.25,3327,6444,5372
335.40,3323,6430,5381
335.55,3316,6407,5365
335.70,3305,6402,5337
335.85,3299,6385,5328
336.00,3293,6366,5320
336.15,3285,6365,5308
336.30,3277,6340,5295
336.45,3275,6330,5304
336.60,3266,6316,5276
336.75,3264,6306,5265
336.90,3254,6303,5257
337.05,3249,6293,5246
337.20,3245,6276,5251
337.35,3242,6251,5223
337.50,3230,6244,5216
337.65,3229,6238,5212
337.80,3214,6223,5191
337.95,3212,6207,5200
338.10,3206,6202,5178
338.25,3207,6190,5167
338.40,3197,6190,5161
338.55,3198,6171,5152
338.70,3186,6161,5146
338.85,3180,6161,5136
339.00,3175,6150,5130
339.15,3169,6127,5135
339.30,3163,6116,5108
339.45,3154,6100,5095
339.60,3152,6087,5082
339.75,3149,6084,5083
339.90,3133,6067,5065
340.05,3125,6057,5045
340.20,3125,6043,5051
340.35,3112,6022,5043
340.50,3105,6018,5013
340.65,3102,6006,5005
340.80,3096,5986,5009
340.95,3085,5986,4983
341.10,3079,5967,4972
341.25,3071,5940,4960
341.40,3062,5925,4943
341.55,3054,5921,4929
341.70,3047,5902,4914
341.85,3043,5871,4899
342.00,3031,5859,4886
342.15,3022,5843,4893
342.30,3008,5834,4859
342.45,3002,5818,4857
342.60,2998,5795,4836
342.75,2985,5788,4819
342.90,2978,5772,4807
343.05,2972,5748,4797
343.20,2965,5739,4785
343.35,2958,5732,4786
343.50,2947,5704,4775
343.65,2942,5702,4759
343.80,2934,5684,4751
343.95,2928,5664,4741
344.10,2923,5650,4714
344.25,2916,5656,4721
344.40,2917,5630,4698
344.55,2903,5633,4706
344.70,2907,5612,4683
344.85,2894,5597,4673
345.00,2887,5588,4679
345.15,2881,5583,4651
345.30,2872,5554,4638
345.45,2863,5551,4623
345.60,2854,5522,4607
345.75,2854,5505,4594
345.90,2837,5485,4586
346.05,2825,5468,4560
346.20,2818,5452,4546
346.35,2810,5449,4534
346.50,2801,5439,4528
346.65,2798,5413,4522
346.80,2792,5409,4503
346.95,2780,5381,4502
347.10,2781,5376,4471
347.25,2765,5345,4461
347.40,2752,5329,4442
347.55,2746,5313,4429
347.70,2735,5304,4413
347.85,2727,5289,4402
348.00,2716,5253,4387
348.15,2710,5235,4365
348.30,2696,5232,4347
348.45,2694,5198,4333
348.60,2676,5179,4327
348.75,2670,5163,4303
348.90,2658,5145,4288
349.05,2653,5131,4277
349.20,2645,5116,4263
349.35,2631,5103,4245
349.50,2624,5091,4247
349.65,2616,5063,4219
349.80,2609,5044,4205
349.95,2610,5047,4194
350.10,2595,5025,4185
350.25,2588,5009,4173
350.40,2584,4998,4165
350.55,2576,4985,4157
350.70,2571,4972,4144
350.85,2570,4959,4146
351.00,2557,4944,4122
351.15,2555,4945,4127
351.30,2537,4912,4097
351.45,2530,4897,4081
351.60,2518,4875,4077
351.75,2510,4872,4048
351.90,2510,4838,4045
352.05,2491,4827,4013
352.20,2491,4800,4000
352.35,2473,4786,3988
352.50,2471,4763,3970
352.65,2454,4746,3957
352.80,2447,4733,3947
352.95,2439,4718,3939
353.10,2431,4700,3916
353.25,2421,4691,3897
353.40,2408,4660,3901
353.55,2400,4643,3867
353.70,2388,4620,3846
353.85,2377,4605,3827
354.00,2368,4578,3813
354.15,2364,4571,3797
354.30,2353,4534,3779
354.45,2336,4518,3764
354.60,2325,4494,3746
354.75,2323,4487,3726
354.90,2314,4455,3713
355.05,2303,4441,3697
355.20,2288,4422,3698
355.35,2284,4398,3678
355.50,2268,4399,3654
355.65,2256,4359,3644
355.80,2258,4354,3626
355.95,2246,4334,3621
356.10,2234,4322,3600
356.25,2231,4311,3589
356.40,2222,4308,3579
356.55,2225,4283,3585
356.70,2210,4271,3559
356.85,2203,4256,3547
357.00,2194,4240,3547
357.15,2195,4223,3520
357.30,2176,4204,3503
357.45,2175,4189,3488
357.60,2154,4164,3471
357.75,2152,4149,3453
357.90,2133,4125,3434
358.05,2123,4102,3417
358.20,2124,4098,3419
358.35,2110,4074,3389
358.50,2106,4055,3383
358.65,2088,4051,3370
358.80,2082,4026,3369
358.95,2085,4009,3339
359.10,2063,3997,3320
359.25,2057,3963,3317
359.40,2040,3940,3293
359.55,2030,3937,3272
359.70,2028,3901,3248
359.85,2007,3875,3226
