0.00,3524,7651,6344
0.15,3545,7690,6366
0.30,3558,7704,6400
0.45,3563,7743,6414
0.60,3578,7778,6454
0.75,3590,7791,6460
0.90,3605,7820,6485
1.05,3618,7858,6524
1.20,3625,7870,6524
1.35,3637,7897,6563
1.50,3651,7925,6566
1.65,3660,7937,6598
1.80,3667,7962,6619
1.95,3677,7992,6623
2.10,3693,8020,6654
2.25,3702,8035,6668
2.40,3707,8048,6682
2.55,3721,8080,6706
2.70,3730,8104,6730
2.85,3735,8120,6731
3.00,3750,8118,6758
3.15,3747,8136,6754
3.30,3756,8151,6781
3.45,3760,8162,6780
3.60,3767,8186,6790
3.75,3775,8192,6808
3.90,3784,8212,6837
4.05,3796,8232,6839
4.20,3803,8253,6855
4.35,3814,8280,6877
4.50,3824,8306,6899
4.65,3842,8332,6919
4.80,3853,8372,6942
4.95,3859,8399,6962
5.10,3869,8407,6981
5.25,3877,8423,6996
5.40,3889,8462,7033
5.55,3896,8469,7031
5.70,3907,8496,7052
5.85,3918,8520,7074
6.00,3925,8532,7084
6.15,3937,8556,7116
6.30,3944,8578,7121
6.45,3958,8604,7145
6.60,3972,8641,7165
6.75,3980,8652,7186
6.90,3989,8672,7199
7.05,4001,8700,7238
7.20,4014,8717,7239
7.35,4027,8749,7262
7.50,4028,8760,7286
7.65,4037,8778,7293
7.80,4052,8796,7303
7.95,4058,8823,7320
8.10,4066,8843,7346
8.25,4072,8858,7360
8.40,4080,8873,7370
8.55,4098,8908,7391
8.70,4097,8920,7414
8.85,4103,8929,7412
9.00,4106,8928,7419
9.15,4114,8946,7426
9.30,4121,8948,7450
9.45,4125,8960,7449
9.60,4137,8973,7458
9.75,4140,8987,7487
9.90,4149,9013,7483
10.05,4155,9020,7511
10.20,4161,9033,7514
10.35,4172,9069,7544
10.50,4180,9089,7549
10.65,4187,9107,7577
10.80,4198,9123,7584
10.95,4206,9147,7602
11.10,4214,9178,7620
11.25,4222,9185,7631
11.40,4233,9208,7655
11.55,4240,9209,7652
11.70,4241,9224,7678
11.85,4254,9250,7686
12.00,4261,9275,7711
12.15,4267,9291,7711
12.30,4274,9297,7735
12.45,4281,9327,7752
12.60,4298,9342,7777
12.75,4299,9355,7790
12.90,4311,9383,7796
13.05,4324,9396,7807
13.20,4326,9412,7821
13.35,4332,9427,7833
13.50,4348,9451,7851
13.65,4345,9461,7869
13.80,4360,9473,7872
13.95,4360,9491,7878
14.10,4373,9518,7898
14.25,4377,9522,7918
14.40,4379,9535,7930
14.55,4393,9555,7932
14.70,4397,9563,7940
14.85,4399,9575,7961
15.00,4398,9577,7965
15.15,4404,9579,7960
15.30,4407,9589,7968
15.45,4413,9603,7974
15.60,4417,9613,7982
15.75,4422,9608,8007
15.90,4427,9627,8003
16.05,4433,9649,8014
16.20,4440,9663,8037
16.35,4442,9666,8031
16.50,4452,9680,8060
16.65,4452,9692,8058
16.80,4462,9715,8072
16.95,4468,9733,8080
17.10,4472,9744,8097
17.25,4483,9755,8104
17.40,4490,9767,8114
17.55,4491,9779,8126
17.70,4496,9800,8143
17.85,4500,9814,8155
18.00,4503,9811,8149
18.15,4508,9827,8178
18.30,4518,9844,8175
18.45,4525,9861,8185
18.60,4530,9869,8197
18.75,4536,9888,8219
18.90,4543,9898,8222
19.05,4551,9914,8225
19.20,4550,9924,8236
19.35,4555,9925,8247
19.50,4560,9936,8251
19.65,4563,9953,8272
19.80,4567,9953,8268
19.95,4572,9964,8291
20.10,4578,9985,8287
20.25,4585,9988,8293
20.40,4591,10003,8299
20.55,4591,10003,8321
20.70,4591,10006,8314
20.85,4592,10011,8317
21.00,4596,10027,8333
21.15,4599,10027,8339
21.30,4606,10030,8331
21.45,4606,10049,8348
21.60,4608,10057,8341
21.75,4611,10057,8358
21.90,4613,10070,8362
22.05,4616,10078,8348
22.20,4618,10083,8358
22.35,4624,10109,8366
22.50,4628,10118,8376
22.65,4632,10117,8393
22.80,4638,10126,8399
22.95,4639,10146,8408
23.10,4642,10154,8412
23.25,4645,10152,8417
23.40,4649,10167,8426
23.55,4648,10168,8417
23.70,4652,10169,8421
23.85,4661,10190,8430
24.00,4663,10182,8431
24.15,4666,10191,8448
24.30,4667,10194,8456
24.45,4670,10201,8448
24.60,4674,10213,8454
24.75,4675,10217,8459
24.90,4679,10223,8462
25.05,4680,10236,8469
25.20,4685,10228,8474
25.35,4687,10245,8477
25.50,4690,10237,8478
25.65,4693,10254,8477
25.80,4687,10260,8484
25.95,4692,10252,8498
26.10,4699,10260,8504
26.25,4698,10268,8493
26.40,4696,10268,8510
26.55,4698,10268,8501
26.70,4698,10282,8501
26.85,4697,10281,8502
27.00,4697,10271,8505
27.15,4703,10275,8521
27.30,4702,10277,8510
27.45,4705,10283,8512
27.60,4709,10279,8527
27.75,4708,10278,8516
27.90,4710,10282,8519
28.05,4709,10293,8523
28.20,4711,10289,8523
28.35,4710,10289,8539
28.50,4712,10297,8526
28.65,4711,10306,8541
28.80,4713,10304,8527
28.95,4714,10309,8540
29.10,4716,10306,8542
29.25,4717,10313,8545
29.40,4719,10315,8529
29.55,4714,10322,8532
29.70,4715,10322,8531
29.85,4714,10313,8547
30.00,4719,10327,8546
30.15,4713,10318,8536
30.30,4714,10328,8536
30.45,4715,10329,8549
30.60,4715,10328,8534
30.75,4718,10319,8550
30.90,4715,10320,8538
31.05,4714,10332,8538
31.20,4718,10323,8537
31.35,4716,10323,8534
31.50,4715,10319,8532
31.65,4720,10321,8538
31.80,4713,10313,8532
31.95,4713,10327,8530
32.10,4709,10325,8528
32.25,4712,10327,8528
32.40,4710,10314,8539
32.55,4712,10313,8528
32.70,4709,10314,8525
32.85,4712,10313,8523
33.00,4706,10316,8537
33.15,4709,10311,8521
33.30,4707,10297,8529
33.45,4702,10292,8515
33.60,4702,10289,8521
33.75,4701,10277,8507
33.90,4702,10283,8504
34.05,4700,10277,8501
34.20,4699,10278,8513
34.35,4698,10280,8498
34.50,4698,10289,8494
34.65,4692,10277,8493
34.80,4690,10277,8502
34.95,4694,10277,8486
35.10,4690,10274,8498
35.25,4692,10275,8498
35.40,4687,10263,8492
35.55,4683,10269,8478
35.70,4684,10254,8477
35.85,4681,10260,8483
36.00,4677,10253,8477
36.15,4676,10240,8458
36.30,4675,10237,8467
36.45,4670,10227,8449
36.60,4667,10221,8454
36.75,4665,10211,8449
36.90,4658,10216,8444
37.05,4654,10197,8421
37.20,4650,10204,8420
37.35,4649,10185,8410
37.50,4644,10189,8402
37.65,4644,10174,8402
37.80,4641,10177,8393
37.95,4638,10176,8391
38.10,4630,10157,8384
38.25,4633,10146,8374
38.40,4624,10150,8370
38.55,4622,10129,8375
38.70,4618,10123,8355
38.85,4616,10124,8355
39.00,4613,10119,8361
39.15,4612,10108,8355
39.30,4613,10096,8335
39.45,4604,10095,8343
39.60,4603,10078,8325
39.75,4597,10076,8331
39.90,4595,10067,8328
40.05,4591,10054,8310
40.20,4590,10050,8300
40.35,4585,10048,8290
40.50,4577,10044,8284
40.65,4573,10025,8274
40.80,4569,10020,8265
40.95,4561,10012,8256
41.10,4560,9998,8264
41.25,4559,9987,8256
41.40,4556,9977,8244
41.55,4547,9966,8231
41.70,4546,9957,8227
41.85,4543,9943,8223
42.00,4535,9944,8202
42.15,4528,9936,8198
42.30,4520,9914,8185
42.45,4516,9893,8175
42.60,4513,9885,8161
42.75,4506,9867,8147
42.90,4494,9853,8134
43.05,4486,9838,8136
43.20,4485,9825,8128
43.35,4474,9813,8103
43.50,4471,9810,8095
43.65,4468,9791,8081
43.80,4459,9774,8073
43.95,4457,9764,8065
44.10,4447,9746,8048
44.25,4449,9737,8053
44.40,4435,9732,8029
44.55,4428,9718,8026
44.70,4430,9697,8021
44.85,4419,9698,8011
45.00,4416,9677,7993
45.15,4417,9677,7989
45.30,4410,9663,7997
45.45,4406,9663,7974
45.60,4403,9643,7979
45.75,4403,9638,7959
45.90,4391,9613,7945
46.05,4387,9612,7936
46.20,4378,9587,7936
46.35,4368,9570,7922
46.50,4362,9564,7908
46.65,4351,9548,7877
46.80,4342,9525,7875
46.95,4339,9499,7848
47.10,4328,9497,7850
47.25,4326,9475,7835
47.40,4314,9469,7810
47.55,4307,9440,7809
47.70,4308,9433,7792
47.85,4294,9413,7786
48.00,4292,9408,7778
48.15,4287,9388,7753
48.30,4272,9370,7732
48.45,4262,9340,7715
48.60,4252,9324,7701
48.75,4242,9315,7688
48.90,4242,9289,7672
49.05,4229,9278,7666
49.20,4220,9262,7657
49.35,4209,9242,7636
49.50,4203,9218,7610
49.65,4195,9202,7607
49.80,4184,9178,7588
49.95,4179,9167,7567
50.10,4172,9157,7550
50.25,4159,9121,7541
50.40,4151,9110,7514
50.55,4142,9085,7509
50.70,4132,9081,7486
50.85,4135,9056,7475
51.00,4124,9043,7476
51.15,4121,9034,7453
51.30,4120,9017,7456
51.45,4108,9013,7434
51.60,4111,8991,7425
51.75,4102,8976,7413
51.90,4087,8967,7412
52.05,4079,8941,7395
52.20,4070,8925,7367
52.35,4065,8911,7344
52.50,4048,8880,7326
52.65,4041,8862,7309
52.80,4030,8847,7288
52.95,4028,8832,7273
53.10,4022,8804,7275
53.25,4012,8786,7259
53.40,4003,8763,7226
53.55,3991,8753,7216
53.70,3979,8727,7199
53.85,3969,8711,7181
54.00,3958,8695,7172
54.15,3950,8674,7143
54.30,3947,8654,7126
54.45,3931,8626,7104
54.60,3915,8586,7093
54.75,3906,8563,7062
54.90,3895,8539,7057
55.05,3887,8513,7021
55.20,3877,8495,7007
55.35,3865,8485,7000
55.50,3859,8446,6964
55.65,3845,8443,6954
55.80,3839,8422,6933
55.95,3827,8394,6918
56.10,3810,8359,6907
56.25,3810,8345,6880
56.40,3795,8336,6862
56.55,3788,8295,6838
56.70,3776,8281,6826
56.85,3775,8267,6811
57.00,3760,8245,6798
57.15,3761,8233,6805
57.30,3749,8218,6795
57.45,3744,8212,6770
57.60,3744,8196,6770
57.75,3737,8169,6742
57.90,3720,8158,6724
58.05,3717,8127,6705
58.20,3705,8102,6684
58.35,3687,8087,6679
58.50,3674,8053,6640
58.65,3662,8039,6632
58.80,3647,8010,6594
58.95,3646,7977,6571
59.10,3635,7963,6554
59.25,3618,7944,6549
59.40,3609,7916,6520
59.55,3603,7901,6520
59.70,3591,7873,6484
59.85,3578,7849,6464
60.00,3578,7837,6445
60.15,3559,7800,6424
60.30,3540,7780,6397
60.45,3536,7739,6375
60.60,3514,7711,6348
60.75,3505,7687,6332
60.90,3491,7664,6303
61.05,3484,7639,6279
61.20,3472,7602,6260
61.35,3461,7574,6235
61.50,3453,7559,6233
61.65,3430,7525,6207
61.80,3420,7512,6174
61.95,3412,7491,6158
62.10,3392,7439,6124
62.25,3390,7442,6118
62.40,3377,7417,6115
62.55,3371,7383,6075
62.70,3355,7360,6069
62.85,3350,7343,6042
63.00,3338,7323,6030
63.15,3334,7311,6017
63.30,3333,7291,6001
63.45,3319,7274,5994
63.60,3312,7267,5978
63.75,3302,7233,5961
63.90,3291,7213,5944
64.05,3283,7189,5924
64.20,3277,7163,5917
64.35,3255,7138,5878
64.50,3244,7108,5854
64.65,3231,7091,5842
64.80,3215,7060,5812
64.95,3208,7022,5789
65.10,3197,6996,5753
65.25,3179,6972,5749
65.40,3176,6949,5715
65.55,3167,6941,5710
65.70,3148,6909,5681
65.85,3131,6882,5660
66.00,3131,6850,5632
66.15,3120,6837,5611
66.30,3105,6803,5598
66.45,3083,6771,5560
66.60,3065,6718,5526
66.75,3056,6713,5508
66.90,3037,6658,5489
67.05,3026,6640,5458
67.20,3012,6622,5435
67.35,2999,6575,5406
67.50,2987,6552,5386
67.65,2977,6531,5366
67.80,2962,6498,5354
67.95,2951,6475,5337
68.10,2945,6436,5291
68.25,2926,6415,5273
68.40,2924,6405,5269
68.55,2912,6372,5227
68.70,2890,6350,5209
68.85,2881,6331,5192
69.00,2876,6314,5182
69.15,2869,6296,5168
69.30,2868,6276,5170
69.45,2849,6247,5155
69.60,2843,6228,5141
69.75,2842,6219,5123
69.90,2822,6180,5090
70.05,2819,6158,5082
70.20,2808,6131,5059
70.35,2793,6101,5016
70.50,2770,6071,4991
70.65,2756,6042,4969
70.80,2740,6022,4940
70.95,2736,5981,4914
71.10,2725,5957,4893
71.25,2705,5944,4871
71.40,2692,5915,4849
71.55,2685,5899,4836
71.70,2675,5871,4834
71.85,2662,5839,4811
72.00,2650,5822,4773
72.15,2633,5786,4741
72.30,2620,5746,4733
72.45,2603,5724,4703
72.60,2587,5686,4661
72.75,2576,5649,4639
72.90,2562,5616,4627
73.05,2557,5586,4604
73.20,2535,5568,4566
73.35,2522,5541,4557
73.50,2511,5516,4518
73.65,2497,5472,4495
73.80,2483,5448,4473
73.95,2475,5425,4454
74.10,2457,5391,4443
74.25,2444,5361,4401
74.40,2438,5362,4393
74.55,2422,5307,4356
74.70,2410,5285,4339
74.85,2402,5267,4324
75.00,2390,5241,4303
75.15,2391,5220,4302
75.30,2371,5211,4271
75.45,2374,5178,4255
75.60,2353,5159,4255
75.75,2353,5133,4220
75.90,2329,5108,4198
76.05,2319,5098,4177
76.20,2318,5069,4153
76.35,2292,5041,4127
76.50,2281,5004,4108
76.65,2277,4972,4097
76.80,2257,4957,4073
76.95,2245,4923,4041
77.10,2230,4903,4014
77.25,2228,4878,4006
77.40,2214,4833,3981
77.55,2195,4824,3952
77.70,2178,4790,3919
77.85,2172,4743,3890
78.00,2154,4738,3876
78.15,2144,4699,3857
78.30,2140,4672,3835
78.45,2114,4633,3803
78.60,2096,4605,3770
78.75,2084,4571,3751
78.90,2067,4532,3720
79.05,2054,4503,3697
79.20,2041,4474,3672
79.35,2036,4440,3660
79.50,2011,4410,3637
79.65,2017,4412,3611
79.80,1984,4347,3568
79.95,1982,4359,3565
80.10,1968,4288,3519
80.25,1954,4282,3517
80.40,1941,4255,3507
80.55,1928,4239,3468
80.70,1916,4212,3449
80.85,1907,4194,3430
81.00,1898,4172,3416
81.15,1888,4140,3413
81.30,1880,4120,3397
81.45,1882,4097,3364
81.60,1874,4077,3349
81.75,1851,4067,3346
81.90,1841,4044,3327
82.05,1828,4020,3290
82.20,1817,3993,3268
82.35,1804,3966,3245
82.50,1790,3923,3220
82.65,1780,3910,3215
82.80,1765,3867,3189
82.95,1765,3841,3168
83.10,1744,3835,3138
83.25,1727,3789,3128
83.40,1723,3790,3099
83.55,1716,3754,3084
83.70,1701,3728,3077
83.85,1684,3686,3025
84.00,1675,3681,3013
84.15,1663,3643,2990
84.30,1650,3589,2961
84.45,1636,3581,2942
84.60,1620,3549,2927
84.75,1607,3517,2903
84.90,1583,3475,2842
85.05,1579,3457,2838
85.20,1581,3432,2831
85.35,1553,3398,2789
85.50,1542,3373,2783
85.65,1532,3355,2755
85.80,1512,3309,2731
85.95,1522,3316,2713
86.10,1490,3263,2694
86.25,1484,3247,2666
86.40,1474,3226,2663
86.55,1458,3191,2619
86.70,1449,3171,2602
86.85,1441,3153,2600
87.00,1433,3133,2590
87.15,1426,3134,2577
87.30,1416,3101,2548
87.45,1410,3083,2549
87.60,1403,3079,2520
87.75,1395,3046,2506
87.90,1385,3024,2484
88.05,1374,3016,2480
88.20,1375,2977,2446
88.35,1351,2952,2440
88.50,1338,2924,2416
88.65,1325,2912,2394
88.80,1311,2867,2354
88.95,1298,2836,2343
89.10,1287,2816,2324
89.25,1278,2796,2310
89.40,1281,2772,2289
89.55,1272,2753,2272
89.70,1263,2737,2259
89.85,1242,2715,2225
90.00,1227,2696,2201
90.15,1215,2657,2194
90.30,1200,2624,2154
90.45,1188,2601,2147
90.60,1174,2566,2104
90.75,1163,2558,2086
90.90,1149,2515,2061
91.05,1145,2490,2033
91.20,1129,2486,2040
91.35,1117,2441,2002
91.50,1102,2411,1975
91.65,1095,2410,1980
91.80,1087,2379,1965
91.95,1078,2357,1932
92.10,1065,2328,1923
92.25,1058,2313,1894
92.40,1049,2291,1879
92.55,1037,2282,1859
92.70,1027,2260,1855
92.85,1032,2245,1827
93.00,1021,2206,1821
93.15,1003,2206,1809
93.30,996,2186,1797
93.45,988,2156,1770
93.60,994,2157,1757
93.75,973,2126,1745
93.90,966,2120,1745
94.05,957,2102,1729
94.20,947,2064,1709
94.35,936,2059,1675
94.50,925,2019,1669
94.65,925,1996,1636
94.80,914,1973,1615
94.95,893,1965,1598
95.10,883,1943,1595
95.25,886,1928,1568
95.40,866,1890,1563
95.55,867,1874,1549
95.70,843,1841,1524
95.85,848,1842,1496
96.00,827,1819,1493
96.15,824,1777,1471
96.30,816,1757,1453
96.45,799,1725,1412
96.60,781,1720,1395
96.75,772,1683,1377
96.90,769,1654,1368
97.05,752,1637,1340
97.20,739,1627,1321
97.35,732,1595,1303
97.50,729,1572,1285
97.65,723,1558,1273
97.80,706,1554,1273
97.95,707,1537,1245
98.10,687,1497,1238
98.25,681,1498,1226
98.40,673,1466,1199
98.55,670,1443,1193
98.70,655,1443,1181
98.85,650,1417,1172
99.00,642,1414,1156
99.15,644,1400,1133
99.30,638,1373,1135
99.45,633,1358,1113
99.60,619,1347,1102
99.75,620,1333,1092
99.90,605,1318,1077
100.05,605,1301,1064
100.20,587,1282,1060
100.35,580,1276,1043
100.50,570,1256,1028
100.65,562,1222,1000
100.80,552,1200,981
100.95,544,1183,977
101.10,534,1161,950
101.25,527,1144,934
101.40,525,1126,931
101.55,518,1124,909
101.70,514,1101,911
101.85,499,1094,894
102.00,489,1076,869
102.15,489,1044,863
102.30,471,1023,835
102.45,462,1006,832
102.60,461,983,805
102.75,447,968,801
102.90,433,938,766
103.05,432,933,753
103.20,423,926,749
103.35,414,897,732
103.50,405,876,716
103.65,403,872,711
103.80,396,853,698
103.95,389,842,688
104.10,380,821,671
104.25,381,808,660
104.40,367,803,647
104.55,360,787,636
104.70,355,774,624
104.85,356,766,619
105.00,352,756,609
105.15,342,740,605
105.30,345,730,603
105.45,335,722,589
105.60,335,719,581
105.75,326,710,572
105.90,326,688,563
106.05,320,684,558
106.20,314,663,547
106.35,302,647,529
106.50,300,641,522
106.65,289,627,506
106.80,286,603,496
106.95,274,587,478
107.10,266,572,467
107.25,263,564,462
107.40,261,556,454
107.55,260,547,446
107.70,250,534,437
107.85,250,530,426
108.00,236,504,411
108.15,237,495,403
108.30,227,484,394
108.45,219,470,378
108.60,213,454,371
108.75,212,443,361
108.90,202,429,348
109.05,196,404,330
109.20,191,404,330
109.35,184,396,316
109.50,187,387,316
109.65,180,378,307
109.80,178,373,299
109.95,171,363,291
110.10,158,337,270
110.25,161,332,270
110.40,158,332,270
110.55,156,323,258
110.70,148,311,249
110.85,147,311,244
111.00,147,305,245
111.15,140,298,239
111.30,138,288,234
111.45,136,282,225
111.60,133,282,226
111.75,130,275,214
111.90,127,262,214
112.05,124,255,208
112.20,121,248,201
112.35,116,243,194
112.50,116,231,189
112.65,112,222,180
112.80,104,214,172
112.95,100,206,166
113.10,97,197,153
113.25,96,190,154
113.40,89,180,146
113.55,89,179,145
113.70,84,172,140
113.85,83,166,127
114.00,80,158,130
114.15,79,148,122
114.30,74,143,119
114.45,69,132,108
114.60,67,130,97
114.75,63,125,101
114.90,64,114,87
115.05,59,113,91
115.20,58,110,88
115.35,54,103,73
115.50,54,96,77
115.65,51,95,78
115.80,49,88,62
115.95,48,89,61
116.10,43,78,64
116.25,44,79,53
116.40,43,76,51
116.55,43,63,57
116.70,39,69,45
116.85,37,68,54
117.00,37,64,41
117.15,36,54,39
117.30,34,60,50
117.45,34,58,48
117.60,33,56,34
117.75,36,45,44
117.90,32,42,42
118.05,31,49,39
118.20,30,48,27
118.35,28,45,25
118.50,30,33,34
118.65,29,30,33
118.80,25,40,20
118.95,25,37,30
119.10,25,25,29
119.25,26,34,28
119.40,23,33,27
119.55,25,33,26
119.70,22,21,25
119.85,22,31,25
120.00,21,31,25
120.15,21,29,25
120.30,21,30,12
120.45,22,30,25
120.60,22,30,25
120.75,21,21,25
120.90,22,32,26
121.05,23,32,26
121.20,23,23,28
121.35,22,34,29
121.50,24,25,29
121.65,25,37,19
121.80,24,38,20
121.95,26,29,34
122.10,27,31,34
122.25,29,44,26
122.40,31,45,26
122.55,32,50,41
122.70,30,49,42
122.85,31,41,42
123.00,34,43,45
123.15,33,45,44
123.30,33,47,35
123.45,36,49,37
123.60,35,50,39
123.75,36,62,51
123.90,37,56,53
124.05,39,59,56
124.20,40,70,48
124.35,41,75,63
124.50,44,71,55
124.65,45,83,70
124.80,48,82,74
124.95,50,87,67
125.10,53,98,82
125.25,55,101,85
125.40,59,107,88
125.55,64,119,102
125.70,64,119,93
125.85,67,118,103
126.00,70,131,99
126.15,71,139,107
126.30,71,136,116
126.45,76,152,125
126.60,81,159,134
126.75,82,160,125
126.90,91,177,148
127.05,92,175,147
127.20,94,182,151
127.35,96,195,160
127.50,95,194,154
127.65,99,204,161
127.80,102,209,165
127.95,107,220,180
128.10,114,229,187
128.25,116,236,195
128.40,117,235,195
128.55,121,249,206
128.70,121,249,201
128.85,123,254,212
129.00,126,261,211
129.15,129,266,216
129.30,136,273,226
129.45,137,278,231
129.60,137,283,231
129.75,140,296,237
129.90,144,297,243
130.05,147,306,254
130.20,151,315,261
130.35,159,330,269
130.50,164,335,278
130.65,164,345,283
130.80,174,357,296
130.95,175,367,304
131.10,182,383,311
131.25,188,397,326
131.40,188,396,326
131.55,199,420,341
131.70,197,419,345
131.85,201,428,353
132.00,210,452,368
132.15,218,467,381
132.30,223,471,384
132.45,235,508,414
132.60,239,500,413
132.75,242,522,424
132.90,246,525,434
133.05,266,578,470
133.20,267,570,473
133.35,270,569,469
133.50,266,569,472
133.65,274,578,477
133.80,276,592,488
133.95,287,605,500
134.10,294,619,509
134.25,297,628,516
134.40,309,653,542
134.55,308,654,544
134.70,312,662,544
134.85,311,672,553
135.00,317,682,561
135.15,320,689,569
135.30,324,700,583
135.45,333,717,591
135.60,339,727,594
135.75,338,729,609
135.90,344,741,612
136.05,349,764,621
136.20,361,778,642
136.35,363,783,654
136.50,371,799,659
136.65,383,817,680
136.80,385,844,695
136.95,393,850,698
137.10,400,871,722
137.25,407,896,725
137.40,424,918,752
137.55,428,918,753
137.70,450,977,792
137.85,444,977,791
138.00,450,976,792
138.15,462,1007,823
138.30,461,1006,824
138.45,481,1050,860
138.60,481,1049,870
138.75,482,1053,871
138.90,491,1085,879
139.05,505,1090,903
139.20,513,1121,917
139.35,529,1144,946
139.50,523,1142,946
139.65,537,1175,961
139.80,538,1189,962
139.95,545,1204,974
140.10,577,1247,1020
140.25,568,1247,1030
140.40,568,1261,1019
140.55,581,1285,1039
140.70,584,1292,1043
140.85,589,1289,1052
141.00,594,1316,1063
141.15,599,1311,1074
141.30,613,1338,1084
141.45,611,1336,1107
141.60,625,1364,1107
141.75,622,1363,1130
141.90,632,1394,1130
142.05,639,1396,1143
142.20,646,1414,1173
142.35,657,1452,1175
142.50,673,1455,1191
142.65,674,1478,1209
142.80,694,1519,1227
142.95,695,1525,1245
143.10,703,1546,1260
143.25,719,1564,1288
143.40,729,1584,1291
143.55,733,1612,1314
143.70,745,1641,1336
143.85,746,1654,1349
144.00,763,1680,1366
144.15,778,1694,1393
144.30,786,1714,1409
144.45,788,1749,1412
144.60,817,1805,1484
144.75,818,1803,1466
144.90,819,1807,1485
145.05,829,1829,1484
145.20,837,1863,1502
145.35,855,1889,1550
145.50,869,1896,1538
145.65,879,1931,1556
145.80,876,1935,1571
145.95,887,1977,1592
146.10,906,1979,1622
146.25,915,2023,1656
146.40,926,2036,1641
146.55,939,2050,1664
146.70,935,2066,1692
146.85,951,2078,1699
147.00,947,2092,1699
147.15,952,2106,1711
147.30,961,2135,1739
147.45,967,2148,1736
147.60,986,2151,1764
147.75,982,2167,1764
147.90,991,2199,1781
148.05,1001,2206,1811
148.20,1009,2229,1814
148.35,1020,2255,1834
148.50,1045,2279,1853
148.65,1057,2306,1874
148.80,1057,2342,1898
148.95,1081,2378,1917
149.10,1079,2392,1937
149.25,1094,2425,1964
149.40,1117,2462,1981
149.55,1110,2464,2009
149.70,1116,2476,2004
149.85,1142,2534,2064
150.00,1143,2531,2048
150.15,1162,2581,2087
150.30,1164,2581,2103
150.45,1185,2645,2128
150.60,1201,2666,2157
150.75,1202,2670,2160
150.90,1221,2722,2189
151.05,1250,2791,2244
151.20,1250,2776,2246
151.35,1252,2793,2246
151.50,1261,2817,2265
151.65,1278,2856,2294
151.80,1281,2862,2303
151.95,1293,2883,2318
152.10,1318,2916,2358
152.25,1341,2967,2387
152.40,1328,2954,2384
152.55,1343,2984,2408
152.70,1347,3007,2431
152.85,1352,3009,2443
153.00,1372,3041,2459
153.15,1382,3058,2472
153.30,1379,3063,2474
153.45,1386,3091,2488
153.60,1394,3108,2502
153.75,1415,3113,2521
153.90,1414,3152,2541
154.05,1437,3161,2575
154.20,1434,3185,2578
154.35,1461,3233,2614
154.50,1473,3262,2623
154.65,1475,3295,2645
154.80,1489,3327,2671
154.95,1498,3351,2690
155.10,1512,3368,2712
155.25,1524,3393,2735
155.40,1556,3441,2773
155.55,1545,3453,2771
155.70,1555,3461,2800
155.85,1567,3490,2811
156.00,1588,3510,2824
156.15,1603,3545,2854
156.30,1605,3576,2878
156.45,1618,3609,2903
156.60,1653,3697,2967
156.75,1663,3695,2964
156.90,1670,3724,2997
157.05,1683,3729,3015
157.20,1703,3799,3069
157.35,1702,3808,3068
157.50,1713,3834,3070
157.65,1727,3850,3094
157.80,1750,3902,3136
157.95,1749,3900,3136
158.10,1790,3982,3191
158.25,1778,3966,3203
158.40,1781,3970,3191
158.55,1796,4004,3217
158.70,1814,4034,3246
158.85,1810,4041,3262
159.00,1821,4059,3266
159.15,1827,4076,3294
159.30,1836,4094,3296
159.45,1844,4125,3313
159.60,1864,4127,3329
159.75,1863,4150,3347
159.90,1873,4172,3368
160.05,1885,4197,3386
160.20,1907,4226,3422
160.35,1910,4257,3443
160.50,1924,4288,3451
160.65,1937,4320,3473
160.80,1965,4356,3515
160.95,1979,4387,3525
161.10,1980,4414,3543
161.25,1988,4449,3576
161.40,2008,4491,3597
161.55,2016,4505,3607
161.70,2045,4531,3639
161.85,2053,4580,3677
162.00,2064,4578,3690
162.15,2084,4644,3741
162.30,2081,4642,3742
162.45,2101,4679,3769
162.60,2112,4722,3795
162.75,2124,4737,3801
162.90,2172,4851,3879
163.05,2170,4837,3879
163.20,2169,4847,3893
163.35,2179,4857,3896
163.50,2209,4925,3950
163.65,2219,4922,3949
163.80,2215,4950,3976
163.95,2227,4963,3983
164.10,2274,5044,4047
164.25,2264,5054,4047
164.40,2279,5053,4065
164.55,2278,5071,4067
164.70,2289,5113,4091
164.85,2295,5126,4102
165.00,2308,5154,4125
165.15,2316,5156,4152
165.30,2326,5175,4171
165.45,2332,5190,4186
165.60,2342,5211,4191
165.75,2352,5242,4223
165.90,2372,5252,4227
166.05,2373,5277,4246
166.20,2387,5319,4281
166.35,2399,5338,4291
166.50,2414,5385,4316
166.65,2428,5406,4339
166.80,2456,5444,4381
166.95,2461,5488,4406
167.10,2475,5505,4432
167.25,2486,5531,4452
167.40,2505,5588,4485
167.55,2518,5602,4494
167.70,2549,5664,4542
167.85,2548,5674,4541
168.00,2558,5691,4566
168.15,2580,5738,4601
168.30,2583,5744,4621
168.45,2621,5810,4656
168.60,2622,5822,4673
168.75,2637,5876,4704
168.90,2641,5877,4705
169.05,2679,5954,4770
169.20,2678,5950,4771
169.35,2687,5979,4799
169.50,2691,5994,4795
169.65,2715,6010,4820
169.80,2718,6049,4842
169.95,2731,6064,4862
170.10,2749,6113,4907
170.25,2765,6122,4907
170.40,2779,6170,4945
170.55,2789,6171,4960
170.70,2791,6194,4980
170.85,2807,6225,4982
171.00,2808,6246,4998
171.15,2825,6259,5014
171.30,2836,6268,5033
171.45,2841,6281,5063
171.60,2850,6301,5068
171.75,2850,6320,5082
171.90,2861,6342,5104
172.05,2872,6366,5121
172.20,2886,6394,5144
172.35,2899,6427,5165
172.50,2914,6457,5202
172.65,2937,6491,5223
172.80,2945,6524,5235
172.95,2962,6558,5259
173.10,2972,6586,5295
173.25,2999,6634,5324
173.40,3008,6657,5329
173.55,3034,6704,5368
173.70,3019,6689,5367
173.85,3046,6753,5423
174.00,3054,6745,5410
174.15,3085,6841,5493
174.30,3087,6827,5481
174.45,3093,6857,5508
174.60,3123,6894,5534
174.75,3132,6942,5575
174.90,3134,6945,5565
175.05,3165,6999,5609
175.20,3171,7003,5611
175.35,3172,7016,5634
175.50,3215,7102,5707
175.65,3213,7113,5705
175.80,3222,7103,5708
175.95,3223,7135,5720
176.10,3253,7186,5776
176.25,3249,7184,5774
176.40,3258,7198,5783
176.55,3272,7225,5821
176.70,3287,7247,5822
176.85,3284,7261,5852
177.00,3298,7284,5851
177.15,3298,7289,5864
177.30,3308,7319,5881
177.45,3317,7326,5896
177.60,3323,7351,5928
177.75,3342,7368,5927
177.90,3342,7389,5947
178.05,3358,7408,5964
178.20,3369,7434,5983
178.35,3384,7472,6007
178.50,3396,7506,6042
178.65,3415,7518,6059
178.80,3429,7561,6072
178.95,3445,7581,6096
179.10,3450,7613,6118
179.25,3469,7635,6139
179.40,3477,7670,6168
179.55,3477,7669,6171
179.70,3517,7763,6235
179.85,3516,7749,6235
180.00,3521,7760,6236
180.15,3526,7776,6260
180.30,3543,7818,6295
180.45,3555,7838,6324
180.60,3567,7875,6345
180.75,3579,7891,6352
180.90,3600,7921,6377
181.05,3619,7959,6426
181.20,3613,7978,6415
181.35,3634,8011,6468
181.50,3641,8017,6468
181.65,3653,8059,6483
181.80,3663,8074,6525
181.95,3663,8075,6510
182.10,3695,8137,6577
182.25,3695,8152,6564
182.40,3705,8148,6586
182.55,3714,8183,6599
182.70,3714,8194,6599
182.85,3723,8206,6630
183.00,3732,8222,6635
183.15,3738,8237,6645
183.30,3754,8255,6678
183.45,3752,8268,6676
183.60,3760,8282,6687
183.75,3769,8300,6722
183.90,3780,8320,6725
184.05,3794,8351,6736
184.20,3796,8366,6755
184.35,3816,8387,6788
184.50,3827,8410,6796
184.65,3838,8436,6827
184.80,3840,8468,6834
184.95,3854,8481,6852
185.10,3859,8498,6870
185.25,3868,8521,6890
185.40,3886,8562,6916
185.55,3886,8559,6934
185.70,3907,8593,6947
185.85,3914,8619,6971
186.00,3918,8638,6981
186.15,3935,8660,7016
186.30,3938,8666,7017
186.45,3948,8690,7037
186.60,3961,8721,7059
186.75,3973,8741,7082
186.90,3992,8769,7115
187.05,3993,8793,7136
187.20,4003,8816,7135
187.35,4015,8847,7161
187.50,4022,8861,7174
187.65,4030,8878,7187
187.80,4039,8874,7196
187.95,4050,8924,7228
188.10,4064,8949,7267
188.25,4070,8940,7263
188.40,4070,8965,7265
188.55,4082,8970,7282
188.70,4088,8992,7294
188.85,4094,9009,7317
189.00,4103,9013,7317
189.15,4110,9023,7327
189.30,4113,9040,7343
189.45,4118,9065,7353
189.60,4132,9069,7367
189.75,4130,9084,7381
189.90,4147,9099,7394
190.05,4146,9115,7422
190.20,4152,9131,7421
190.35,4162,9148,7437
190.50,4170,9167,7452
190.65,4176,9184,7465
190.80,4190,9199,7484
190.95,4200,9233,7502
191.10,4203,9245,7527
191.25,4210,9246,7541
191.40,4220,9266,7557
191.55,4234,9305,7580
191.70,4232,9301,7588
191.85,4239,9313,7586
192.00,4246,9330,7601
192.15,4262,9360,7637
192.30,4273,9376,7653
192.45,4274,9390,7652
192.60,4284,9424,7667
192.75,4299,9455,7697
192.90,4298,9446,7697
193.05,4306,9475,7714
193.20,4314,9477,7725
193.35,4322,9497,7746
193.50,4332,9511,7768
193.65,4339,9530,7763
193.80,4343,9540,7797
193.95,4349,9555,7794
194.10,4355,9565,7801
194.25,4362,9575,7814
194.40,4365,9600,7824
194.55,4382,9613,7845
194.70,4384,9616,7846
194.85,4383,9624,7855
195.00,4388,9633,7865
195.15,4395,9648,7889
195.30,4402,9658,7900
195.45,4401,9669,7897
195.60,4407,9680,7906
195.75,4413,9687,7916
195.90,4418,9697,7931
196.05,4426,9711,7935
196.20,4428,9737,7949
196.35,4437,9735,7955
196.50,4439,9748,7967
196.65,4444,9759,7990
196.80,4459,9789,8006
196.95,4460,9785,8016
197.10,4462,9801,8012
197.25,4466,9807,8022
197.40,4474,9822,8034
197.55,4482,9837,8046
197.70,4482,9842,8051
197.85,4495,9857,8076
198.00,4495,9870,8091
198.15,4511,9886,8090
198.30,4509,9899,8109
198.45,4516,9909,8109
198.60,4524,9920,8121
198.75,4524,9941,8142
198.90,4539,9953,8149
199.05,4536,9965,8144
199.20,4549,9974,8183
199.35,4545,9976,8168
199.50,4550,9990,8192
199.65,4553,9995,8199
199.80,4563,10026,8202
199.95,4562,10022,8203
200.10,4574,10040,8222
200.25,4572,10052,8233
200.40,4576,10047,8226
200.55,4584,10060,8240
200.70,4585,10066,8258
200.85,4588,10066,8244
201.00,4589,10075,8250
201.15,4593,10091,8257
201.30,4595,10088,8262
201.45,4597,10094,8283
201.60,4605,10097,8286
201.75,4610,10104,8292
201.90,4607,10116,8299
202.05,4610,10112,8295
202.20,4615,10125,8300
202.35,4617,10136,8308
202.50,4624,10146,8315
202.65,4624,10155,8322
202.80,4629,10166,8343
202.95,4637,10181,8351
203.10,4636,10194,8340
203.25,4642,10195,8347
203.40,4644,10198,8371
203.55,4647,10203,8357
203.70,4647,10206,8365
203.85,4652,10213,8381
204.00,4654,10219,8386
204.15,4660,10239,8394
204.30,4660,10252,8391
204.45,4663,10247,8397
204.60,4668,10258,8402
204.75,4672,10258,8420
204.90,4673,10273,8417
205.05,4673,10282,8418
205.20,4676,10280,8423
205.35,4679,10281,8429
205.50,4681,10299,8431
205.65,4689,10306,8453
205.80,4686,10303,8454
205.95,4695,10323,8461
206.10,4689,10319,8446
206.25,4691,10315,8453
206.40,4694,10333,8454
206.55,4693,10320,8456
206.70,4699,10331,8475
206.85,4698,10342,8462
207.00,4699,10332,8466
207.15,4703,10347,8480
207.30,4699,10337,8466
207.45,4701,10337,8471
207.60,4702,10340,8471
207.75,4704,10346,8470
207.90,4708,10340,8476
208.05,4710,10339,8476
208.20,4709,10350,8493
208.35,4711,10354,8493
208.50,4708,10358,8483
208.65,4709,10363,8486
208.80,4713,10364,8485
208.95,4711,10364,8490
209.10,4709,10375,8494
209.25,4716,10368,8506
209.40,4714,10381,8494
209.55,4717,10372,8493
209.70,4714,10374,8503
209.85,4716,10368,8494
210.00,4714,10383,8495
210.15,4720,10377,8500
210.30,4716,10388,8511
210.45,4721,10391,8502
210.60,4716,10380,8499
210.75,4717,10382,8501
210.90,4715,10378,8496
211.05,4720,10387,8499
211.20,4716,10387,8496
211.35,4713,10385,8496
211.50,4716,10382,8497
211.65,4713,10375,8494
211.80,4718,10375,8510
211.95,4715,10376,8509
212.10,4710,10369,8492
212.25,4711,10374,8493
212.40,4711,10373,8506
212.55,4709,10372,8491
212.70,4709,10370,8488
212.85,4709,10376,8488
213.00,4706,10367,8489
213.15,4706,10366,8485
213.30,4706,10365,8485
213.45,4710,10361,8498
213.60,4704,10357,8493
213.75,4707,10365,8497
213.90,4701,10347,8479
214.05,4700,10355,8491
214.20,4706,10347,8473
214.35,4704,10355,8474
214.50,4696,10347,8480
214.65,4695,10336,8474
214.80,4698,10330,8462
214.95,4691,10334,8470
215.10,4687,10328,8452
215.25,4686,10312,8444
215.40,4684,10317,8459
215.55,4684,10307,8439
215.70,4681,10314,8438
215.85,4679,10305,8434
216.00,4677,10300,8431
216.15,4671,10286,8421
216.30,4669,10278,8427
216.45,4664,10275,8403
216.60,4665,10263,8403
216.75,4661,10271,8417
216.90,4653,10251,8392
217.05,4660,10253,8394
217.20,4653,10244,8380
217.35,4650,10242,8392
217.50,4645,10239,8375
217.65,4645,10225,8366
217.80,4647,10223,8363
217.95,4641,10208,8360
218.10,4628,10181,8337
218.25,4628,10188,8339
218.40,4628,10190,8337
218.55,4629,10185,8351
218.70,4620,10177,8326
218.85,4620,10176,8326
219.00,4616,10168,8331
219.15,4612,10162,8314
219.30,4614,10149,8324
219.45,4607,10157,8318
219.60,4610,10140,8298
219.75,4603,10128,8289
219.90,4599,10122,8286
220.05,4595,10112,8281
220.20,4592,10117,8274
220.35,4590,10097,8278
220.50,4583,10092,8258
220.65,4583,10084,8251
220.80,4578,10071,8253
220.95,4571,10063,8247
221.10,4570,10056,8224
221.25,4563,10058,8219
221.40,4564,10043,8211
221.55,4556,10026,8194
221.70,4552,10028,8207
221.85,4538,10001,8170
222.00,4539,9996,8175
222.15,4536,9985,8166
222.30,4524,9962,8149
222.45,4525,9964,8149
222.60,4516,9942,8132
222.75,4513,9941,8140
222.90,4507,9935,8131
223.05,4503,9914,8106
223.20,4497,9910,8095
223.35,4479,9862,8064
223.50,4479,9862,8077
223.65,4478,9862,8078
223.80,4476,9848,8067
223.95,4467,9837,8047
224.10,4464,9827,8038
224.25,4449,9802,8010
224.40,4450,9808,8011
224.55,4443,9792,8001
224.70,4436,9763,7996
224.85,4436,9778,8000
225.00,4431,9756,7978
225.15,4432,9743,7982
225.30,4421,9743,7956
225.45,4415,9718,7948
225.60,4418,9708,7940
225.75,4407,9700,7931
225.90,4403,9685,7921
226.05,4397,9687,7911
226.20,4390,9662,7902
226.35,4385,9643,7883
226.50,4374,9629,7874
226.65,4370,9617,7863
226.80,4361,9599,7848
226.95,4356,9593,7839
227.10,4349,9584,7826
227.25,4350,9570,7831
227.40,4336,9557,7818
227.55,4333,9527,7792
227.70,4324,9514,7780
227.85,4318,9492,7759
228.00,4308,9493,7765
228.15,4306,9472,7755
228.30,4284,9426,7698
228.45,4285,9418,7699
228.60,4271,9401,7695
228.75,4267,9393,7689
228.90,4253,9346,7641
229.05,4249,9347,7642
229.20,4234,9316,7617
229.35,4237,9321,7618
229.50,4234,9305,7606
229.65,4213,9282,7592
229.80,4220,9284,7581
229.95,4207,9270,7569
230.10,4194,9217,7548
230.25,4187,9218,7550
230.40,4185,9207,7541
230.55,4170,9175,7500
230.70,4167,9164,7491
230.85,4169,9173,7487
231.00,4157,9147,7486
231.15,4147,9130,7458
231.30,4144,9112,7459
231.45,4138,9109,7451
231.60,4136,9098,7426
231.75,4126,9071,7412
231.90,4120,9053,7403
232.05,4111,9050,7386
232.20,4098,9018,7372
232.35,4086,9008,7369
232.50,4085,8987,7340
232.65,4073,8961,7324
232.80,4066,8938,7306
232.95,4053,8922,7290
233.10,4041,8894,7269
233.25,4046,8889,7265
233.40,4031,8882,7247
233.55,4017,8841,7241
233.70,4002,8802,7195
233.85,4003,8814,7198
234.00,3990,8786,7189
234.15,3973,8742,7149
234.30,3970,8738,7159
234.45,3956,8702,7115
234.60,3935,8653,7076
234.75,3941,8661,7075
234.90,3923,8637,7058
235.05,3913,8616,7038
235.20,3904,8584,7020
235.35,3897,8589,7017
235.50,3892,8547,6992
235.65,3854,8486,6950
235.80,3855,8485,6936
235.95,3855,8473,6932
236.10,3849,8467,6943
236.25,3847,8452,6907
236.40,3829,8424,6894
236.55,3821,8412,6874
236.70,3801,8364,6850
236.85,3807,8354,6838
237.00,3793,8340,6839
237.15,3786,8324,6828
237.30,3775,8299,6809
237.45,3769,8288,6785
237.60,3760,8280,6770
237.75,3753,8261,6756
237.90,3742,8241,6752
238.05,3741,8217,6722
238.20,3723,8186,6717
238.35,3715,8164,6688
238.50,3705,8141,6669
238.65,3702,8118,6662
238.80,3684,8091,6644
238.95,3673,8071,6613
239.10,3662,8051,6609
239.25,3651,8023,6572
239.40,3636,7988,6559
239.55,3636,7999,6547
239.70,3623,7958,6535
239.85,3620,7939,6517
240.00,3604,7914,6486
240.15,3552,7804,6407
240.30,3553,7804,6396
240.45,3560,7821,6413
240.60,3554,7815,6408
240.75,3538,7771,6365
240.90,3525,7739,6342
241.05,3517,7738,6345
241.20,3488,7665,6290
241.35,3491,7671,6292
241.50,3471,7636,6249
241.65,3472,7626,6248
241.80,3459,7598,6227
241.95,3449,7580,6209
242.10,3421,7499,6145
242.25,3418,7502,6162
242.40,3417,7501,6147
242.55,3394,7461,6106
242.70,3390,7455,6098
242.85,3382,7427,6084
243.00,3374,7421,6070
243.15,3363,7389,6065
243.30,3352,7366,6034
243.45,3346,7345,6018
243.60,3336,7325,6001
243.75,3324,7315,5981
243.90,3316,7281,5962
244.05,3311,7258,5944
244.20,3301,7234,5926
244.35,3282,7209,5905
244.50,3270,7183,5883
244.65,3260,7156,5862
244.80,3257,7134,5843
244.95,3243,7110,5823
245.10,3235,7089,5808
245.25,3213,7069,5776
245.40,3204,7039,5766
245.55,3198,7036,5748
245.70,3185,6996,5731
245.85,3175,6956,5695
246.00,3159,6940,5679
246.15,3154,6910,5658
246.30,3133,6880,5647
246.45,3089,6786,5553
246.60,3099,6797,5556
246.75,3090,6796,5554
246.90,3062,6728,5521
247.05,3070,6725,5505
247.20,3050,6701,5484
247.35,3024,6644,5437
247.50,3026,6657,5437
247.65,3015,6631,5430
247.80,3003,6596,5410
247.95,2986,6560,5366
248.10,2970,6536,5340
248.25,2965,6515,5328
248.40,2957,6507,5325
248.55,2936,6456,5296
248.70,2941,6439,5264
248.85,2921,6432,5263
249.00,2920,6397,5247
249.15,2912,6380,5216
249.30,2900,6351,5194
249.45,2881,6330,5191
249.60,2871,6311,5158
249.75,2867,6284,5137
249.90,2849,6274,5132
250.05,2846,6239,5097
250.20,2825,6223,5077
250.35,2814,6186,5054
250.50,2810,6172,5031
250.65,2792,6132,5009
250.80,2776,6101,4998
250.95,2762,6074,4975
251.10,2755,6057,4948
251.25,2740,6021,4919
251.40,2732,6005,4904
251.55,2719,5961,4870
251.70,2686,5907,4824
251.85,2696,5919,4839
252.00,2674,5883,4803
252.15,2665,5873,4785
252.30,2650,5842,4759
252.45,2632,5799,4740
252.60,2616,5755,4697
252.75,2606,5735,4680
252.90,2592,5681,4636
253.05,2579,5675,4643
253.20,2576,5641,4605
253.35,2545,5600,4569
253.50,2538,5581,4555
253.65,2526,5555,4535
253.80,2518,5540,4519
253.95,2505,5509,4494
254.10,2478,5451,4449
254.25,2488,5455,4449
254.40,2468,5434,4431
254.55,2455,5397,4403
254.70,2445,5374,4383
254.85,2446,5357,4387
255.00,2434,5331,4346
255.15,2423,5320,4342
255.30,2401,5284,4309
255.45,2391,5271,4288
255.60,2390,5237,4270
255.75,2370,5224,4263
255.90,2367,5189,4230
256.05,2344,5160,4209
256.20,2337,5136,4186
256.35,2321,5121,4162
256.50,2310,5081,4156
256.65,2301,5071,4125
256.80,2295,5041,4097
256.95,2281,4998,4070
257.10,2266,4980,4058
257.25,2249,4957,4028
257.40,2233,4912,4002
257.55,2219,4893,3991
257.70,2208,4832,3951
257.85,2208,4833,3937
258.00,2197,4812,3920
258.15,2177,4767,3883
258.30,2154,4739,3860
258.45,2125,4687,3823
258.60,2124,4676,3809
258.75,2114,4642,3770
258.90,2102,4615,3749
259.05,2063,4536,3710
259.20,2073,4537,3709
259.35,2062,4515,3676
259.50,2038,4497,3667
259.65,2027,4469,3642
259.80,2023,4463,3623
259.95,2017,4409,3606
260.10,1999,4396,3594
260.25,1968,4326,3525
260.40,1979,4329,3524
260.55,1942,4282,3478
260.70,1943,4284,3478
260.85,1955,4268,3479
261.00,1930,4263,3463
261.15,1933,4238,3455
261.30,1909,4211,3422
261.45,1901,4191,3403
261.60,1891,4157,3385
261.75,1879,4142,3365
261.90,1869,4105,3344
262.05,1855,4082,3327
262.20,1845,4056,3306
262.35,1845,4030,3282
262.50,1823,4017,3262
262.65,1820,3976,3255
262.80,1809,3948,3216
262.95,1784,3931,3206
263.10,1776,3915,3193
263.25,1760,3871,3154
263.40,1742,3830,3122
263.55,1733,3805,3101
263.70,1732,3778,3079
263.85,1694,3709,3011
264.00,1684,3709,3027
264.15,1685,3710,3012
264.30,1667,3636,2964
264.45,1656,3637,2963
264.60,1642,3607,2940
264.75,1630,3578,2914
264.90,1590,3491,2844
265.05,1592,3508,2846
265.20,1583,3489,2832
265.35,1555,3415,2782
265.50,1556,3429,2784
265.65,1541,3379,2755
265.80,1538,3374,2751
265.95,1502,3298,2688
266.10,1502,3298,2688
266.25,1504,3300,2703
266.40,1497,3283,2674
266.55,1495,3253,2667
266.70,1477,3255,2640
266.85,1459,3199,2621
267.00,1470,3197,2605
267.15,1438,3169,2587
267.30,1433,3142,2561
267.45,1426,3126,2561
267.60,1430,3121,2532
267.75,1419,3087,2515
267.90,1396,3063,2510
268.05,1385,3049,2474
268.20,1388,3029,2457
268.35,1363,2990,2436
268.50,1368,2982,2422
268.65,1343,2939,2409
268.80,1335,2910,2364
268.95,1334,2894,2374
269.10,1306,2874,2330
269.25,1287,2824,2317
269.40,1282,2808,2304
269.55,1272,2786,2287
269.70,1257,2751,2257
269.85,1248,2733,2243
270.00,1238,2711,2224
270.15,1231,2678,2173
270.30,1219,2656,2169
270.45,1194,2584,2108
270.60,1182,2587,2123
270.75,1170,2561,2089
270.90,1170,2532,2064
271.05,1150,2517,2067
271.20,1136,2498,2026
271.35,1136,2469,2003
271.50,1116,2440,1990
271.65,1104,2416,1971
271.80,1093,2391,1950
271.95,1087,2387,1938
272.10,1064,2325,1914
272.25,1067,2339,1896
272.40,1053,2272,1854
272.55,1053,2272,1871
272.70,1036,2260,1845
272.85,1040,2243,1832
273.00,1016,2216,1825
273.15,1007,2210,1794
273.30,1002,2184,1785
273.45,994,2182,1770
273.60,984,2160,1753
273.75,978,2130,1757
273.90,980,2126,1743
274.05,960,2094,1709
274.20,962,2073,1695
274.35,951,2047,1674
274.50,930,2038,1655
274.65,918,2000,1634
274.80,919,1976,1617
274.95,899,1957,1600
275.10,888,1932,1579
275.25,877,1909,1562
275.40,873,1895,1566
275.55,863,1877,1551
275.70,850,1849,1529
275.85,836,1831,1501
276.00,837,1816,1486
276.15,836,1794,1470
276.30,824,1768,1447
276.45,800,1755,1425
276.60,803,1736,1410
276.75,783,1681,1377
276.90,770,1671,1369
277.05,773,1655,1356
277.20,752,1646,1351
277.35,736,1594,1305
277.50,742,1592,1318
277.65,724,1584,1287
277.80,714,1549,1283
277.95,713,1528,1251
278.10,684,1484,1216
278.25,694,1486,1217
278.40,683,1461,1211
278.55,667,1459,1197
278.70,660,1429,1172
278.85,652,1415,1161
279.00,657,1403,1163
279.15,649,1387,1149
279.30,633,1368,1135
279.45,634,1367,1110
279.60,619,1352,1111
279.75,619,1321,1085
279.90,605,1307,1085
280.05,596,1290,1059
280.20,589,1271,1057
280.35,589,1255,1043
280.50,580,1253,1018
280.65,565,1219,1012
280.80,564,1203,987
280.95,549,1184,984
281.10,537,1158,963
281.25,537,1144,937
281.40,524,1142,928
281.55,522,1124,924
281.70,511,1102,905
281.85,505,1088,893
282.00,506,1074,893
282.15,486,1047,860
282.30,480,1035,863
282.45,469,1024,841
282.60,467,991,816
282.75,455,990,803
282.90,446,960,789
283.05,439,944,786
283.20,427,915,753
283.35,424,923,750
283.50,414,894,742
283.65,415,878,731
283.80,403,875,710
283.95,389,847,687
284.10,385,833,685
284.25,379,812,668
284.40,380,811,668
284.55,365,782,642
284.70,360,772,643
284.85,360,761,634
285.00,355,748,616
285.15,345,740,607
285.30,339,727,605
285.45,335,726,591
285.60,329,705,586
285.75,326,702,570
285.90,319,690,562
286.05,315,671,552
286.20,308,666,546
286.35,300,643,534
286.50,295,630,519
286.65,295,616,507
286.80,283,602,499
286.95,283,600,485
287.10,273,588,478
287.25,272,567,466
287.40,263,559,463
287.55,256,550,448
287.70,253,540,441
287.85,243,524,426
288.00,242,509,414
288.15,231,488,403
288.30,227,479,394
288.45,221,463,381
288.60,210,442,364
288.75,215,444,365
288.90,205,438,356
289.05,203,423,344
289.20,194,410,338
289.35,184,385,316
289.50,187,385,315
289.65,177,378,306
289.80,173,366,297
289.95,171,359,295
290.10,168,349,286
290.25,160,337,273
290.40,158,329,271
290.55,154,326,265
290.70,150,310,257
290.85,148,306,252
291.00,144,303,241
291.15,144,291,240
291.30,142,288,229
291.45,138,277,223
291.60,131,274,222
291.75,131,267,216
291.90,129,256,211
292.05,125,247,198
292.20,117,240,198
292.35,114,233,192
292.50,114,225,185
292.65,109,221,180
292.80,103,210,173
292.95,104,202,167
293.10,100,196,161
293.25,93,188,147
293.40,92,183,143
293.55,89,180,140
293.70,90,174,143
293.85,85,166,129
294.00,81,159,132
294.15,78,152,126
294.30,75,147,120
294.45,70,134,104
294.60,68,132,109
294.75,67,127,105
294.90,65,117,101
295.05,64,116,86
295.20,62,110,91
295.35,55,97,75
295.50,54,100,73
295.65,51,95,78
295.80,49,83,73
295.95,50,87,61
296.10,49,81,57
296.25,46,70,64
296.40,41,65,49
296.55,39,62,58
296.70,39,68,56
296.85,41,66,55
297.00,40,54,52
297.15,36,59,38
297.30,37,58,47
297.45,33,56,46
297.60,32,44,33
297.75,31,51,31
297.90,31,50,29
298.05,29,47,39
298.20,29,45,37
298.35,31,42,34
298.50,29,40,34
298.65,26,39,32
298.80,27,27,31
298.95,24,37,18
299.10,25,34,17
299.25,24,34,16
299.40,24,33,27
299.55,22,32,26
299.70,25,21,26
299.85,24,31,27
300.00,22,31,26
300.15,22,30,24
300.30,22,30,24
300.45,22,20,26
300.60,21,30,13
300.75,22,30,26
300.90,24,32,13
301.05,23,33,26
301.20,23,22,15
301.35,26,35,16
301.50,23,36,29
301.65,27,37,30
301.80,25,28,32
301.95,26,40,33
302.10,30,43,36
302.25,28,44,24
302.40,28,45,25
302.55,30,39,39
302.70,30,39,28
302.85,30,52,42
303.00,32,53,32
303.15,33,56,46
303.30,37,50,47
303.45,39,62,39
303.60,36,55,41
303.75,38,67,54
303.90,38,70,55
304.05,40,64,59
304.20,44,75,50
304.35,43,79,65
304.50,45,75,56
304.65,51,80,72
304.80,49,85,64
304.95,51,90,78
305.10,53,100,81
305.25,58,104,85
305.40,57,105,90
305.55,62,113,92
305.70,61,116,95
305.85,64,125,92
306.00,66,128,104
306.15,72,134,109
306.30,72,141,106
306.45,77,148,120
306.60,78,155,127
306.75,83,161,131
306.90,88,168,129
307.05,90,176,135
307.20,91,182,149
307.35,96,191,156
307.50,97,198,161
307.65,104,205,166
307.80,107,214,173
307.95,111,220,179
308.10,111,228,180
308.25,115,238,194
308.40,118,244,199
308.55,124,259,208
308.70,126,260,206
308.85,128,265,215
309.00,131,272,216
309.15,134,284,227
309.30,142,292,235
309.45,140,292,238
309.60,144,304,245
309.75,146,311,244
309.90,153,313,254
310.05,153,321,262
310.20,160,336,266
310.35,165,340,277
310.50,167,351,283
310.65,171,361,295
310.80,176,374,302
310.95,180,383,309
311.10,185,392,319
311.25,194,408,327
311.40,194,417,337
311.55,197,420,342
311.70,200,432,346
311.85,207,444,356
312.00,212,451,367
312.15,218,471,380
312.30,230,486,393
312.45,229,495,400
312.60,238,506,414
312.75,243,518,424
312.90,252,527,433
313.05,261,555,448
313.20,266,566,457
313.35,271,569,465
313.50,276,578,477
313.65,277,600,484
313.80,283,605,498
313.95,289,619,510
314.10,294,631,517
314.25,302,649,530
314.40,312,666,543
314.55,316,677,559
314.70,321,688,562
314.85,322,694,568
315.00,328,715,577
315.15,334,717,593
315.30,340,729,596
315.45,342,746,602
315.60,349,756,610
315.75,358,758,619
315.90,363,769,628
316.05,362,782,648
316.20,375,797,652
316.35,378,822,665
316.50,385,839,677
316.65,392,856,692
316.80,407,875,707
316.95,407,889,727
317.10,414,891,729
317.25,424,902,738
317.40,425,928,759
317.55,432,944,763
317.70,437,944,772
317.85,451,962,797
318.00,452,989,809
318.15,468,999,817
318.30,470,1027,830
318.45,479,1049,847
318.60,495,1067,863
318.75,497,1087,878
318.90,512,1094,905
319.05,513,1112,909
319.20,521,1129,935
319.35,530,1150,951
319.50,537,1163,951
319.65,545,1182,977
319.80,551,1213,982
319.95,567,1229,995
320.10,577,1237,1022
320.25,581,1259,1030
320.40,588,1274,1042
320.55,604,1296,1070
320.70,604,1311,1073
320.85,609,1319,1080
321.00,623,1351,1095
321.15,630,1351,1105
321.30,631,1382,1120
321.45,644,1381,1130
321.60,642,1394,1154
321.75,657,1407,1151
321.90,657,1423,1164
322.05,663,1457,1194
322.20,680,1460,1195
322.35,682,1483,1214
322.50,693,1506,1231
322.65,702,1525,1248
322.80,712,1563,1281
322.95,718,1564,1280
323.10,728,1580,1308
323.25,743,1599,1321
323.40,752,1620,1324
323.55,750,1649,1337
323.70,758,1649,1349
323.85,778,1675,1384
324.00,787,1694,1400
324.15,790,1720,1422
324.30,809,1755,1426
324.45,811,1765,1445
324.60,823,1794,1468
324.75,833,1815,1486
324.90,845,1841,1506
325.05,856,1879,1526
325.20,874,1886,1541
325.35,876,1926,1563
325.50,895,1931,1579
325.65,895,1966,1596
325.80,904,1973,1630
325.95,913,2007,1629
326.10,937,2018,1651
326.25,939,2047,1690
326.40,957,2066,1689
326.55,958,2090,1710
326.70,976,2123,1723
326.85,973,2123,1735
327.00,981,2156,1751
327.15,988,2152,1762
327.30,1005,2171,1775
327.45,1000,2182,1787
327.60,1007,2211,1799
327.75,1026,2213,1828
327.90,1036,2234,1844
328.05,1045,2252,1846
328.20,1043,2292,1864
328.35,1055,2303,1886
328.50,1079,2342,1921
328.65,1077,2353,1926
328.80,1104,2384,1952
328.95,1104,2411,1988
329.10,1115,2433,1992
329.25,1136,2455,2024
329.40,1146,2477,2041
329.55,1141,2493,2040
329.70,1149,2529,2071
329.85,1164,2543,2079
330.00,1174,2565,2099
330.15,1187,2608,2138
330.30,1197,2619,2159
330.45,1225,2650,2168
330.60,1227,2681,2195
330.75,1239,2707,2213
330.90,1249,2747,2234
331.05,1275,2763,2275
331.20,1273,2802,2294
331.35,1296,2824,2300
331.50,1309,2848,2335
331.65,1321,2876,2357
331.80,1320,2900,2361
331.95,1332,2910,2382
332.10,1343,2937,2405
332.25,1356,2963,2427
332.40,1365,2990,2445
332.55,1392,3020,2471
332.70,1400,3039,2485
332.85,1396,3052,2512
333.00,1416,3070,2512
333.15,1410,3100,2525
333.30,1418,3101,2539
333.45,1425,3116,2553
333.60,1433,3148,2567
333.75,1442,3154,2584
333.90,1452,3177,2615
334.05,1461,3199,2619
334.20,1473,3222,2654
334.35,1486,3252,2662
334.50,1500,3295,2685
334.65,1523,3308,2722
334.80,1539,3340,2736
334.95,1554,3389,2761
335.10,1554,3401,2783
335.25,1577,3426,2805
335.40,1574,3450,2823
335.55,1587,3472,2856
335.70,1609,3495,2874
335.85,1613,3532,2903
336.00,1624,3554,2925
336.15,1646,3581,2944
336.30,1648,3609,2955
336.45,1664,3640,2995
336.60,1678,3673,3005
336.75,1700,3697,3026
336.90,1706,3733,3069
337.05,1721,3770,3083
337.20,1729,3791,3103
337.35,1757,3824,3142
337.50,1756,3847,3147
337.65,1769,3875,3185
337.80,1783,3920,3194
337.95,1792,3929,3215
338.10,1820,3975,3256
338.25,1820,3990,3264
338.40,1841,4024,3281
338.55,1857,4043,3308
338.70,1854,4063,3326
338.85,1872,4081,3337
339.00,1869,4098,3353
339.15,1876,4112,3367
339.30,1897,4132,3385
339.45,1894,4162,3410
339.60,1902,4179,3426
339.75,1911,4201,3442
339.90,1931,4211,3447
340.05,1932,4235,3467
340.20,1943,4273,3502
340.35,1959,4290,3512
340.50,1984,4319,3536
340.65,1987,4353,3564
340.80,2013,4402,3590
340.95,2028,4423,3634
341.10,2031,4449,3657
341.25,2041,4479,3663
341.40,2053,4502,3699
341.55,2064,4526,3702
341.70,2073,4544,3720
341.85,2091,4583,3752
342.00,2101,4609,3785
342.15,2116,4659,3799
342.30,2140,4683,3837
342.45,2143,4719,3867
342.60,2160,4737,3875
342.75,2174,4781,3901
342.90,2190,4814,3944
343.05,2205,4836,3968
343.20,2215,4874,3974
343.35,2231,4892,4018
343.50,2244,4934,4041
343.65,2256,4949,4050
343.80,2269,4975,4071
343.95,2280,5000,4094
344.10,2304,5048,4135
344.25,2317,5061,4142
344.40,2318,5086,4162
344.55,2346,5135,4191
344.70,2345,5143,4210
344.85,2353,5158,4222
345.00,2361,5188,4237
345.15,2368,5205,4264
345.30,2387,5212,4268
345.45,2383,5243,4280
345.60,2393,5250,4298
345.75,2402,5281,4314
345.90,2415,5309,4335
346.05,2435,5320,4370
346.20,2438,5349,4394
346.35,2452,5395,4405
346.50,2469,5417,4433
346.65,2492,5450,4459
346.80,2502,5499,4491
346.95,2522,5515,4511
347.10,2523,5540,4530
347.25,2545,5565,4553
347.40,2547,5591,4590
347.55,2555,5609,4590
347.70,2576,5634,4611
347.85,2580,5664,4633
348.00,2593,5689,4656
348.15,2617,5723,4685
348.30,2624,5756,4710
348.45,2640,5801,4747
348.60,2666,5833,4774
348.75,2666,5865,4804
348.90,2683,5888,4831
349.05,2706,5921,4859
349.20,2709,5946,4863
349.35,2725,5979,4889
349.50,2746,6020,4915
349.65,2757,6044,4950
349.80,2760,6056,4972
349.95,2771,6084,4992
350.10,2789,6136,5024
350.25,2804,6147,5017
350.40,2816,6172,5053
350.55,2819,6186,5063
350.70,2828,6212,5082
350.85,2850,6236,5116
351.00,2860,6264,5126
351.15,2870,6284,5143
351.30,2870,6303,5157
351.45,2877,6316,5171
351.60,2884,6346,5186
351.75,2895,6357,5204
351.90,2906,6380,5236
352.05,2917,6405,5243
352.20,2939,6442,5266
352.35,2950,6463,5289
352.50,2956,6501,5315
352.65,2972,6519,5337
352.80,2992,6547,5361
352.95,3005,6579,5386
353.10,3008,6602,5407
353.25,3019,6632,5440
353.40,3033,6671,5467
353.55,3044,6684,5470
353.70,3059,6716,5498
353.85,3073,6758,5521
354.00,3085,6771,5542
354.15,3108,6803,5589
354.30,3115,6831,5595
354.45,3139,6885,5639
354.60,3146,6902,5650
354.75,3160,6952,5682
354.90,3170,6959,5696
355.05,3183,6987,5719
355.20,3195,7023,5741
355.35,3209,7052,5780
355.50,3224,7059,5796
355.65,3236,7090,5808
355.80,3251,7117,5829
355.95,3253,7149,5859
356.10,3280,7184,5884
356.25,3275,7188,5901
356.40,3293,7212,5908
356.55,3306,7238,5932
356.70,3305,7258,5960
356.85,3314,7274,5957
357.00,3328,7302,5971
357.15,3326,7303,5988
357.30,3342,7330,6013
357.45,3342,7335,6025
357.60,3351,7353,6025
357.75,3359,7383,6039
357.90,3378,7391,6072
358.05,3387,7425,6090
358.20,3392,7443,6114
358.35,3402,7469,6120
358.50,3417,7511,6146
358.65,3428,7526,6171
358.80,3446,7574,6196
358.95,3458,7606,6221
359.10,3471,7634,6243
359.25,3483,7659,6277
359.40,3495,7680,6287
359.55,3513,7706,6314
359.70,3512,7716,6319
359.85,3539,7764,6351
360.00,3536,7773,6357
