
0.00,2541,5591,4571
0.15,2549,5590,4596
0.30,2553,5617,4595
0.45,2567,5621,4623
0.60,2569,5639,4622
0.75,2585,5655,4651
0.90,2585,5679,4653
1.05,2594,5706,4669
1.20,2600,5722,4679
1.35,2613,5723,4690
1.50,2620,5739,4704
1.65,2626,5750,4713
1.80,2626,5768,4725
1.95,2634,5784,4742
2.10,2645,5795,4749
2.25,2644,5808,4761
2.40,2654,5834,4772
2.55,2662,5841,4787
2.70,2668,5859,4804
2.85,2673,5876,4813
3.00,2682,5889,4841
3.15,2688,5906,4855
3.30,2701,5919,4852
3.45,2704,5938,4866
3.60,2714,5946,4889
3.75,2713,5958,4898
3.90,2726,5970,4893
4.05,2724,5984,4905
4.20,2739,6004,4920
4.35,2737,6023,4944
4.50,2741,6024,4940
4.65,2751,6041,4953
4.80,2755,6062,4960
4.95,2757,6069,4966
5.10,2762,6063,4972
5.25,2771,6069,4977
5.40,2772,6075,4999
5.55,2775,6084,4992
5.70,2781,6090,4998
5.85,2779,6110,5005
6.00,2788,6111,5015
6.15,2789,6123,5023
6.30,2793,6144,5048
6.45,2807,6150,5059
6.60,2807,6165,5069
6.75,2814,6190,5083
6.90,2826,6206,5092
7.05,2826,6224,5089
7.20,2834,6225,5101
7.35,2837,6235,5111
7.50,2842,6246,5118
7.65,2851,6253,5127
7.80,2858,6274,5135
7.95,2856,6279,5161
8.10,2869,6289,5155
8.25,2874,6299,5164
8.40,2871,6324,5174
8.55,2879,6336,5186
8.70,2884,6340,5198
8.85,2889,6348,5205
9.00,2897,6367,5221
9.15,2909,6378,5228
9.30,2909,6387,5239
9.45,2912,6408,5246
9.60,2916,6424,5258
9.75,2922,6428,5274
9.90,2932,6430,5274
10.05,2927,6434,5278
10.20,2939,6451,5290
10.35,2943,6468,5308
10.50,2941,6477,5302
10.65,2948,6487,5312
10.80,2950,6484,5330
10.95,2953,6490,5336
11.10,2961,6496,5326
11.25,2960,6499,5345
11.40,2960,6518,5337
11.55,2963,6519,5354
11.70,2968,6514,5358
11.85,2968,6521,5352
12.00,2973,6532,5363
12.15,2977,6549,5380
12.30,2981,6548,5376
12.45,2991,6569,5384
12.60,2991,6566,5403
12.75,2995,6575,5399
12.90,3005,6602,5419
13.05,3010,6611,5415
13.20,3011,6614,5422
13.35,3011,6621,5426
13.50,3022,6626,5434
13.65,3018,6643,5439
13.80,3021,6640,5447
13.95,3031,6656,5456
14.10,3036,6660,5462
14.25,3040,6679,5469
14.40,3040,6681,5491
14.55,3042,6697,5484
14.70,3046,6707,5492
14.85,3049,6713,5512
15.00,3056,6725,5518
15.15,3059,6731,5511
15.30,3061,6725,5532
15.45,3062,6734,5520
15.60,3066,6740,5527
15.75,3071,6748,5531
15.90,3072,6761,5550
16.05,3077,6772,5544
16.20,3083,6779,5552
16.35,3081,6772,5553
16.50,3085,6778,5572
16.65,3088,6786,5574
16.80,3095,6790,5567
16.95,3091,6793,5584
17.10,3098,6797,5587
17.25,3092,6799,5590
17.40,3099,6812,5594
17.55,3099,6814,5582
17.70,3099,6809,5584
17.85,3099,6812,5605
18.00,3103,6818,5594
18.15,3105,6831,5597
18.30,3114,6830,5616
18.45,3115,6838,5608
18.60,3114,6843,5613
18.75,3116,6851,5617
18.90,3119,6855,5621
19.05,3121,6862,5637
19.20,3123,6876,5628
19.35,3126,6870,5635
19.50,3128,6874,5636
19.65,3133,6878,5653
19.80,3130,6892,5638
19.95,3138,6889,5658
20.10,3133,6891,5663
20.25,3141,6893,5666
20.40,3139,6909,5659
20.55,3139,6915,5675
20.70,3145,6910,5664
20.85,3149,6911,5666
21.00,3147,6913,5668
21.15,3153,6928,5675
21.30,3151,6932,5676
21.45,3152,6940,5682
21.60,3154,6940,5683
21.75,3155,6934,5699
21.90,3156,6937,5685
22.05,3157,6940,5702
22.20,3163,6952,5702
22.35,3156,6953,5692
22.50,3164,6949,5696
22.65,3162,6949,5710
22.80,3168,6952,5709
22.95,3162,6966,5702
23.10,3166,6964,5701
23.25,3164,6953,5702
23.40,3164,6967,5715
23.55,3165,6958,5717
23.70,3173,6960,5717
23.85,3167,6958,5719
24.00,3172,6969,5718
24.15,3166,6962,5709
24.30,3169,6962,5709
24.45,3167,6963,5710
24.60,3173,6966,5711
24.75,3173,6977,5724
24.90,3175,6980,5713
25.05,3176,6972,5727
25.20,3173,6985,5717
25.35,3173,6974,5715
25.50,3178,6988,5728
25.65,3177,6989,5730
25.80,3177,6976,5730
25.95,3178,6978,5733
26.10,3174,6982,5733
26.25,3174,6979,5720
26.40,3175,6980,5734
26.55,3179,6990,5721
26.70,3181,6991,5722
26.85,3176,6981,5732
27.00,3175,6981,5733
27.15,3175,6979,5719
27.30,3175,6978,5720
27.45,3174,6988,5719
27.60,3176,6980,5717
27.75,3173,6978,5730
27.90,3179,6978,5718
28.05,3173,6976,5718
28.20,3173,6975,5713
28.35,3177,6972,5714
28.50,3171,6971,5727
28.65,3172,6974,5710
28.80,3174,6974,5712
28.95,3175,6971,5724
29.10,3169,6969,5710
29.25,3168,6972,5723
29.40,3167,6962,5718
29.55,3165,6968,5719
29.70,3166,6967,5703
29.85,3163,6954,5701
30.00,3164,6958,5700
30.15,3166,6950,5697
30.30,3165,6947,5698
30.45,3162,6946,5696
30.60,3161,6949,5698
30.75,3160,6948,5693
30.90,3161,6956,5706
31.05,3159,6949,5690
31.20,3157,6946,5700
31.35,3157,6937,5684
31.50,3151,6948,5683
31.65,3156,6936,5677
31.80,3155,6941,5677
31.95,3154,6926,5673
32.10,3149,6937,5683
32.25,3144,6929,5666
32.40,3146,6913,5676
32.55,3143,6910,5663
32.70,3142,6904,5657
32.85,3138,6910,5668
33.00,3141,6898,5663
33.15,3134,6891,5658
33.30,3137,6888,5643
33.45,3130,6884,5639
33.60,3128,6883,5635
33.75,3124,6877,5631
33.90,3130,6870,5642
34.05,3121,6870,5625
34.20,3122,6871,5633
34.35,3120,6863,5618
34.50,3121,6850,5612
34.65,3112,6846,5606
34.80,3110,6847,5603
34.95,3107,6839,5600
35.10,3107,6845,5597
35.25,3105,6828,5594
35.40,3103,6821,5603
35.55,3104,6817,5602
35.70,3103,6820,5595
35.85,3095,6815,5577
36.00,3092,6814,5574
36.15,3095,6806,5570
36.30,3095,6792,5566
36.45,3086,6784,5563
36.60,3089,6779,5569
36.75,3086,6772,5551
36.90,3083,6763,5540
37.05,3071,6765,5534
37.20,3070,6760,5529
37.35,3068,6745,5527
37.50,3066,6737,5534
37.65,3062,6741,5515
37.80,3059,6725,5511
37.95,3054,6714,5513
38.10,3051,6717,5494
38.25,3054,6713,5493
38.40,3045,6702,5497
38.55,3041,6684,5476
38.70,3038,6683,5467
38.85,3030,6663,5458
39.00,3027,6665,5451
39.15,3024,6644,5443
39.30,3018,6636,5437
39.45,3015,6635,5430
39.60,3017,6619,5425
39.75,3012,6610,5418
39.90,3002,6602,5411
40.05,3005,6595,5404
40.20,2995,6581,5391
40.35,2993,6572,5390
40.50,2993,6575,5380
40.65,2986,6555,5387
40.80,2979,6557,5364
40.95,2977,6554,5360
41.10,2976,6546,5357
41.25,2971,6541,5352
41.40,2969,6523,5349
41.55,2964,6518,5341
41.70,2962,6519,5337
41.85,2966,6503,5331
42.00,2955,6506,5337
42.15,2957,6486,5317
42.30,2953,6475,5309
42.45,2943,6472,5314
42.60,2942,6450,5290
42.75,2931,6439,5293
42.90,2929,6426,5280
43.05,2922,6417,5262
43.20,2916,6414,5252
43.35,2911,6394,5256
43.50,2906,6386,5248
43.65,2903,6379,5228
43.80,2899,6370,5224
43.95,2899,6354,5211
44.10,2893,6345,5203
44.25,2890,6337,5196
44.40,2882,6321,5196
44.55,2876,6306,5185
44.70,2865,6306,5164
44.85,2860,6284,5152
45.00,2860,6269,5142
45.15,2849,6268,5140
45.30,2847,6244,5134
45.45,2841,6235,5108
45.60,2832,6221,5100
45.75,2825,6204,5089
45.90,2824,6204,5078
46.05,2816,6184,5070
46.20,2814,6171,5059
46.35,2803,6159,5048
46.50,2804,6147,5039
46.65,2791,6134,5027
46.80,2787,6128,5020
46.95,2784,6113,5011
47.10,2776,6103,5001
47.25,2774,6094,4996
47.40,2770,6086,4988
47.55,2764,6074,4983
47.70,2768,6065,4976
47.85,2756,6056,4980
48.00,2752,6042,4958
48.15,2744,6032,4947
48.30,2740,6021,4937
48.45,2739,6006,4939
48.60,2725,5990,4915
48.75,2725,5975,4912
48.90,2711,5973,4887
49.05,2707,5958,4889
49.20,2708,5938,4879
49.35,2695,5938,4857
49.50,2689,5912,4841
49.65,2685,5905,4836
49.80,2682,5890,4825
49.95,2672,5878,4828
50.10,2672,5860,4801
50.25,2658,5846,4803
50.40,2659,5841,4778
50.55,2645,5813,4778
50.70,2636,5793,4759
50.85,2629,5790,4749
51.00,2622,5763,4735
51.15,2615,5757,4719
51.30,2609,5735,4697
51.45,2601,5717,4685
51.60,2600,5698,4668
51.75,2594,5699,4659
51.90,2581,5672,4647
52.05,2574,5661,4638
52.20,2565,5650,4619
52.35,2559,5628,4609
52.50,2561,5614,4611
52.65,2544,5606,4582
52.80,2547,5586,4573
52.95,2538,5575,4566
53.10,2530,5564,4554
53.25,2527,5567,4549
53.40,2523,5543,4543
53.55,2520,5546,4536
53.70,2515,5534,4526
53.85,2508,5523,4517
54.00,2504,5510,4506
54.15,2503,5484,4507
54.30,2488,5468,4497
54.45,2481,5450,4482
54.60,2472,5447,4451
54.75,2463,5413,4435
54.90,2454,5394,4417
55.05,2446,5389,4421
55.20,2439,5376,4392
55.35,2433,5364,4382
55.50,2427,5346,4370
55.65,2423,5326,4359
55.80,2416,5319,4344
55.95,2407,5292,4333
56.10,2400,5278,4335
56.25,2394,5260,4320
56.40,2390,5251,4303
56.55,2374,5232,4273
56.70,2365,5201,4257
56.85,2359,5187,4258
57.00,2347,5165,4227
57.15,2340,5146,4225
57.30,2333,5126,4196
57.45,2332,5109,4196
57.60,2320,5096,4184
57.75,2315,5076,4166
57.90,2301,5061,4138
58.05,2296,5045,4142
58.20,2281,5017,4105
58.35,2281,5010,4101
58.50,2273,4999,4089
58.65,2265,4989,4072
58.80,2263,4974,4059
58.95,2260,4966,4052
59.10,2247,4942,4057
59.25,2242,4942,4049
59.40,2238,4928,4024
59.55,2232,4905,4016
59.70,2235,4893,4008
59.85,2220,4880,3997
60.00,2214,4863,3982
60.15,2215,4849,3986
60.30,2198,4832,3970
60.45,2190,4813,3940
60.60,2188,4794,3923
60.75,2180,4787,3923
60.90,2162,4754,3889
61.05,2153,4747,3886
61.20,2145,4717,3858
61.35,2147,4713,3845
61.50,2131,4686,3846
61.65,2132,4671,3819
61.80,2118,4658,3823
61.95,2115,4643,3788
62.10,2101,4618,3791
62.25,2091,4614,3764
62.40,2083,4592,3745
62.55,2075,4559,3727
62.70,2061,4529,3704
62.85,2057,4519,3693
63.00,2050,4490,3671
63.15,2045,4475,3674
63.30,2028,4456,3644
63.45,2017,4434,3642
63.60,2010,4431,3612
63.75,2002,4403,3599
63.90,2002,4382,3580
64.05,1987,4363,3583
64.20,1975,4353,3549
64.35,1968,4326,3537
64.50,1962,4309,3522
64.65,1950,4288,3519
64.80,1954,4286,3493
64.95,1938,4261,3483
65.10,1942,4252,3476
65.25,1938,4240,3466
65.40,1932,4225,3456
65.55,1918,4226,3446
65.70,1912,4200,3436
65.85,1915,4184,3439
66.00,1906,4168,3424
66.15,1900,4149,3396
66.30,1891,4133,3382
66.45,1882,4114,3365
66.60,1864,4104,3345
66.75,1856,4073,3328
66.90,1843,4064,3310
67.05,1834,4043,3294
67.20,1836,4026,3294
67.35,1821,3999,3267
67.50,1812,3978,3253
67.65,1807,3979,3243
67.80,1801,3957,3233
67.95,1790,3931,3213
68.10,1785,3918,3216
68.25,1771,3892,3195
68.40,1764,3873,3165
68.55,1762,3851,3158
68.70,1742,3825,3128
68.85,1732,3807,3126
69.00,1734,3786,3092
69.15,1714,3778,3079
69.30,1706,3745,3074
69.45,1697,3728,3047
69.60,1689,3722,3045
69.75,1680,3689,3014
69.90,1672,3669,3000
70.05,1665,3656,3002
70.20,1662,3633,2970
70.35,1654,3613,2967
70.50,1651,3603,2960
70.65,1629,3580,2924
70.80,1622,3564,2924
70.95,1627,3564,2900
71.10,1608,3533,2901
71.25,1603,3531,2875
71.40,1606,3517,2864
71.55,1599,3491,2868
71.70,1584,3481,2858
71.85,1577,3476,2830
72.00,1568,3442,2831
72.15,1561,3427,2803
72.30,1563,3408,2786
72.45,1544,3389,2784
72.60,1545,3387,2756
72.75,1527,3364,2737
72.90,1517,3333,2723
73.05,1511,3316,2709
73.20,1501,3310,2706
73.35,1503,3279,2679
73.50,1493,3268,2674
73.65,1477,3243,2662
73.80,1467,3217,2642
73.95,1465,3195,2609
74.10,1459,3197,2613
74.25,1440,3167,2584
74.40,1433,3160,2584
74.55,1421,3122,2565
74.70,1408,3092,2541
74.85,1402,3078,2516
75.00,1389,3054,2494
75.15,1381,3034,2477
75.30,1383,3014,2463
75.45,1363,2993,2445
75.60,1353,2974,2442
75.75,1360,2976,2436
75.90,1333,2929,2392
76.05,1332,2929,2404
76.20,1329,2890,2360
76.35,1314,2898,2372
76.50,1306,2867,2357
76.65,1296,2846,2325
76.80,1289,2845,2311
76.95,1283,2829,2301
77.10,1287,2804,2290
77.25,1272,2789,2278
77.40,1266,2775,2268
77.55,1259,2762,2256
77.70,1253,2764,2246
77.85,1245,2747,2233
78.00,1239,2732,2222
78.15,1242,2712,2221
78.30,1222,2680,2207
78.45,1213,2676,2175
78.60,1205,2643,2160
78.75,1209,2627,2147
78.90,1188,2620,2144
79.05,1192,2590,2114
79.20,1173,2575,2104
79.35,1163,2555,2099
79.50,1159,2544,2091
79.65,1153,2530,2066
79.80,1144,2510,2051
79.95,1132,2498,2028
80.10,1127,2469,2016
80.25,1119,2453,2004
80.40,1115,2417,1990
80.55,1102,2414,1970
80.70,1091,2391,1968
80.85,1092,2384,1935
81.00,1066,2333,1905
81.15,1062,2327,1904
81.30,1055,2309,1887
81.45,1055,2287,1869
81.60,1049,2285,1857
81.75,1043,2273,1861
81.90,1030,2243,1823
82.05,1027,2224,1817
82.20,1001,2207,1808
82.35,998,2199,1786
82.50,1003,2187,1776
82.65,981,2150,1757
82.80,973,2147,1742
82.95,970,2136,1735
83.10,962,2125,1725
83.25,958,2113,1732
83.40,965,2088,1721
83.55,947,2075,1713
83.70,942,2064,1703
83.85,937,2050,1679
84.00,930,2037,1664
84.15,923,2022,1668
84.30,916,2005,1639
84.45,908,1987,1626
84.60,899,1968,1610
84.75,890,1951,1596
84.90,883,1933,1578
85.05,872,1923,1575
85.20,866,1895,1549
85.35,873,1883,1539
85.50,853,1867,1540
85.65,859,1854,1514
85.80,853,1841,1520
85.95,847,1842,1493
86.10,838,1805,1489
86.25,817,1801,1475
86.40,806,1766,1441
86.55,800,1752,1429
86.70,802,1728,1411
86.85,794,1712,1399
87.00,785,1692,1381
87.15,765,1681,1362
87.30,760,1664,1358
87.45,751,1642,1342
87.60,742,1623,1326
87.75,737,1626,1317
87.90,731,1615,1307
88.05,726,1587,1311
88.20,716,1582,1280
88.35,721,1556,1270
88.50,705,1557,1260
88.65,696,1527,1245
88.80,702,1511,1232
88.95,686,1501,1224
89.10,678,1485,1227
89.25,685,1475,1202
89.40,679,1477,1209
89.55,663,1466,1187
89.70,672,1456,1193
89.85,665,1429,1170
90.00,660,1418,1158
90.15,654,1406,1147
90.30,647,1391,1137
90.45,630,1376,1123
90.60,632,1360,1124
90.75,625,1344,1096
90.90,606,1328,1098
91.05,599,1312,1069
91.20,593,1298,1058
91.35,589,1303,1066
91.50,583,1287,1037
91.65,577,1261,1028
91.80,565,1239,1025
91.95,563,1231,1018
92.10,555,1216,1006
92.25,548,1196,977
92.40,540,1198,964
92.55,531,1175,961
92.70,524,1147,934
92.85,517,1148,923
93.00,510,1115,909
93.15,514,1102,898
93.30,505,1085,898
93.45,498,1085,871
93.60,493,1057,861
93.75,489,1048,854
93.90,475,1035,858
94.05,469,1024,835
94.20,462,1007,834
94.35,458,998,827
94.50,452,987,818
94.65,445,987,792
94.80,441,961,784
94.95,436,953,776
95.10,431,942,767
95.25,429,931,760
95.40,432,925,752
95.55,419,914,758
95.70,416,907,739
95.85,411,898,730
96.00,415,887,722
96.15,402,874,715
96.30,396,877,702
96.45,398,863,692
96.60,384,835,693
96.75,377,837,671
96.90,371,808,659
97.05,366,810,650
97.20,358,782,647
97.35,353,782,627
97.50,354,768,614
97.65,344,749,621
97.80,340,750,600
97.95,337,730,584
98.10,329,718,593
98.25,322,702,572
98.40,318,702,571
98.55,313,677,543
98.70,310,659,537
98.85,307,652,529
99.00,293,646,524
99.15,283,624,499
99.30,290,623,505
99.45,279,606,493
99.60,278,587,478
99.75,271,586,482
99.90,273,574,468
100.05,262,576,462
100.20,256,552,450
100.35,251,544,442
100.50,253,533,438
100.65,243,524,427
100.80,243,514,417
100.95,236,509,413
101.10,234,501,410
101.25,230,497,405
101.40,227,490,402
101.55,230,484,395
101.70,226,488,391
101.85,219,472,384
102.00,214,463,378
102.15,211,455,371
102.30,207,446,362
102.45,207,444,355
102.60,197,434,347
102.75,194,416,338
102.90,188,405,330
103.05,189,402,321
103.20,179,392,313
103.35,181,378,310
103.50,175,375,305
103.65,171,368,297
103.80,167,355,288
103.95,163,345,275
104.10,158,339,272
104.25,157,333,270
104.40,152,332,263
104.55,146,318,254
104.70,148,305,248
104.85,140,297,241
105.00,136,287,233
105.15,129,275,224
105.30,133,273,223
105.45,126,273,218
105.60,123,266,211
105.75,124,252,200
105.90,121,247,196
106.05,114,239,188
106.20,104,219,179
106.35,104,223,179
106.50,106,220,179
106.65,102,217,167
106.80,101,210,169
106.95,100,206,167
107.10,96,203,157
107.25,98,197,160
107.40,93,193,157
107.55,95,190,154
107.70,89,186,150
107.85,88,181,139
108.00,84,176,143
108.15,86,172,138
108.30,84,166,134
108.45,78,160,131
108.60,76,153,126
108.75,76,149,112
108.90,74,143,116
109.05,71,137,112
109.20,66,129,98
109.35,64,129,104
109.50,61,120,100
109.65,60,120,97
109.80,58,116,93
109.95,59,112,81
110.10,56,106,86
110.25,51,101,71
110.40,48,90,78
110.55,44,88,60
110.70,46,80,60
110.85,42,84,57
111.00,41,80,54
111.15,38,75,49
111.30,41,74,60
111.45,39,67,44
111.60,34,55,41
111.75,34,55,50
111.90,33,61,37
112.05,32,50,48
112.20,30,43,43
112.35,31,43,42
112.50,28,50,41
112.65,28,48,39
112.80,28,47,37
112.95,25,45,25
113.10,26,43,23
113.25,25,41,34
113.40,24,30,20
113.55,22,29,32
113.70,23,27,18
113.85,21,36,30
114.00,21,34,16
114.15,20,23,28
114.30,19,32,27
114.45,19,30,24
114.60,17,18,23
114.75,17,16,10
114.90,17,25,22
115.05,15,13,7
115.20,14,23,19
115.35,16,24,18
115.50,15,22,19
115.65,15,22,19
115.80,14,9,18
115.95,13,22,18
116.10,14,19,17
116.25,15,21,4
116.40,14,20,4
116.55,15,20,4
116.70,13,9,17
116.85,14,21,4
117.00,14,21,18
117.15,15,10,5
117.30,15,23,6
117.45,15,22,19
117.60,16,23,7
117.75,17,26,21
117.90,18,27,22
118.05,17,28,22
118.20,18,29,24
118.35,18,29,24
118.50,18,29,24
118.65,19,21,14
118.80,20,22,15
118.95,20,34,29
119.10,21,35,28
119.25,21,26,31
119.40,23,37,19
119.55,22,39,32
119.70,24,40,21
119.85,24,31,35
120.00,25,42,35
120.15,27,35,38
120.30,29,37,40
120.45,27,51,42
120.60,32,44,44
120.75,33,56,35
120.90,33,59,49
121.05,35,63,52
121.20,34,65,54
121.35,39,68,46
121.50,38,72,60
121.65,39,74,61
121.80,40,77,64
121.95,44,85,70
122.10,44,78,70
122.25,48,93,77
122.40,52,89,79
122.55,53,101,83
122.70,58,110,96
122.85,57,115,86
123.00,61,114,96
123.15,62,119,99
123.30,64,121,101
123.45,67,129,107
123.60,66,133,102
123.75,66,135,113
123.90,69,136,115
124.05,72,147,122
124.20,78,152,126
124.35,78,158,132
124.50,81,159,130
124.65,80,165,136
124.80,82,167,130
124.95,83,170,141
125.10,88,175,145
125.25,87,179,147
125.40,89,182,152
125.55,91,187,147
125.70,95,191,158
125.85,95,195,162
126.00,97,200,160
126.15,98,205,164
126.30,101,211,174
126.45,105,218,180
126.60,111,228,187
126.75,110,231,186
126.90,118,245,193
127.05,121,246,205
127.20,125,259,210
127.35,126,271,219
127.50,127,273,221
127.65,132,278,231
127.80,131,278,230
127.95,140,304,244
128.10,140,303,241
128.25,146,302,245
128.40,153,323,259
128.55,153,325,267
128.70,164,340,280
128.85,159,347,280
129.00,163,349,285
129.15,170,363,297
129.30,170,363,297
129.45,182,390,320
129.60,181,389,318
129.75,181,395,319
129.90,185,399,327
130.05,195,417,335
130.20,201,440,355
130.35,200,439,354
130.50,202,440,354
130.65,206,444,365
130.80,206,444,366
130.95,214,451,370
131.10,218,467,375
131.25,220,463,381
131.40,219,469,387
131.55,227,485,394
131.70,225,482,396
131.85,226,498,403
132.00,230,498,410
132.15,240,506,416
132.30,240,515,425
132.45,243,536,436
132.60,248,537,445
132.75,260,548,450
132.90,258,570,465
133.05,270,573,473
133.20,269,584,484
133.35,273,595,487
133.50,286,608,499
133.65,283,618,506
133.80,299,640,523
133.95,300,638,523
134.10,307,657,536
134.25,301,656,545
134.40,310,689,553
134.55,317,690,564
134.70,338,723,591
134.85,332,734,589
135.00,330,734,590
135.15,345,737,604
135.30,354,757,619
135.45,346,757,617
135.60,352,770,629
135.75,360,791,644
135.90,361,790,644
136.05,366,804,666
136.20,378,828,675
136.35,378,841,674
136.50,381,849,693
136.65,397,869,708
136.80,399,857,711
136.95,394,866,718
137.10,398,875,714
137.25,402,895,719
137.40,406,904,726
137.55,410,911,746
137.70,414,905,741
137.85,426,914,762
138.00,432,941,758
138.15,429,952,768
138.30,435,950,776
138.45,449,963,786
138.60,446,977,798
138.75,453,991,811
138.90,460,1011,823
139.05,467,1041,836
139.20,482,1039,845
139.35,480,1054,858
139.50,494,1065,866
139.65,506,1096,891
139.80,497,1094,890
139.95,506,1115,905
140.10,517,1121,910
140.25,514,1146,920
140.40,520,1147,945
140.55,530,1169,965
140.70,541,1195,969
140.85,543,1197,972
141.00,549,1226,999
141.15,557,1228,996
141.30,562,1256,1022
141.45,586,1286,1032
141.60,575,1271,1030
141.75,593,1289,1043
141.90,600,1318,1057
142.05,604,1313,1063
142.20,628,1364,1104
142.35,617,1377,1104
142.50,616,1377,1118
142.65,622,1376,1113
142.80,636,1386,1121
142.95,630,1409,1130
143.10,635,1407,1154
143.25,650,1414,1162
143.40,656,1423,1156
143.55,648,1447,1179
143.70,666,1457,1187
143.85,659,1455,1183
144.00,665,1468,1207
144.15,673,1496,1205
144.30,690,1497,1216
144.45,687,1515,1229
144.60,692,1532,1257
144.75,700,1563,1270
144.90,722,1585,1272
145.05,717,1588,1285
145.20,724,1617,1311
145.35,742,1617,1308
145.50,754,1643,1344
145.65,745,1653,1336
145.80,750,1661,1345
145.95,780,1701,1389
146.10,766,1698,1372
146.25,787,1746,1410
146.40,799,1744,1409
146.55,801,1778,1434
146.70,800,1788,1434
146.85,821,1821,1469
147.00,820,1821,1470
147.15,842,1884,1510
147.30,854,1871,1525
147.45,843,1884,1508
147.60,848,1886,1523
147.75,855,1899,1533
147.90,882,1958,1593
148.05,881,1970,1579
148.20,881,1955,1578
148.35,897,1991,1608
148.50,909,1992,1604
148.65,900,1999,1611
148.80,903,2010,1619
148.95,910,2021,1630
149.10,927,2046,1654
149.25,920,2042,1648
149.40,927,2055,1659
149.55,930,2065,1682
149.70,937,2075,1692
149.85,943,2103,1689
150.00,949,2105,1717
150.15,956,2135,1730
150.30,965,2151,1728
150.45,974,2160,1743
150.60,994,2180,1756
150.75,991,2203,1774
150.90,1001,2225,1790
151.05,1006,2253,1803
151.20,1028,2278,1822
151.35,1037,2282,1836
151.50,1033,2311,1848
151.65,1046,2343,1874
151.80,1045,2327,1872
151.95,1069,2355,1908
152.10,1060,2359,1914
152.25,1081,2420,1935
152.40,1081,2407,1934
152.55,1090,2427,1951
152.70,1106,2466,1982
152.85,1117,2463,1981
153.00,1120,2495,2004
153.15,1140,2528,2035
153.30,1142,2545,2059
153.45,1142,2545,2044
153.60,1157,2579,2072
153.75,1156,2578,2070
153.90,1177,2599,2102
154.05,1186,2631,2104
154.20,1209,2669,2159
154.35,1198,2670,2159
154.50,1198,2669,2143
154.65,1205,2688,2174
154.80,1223,2704,2185
154.95,1216,2710,2177
155.10,1223,2725,2189
155.25,1227,2734,2214
155.40,1234,2761,2210
155.55,1250,2758,2223
155.70,1244,2771,2232
155.85,1263,2784,2245
156.00,1259,2814,2257
156.15,1265,2817,2269
156.30,1274,2836,2283
156.45,1282,2856,2298
156.60,1303,2874,2330
156.75,1301,2910,2330
156.90,1322,2936,2347
157.05,1320,2957,2363
157.20,1342,2977,2378
157.35,1336,2975,2388
157.50,1345,2997,2405
157.65,1363,3014,2417
157.80,1367,3059,2443
157.95,1374,3066,2457
158.10,1380,3088,2481
158.25,1405,3120,2491
158.40,1404,3128,2509
158.55,1438,3182,2550
158.70,1426,3194,2566
158.85,1428,3182,2565
159.00,1455,3241,2597
159.15,1454,3250,2595
159.30,1466,3246,2601
159.45,1477,3265,2619
159.60,1482,3279,2628
159.75,1491,3299,2660
159.90,1490,3331,2676
160.05,1503,3344,2694
160.20,1506,3365,2688
160.35,1525,3375,2720
160.50,1529,3405,2730
160.65,1541,3405,2730
160.80,1538,3423,2744
160.95,1541,3432,2752
161.10,1550,3463,2766
161.25,1555,3460,2776
161.40,1559,3471,2802
161.55,1566,3496,2799
161.70,1572,3494,2806
161.85,1579,3521,2836
162.00,1587,3536,2834
162.15,1594,3542,2847
162.30,1611,3561,2877
162.45,1620,3585,2876
162.60,1621,3618,2894
162.75,1639,3641,2910
162.90,1643,3653,2929
163.05,1662,3673,2962
163.20,1664,3699,2965
163.35,1667,3712,2976
163.50,1683,3742,3014
163.65,1691,3755,3013
163.80,1716,3826,3057
163.95,1714,3824,3056
164.10,1715,3812,3071
164.25,1727,3853,3079
164.40,1753,3897,3139
164.55,1762,3896,3138
164.70,1755,3898,3125
164.85,1772,3948,3171
165.00,1782,3935,3169
165.15,1795,3991,3198
165.30,1804,3987,3211
165.45,1808,4029,3217
165.60,1815,4025,3218
165.75,1816,4034,3246
165.90,1823,4050,3246
166.05,1833,4073,3263
166.20,1859,4108,3291
166.35,1848,4105,3304
166.50,1874,4141,3319
166.65,1866,4153,3332
166.80,1872,4158,3332
166.95,1878,4180,3353
167.10,1883,4181,3365
167.25,1889,4190,3360
167.40,1895,4204,3387
167.55,1900,4226,3382
167.70,1905,4225,3395
167.85,1912,4252,3407
168.00,1929,4269,3421
168.15,1935,4273,3433
168.30,1934,4291,3446
168.45,1944,4313,3476
168.60,1955,4332,3491
168.75,1972,4368,3507
168.90,1985,4381,3524
169.05,1996,4403,3526
169.20,1994,4420,3540
169.35,2013,4444,3560
169.50,2012,4455,3573
169.65,2026,4484,3594
169.80,2027,4492,3600
169.95,2043,4526,3627
170.10,2043,4536,3627
170.25,2078,4594,3673
170.40,2069,4582,3672
170.55,2076,4593,3696
170.70,2092,4631,3713
170.85,2099,4656,3724
171.00,2103,4652,3730
171.15,2127,4685,3759
171.30,2121,4693,3764
171.45,2139,4726,3781
171.60,2153,4757,3805
171.75,2145,4756,3807
171.90,2154,4778,3840
172.05,2168,4778,3833
172.20,2179,4818,3865
172.35,2179,4818,3866
172.50,2185,4829,3888
172.65,2192,4858,3890
172.80,2199,4860,3915
172.95,2203,4872,3910
173.10,2216,4880,3922
173.25,2221,4901,3944
173.40,2228,4912,3942
173.55,2225,4912,3965
173.70,2230,4923,3976
173.85,2242,4937,3986
174.00,2241,4951,4001
174.15,2249,4966,4013
174.30,2265,4983,4011
174.45,2266,5004,4027
174.60,2282,5032,4055
174.75,2291,5050,4069
174.90,2301,5063,4071
175.05,2309,5085,4087
175.20,2310,5102,4102
175.35,2321,5133,4116
175.50,2325,5145,4129
175.65,2336,5153,4146
175.80,2339,5162,4166
175.95,2342,5173,4174
176.10,2377,5225,4202
176.25,2373,5233,4201
176.40,2375,5241,4217
176.55,2384,5259,4233
176.70,2400,5280,4249
176.85,2405,5304,4271
177.00,2402,5303,4284
177.15,2427,5355,4327
177.30,2427,5354,4314
177.45,2432,5367,4315
177.60,2446,5406,4347
177.75,2445,5395,4359
177.90,2462,5434,4378
178.05,2461,5431,4378
178.20,2463,5435,4381
178.35,2473,5463,4396
178.50,2482,5476,4430
178.65,2482,5486,4419
178.80,2489,5488,4440
178.95,2493,5510,4435
179.10,2507,5523,4447
179.25,2510,5521,4456
179.40,2510,5533,4467
179.55,2514,5541,4475
179.70,2526,5561,4486
179.85,2525,5575,4495
180.00,2537,5576,4509
180.15,2544,5593,4533
180.30,2544,5605,4543
180.45,2549,5622,4542
180.60,2555,5648,4555
180.75,2565,5654,4568
180.90,2572,5670,4597
181.05,2578,5681,4593
181.20,2591,5697,4605
181.35,2592,5711,4615
181.50,2600,5744,4650
181.65,2602,5737,4640
181.80,2614,5760,4662
181.95,2616,5766,4677
182.10,2629,5776,4676
182.25,2629,5797,4706
182.40,2646,5820,4721
182.55,2650,5825,4719
182.70,2662,5860,4739
182.85,2660,5857,4749
183.00,2667,5875,4759
183.15,2672,5894,4784
183.30,2681,5913,4786
183.45,2693,5922,4800
183.60,2692,5934,4821
183.75,2698,5948,4817
183.90,2710,5950,4845
184.05,2708,5964,4840
184.20,2720,5987,4862
184.35,2720,5987,4862
184.50,2730,6007,4868
184.65,2733,6015,4886
184.80,2741,6021,4903
184.95,2740,6029,4897
185.10,2751,6039,4907
185.25,2747,6045,4928
185.40,2753,6058,4924
185.55,2762,6068,4930
185.70,2769,6089,4955
185.85,2766,6097,4950
186.00,2771,6097,4958
186.15,2780,6107,4966
186.30,2781,6128,4974
186.45,2785,6130,5000
186.60,2796,6142,5010
186.75,2797,6153,5020
186.90,2801,6165,5032
187.05,2809,6179,5029
187.20,2815,6191,5041
187.35,2822,6198,5047
187.50,2821,6210,5073
187.65,2834,6240,5090
187.80,2832,6230,5078
187.95,2837,6252,5087
188.10,2844,6251,5096
188.25,2852,6269,5110
188.40,2858,6284,5121
188.55,2859,6300,5131
188.70,2869,6304,5142
188.85,2877,6328,5177
189.00,2878,6337,5162
189.15,2890,6344,5174
189.30,2887,6349,5179
189.45,2902,6368,5196
189.60,2900,6375,5205
189.75,2903,6384,5211
189.90,2907,6392,5231
190.05,2909,6407,5221
190.20,2923,6426,5239
190.35,2923,6415,5252
190.50,2921,6425,5258
190.65,2926,6447,5271
190.80,2931,6450,5261
190.95,2935,6449,5267
191.10,2937,6458,5274
191.25,2939,6463,5296
191.40,2943,6469,5302
191.55,2948,6479,5295
191.70,2950,6494,5312
191.85,2953,6491,5308
192.00,2960,6501,5315
192.15,2962,6506,5320
192.30,2966,6517,5342
192.45,2974,6524,5333
192.60,2977,6541,5344
192.75,2981,6541,5348
192.90,2983,6554,5358
193.05,2985,6558,5379
193.20,2987,6564,5372
193.35,2993,6573,5378
193.50,3000,6592,5386
193.65,3000,6593,5393
193.80,3005,6602,5402
193.95,3007,6607,5407
194.10,3010,6616,5426
194.25,3019,6640,5430
194.40,3017,6629,5427
194.55,3026,6641,5437
194.70,3028,6650,5449
194.85,3031,6667,5465
195.00,3033,6664,5459
195.15,3036,6674,5467
195.30,3042,6694,5477
195.45,3053,6698,5483
195.60,3051,6694,5485
195.75,3049,6710,5488
195.90,3054,6720,5511
196.05,3054,6713,5499
196.20,3059,6733,5520
196.35,3064,6731,5518
196.50,3063,6731,5514
196.65,3068,6744,5522
196.80,3070,6745,5528
196.95,3071,6750,5530
197.10,3072,6757,5534
197.25,3076,6773,5540
197.40,3079,6766,5543
197.55,3086,6767,5547
197.70,3081,6767,5549
197.85,3088,6770,5555
198.00,3083,6775,5555
198.15,3087,6783,5575
198.30,3089,6787,5577
198.45,3092,6804,5571
198.60,3094,6803,5590
198.75,3102,6810,5594
198.90,3100,6815,5586
199.05,3102,6820,5603
199.20,3109,6824,5595
199.35,3107,6831,5599
199.50,3111,6839,5608
199.65,3113,6844,5625
199.80,3116,6849,5614
199.95,3120,6851,5615
200.10,3121,6854,5633
200.25,3121,6870,5639
200.40,3126,6874,5640
200.55,3125,6871,5631
200.70,3123,6872,5635
200.85,3128,6877,5640
201.00,3131,6897,5647
201.15,3132,6893,5660
201.30,3132,6893,5650
201.45,3135,6904,5654
201.60,3136,6896,5670
201.75,3143,6905,5662
201.90,3138,6905,5661
202.05,3138,6906,5662
202.20,3143,6913,5685
202.35,3148,6926,5667
202.50,3143,6917,5682
202.65,3145,6918,5673
202.80,3149,6932,5673
202.95,3147,6932,5677
203.10,3146,6921,5675
203.25,3146,6935,5678
203.40,3148,6929,5683
203.55,3147,6935,5680
203.70,3150,6928,5682
203.85,3156,6926,5682
204.00,3148,6926,5683
204.15,3156,6939,5684
204.30,3151,6934,5686
204.45,3151,6936,5688
204.60,3154,6950,5691
204.75,3153,6944,5690
204.90,3159,6942,5708
205.05,3160,6944,5695
205.20,3156,6947,5695
205.35,3154,6949,5695
205.50,3156,6950,5697
205.65,3162,6949,5697
205.80,3154,6948,5697
205.95,3160,6951,5712
206.10,3160,6951,5700
206.25,3155,6953,5700
206.40,3160,6953,5701
206.55,3158,6964,5700
206.70,3157,6964,5699
206.85,3159,6954,5700
207.00,3157,6954,5697
207.15,3158,6966,5699
207.30,3159,6963,5700
207.45,3160,6960,5700
207.60,3157,6950,5712
207.75,3156,6963,5698
207.90,3159,6953,5699
208.05,3158,6954,5699
208.20,3156,6949,5699
208.35,3158,6961,5710
208.50,3154,6961,5695
208.65,3155,6946,5706
208.80,3154,6947,5693
208.95,3154,6946,5707
209.10,3152,6946,5694
209.25,3154,6946,5691
209.40,3152,6943,5691
209.55,3152,6941,5702
209.70,3153,6937,5688
209.85,3154,6945,5689
210.00,3148,6942,5684
210.15,3151,6930,5698
210.30,3146,6930,5680
210.45,3150,6940,5679
210.60,3145,6926,5680
210.75,3142,6934,5689
210.90,3142,6919,5677
211.05,3141,6930,5672
211.20,3145,6916,5669
211.35,3137,6921,5667
211.50,3143,6921,5669
211.65,3135,6917,5663
211.80,3134,6906,5674
211.95,3129,6894,5651
212.10,3133,6894,5649
212.25,3128,6901,5649
212.40,3126,6889,5659
212.55,3126,6887,5635
212.70,3126,6877,5637
212.85,3121,6877,5649
213.00,3116,6875,5627
213.15,3117,6866,5644
213.30,3116,6864,5626
213.45,3115,6855,5622
213.60,3113,6866,5633
213.75,3113,6852,5615
213.90,3113,6848,5627
214.05,3102,6836,5600
214.20,3102,6838,5602
214.35,3101,6835,5591
214.50,3096,6824,5590
214.65,3098,6825,5589
214.80,3094,6813,5597
214.95,3092,6818,5597
215.10,3095,6811,5583
215.25,3090,6808,5579
215.40,3088,6811,5588
215.55,3087,6798,5570
215.70,3087,6794,5567
215.85,3081,6800,5562
216.00,3078,6794,5561
216.15,3075,6780,5554
216.30,3074,6773,5547
216.45,3071,6781,5545
216.60,3070,6764,5551
216.75,3071,6758,5548
216.90,3064,6758,5543
217.05,3061,6751,5523
217.20,3058,6751,5519
217.35,3055,6743,5513
217.50,3054,6725,5521
217.65,3048,6718,5501
217.80,3046,6726,5497
217.95,3038,6696,5486
218.10,3040,6698,5486
218.25,3035,6687,5492
218.40,3031,6682,5473
218.55,3035,6674,5477
218.70,3022,6661,5454
218.85,3021,6658,5463
219.00,3017,6647,5444
219.15,3011,6652,5436
219.30,3009,6633,5429
219.45,2999,6613,5406
219.60,3002,6613,5406
219.75,2999,6605,5421
219.90,2998,6597,5402
220.05,2994,6594,5395
220.20,2989,6582,5388
220.35,2981,6561,5373
220.50,2977,6572,5369
220.65,2978,6552,5377
220.80,2972,6556,5374
220.95,2974,6542,5369
221.10,2965,6543,5362
221.25,2967,6527,5343
221.40,2963,6517,5337
221.55,2953,6521,5330
221.70,2952,6512,5323
221.85,2951,6496,5334
222.00,2947,6497,5313
222.15,2942,6489,5306
222.30,2938,6481,5311
222.45,2934,6461,5290
222.60,2929,6452,5280
222.75,2926,6442,5274
222.90,2920,6431,5264
223.05,2917,6422,5257
223.20,2916,6425,5251
223.35,2914,6416,5254
223.50,2905,6397,5236
223.65,2898,6396,5238
223.80,2897,6378,5223
223.95,2885,6353,5201
224.10,2890,6352,5202
224.25,2879,6350,5203
224.40,2873,6332,5180
224.55,2864,6310,5163
224.70,2864,6299,5156
224.85,2854,6286,5145
225.00,2840,6255,5119
225.15,2845,6266,5134
225.30,2840,6268,5118
225.45,2830,6234,5100
225.60,2830,6234,5100
225.75,2822,6222,5095
225.90,2820,6222,5099
226.05,2817,6204,5088
226.20,2800,6181,5047
226.35,2806,6180,5063
226.50,2801,6167,5045
226.65,2800,6154,5050
226.80,2787,6142,5024
226.95,2783,6132,5030
227.10,2782,6136,5012
227.25,2774,6126,5002
227.40,2770,6104,4993
227.55,2772,6092,4985
227.70,2763,6087,4980
227.85,2758,6084,4972
228.00,2752,6074,4976
228.15,2748,6052,4952
228.30,2742,6041,4942
228.45,2742,6026,4931
228.60,2738,6017,4936
228.75,2724,6015,4913
228.90,2717,5989,4912
229.05,2718,5988,4889
229.20,2706,5971,4892
229.35,2702,5966,4870
229.50,2695,5940,4858
229.65,2691,5940,4850
229.80,2685,5902,4829
229.95,2678,5900,4843
230.10,2666,5876,4820
230.25,2669,5868,4801
230.40,2658,5866,4804
230.55,2649,5834,4773
230.70,2640,5812,4757
230.85,2636,5807,4752
231.00,2636,5795,4757
231.15,2621,5773,4738
231.30,2615,5760,4715
231.45,2601,5728,4689
231.60,2607,5740,4692
231.75,2590,5686,4670
231.90,2590,5685,4671
232.05,2590,5690,4658
232.20,2550,5626,4603
232.35,2552,5628,4604
232.50,2561,5619,4601
232.65,2552,5619,4602
232.80,2547,5607,4594
232.95,2552,5604,4592
233.10,2538,5585,4576
233.25,2535,5578,4570
233.40,2537,5569,4561
233.55,2526,5564,4565
233.70,2517,5553,4541
233.85,2517,5528,4530
234.00,2513,5511,4534
234.15,2499,5500,4523
234.30,2493,5495,4495
234.45,2493,5470,4485
234.60,2480,5455,4487
234.75,2473,5440,4461
234.90,2472,5434,4446
235.05,2459,5408,4448
235.20,2453,5408,4425
235.35,2452,5390,4415
235.50,2443,5372,4405
235.65,2428,5350,4378
235.80,2437,5339,4380
235.95,2411,5315,4348
236.10,2412,5302,4348
236.25,2379,5238,4288
236.40,2377,5241,4289
236.55,2379,5241,4303
236.70,2378,5228,4287
236.85,2367,5214,4267
237.00,2348,5164,4237
237.15,2348,5165,4236
237.30,2348,5148,4221
237.45,2334,5142,4222
237.60,2325,5121,4190
237.75,2328,5107,4188
237.90,2316,5094,4176
238.05,2319,5079,4178
238.20,2295,5027,4136
238.35,2295,5029,4123
238.50,2295,5027,4124
238.65,2283,5003,4103
238.80,2271,5004,4109
238.95,2258,4963,4071
239.10,2267,4978,4072
239.25,2259,4959,4059
239.40,2244,4934,4045
239.55,2238,4934,4035
239.70,2230,4909,4027
239.85,2232,4904,4028
240.00,2218,4880,4000
240.15,2219,4860,3988
240.30,2204,4845,3987
240.45,2196,4841,3961
240.60,2190,4810,3947
240.75,2182,4795,3932
240.90,2174,4781,3919
241.05,2167,4773,3920
241.20,2161,4754,3911
241.35,2147,4714,3854
241.50,2138,4705,3872
241.65,2141,4706,3858
241.80,2130,4685,3843
241.95,2116,4670,3816
242.10,2112,4645,3808
242.25,2106,4630,3808
242.40,2096,4609,3793
242.55,2076,4552,3744
242.70,2070,4552,3744
242.85,2066,4542,3737
243.00,2061,4529,3701
243.15,2047,4511,3702
243.30,2039,4498,3675
243.45,2027,4469,3666
243.60,2026,4467,3651
243.75,2015,4441,3629
243.90,2017,4421,3619
244.05,1998,4409,3600
244.20,1989,4375,3583
244.35,1985,4381,3578
244.50,1969,4334,3546
244.65,1966,4322,3540
244.80,1960,4315,3531
244.95,1961,4308,3532
245.10,1948,4288,3510
245.25,1944,4287,3513
245.40,1936,4269,3483
245.55,1930,4241,3486
245.70,1921,4227,3460
245.85,1922,4209,3445
246.00,1907,4206,3434
246.15,1898,4189,3419
246.30,1891,4173,3419
246.45,1883,4154,3390
246.60,1876,4126,3376
246.75,1867,4109,3360
246.90,1856,4099,3343
247.05,1845,4076,3325
247.20,1843,4071,3319
247.35,1832,4044,3298
247.50,1826,4019,3287
247.65,1821,4009,3279
247.80,1810,3987,3261
247.95,1811,3969,3245
248.10,1798,3937,3219
248.25,1786,3913,3213
248.40,1761,3888,3168
248.55,1771,3892,3186
248.70,1750,3855,3151
248.85,1744,3854,3139
249.00,1728,3817,3109
249.15,1725,3796,3103
249.30,1714,3777,3086
249.45,1710,3775,3074
249.60,1701,3754,3057
249.75,1689,3735,3054
249.90,1685,3709,3045
250.05,1676,3689,3015
250.20,1658,3650,2981
250.35,1658,3657,2983
250.50,1651,3637,2984
250.65,1641,3616,2953
250.80,1636,3598,2938
250.95,1630,3589,2932
251.10,1621,3570,2929
251.25,1613,3564,2916
251.40,1608,3536,2889
251.55,1600,3524,2877
251.70,1603,3509,2879
251.85,1584,3490,2850
252.00,1588,3485,2835
252.15,1569,3455,2821
252.30,1561,3437,2807
252.45,1552,3432,2804
252.60,1555,3404,2793
252.75,1538,3388,2765
252.90,1538,3366,2748
253.05,1531,3349,2732
253.20,1512,3330,2718
253.35,1509,3303,2696
253.50,1497,3291,2687
253.65,1496,3273,2670
253.80,1474,3259,2649
253.95,1485,3243,2661
254.10,1459,3227,2636
254.25,1446,3185,2599
254.40,1430,3162,2583
254.55,1430,3151,2584
254.70,1420,3129,2551
254.85,1416,3126,2541
255.00,1402,3100,2518
255.15,1382,3039,2477
255.30,1381,3053,2477
255.45,1370,3017,2461
255.60,1377,3009,2455
255.75,1367,2999,2437
255.90,1354,2982,2432
256.05,1341,2953,2409
256.20,1336,2957,2399
256.35,1314,2904,2374
256.50,1314,2891,2359
256.65,1320,2894,2349
256.80,1299,2873,2347
256.95,1299,2860,2348
257.10,1304,2843,2333
257.25,1286,2829,2307
257.40,1290,2825,2295
257.55,1271,2798,2298
257.70,1263,2782,2269
257.85,1257,2766,2270
258.00,1250,2751,2257
258.15,1243,2746,2244
258.30,1236,2716,2216
258.45,1227,2698,2201
258.60,1219,2680,2200
258.75,1210,2676,2172
258.90,1201,2643,2155
259.05,1202,2618,2150
259.20,1188,2609,2127
259.35,1175,2585,2108
259.50,1170,2587,2100
259.65,1164,2556,2085
259.80,1167,2553,2086
259.95,1140,2506,2044
260.10,1133,2504,2045
260.25,1127,2475,2033
260.40,1107,2435,1985
260.55,1120,2435,2000
260.70,1111,2415,1970
260.85,1101,2393,1953
261.00,1079,2370,1934
261.15,1059,2326,1898
261.30,1073,2330,1899
261.45,1036,2280,1857
261.60,1051,2294,1860
261.75,1035,2288,1869
261.90,1030,2263,1860
262.05,1002,2200,1794
262.20,1002,2201,1795
262.35,1014,2203,1811
262.50,1001,2199,1793
262.65,991,2176,1774
262.80,986,2166,1781
262.95,970,2130,1736
263.10,983,2146,1755
263.25,967,2124,1733
263.40,972,2122,1718
263.55,953,2095,1708
263.70,960,2079,1696
263.85,942,2066,1686
264.00,948,2053,1689
264.15,927,2048,1660
264.30,922,2019,1663
264.45,912,2015,1648
264.60,919,1988,1621
264.75,893,1959,1599
264.90,896,1936,1579
265.05,896,1935,1580
265.20,862,1890,1542
265.35,863,1906,1544
265.50,854,1884,1541
265.65,852,1877,1521
265.80,838,1834,1497
265.95,829,1831,1498
266.10,828,1825,1493
266.25,815,1788,1459
266.40,804,1760,1436
266.55,805,1761,1451
266.70,787,1721,1406
266.85,799,1722,1420
267.00,739,1630,1335
267.15,740,1616,1322
267.30,740,1631,1322
267.45,740,1631,1336
267.60,740,1618,1336
267.75,752,1632,1335
267.90,732,1615,1307
268.05,727,1590,1298
268.20,711,1554,1269
268.35,712,1568,1286
268.50,705,1540,1259
268.65,689,1504,1229
268.80,689,1519,1231
268.95,686,1498,1225
269.10,679,1482,1213
269.25,677,1490,1207
269.40,672,1478,1214
269.55,665,1466,1203
269.70,658,1437,1176
269.85,655,1427,1182
270.00,660,1414,1158
270.15,653,1402,1147
270.30,636,1402,1136
270.45,629,1387,1123
270.60,623,1355,1126
270.75,615,1353,1111
270.90,608,1325,1085
271.05,613,1311,1073
271.20,593,1289,1058
271.35,586,1274,1046
271.50,588,1258,1046
271.65,576,1254,1043
271.80,583,1247,1023
271.95,561,1218,997
272.10,558,1212,994
272.25,560,1208,979
272.40,554,1196,984
272.55,543,1162,968
272.70,537,1146,940
272.85,519,1125,937
273.00,516,1120,919
273.15,515,1098,915
273.30,498,1097,887
273.45,495,1088,881
273.60,491,1080,887
273.75,485,1050,877
273.90,478,1035,851
274.05,468,1029,832
274.20,457,994,815
274.35,459,995,829
274.50,453,984,820
274.65,446,966,793
274.80,441,957,784
274.95,437,948,778
275.10,434,939,784
275.25,436,929,762
275.40,422,930,751
275.55,418,920,757
275.70,422,895,736
275.85,408,885,728
276.00,405,891,731
276.15,399,878,709
276.30,394,852,712
276.45,388,841,691
276.60,384,828,683
276.75,379,817,671
276.90,380,804,661
277.05,374,793,662
277.20,367,775,638
277.35,355,779,641
277.50,351,769,623
277.65,349,765,620
277.80,342,737,616
277.95,333,719,601
278.10,334,719,591
278.25,325,699,576
278.40,315,681,560
278.55,323,692,560
278.70,301,647,533
278.85,307,659,533
279.00,305,642,529
279.15,300,633,521
279.30,286,613,504
279.45,282,616,498
279.60,272,584,479
279.75,271,583,485
279.90,268,576,474
280.05,263,566,466
280.20,258,542,446
280.35,253,551,446
280.50,248,533,443
280.65,242,530,432
280.80,240,514,427
280.95,237,519,423
281.10,241,513,415
281.25,230,494,407
281.40,227,486,402
281.55,224,479,397
281.70,220,480,390
281.85,222,464,384
282.00,213,456,376
282.15,210,448,370
282.30,206,448,362
282.45,206,439,354
282.60,196,421,347
282.75,194,420,339
282.90,194,403,331
283.05,185,403,325
283.20,187,388,318
283.35,183,389,313
283.50,176,371,305
283.65,171,364,297
283.80,169,359,295
283.95,162,352,284
284.10,161,340,280
284.25,154,325,266
284.40,158,324,268
284.55,144,305,251
284.70,148,303,250
284.85,139,290,240
285.00,136,288,237
285.15,135,282,227
285.30,134,274,221
285.45,121,255,210
285.60,126,254,211
285.75,118,248,205
285.90,116,243,201
286.05,115,245,198
286.20,112,233,192
286.35,107,225,176
286.50,105,223,181
286.65,103,214,176
286.80,104,207,172
286.95,99,204,168
287.10,97,201,158
287.25,98,195,162
287.40,92,190,156
287.55,93,186,153
287.70,88,180,148
287.85,86,176,145
288.00,83,170,133
288.15,81,166,129
288.30,82,160,131
288.45,76,156,121
288.60,77,151,116
288.75,72,146,112
288.90,73,141,116
289.05,68,137,103
289.20,65,131,108
289.35,66,126,105
289.50,61,123,92
289.65,60,115,98
289.80,58,116,86
289.95,57,113,82
290.10,57,101,89
290.25,53,103,85
290.40,52,98,80
290.55,47,91,66
290.70,48,88,63
290.85,45,79,60
291.00,42,81,67
291.15,41,71,65
291.30,38,73,60
291.45,38,70,46
291.60,35,59,44
291.75,37,54,52
291.90,34,51,49
292.05,32,58,36
292.20,30,55,34
292.35,29,52,43
292.50,28,39,29
292.65,27,48,39
292.80,27,45,25
292.95,25,44,36
293.10,24,32,35
293.25,24,41,33
293.40,23,38,32
293.55,22,37,30
293.70,21,36,29
293.85,21,24,27
294.00,21,22,28
294.15,20,32,14
294.30,18,30,13
294.45,18,29,23
294.60,18,27,10
294.75,17,27,22
294.90,17,14,21
295.05,16,25,20
295.20,16,23,20
295.35,16,22,18
295.50,14,21,6
295.65,16,22,5
295.80,13,10,18
295.95,15,9,17
296.10,13,9,17
296.25,15,8,17
296.40,13,19,17
296.55,14,20,16
296.70,14,19,4
296.85,13,9,4
297.00,16,21,16
297.15,14,22,5
297.30,14,21,18
297.45,16,11,19
297.60,17,24,7
297.75,15,24,7
297.90,17,14,8
298.05,17,26,9
298.20,18,17,24
298.35,19,29,24
298.50,20,31,24
298.65,19,32,14
298.80,21,33,15
298.95,21,35,28
299.10,21,26,29
299.25,22,38,32
299.40,23,39,32
299.55,24,42,33
299.70,24,43,35
299.85,25,34,24
300.00,26,47,36
300.15,27,48,27
300.30,30,50,41
300.45,29,53,43
300.60,29,54,45
300.75,34,58,47
300.90,33,52,50
301.05,38,63,52
301.20,35,67,55
301.35,40,69,46
301.50,39,73,49
301.65,40,68,62
301.80,44,79,63
301.95,45,83,66
302.10,46,85,70
302.25,45,89,74
302.40,48,94,77
302.55,52,92,80
302.70,53,105,85
302.85,54,107,87
303.00,59,114,93
303.15,59,113,96
303.30,64,121,90
303.45,64,127,104
303.60,65,133,109
303.75,70,134,103
303.90,70,142,107
304.05,74,146,119
304.20,74,153,116
304.35,80,160,122
304.50,82,164,133
304.65,82,170,138
304.80,87,173,134
304.95,85,177,137
305.10,91,181,148
305.25,94,187,144
305.40,92,191,150
305.55,93,197,159
305.70,95,201,156
305.85,97,205,167
306.00,100,210,172
306.15,102,214,176
306.30,105,220,174
306.45,112,231,186
306.60,111,239,191
306.75,114,241,192
306.90,118,250,204
307.05,120,261,209
307.20,124,268,213
307.35,127,275,217
307.50,130,276,220
307.65,131,287,231
307.80,134,291,232
307.95,137,292,238
308.10,142,308,243
308.25,150,310,254
308.40,150,321,261
308.55,159,328,267
308.70,158,339,274
308.85,163,346,282
309.00,171,361,289
309.15,170,366,298
309.30,175,374,304
309.45,178,387,311
309.60,180,396,316
309.75,184,395,324
309.90,189,404,330
310.05,193,422,338
310.20,202,432,346
310.35,207,441,354
310.50,206,441,362
310.65,216,453,370
310.80,213,459,376
310.95,215,465,381
311.10,220,472,387
311.25,223,480,394
311.40,227,487,399
311.55,229,493,405
311.70,238,500,409
311.85,236,508,416
312.00,239,515,422
312.15,248,524,429
312.30,253,542,437
312.45,258,554,444
312.60,256,565,459
312.75,267,565,463
312.90,274,588,474
313.05,278,598,481
313.20,282,596,489
313.35,280,603,495
313.50,284,613,502
313.65,290,635,512
313.80,293,643,518
313.95,298,644,526
314.10,303,656,537
314.25,316,680,546
314.40,314,680,565
314.55,320,693,568
314.70,326,719,578
314.85,333,719,587
315.00,337,732,600
315.15,343,747,620
315.30,356,769,619
315.45,361,769,629
315.60,359,779,648
315.75,363,802,648
315.90,377,802,659
316.05,375,814,677
316.20,388,826,677
316.35,395,856,701
316.50,393,853,699
316.65,399,866,710
316.80,404,878,718
316.95,415,884,725
317.10,420,894,734
317.25,417,905,753
317.40,429,930,751
317.55,434,926,756
317.70,430,934,763
317.85,433,942,772
318.00,439,953,795
318.15,445,966,791
318.30,451,993,814
318.45,464,993,814
318.60,464,1023,840
318.75,477,1021,836
318.90,484,1051,849
319.05,481,1047,857
319.20,486,1057,866
319.35,491,1069,890
319.50,506,1082,888
319.65,501,1092,910
319.80,506,1103,904
319.95,514,1121,917
320.10,520,1133,943
320.25,527,1152,959
320.40,544,1181,954
320.55,543,1183,969
320.70,561,1201,984
320.85,557,1216,996
321.00,575,1231,1008
321.15,573,1248,1023
321.30,578,1277,1033
321.45,597,1280,1048
321.60,592,1293,1059
321.75,599,1322,1069
321.90,605,1321,1082
322.05,622,1334,1092
322.20,630,1367,1105
322.35,627,1371,1123
322.50,634,1397,1148
322.65,651,1414,1145
322.80,646,1410,1155
322.95,650,1435,1164
323.10,668,1448,1175
323.25,671,1456,1182
323.40,665,1465,1190
323.55,669,1461,1198
323.70,685,1471,1221
323.85,690,1481,1216
324.00,696,1508,1241
324.15,692,1507,1235
324.30,697,1525,1250
324.45,704,1553,1278
324.60,713,1558,1277
324.75,720,1589,1306
324.90,731,1596,1308
325.05,751,1614,1340
325.20,746,1628,1335
325.35,765,1644,1347
325.50,770,1659,1359
325.65,763,1670,1367
325.80,769,1698,1379
325.95,779,1701,1409
326.10,786,1717,1406
326.25,794,1737,1422
326.40,802,1769,1435
326.55,810,1774,1453
326.70,833,1810,1471
326.85,841,1812,1500
327.00,848,1843,1498
327.15,858,1864,1516
327.30,852,1880,1543
327.45,859,1882,1556
327.60,880,1911,1569
327.75,875,1917,1571
327.90,882,1945,1597
328.05,891,1962,1611
328.20,911,1967,1612
328.35,908,1985,1627
328.50,913,2001,1654
328.65,924,2036,1658
328.80,929,2033,1665
328.95,933,2055,1675
329.10,951,2069,1685
329.25,943,2065,1693
329.40,948,2090,1701
329.55,953,2099,1709
329.70,958,2098,1719
329.85,964,2112,1732
330.00,983,2124,1743
330.15,978,2140,1755
330.30,986,2156,1770
330.45,1005,2175,1797
330.60,1003,2209,1800
330.75,1012,2228,1816
330.90,1034,2238,1849
331.05,1030,2258,1852
331.20,1051,2277,1880
331.35,1046,2293,1879
331.50,1065,2308,1908
331.65,1060,2324,1920
331.80,1068,2339,1931
331.95,1078,2363,1951
332.10,1086,2392,1963
332.25,1093,2410,1965
332.40,1115,2415,1979
332.55,1110,2438,2012
332.70,1133,2458,2030
332.85,1141,2475,2029
333.00,1152,2500,2049
333.15,1150,2522,2080
333.30,1157,2537,2078
333.45,1178,2574,2098
333.60,1173,2587,2109
333.75,1183,2607,2140
333.90,1192,2627,2143
334.05,1212,2632,2156
334.20,1221,2664,2187
334.35,1229,2670,2187
334.50,1225,2687,2214
334.65,1232,2705,2217
334.80,1240,2719,2242
334.95,1245,2731,2251
335.10,1260,2744,2248
335.25,1256,2765,2254
335.40,1260,2765,2265
335.55,1277,2775,2275
335.70,1272,2789,2285
335.85,1276,2805,2313
336.00,1283,2831,2312
336.15,1304,2847,2337
336.30,1300,2850,2353
336.45,1309,2886,2369
336.60,1318,2896,2371
336.75,1339,2927,2388
336.90,1350,2937,2406
337.05,1360,2961,2439
337.20,1368,2993,2455
337.35,1378,2996,2471
337.50,1373,3016,2483
337.65,1390,3027,2480
337.80,1396,3041,2491
337.95,1398,3068,2514
338.10,1407,3098,2527
338.25,1416,3109,2547
338.40,1436,3128,2576
338.55,1436,3149,2580
338.70,1445,3173,2600
338.85,1464,3191,2615
339.00,1465,3227,2632
339.15,1474,3235,2650
339.30,1483,3252,2680
339.45,1501,3274,2684
339.60,1500,3296,2714
339.75,1508,3312,2729
339.90,1516,3342,2730
340.05,1524,3345,2755
340.20,1535,3368,2760
340.35,1542,3387,2774
340.50,1559,3403,2788
340.65,1562,3428,2808
340.80,1567,3443,2822
340.95,1583,3465,2847
341.10,1580,3465,2839
341.25,1584,3477,2849
341.40,1588,3501,2874
341.55,1605,3513,2883
341.70,1602,3526,2894
341.85,1609,3542,2893
342.00,1624,3544,2906
342.15,1622,3562,2934
342.30,1630,3592,2933
342.45,1641,3601,2952
342.60,1650,3625,2973
342.75,1660,3659,2988
342.90,1673,3685,3008
343.05,1689,3702,3024
343.20,1687,3706,3051
343.35,1696,3722,3049
343.50,1712,3740,3067
343.65,1709,3752,3076
343.80,1715,3782,3087
343.95,1736,3791,3107
344.10,1743,3809,3136
344.25,1744,3842,3138
344.40,1754,3853,3172
344.55,1766,3879,3178
344.70,1776,3901,3210
344.85,1783,3917,3210
345.00,1803,3941,3229
345.15,1812,3963,3247
345.30,1820,3990,3260
345.45,1821,4001,3279
345.60,1828,4019,3293
345.75,1837,4035,3309
345.90,1845,4064,3321
346.05,1853,4069,3334
346.20,1864,4108,3369
346.35,1867,4102,3363
346.50,1877,4121,3378
346.65,1885,4140,3408
346.80,1892,4168,3419
346.95,1900,4183,3418
347.10,1907,4191,3434
347.25,1922,4216,3447
347.40,1920,4227,3454
347.55,1933,4227,3479
347.70,1931,4240,3476
347.85,1938,4266,3488
348.00,1943,4269,3499
348.15,1960,4285,3517
348.30,1968,4316,3528
348.45,1971,4325,3546
348.60,1978,4346,3576
348.75,1988,4364,3591
348.90,1996,4382,3592
349.05,2003,4401,3608
349.20,2013,4419,3623
349.35,2029,4449,3652
349.50,2029,4457,3653
349.65,2036,4486,3669
349.80,2045,4508,3685
349.95,2055,4513,3716
350.10,2064,4531,3715
350.25,2074,4555,3734
350.40,2091,4573,3751
350.55,2103,4599,3771
350.70,2104,4631,3789
350.85,2123,4644,3810
351.00,2120,4669,3834
351.15,2128,4675,3848
351.30,2139,4694,3863
351.45,2146,4713,3864
351.60,2151,4737,3878
351.75,2162,4746,3892
351.90,2176,4764,3907
352.05,2184,4779,3918
352.20,2198,4810,3945
352.35,2191,4822,3946
352.50,2198,4841,3960
352.65,2206,4849,3989
352.80,2220,4870,3984
352.95,2216,4870,3995
353.10,2222,4881,4002
353.25,2227,4892,4013
353.40,2239,4913,4035
353.55,2235,4920,4045
353.70,2240,4932,4052
353.85,2255,4934,4050
354.00,2253,4960,4074
354.15,2260,4961,4087
354.30,2268,4992,4100
354.45,2285,5011,4116
354.60,2286,5020,4117
354.75,2293,5040,4135
354.90,2303,5075,4154
355.05,2314,5082,4183
355.20,2331,5104,4185
355.35,2337,5118,4213
355.50,2346,5148,4227
355.65,2345,5153,4227
355.80,2353,5179,4239
355.95,2363,5195,4270
356.10,2366,5206,4260
356.25,2372,5213,4278
356.40,2387,5232,4290
356.55,2388,5253,4308
356.70,2401,5288,4328
356.85,2408,5303,4340
357.00,2424,5311,4354
357.15,2426,5330,4373
357.30,2440,5356,4382
357.45,2441,5365,4399
357.60,2455,5387,4409
357.75,2460,5393,4422
357.90,2469,5411,4438
358.05,2467,5420,4448
358.20,2478,5457,4467
358.35,2483,5467,4478
358.50,2487,5478,4499
358.65,2496,5486,4499
358.80,2501,5494,4509
358.95,2504,5506,4517
359.10,2509,5515,4524
359.25,2514,5522,4532
359.40,2518,5533,4557
359.55,2523,5544,4548
359.70,2529,5563,4572
359.85,2533,5573,4582
360.00,2545,5573,4576
