0.00,1481,3268,2673
0.15,1482,3257,2674
0.30,1491,3265,2694
0.45,1492,3277,2683
0.60,1494,3274,2701
0.75,1491,3276,2703
0.90,1499,3292,2693
1.05,1502,3298,2699
1.20,1498,3302,2715
1.35,1500,3294,2704
1.50,1503,3305,2720
1.65,1507,3299,2722
1.80,1502,3304,2710
1.95,1509,3302,2726
2.10,1505,3307,2728
2.25,1508,3309,2732
2.40,1509,3325,2724
2.55,1511,3318,2728
2.70,1518,3323,2744
2.85,1516,3338,2748
3.00,1518,3343,2751
3.15,1524,3338,2742
3.30,1527,3346,2747
3.45,1525,3349,2765
3.60,1525,3357,2768
3.75,1528,3361,2757
3.90,1530,3364,2762
4.05,1533,3366,2764
4.20,1534,3371,2767
4.35,1536,3386,2771
4.50,1537,3389,2774
4.65,1541,3395,2779
4.80,1546,3391,2781
4.95,1547,3395,2785
5.10,1551,3398,2791
5.25,1547,3403,2793
5.40,1550,3409,2797
5.55,1553,3410,2800
5.70,1558,3413,2815
5.85,1555,3427,2818
6.00,1557,3419,2808
6.15,1563,3424,2810
6.30,1560,3428,2814
6.45,1560,3439,2815
6.60,1569,3434,2818
6.75,1564,3439,2835
6.90,1564,3439,2823
7.05,1568,3442,2826
7.20,1567,3444,2826
7.35,1574,3448,2830
7.50,1575,3450,2831
7.65,1572,3452,2845
7.80,1576,3454,2833
7.95,1572,3453,2837
8.10,1571,3456,2851
8.25,1574,3458,2840
8.40,1575,3464,2855
8.55,1577,3463,2858
8.70,1577,3477,2847
8.85,1583,3469,2848
9.00,1580,3473,2850
9.15,1583,3475,2852
9.30,1582,3480,2856
9.45,1589,3491,2871
9.60,1590,3494,2859
9.75,1586,3487,2873
9.90,1591,3497,2877
10.05,1594,3492,2864
10.20,1589,3493,2866
10.35,1591,3497,2869
10.50,1595,3497,2881
10.65,1591,3500,2872
10.80,1593,3501,2887
10.95,1593,3513,2889
11.10,1600,3516,2877
11.25,1595,3519,2878
11.40,1598,3510,2879
11.55,1597,3512,2895
11.70,1603,3513,2885
11.85,1604,3517,2887
12.00,1604,3517,2885
12.15,1607,3518,2900
12.30,1607,3530,2888
12.45,1603,3523,2889
12.60,1606,3524,2892
12.75,1604,3524,2892
12.90,1605,3525,2892
13.05,1604,3537,2894
13.20,1604,3528,2906
13.35,1604,3539,2895
13.50,1610,3529,2893
13.65,1605,3538,2908
13.80,1606,3529,2909
13.95,1611,3530,2896
14.10,1606,3538,2910
14.25,1611,3540,2898
14.40,1606,3531,2912
14.55,1607,3532,2898
14.70,1607,3534,2901
14.85,1608,3532,2900
15.00,1614,3545,2901
15.15,1613,3534,2901
15.30,1611,3545,2915
15.45,1614,3540,2903
15.60,1614,3539,2916
15.75,1614,3539,2916
15.90,1609,3550,2903
16.05,1610,3540,2905
16.20,1611,3540,2918
16.35,1614,3550,2918
16.50,1615,3551,2905
16.65,1610,3551,2905
16.80,1610,3551,2917
16.95,1610,3550,2905
17.10,1615,3551,2905
17.25,1613,3542,2904
17.40,1612,3541,2905
17.55,1616,3552,2904
17.70,1608,3551,2903
17.85,1614,3540,2903
18.00,1614,3541,2904
18.15,1611,3541,2902
18.30,1610,3540,2916
18.45,1614,3540,2903
18.60,1610,3540,2902
18.75,1609,3549,2903
18.90,1610,3546,2903
19.05,1609,3548,2900
19.20,1609,3545,2915
19.35,1608,3536,2901
19.50,1608,3546,2900
19.65,1608,3535,2899
19.80,1606,3533,2899
19.95,1612,3531,2911
20.10,1610,3528,2896
20.25,1605,3527,2896
20.40,1603,3528,2894
20.55,1606,3527,2894
20.70,1604,3526,2908
20.85,1604,3526,2907
21.00,1603,3527,2891
21.15,1603,3535,2893
21.30,1607,3537,2903
21.45,1607,3526,2890
21.60,1602,3535,2889
21.75,1602,3522,2889
21.90,1601,3519,2886
22.05,1599,3518,2897
22.20,1603,3517,2882
22.35,1598,3515,2882
22.50,1603,3514,2895
22.65,1596,3510,2878
22.80,1595,3510,2878
22.95,1595,3518,2890
23.10,1593,3504,2885
23.25,1594,3505,2872
23.40,1597,3511,2870
23.55,1590,3509,2882
23.70,1590,3505,2866
23.85,1587,3493,2876
24.00,1587,3489,2861
24.15,1584,3497,2858
24.30,1583,3484,2857
24.45,1583,3483,2870
24.60,1584,3481,2867
24.75,1586,3488,2851
24.90,1584,3487,2864
25.05,1578,3475,2862
25.20,1583,3470,2846
25.35,1577,3468,2842
25.50,1577,3474,2855
25.65,1575,3461,2853
25.80,1578,3462,2839
25.95,1573,3457,2836
26.10,1572,3455,2834
26.25,1574,3460,2846
26.40,1576,3460,2832
26.55,1568,3448,2829
26.70,1566,3445,2839
26.85,1572,3452,2824
27.00,1564,3448,2820
27.15,1563,3446,2830
27.30,1561,3430,2816
27.45,1560,3429,2813
27.60,1563,3424,2810
27.75,1561,3433,2820
27.90,1555,3418,2817
28.05,1561,3417,2802
28.20,1557,3423,2812
28.35,1551,3417,2806
28.50,1553,3405,2791
28.65,1547,3400,2789
28.80,1547,3405,2799
28.95,1548,3391,2782
29.10,1542,3388,2791
29.25,1539,3381,2772
29.40,1540,3375,2768
29.55,1539,3383,2765
29.70,1534,3368,2763
29.85,1536,3361,2759
30.00,1528,3359,2756
30.15,1528,3356,2765
30.30,1530,3349,2760
30.45,1523,3347,2759
30.60,1521,3341,2740
30.75,1518,3338,2737
30.90,1516,3331,2734
31.05,1515,3333,2742
31.20,1517,3323,2726
31.35,1510,3319,2724
31.50,1510,3316,2734
31.65,1509,3312,2720
31.80,1510,3320,2716
31.95,1507,3308,2727
32.10,1509,3304,2711
32.25,1502,3300,2709
32.40,1500,3292,2718
32.55,1499,3300,2713
32.70,1496,3295,2710
32.85,1493,3290,2691
33.00,1490,3273,2685
33.15,1487,3266,2694
33.30,1485,3259,2689
33.45,1488,3264,2672
33.60,1485,3259,2666
33.75,1482,3252,2663
33.90,1474,3251,2660
34.05,1474,3235,2668
34.20,1471,3242,2653
34.35,1471,3225,2648
34.50,1466,3221,2655
34.65,1469,3214,2639
34.80,1465,3205,2644
34.95,1456,3211,2626
35.10,1456,3207,2633
35.25,1456,3199,2631
35.40,1453,3190,2610
35.55,1445,3172,2605
35.70,1446,3168,2602
35.85,1438,3161,2595
36.00,1438,3157,2603
36.15,1439,3148,2584
36.30,1436,3153,2580
36.45,1429,3139,2574
36.60,1432,3130,2582
36.75,1422,3124,2564
36.90,1421,3118,2557
37.05,1420,3110,2553
37.20,1419,3106,2562
37.35,1411,3101,2551
37.50,1408,3096,2540
37.65,1407,3103,2551
37.80,1405,3099,2533
37.95,1403,3082,2531
38.10,1402,3080,2540
38.25,1399,3084,2522
38.40,1396,3077,2516
38.55,1400,3070,2510
38.70,1390,3054,2506
38.85,1395,3057,2500
39.00,1384,3041,2508
39.15,1380,3032,2503
39.30,1376,3025,2480
39.45,1374,3031,2476
39.60,1371,3012,2471
39.75,1368,3007,2479
39.90,1365,3000,2461
40.05,1362,2995,2455
40.20,1365,2990,2450
40.35,1357,2980,2443
40.50,1352,2974,2437
40.65,1356,2967,2431
40.80,1347,2959,2426
40.95,1348,2950,2419
41.10,1343,2938,2423
41.25,1335,2933,2417
41.40,1330,2923,2411
41.55,1327,2914,2391
41.70,1325,2910,2399
41.85,1321,2901,2379
42.00,1317,2891,2371
42.15,1314,2888,2366
42.30,1309,2879,2358
42.45,1307,2883,2356
42.60,1302,2861,2360
42.75,1299,2865,2354
42.90,1297,2850,2336
43.05,1299,2839,2325
43.20,1291,2835,2323
43.35,1293,2828,2333
43.50,1286,2824,2315
43.65,1288,2818,2326
43.80,1281,2815,2307
43.95,1277,2808,2303
44.10,1283,2803,2300
44.25,1273,2809,2294
44.40,1278,2788,2289
44.55,1267,2783,2282
44.70,1270,2776,2289
44.85,1260,2768,2269
45.00,1257,2768,2274
45.15,1251,2749,2251
45.30,1246,2738,2245
45.45,1242,2729,2250
45.60,1239,2722,2229
45.75,1235,2713,2225
45.90,1234,2709,2219
46.05,1230,2704,2216
46.20,1225,2703,2221
46.35,1222,2695,2214
46.50,1218,2675,2193
46.65,1214,2680,2188
46.80,1209,2658,2193
46.95,1206,2650,2185
47.10,1200,2638,2176
47.25,1204,2630,2170
47.40,1192,2620,2145
47.55,1188,2610,2138
47.70,1191,2613,2146
47.85,1179,2593,2123
48.00,1177,2586,2131
48.15,1171,2576,2123
48.30,1168,2569,2103
48.45,1173,2561,2096
48.60,1158,2555,2084
48.75,1158,2555,2082
48.90,1154,2537,2078
49.05,1158,2527,2069
49.20,1145,2517,2078
49.35,1150,2513,2059
49.50,1148,2506,2052
49.65,1146,2501,2048
49.80,1136,2507,2043
49.95,1135,2489,2040
50.10,1138,2492,2049
50.25,1136,2476,2029
50.40,1124,2478,2039
50.55,1120,2459,2018
50.70,1116,2452,2009
50.85,1112,2442,2002
51.00,1115,2432,2007
51.15,1102,2424,1984
51.30,1104,2412,1976
51.45,1093,2413,1980
51.60,1098,2404,1960
51.75,1084,2385,1966
51.90,1081,2388,1947
52.05,1078,2379,1953
52.20,1074,2374,1933
52.35,1078,2350,1937
52.50,1066,2355,1919
52.65,1063,2335,1910
52.80,1064,2324,1901
52.95,1053,2328,1908
53.10,1046,2309,1894
53.25,1044,2292,1877
53.40,1045,2278,1878
53.55,1035,2283,1858
53.70,1029,2274,1864
53.85,1032,2252,1841
54.00,1020,2244,1848
54.15,1016,2234,1842
54.30,1010,2235,1833
54.45,1009,2227,1812
54.60,1002,2214,1816
54.75,999,2196,1810
54.90,995,2200,1791
55.05,991,2176,1795
55.20,996,2167,1774
55.35,993,2175,1768
55.50,982,2157,1780
55.65,980,2150,1760
55.80,976,2145,1756
55.95,973,2138,1750
56.10,971,2143,1745
56.25,978,2124,1739
56.40,971,2116,1731
56.55,968,2106,1739
56.70,955,2097,1730
56.85,960,2088,1721
57.00,955,2076,1714
57.15,941,2066,1691
57.30,946,2055,1681
57.45,932,2046,1674
57.60,927,2050,1681
57.75,924,2040,1674
57.90,927,2030,1650
58.05,917,2011,1647
58.20,915,2007,1641
58.35,909,1997,1634
58.50,904,1999,1625
58.65,899,1974,1630
58.80,904,1964,1606
58.95,898,1954,1598
59.10,893,1952,1587
59.25,879,1943,1593
59.40,876,1935,1572
59.55,870,1923,1576
59.70,866,1902,1555
59.85,871,1891,1547
60.00,867,1882,1555
60.15,853,1871,1531
60.30,848,1862,1522
60.45,856,1868,1518
60.60,841,1843,1507
60.75,834,1844,1497
60.90,843,1828,1510
61.05,826,1828,1484
61.20,833,1809,1478
61.35,831,1802,1472
61.50,816,1807,1481
61.65,814,1798,1473
61.80,819,1778,1454
61.95,806,1771,1463
62.10,805,1765,1459
62.25,810,1757,1437
62.40,797,1759,1430
62.55,793,1739,1423
62.70,799,1731,1430
62.85,784,1721,1407
63.00,780,1712,1415
63.15,785,1714,1390
63.30,780,1691,1382
63.45,768,1685,1390
63.60,762,1684,1367
63.75,768,1663,1373
63.90,761,1653,1366
64.05,760,1658,1360
64.20,744,1632,1348
64.35,737,1632,1336
64.50,734,1627,1335
64.65,732,1619,1313
64.80,737,1595,1319
64.95,720,1583,1293
65.10,716,1583,1297
65.25,712,1563,1291
65.40,718,1562,1265
65.55,700,1540,1259
65.70,707,1540,1263
65.85,705,1519,1257
66.00,698,1511,1249
66.15,686,1504,1229
66.30,677,1486,1214
66.45,676,1485,1214
66.60,679,1465,1197
66.75,679,1465,1196
66.90,663,1467,1189
67.05,658,1459,1180
67.20,667,1436,1190
67.35,652,1430,1183
67.50,650,1422,1177
67.65,645,1429,1172
67.80,653,1408,1151
67.95,640,1414,1145
68.10,635,1395,1156
68.25,633,1401,1135
68.40,628,1393,1142
68.55,625,1370,1134
68.70,620,1361,1111
68.85,628,1351,1105
69.00,611,1355,1096
69.15,608,1331,1089
69.30,614,1322,1081
69.45,599,1313,1074
69.60,595,1306,1067
69.75,602,1309,1057
69.90,599,1290,1069
70.05,598,1282,1049
70.20,591,1274,1041
70.35,575,1276,1032
70.50,573,1255,1039
70.65,569,1245,1017
70.80,559,1225,1002
70.95,558,1225,1002
71.10,553,1214,992
71.25,561,1216,984
71.40,540,1198,967
71.55,540,1196,965
71.70,548,1171,957
71.85,531,1176,949
72.00,526,1154,943
72.15,524,1146,938
72.30,516,1129,924
72.45,516,1129,937
72.60,509,1117,913
72.75,519,1110,923
72.90,503,1101,916
73.05,497,1091,907
73.20,494,1097,900
73.35,497,1091,880
73.50,489,1072,891
73.65,487,1066,886
73.80,484,1060,867
73.95,482,1055,861
74.10,491,1048,873
74.25,476,1042,852
74.40,473,1034,846
74.55,468,1027,838
74.70,477,1018,834
74.85,473,1009,824
75.00,456,1013,817
75.15,465,1004,824
75.30,448,980,801
75.45,456,970,791
75.60,439,962,800
75.75,436,969,780
75.90,432,947,788
76.05,430,941,768
76.20,427,934,763
76.35,436,928,772
76.50,419,916,749
76.65,428,922,741
76.80,409,896,747
76.95,406,889,727
77.10,401,877,717
77.25,410,870,711
77.40,392,871,701
77.55,400,847,692
77.70,386,857,689
77.85,393,845,694
78.00,390,824,673
78.15,374,833,684
78.30,372,827,663
78.45,369,820,673
78.60,364,795,650
78.75,360,789,660
78.90,357,783,654
79.05,354,776,632
79.20,349,781,627
79.35,359,761,622
79.50,356,754,615
79.65,343,763,610
79.80,351,757,621
79.95,349,751,601
80.10,334,733,599
80.25,344,725,593
80.40,329,719,589
80.55,325,728,583
80.70,334,706,575
80.85,330,697,570
81.00,316,688,577
81.15,312,681,557
81.30,318,688,564
81.45,304,681,557
81.60,311,656,535
81.75,299,653,546
81.90,306,646,539
82.05,292,654,522
82.20,298,627,524
82.35,295,638,510
82.50,282,630,516
82.65,286,608,507
82.80,285,614,488
82.95,270,589,481
83.10,267,597,475
83.25,264,590,468
83.40,258,567,462
83.55,255,575,457
83.70,251,549,458
83.85,258,542,443
84.00,255,551,438
84.15,244,531,434
84.30,241,524,437
84.45,238,535,424
84.60,242,511,425
84.75,232,506,421
84.90,229,501,408
85.05,225,492,409
85.20,232,487,398
85.35,231,483,401
85.50,219,479,397
85.65,217,488,385
85.80,223,469,390
85.95,213,480,379
86.10,219,460,374
86.25,209,455,370
86.40,206,449,367
86.55,212,444,363
86.70,201,437,358
86.85,197,431,356
87.00,202,424,351
87.15,192,418,345
87.30,196,424,334
87.45,193,418,329
87.60,190,395,323
87.75,187,391,318
87.90,177,384,312
88.05,175,380,309
88.20,173,387,304
88.35,169,382,303
88.50,174,376,296
88.65,164,355,290
88.80,160,350,286
88.95,156,349,274
89.10,161,335,272
89.25,152,330,269
89.40,144,312,253
89.55,144,313,254
89.70,144,313,253
89.85,141,304,248
90.00,138,300,243
90.15,143,296,241
90.30,135,292,237
90.45,139,288,233
90.60,135,289,228
90.75,127,274,223
90.90,124,269,219
91.05,129,266,216
91.20,126,270,212
91.35,125,258,208
91.50,119,255,208
91.65,118,252,205
91.80,121,249,203
91.95,114,246,200
92.10,118,251,195
92.25,116,241,195
92.40,115,242,191
92.55,107,237,184
92.70,105,232,185
92.85,103,220,179
93.00,105,222,175
93.15,98,210,171
93.30,96,210,162
93.45,94,204,162
93.60,91,193,160
93.75,94,195,156
93.90,88,189,154
94.05,86,186,151
94.20,89,181,147
94.35,80,169,138
94.50,79,169,131
94.65,84,169,137
94.80,81,164,134
94.95,73,158,129
95.10,73,155,126
95.25,70,149,121
95.40,69,145,111
95.55,65,136,104
95.70,64,137,111
95.85,62,132,109
96.00,63,130,99
96.15,61,128,103
96.30,60,125,94
96.45,57,117,98
96.60,56,110,90
96.75,53,106,80
96.90,52,110,89
97.05,52,108,79
97.20,54,106,86
97.35,53,104,84
97.50,52,98,74
97.65,47,101,72
97.80,47,98,70
97.95,50,92,78
98.10,45,89,75
98.25,45,91,65
98.40,46,90,72
98.55,41,87,71
98.70,41,84,68
98.85,41,75,66
99.00,38,79,64
99.15,38,69,61
99.30,36,65,59
99.45,34,69,57
99.60,33,66,44
99.75,32,57,54
99.90,30,55,50
100.05,29,56,35
100.20,28,48,45
100.35,28,55,45
100.50,26,55,43
100.65,25,51,30
100.80,22,49,29
100.95,19,43,36
101.10,19,34,36
101.25,21,42,33
101.40,21,40,32
101.55,19,37,30
101.70,20,37,30
101.85,17,23,27
102.00,18,23,15
102.15,13,33,26
102.30,17,30,12
102.45,16,30,12
102.60,9,15,9
102.75,14,25,21
102.90,14,26,21
103.05,14,23,7
103.20,15,12,19
103.35,7,23,19
103.50,13,22,5
103.65,6,10,17
103.80,11,9,4
103.95,5,19,3
104.10,11,19,16
104.25,10,6,15
104.40,11,5,1
104.55,3,17,14
104.70,10,16,0
104.85,10,15,12
105.00,2,14,0
105.15,9,2,11
105.30,9,13,11
105.45,8,13,10
105.60,1,11,9
105.75,8,12,10
105.90,7,12,8
106.05,0,0,8
106.20,7,0,0
106.35,0,11,0
106.50,6,10,8
106.65,7,0,8
106.80,7,0,8
106.95,0,11,0
107.10,0,10,8
107.25,0,11,9
107.40,7,11,0
107.55,8,10,9
107.70,8,11,9
107.85,9,0,11
108.00,9,0,9
108.15,8,12,11
108.30,9,13,11
108.45,8,13,11
108.60,2,14,11
108.75,3,2,12
108.90,10,4,14
109.05,10,4,13
109.20,3,17,14
109.35,4,17,14
109.50,4,18,2
109.65,4,6,15
109.80,11,18,16
109.95,5,20,3
110.10,12,20,17
110.25,12,21,5
110.40,7,21,6
110.55,13,23,19
110.70,14,13,8
110.85,14,26,22
111.00,10,26,10
111.15,15,28,23
111.30,17,30,25
111.45,12,32,26
111.60,18,33,28
111.75,19,24,28
111.90,19,26,29
112.05,18,32,34
112.20,18,31,34
112.35,18,42,34
112.50,23,43,25
112.65,23,41,41
112.80,26,41,41
112.95,26,50,41
113.10,27,55,46
113.25,26,46,34
113.40,31,62,40
113.55,32,61,51
113.70,30,60,50
113.85,33,68,57
114.00,33,67,56
114.15,35,70,58
114.30,35,65,49
114.45,35,73,50
114.60,37,69,63
114.75,40,73,55
114.90,40,81,66
115.05,40,83,69
115.20,43,85,61
115.35,45,82,72
115.50,46,89,73
115.65,43,86,66
115.80,45,93,68
115.95,46,90,69
116.10,47,92,80
116.25,48,94,82
116.40,50,97,84
116.55,50,103,78
116.70,52,106,80
116.85,53,111,83
117.00,55,111,94
117.15,56,118,98
117.30,58,122,100
117.45,64,126,95
117.60,62,131,108
117.75,68,135,112
117.90,63,134,111
118.05,71,140,115
118.20,68,143,110
118.35,70,149,123
118.50,70,149,122
118.65,72,154,127
118.80,77,162,133
118.95,76,163,134
119.10,80,171,140
119.25,82,177,144
119.40,83,181,141
119.55,92,197,157
119.70,96,197,161
119.85,92,196,162
120.00,92,197,156
120.15,92,197,163
120.30,100,209,168
120.45,96,206,165
120.60,104,214,172
120.75,100,214,176
120.90,108,229,182
121.05,109,223,179
121.20,105,227,186
121.35,105,229,188
121.50,112,233,192
121.65,114,235,193
121.80,110,246,196
121.95,113,242,200
122.10,119,246,201
122.25,116,248,204
122.40,123,261,208
122.55,125,257,212
122.70,127,263,216
122.85,124,277,218
123.00,132,273,224
123.15,134,278,227
123.30,132,295,234
123.45,140,301,237
123.60,137,296,241
123.75,138,300,246
123.90,147,306,251
124.05,145,311,254
124.20,152,316,259
124.35,150,324,266
124.50,154,334,273
124.65,159,334,274
124.80,158,353,279
124.95,173,376,296
125.10,173,362,296
125.25,173,363,296
125.40,170,385,305
125.55,171,372,306
125.70,182,381,311
125.85,179,393,321
126.00,179,406,319
126.15,181,396,323
126.30,186,422,333
126.45,186,408,333
126.60,193,435,348
126.75,192,421,342
126.90,201,437,345
127.05,205,431,351
127.20,198,435,355
127.35,201,454,364
127.50,202,459,367
127.65,204,447,371
127.80,206,451,369
127.95,208,470,379
128.10,211,475,376
128.25,221,464,380
128.40,214,485,392
128.55,218,477,390
128.70,221,482,394
128.85,232,504,400
129.00,228,497,414
129.15,229,503,410
129.30,234,513,419
129.45,237,519,432
129.60,240,528,438
129.75,243,534,434
129.90,256,557,439
130.05,251,553,448
130.20,252,568,448
130.35,264,578,468
130.50,272,577,469
130.65,262,593,469
130.80,265,598,474
130.95,272,598,485
131.10,284,605,490
131.25,276,621,505
131.40,290,617,513
131.55,286,630,523
131.70,296,631,511
131.85,290,655,533
132.00,295,653,542
132.15,297,654,542
132.30,309,675,549
132.45,303,671,557
132.60,309,680,551
132.75,319,697,552
132.90,323,688,559
133.05,317,713,565
133.20,330,704,569
133.35,321,709,574
133.50,323,714,578
133.65,324,718,581
133.80,328,738,585
133.95,330,727,591
134.10,343,734,595
134.25,336,739,599
134.40,349,745,620
134.55,340,767,626
134.70,357,773,633
134.85,348,769,640
135.00,353,778,646
135.15,368,801,653
135.30,360,798,645
135.45,376,820,652
135.60,382,830,659
135.75,373,829,684
135.90,375,845,672
136.05,377,836,691
136.20,381,858,698
136.35,405,868,701
136.50,393,867,717
136.65,408,874,706
136.80,397,880,711
136.95,414,920,756
137.10,427,933,742
137.25,427,919,741
137.40,415,939,747
137.55,431,956,787
137.70,431,956,772
137.85,431,955,771
138.00,443,970,771
138.15,453,979,788
138.30,440,979,788
138.45,453,977,804
138.60,458,989,813
138.75,453,1023,813
138.90,454,1008,812
139.05,457,1014,833
139.20,460,1020,822
139.35,462,1040,827
139.50,465,1031,833
139.65,479,1037,836
139.80,470,1043,842
139.95,473,1048,849
140.10,475,1067,852
140.25,478,1060,873
140.40,483,1082,862
140.55,498,1090,870
140.70,489,1085,877
140.85,494,1110,900
141.00,511,1106,906
141.15,503,1118,899
141.30,508,1143,924
141.45,511,1136,915
141.60,518,1150,941
141.75,532,1169,930
141.90,527,1174,944
142.05,527,1173,944
142.20,531,1196,950
142.35,549,1195,975
142.50,538,1199,963
142.65,548,1219,995
142.80,547,1221,981
142.95,551,1231,988
143.10,564,1254,1007
143.25,575,1267,1007
143.40,580,1281,1033
143.55,570,1284,1035
143.70,595,1298,1057
143.85,582,1299,1042
144.00,585,1318,1061
144.15,606,1339,1079
144.30,594,1337,1063
144.45,595,1327,1065
144.60,617,1349,1083
144.75,616,1349,1082
144.90,607,1353,1101
145.05,624,1364,1094
145.20,616,1370,1115
145.35,617,1377,1119
145.50,632,1383,1111
145.65,622,1389,1116
145.80,626,1409,1136
145.95,630,1400,1141
146.10,642,1421,1148
146.25,635,1413,1138
146.40,639,1422,1146
146.55,643,1429,1167
146.70,647,1439,1157
146.85,652,1462,1166
147.00,656,1460,1175
147.15,671,1473,1183
147.30,677,1483,1191
147.45,670,1496,1214
147.60,686,1504,1221
147.75,678,1510,1213
147.90,698,1544,1228
148.05,687,1531,1228
148.20,696,1550,1243
148.35,695,1563,1240
148.50,701,1574,1251
148.65,705,1574,1260
148.80,732,1608,1287
148.95,722,1607,1302
149.10,721,1618,1287
149.25,726,1617,1310
149.40,735,1636,1310
149.55,734,1647,1310
149.70,738,1646,1318
149.85,744,1660,1344
150.00,749,1669,1338
150.15,758,1686,1350
150.30,756,1698,1350
150.45,761,1696,1359
150.60,777,1707,1367
150.75,771,1731,1389
150.90,772,1721,1378
151.05,788,1745,1403
151.20,780,1750,1406
151.35,783,1743,1396
151.50,788,1752,1403
151.65,789,1756,1423
151.80,793,1774,1427
151.95,804,1780,1419
152.10,797,1785,1425
152.25,810,1782,1446
152.40,804,1789,1452
152.55,809,1810,1444
152.70,813,1821,1453
152.85,819,1831,1475
153.00,824,1830,1469
153.15,827,1842,1477
153.30,833,1855,1501
153.45,838,1877,1508
153.60,844,1878,1504
153.75,847,1897,1509
153.90,852,1899,1521
154.05,860,1911,1545
154.20,869,1923,1530
154.35,876,1938,1542
154.50,873,1942,1555
154.65,876,1948,1559
154.80,881,1959,1569
154.95,894,1998,1605
155.10,892,1986,1604
155.25,898,1995,1600
155.40,909,1999,1616
155.55,909,2033,1618
155.70,909,2033,1634
155.85,921,2044,1639
156.00,919,2056,1639
156.15,931,2049,1654
156.30,927,2056,1663
156.45,932,2065,1655
156.60,939,2098,1671
156.75,939,2085,1671
156.90,945,2100,1680
157.05,958,2107,1686
157.20,960,2109,1704
157.35,953,2129,1709
157.50,957,2123,1701
157.65,960,2128,1721
157.80,962,2146,1712
157.95,965,2137,1718
158.10,967,2145,1723
158.25,971,2151,1744
158.40,974,2159,1734
158.55,978,2167,1742
158.70,982,2178,1748
158.85,997,2201,1757
159.00,993,2200,1779
159.15,997,2211,1771
159.30,1002,2234,1782
159.45,1008,2234,1790
159.60,1012,2254,1811
159.75,1019,2270,1809
159.90,1025,2284,1820
160.05,1026,2284,1820
160.20,1037,2277,1840
160.35,1034,2290,1849
160.50,1039,2301,1844
160.65,1046,2316,1856
160.80,1047,2318,1859
160.95,1064,2336,1872
161.10,1070,2358,1883
161.25,1066,2357,1890
161.40,1074,2373,1890
161.55,1079,2369,1914
161.70,1084,2381,1909
161.85,1092,2395,1919
162.00,1086,2412,1926
162.15,1102,2427,1938
162.30,1094,2432,1955
162.45,1097,2426,1945
162.60,1107,2457,1962
162.75,1106,2444,1961
162.90,1109,2450,1967
163.05,1121,2460,1972
163.20,1115,2467,1978
163.35,1127,2472,1983
163.50,1120,2487,2002
163.65,1132,2492,1994
163.80,1125,2489,2000
163.95,1129,2505,2005
164.10,1140,2499,2010
164.25,1134,2504,2031
164.40,1146,2512,2023
164.55,1150,2521,2028
164.70,1147,2529,2049
164.85,1151,2537,2042
165.00,1155,2549,2051
165.15,1160,2559,2058
165.30,1164,2582,2079
165.45,1169,2579,2074
165.60,1179,2590,2095
165.75,1176,2597,2087
165.90,1179,2615,2094
166.05,1193,2616,2102
166.20,1189,2633,2108
166.35,1193,2646,2133
166.50,1202,2638,2121
166.65,1199,2646,2127
166.80,1207,2663,2156
166.95,1214,2664,2157
167.10,1221,2688,2154
167.25,1217,2687,2175
167.40,1228,2704,2167
167.55,1232,2720,2202
167.70,1233,2729,2202
167.85,1231,2729,2188
168.00,1240,2736,2217
168.15,1241,2734,2202
168.30,1245,2753,2207
168.45,1253,2758,2214
168.60,1256,2768,2245
168.75,1262,2778,2231
168.90,1259,2779,2239
169.05,1260,2778,2254
169.20,1271,2784,2244
169.35,1265,2792,2249
169.50,1268,2797,2269
169.65,1278,2803,2258
169.80,1280,2808,2279
169.95,1283,2814,2270
170.10,1284,2829,2289
170.25,1282,2824,2296
170.40,1285,2830,2300
170.55,1287,2837,2306
170.70,1298,2855,2312
170.85,1302,2852,2303
171.00,1305,2862,2324
171.15,1308,2880,2318
171.30,1313,2889,2337
171.45,1309,2884,2329
171.60,1313,2902,2333
171.75,1322,2897,2340
171.90,1320,2911,2365
172.05,1327,2911,2367
172.20,1327,2922,2363
172.35,1330,2931,2371
172.50,1332,2934,2388
172.65,1342,2942,2380
172.80,1338,2948,2385
172.95,1351,2968,2395
173.10,1348,2969,2402
173.25,1351,2972,2422
173.40,1362,2986,2418
173.55,1367,2994,2439
173.70,1362,2997,2429
173.85,1371,3005,2450
174.00,1372,3008,2438
174.15,1369,3014,2443
174.30,1371,3030,2462
174.45,1377,3045,2459
174.60,1378,3036,2475
174.75,1382,3049,2464
174.90,1382,3043,2469
175.05,1387,3052,2477
175.20,1389,3057,2481
175.35,1390,3061,2497
175.50,1399,3066,2487
175.65,1394,3070,2492
175.80,1403,3076,2510
175.95,1399,3092,2516
176.10,1408,3086,2505
176.25,1404,3101,2511
176.40,1407,3106,2528
176.55,1415,3099,2518
176.70,1412,3117,2523
176.85,1420,3111,2529
177.00,1417,3118,2534
177.15,1421,3123,2539
177.30,1423,3130,2545
177.45,1425,3135,2566
177.60,1429,3145,2570
177.75,1430,3146,2560
177.90,1439,3152,2565
178.05,1437,3161,2589
178.20,1439,3175,2575
178.35,1441,3170,2595
178.50,1444,3183,2585
178.65,1453,3181,2605
178.80,1458,3200,2612
178.95,1453,3193,2605
179.10,1462,3211,2611
179.25,1462,3210,2631
179.40,1465,3230,2637
179.55,1470,3217,2624
179.70,1469,3227,2632
179.85,1473,3235,2652
180.00,1471,3237,2639
180.15,1475,3238,2656
180.30,1482,3246,2660
180.45,1478,3247,2662
180.60,1481,3258,2659
180.75,1482,3259,2658
180.90,1490,3261,2677
181.05,1486,3267,2668
181.20,1495,3282,2671
181.35,1494,3272,2674
181.50,1492,3279,2676
181.65,1493,3282,2681
181.80,1495,3285,2696
181.95,1501,3296,2700
182.10,1498,3292,2704
182.25,1500,3306,2693
182.40,1508,3300,2710
182.55,1504,3312,2698
182.70,1506,3308,2703
182.85,1507,3311,2707
183.00,1513,3315,2709
183.15,1511,3320,2728
183.30,1514,3324,2720
183.45,1517,3339,2721
183.60,1521,3331,2724
183.75,1523,3335,2727
183.90,1520,3349,2746
184.05,1525,3345,2750
184.20,1525,3358,2755
184.35,1533,3355,2748
184.50,1528,3356,2745
184.65,1537,3372,2752
184.80,1532,3365,2754
184.95,1536,3374,2760
185.10,1537,3377,2765
185.25,1544,3379,2767
185.40,1544,3382,2770
185.55,1547,3397,2774
185.70,1544,3389,2791
185.85,1549,3410,2785
186.00,1548,3409,2785
186.15,1552,3410,2787
186.30,1557,3418,2792
186.45,1556,3406,2792
186.60,1555,3414,2797
186.75,1558,3415,2799
186.90,1556,3426,2814
187.05,1557,3421,2803
187.20,1559,3435,2819
187.35,1560,3435,2807
187.50,1561,3440,2809
187.65,1561,3431,2810
187.80,1562,3442,2815
187.95,1568,3433,2814
188.10,1570,3433,2830
188.25,1564,3437,2831
188.40,1571,3438,2819
188.55,1572,3438,2821
188.70,1568,3454,2826
188.85,1569,3448,2825
189.00,1576,3452,2842
189.15,1573,3455,2846
189.30,1577,3470,2834
189.45,1573,3460,2839
189.60,1576,3473,2840
189.75,1577,3464,2854
189.90,1579,3479,2845
190.05,1579,3482,2859
190.20,1586,3473,2846
190.35,1581,3483,2849
190.50,1582,3478,2851
190.65,1585,3481,2868
190.80,1588,3483,2857
190.95,1586,3495,2858
191.10,1585,3487,2873
191.25,1587,3487,2861
191.40,1588,3504,2864
191.55,1589,3503,2864
191.70,1590,3496,2879
191.85,1596,3499,2868
192.00,1592,3509,2884
192.15,1596,3505,2885
192.30,1593,3504,2887
192.45,1594,3514,2885
192.60,1594,3505,2876
192.75,1596,3518,2875
192.90,1595,3509,2875
193.05,1600,3520,2877
193.20,1597,3512,2881
193.35,1596,3512,2878
193.50,1595,3523,2892
193.65,1602,3515,2880
193.80,1596,3513,2895
193.95,1598,3515,2895
194.10,1603,3514,2895
194.25,1599,3516,2883
194.40,1598,3524,2882
194.55,1603,3525,2898
194.70,1598,3520,2885
194.85,1599,3520,2900
195.00,1600,3531,2886
195.15,1605,3521,2887
195.30,1601,3524,2887
195.45,1601,3524,2902
195.60,1600,3535,2888
195.75,1606,3526,2892
195.90,1602,3526,2890
196.05,1606,3527,2902
196.20,1602,3528,2891
196.35,1601,3538,2891
196.50,1604,3537,2890
196.65,1607,3529,2906
196.80,1603,3538,2892
196.95,1604,3528,2906
197.10,1604,3537,2906
197.25,1607,3528,2892
197.40,1601,3537,2892
197.55,1603,3529,2905
197.70,1602,3527,2891
197.85,1607,3527,2906
198.00,1601,3527,2904
198.15,1605,3527,2904
198.30,1601,3537,2892
198.45,1603,3527,2903
198.60,1602,3525,2891
198.75,1600,3536,2889
198.90,1605,3536,2889
199.05,1601,3524,2903
199.20,1599,3523,2901
199.35,1599,3523,2887
199.50,1603,3525,2886
199.65,1599,3533,2886
199.80,1603,3532,2900
199.95,1598,3521,2886
200.10,1598,3531,2887
200.25,1602,3518,2884
200.40,1596,3526,2897
200.55,1601,3517,2883
200.70,1596,3514,2882
200.85,1601,3526,2895
201.00,1600,3514,2880
201.15,1596,3513,2892
201.30,1599,3514,2877
201.45,1596,3510,2879
201.60,1593,3507,2875
201.75,1592,3509,2876
201.90,1592,3505,2885
202.05,1595,3505,2872
202.20,1589,3499,2867
202.35,1594,3500,2883
202.50,1589,3498,2868
202.65,1588,3497,2866
202.80,1587,3495,2879
202.95,1584,3500,2860
203.10,1585,3491,2862
203.25,1584,3497,2859
203.40,1584,3487,2860
203.55,1586,3493,2854
203.70,1581,3480,2866
203.85,1584,3491,2855
204.00,1578,3477,2865
204.15,1582,3474,2847
204.30,1577,3472,2846
204.45,1575,3471,2856
204.60,1577,3472,2843
204.75,1575,3463,2840
204.90,1573,3476,2839
205.05,1570,3458,2837
205.20,1571,3460,2837
205.35,1571,3457,2831
205.50,1568,3453,2829
205.65,1567,3451,2830
205.80,1572,3450,2829
205.95,1565,3448,2825
206.10,1570,3457,2825
206.25,1563,3444,2822
206.40,1567,3442,2820
206.55,1563,3438,2818
206.70,1559,3434,2815
206.85,1561,3435,2827
207.00,1558,3428,2809
207.15,1557,3425,2807
207.30,1552,3433,2804
207.45,1556,3419,2803
207.60,1552,3416,2799
207.75,1555,3415,2810
207.90,1551,3412,2797
208.05,1547,3406,2803
208.20,1546,3407,2790
208.35,1550,3404,2800
208.50,1540,3397,2795
208.65,1541,3396,2794
208.80,1538,3395,2786
208.95,1542,3386,2784
209.10,1540,3381,2768
209.25,1531,3374,2776
209.40,1533,3383,2763
209.55,1534,3368,2758
209.70,1528,3363,2768
209.85,1527,3352,2742
210.00,1522,3353,2757
210.15,1524,3352,2757
210.30,1519,3343,2752
210.45,1523,3353,2752
210.60,1519,3334,2730
210.75,1513,3335,2744
210.90,1514,3332,2728
211.05,1512,3336,2723
211.20,1506,3319,2716
211.35,1508,3327,2716
211.50,1506,3325,2714
211.65,1504,3324,2723
211.80,1502,3308,2708
211.95,1501,3303,2704
212.10,1504,3300,2702
212.25,1498,3306,2711
212.40,1495,3293,2695
212.55,1493,3298,2706
212.70,1496,3285,2689
212.85,1490,3280,2683
213.00,1487,3274,2679
213.15,1483,3269,2676
213.30,1488,3264,2671
213.45,1479,3260,2681
213.60,1479,3254,2663
213.75,1480,3260,2661
213.90,1478,3253,2653
214.05,1471,3240,2651
214.20,1468,3231,2644
214.35,1462,3220,2648
214.50,1469,3221,2649
214.65,1467,3218,2633
214.80,1453,3211,2619
214.95,1461,3202,2619
215.10,1451,3194,2613
215.25,1455,3190,2610
215.40,1444,3169,2607
215.55,1440,3168,2607
215.70,1441,3170,2593
215.85,1445,3169,2592
216.00,1436,3173,2587
216.15,1432,3155,2581
216.30,1432,3152,2579
216.45,1435,3158,2575
216.60,1424,3121,2554
216.75,1420,3134,2556
216.90,1424,3124,2570
217.05,1417,3130,2565
217.20,1418,3126,2563
217.35,1413,3113,2547
217.50,1411,3120,2543
217.65,1414,3100,2537
217.80,1406,3098,2547
217.95,1405,3092,2529
218.10,1408,3096,2526
218.25,1399,3081,2522
218.40,1398,3088,2531
218.55,1395,3071,2512
218.70,1391,3066,2508
218.85,1388,3060,2501
219.00,1393,3052,2496
219.15,1383,3047,2493
219.30,1381,3037,2500
219.45,1377,3031,2479
219.60,1374,3034,2473
219.75,1371,3023,2486
219.90,1369,3016,2465
220.05,1364,3003,2458
220.20,1360,2997,2453
220.35,1359,2990,2448
220.50,1354,2992,2439
220.65,1358,2975,2449
220.80,1355,2980,2443
220.95,1346,2963,2424
221.10,1338,2946,2425
221.25,1339,2947,2425
221.40,1335,2936,2404
221.55,1329,2936,2394
221.70,1323,2925,2400
221.85,1330,2913,2386
222.00,1320,2908,2395
222.15,1323,2895,2371
222.30,1316,2903,2383
222.45,1312,2888,2364
222.60,1301,2860,2344
222.75,1301,2861,2356
222.90,1300,2860,2344
223.05,1303,2863,2337
223.20,1291,2842,2342
223.35,1293,2840,2342
223.50,1287,2830,2335
223.65,1287,2831,2320
223.80,1290,2824,2327
223.95,1281,2827,2308
224.10,1277,2810,2303
224.25,1275,2804,2312
224.40,1278,2808,2292
224.55,1268,2790,2300
224.70,1265,2794,2281
224.85,1262,2775,2288
225.00,1258,2780,2283
225.15,1255,2760,2260
225.30,1252,2762,2255
225.45,1247,2753,2249
225.60,1245,2737,2258
225.75,1240,2735,2234
225.90,1240,2735,2233
226.05,1228,2704,2230
226.20,1231,2704,2216
226.35,1232,2693,2223
226.50,1231,2689,2206
226.65,1219,2687,2194
226.80,1212,2664,2198
226.95,1206,2652,2174
227.10,1213,2652,2174
227.25,1201,2636,2176
227.40,1203,2628,2167
227.55,1195,2627,2153
227.70,1191,2603,2147
227.85,1184,2604,2134
228.00,1189,2597,2130
228.15,1180,2603,2141
228.30,1175,2584,2132
228.45,1172,2575,2126
228.60,1158,2544,2100
228.75,1158,2557,2100
228.90,1165,2545,2086
229.05,1155,2538,2097
229.20,1150,2531,2076
229.35,1150,2529,2072
229.50,1150,2512,2060
229.65,1142,2509,2072
229.80,1139,2514,2051
229.95,1135,2496,2046
230.10,1132,2489,2055
230.25,1129,2495,2035
230.40,1135,2485,2028
230.55,1123,2466,2024
230.70,1118,2458,2015
230.85,1117,2451,2023
231.00,1110,2453,2016
231.15,1109,2435,1995
231.30,1111,2425,1987
231.45,1097,2414,1978
231.60,1097,2410,1989
231.75,1098,2394,1963
231.90,1096,2395,1976
232.05,1093,2385,1955
232.20,1082,2379,1950
232.35,1075,2362,1950
232.50,1072,2359,1948
232.65,1069,2349,1924
232.80,1071,2347,1914
232.95,1056,2322,1903
233.10,1053,2327,1910
233.25,1048,2304,1888
233.40,1044,2297,1881
233.55,1035,2288,1864
233.70,1036,2277,1878
233.85,1028,2260,1865
234.00,1029,2260,1865
234.15,1029,2256,1838
234.30,1019,2254,1850
234.45,1022,2231,1841
234.60,1018,2222,1818
234.75,1017,2215,1828
234.90,999,2199,1799
235.05,1005,2194,1811
235.20,994,2201,1791
235.35,990,2192,1800
235.50,989,2187,1778
235.65,986,2168,1774
235.80,982,2171,1764
235.95,978,2164,1760
236.10,975,2146,1754
236.25,971,2135,1747
236.40,966,2128,1741
236.55,964,2118,1734
236.70,968,2111,1727
236.85,956,2103,1720
237.00,951,2092,1726
237.15,947,2084,1703
237.30,940,2069,1706
237.45,948,2066,1704
237.60,936,2059,1697
237.75,928,2056,1670
237.90,928,2041,1668
238.05,927,2019,1651
238.20,917,2021,1651
238.35,912,2020,1641
238.50,910,2004,1651
238.65,892,1976,1606
238.80,902,1965,1605
238.95,893,1977,1605
239.10,890,1970,1600
239.25,884,1961,1592
239.40,874,1925,1572
239.55,874,1924,1587
239.70,868,1910,1562
239.85,866,1905,1556
240.00,869,1896,1546
240.15,865,1898,1539
240.30,862,1878,1534
240.45,860,1873,1529
240.60,840,1849,1508
240.75,839,1849,1524
240.90,846,1840,1501
241.05,826,1830,1484
241.20,835,1829,1483
241.35,835,1819,1482
241.50,821,1823,1491
241.65,819,1803,1472
241.80,826,1795,1465
241.95,822,1787,1459
242.10,819,1782,1453
242.25,805,1771,1460
242.40,802,1776,1439
242.55,796,1754,1446
242.70,793,1745,1424
242.85,789,1736,1431
243.00,784,1725,1422
243.15,778,1718,1401
243.30,786,1721,1393
243.45,770,1695,1398
243.60,768,1688,1377
243.75,769,1686,1364
243.90,758,1669,1359
244.05,753,1657,1351
244.20,757,1643,1341
244.35,747,1644,1355
244.50,750,1626,1325
244.65,746,1620,1322
244.80,729,1609,1312
244.95,732,1592,1297
245.10,722,1590,1295
245.25,711,1564,1290
245.40,711,1565,1276
245.55,700,1556,1273
245.70,701,1542,1273
245.85,695,1528,1246
246.00,706,1541,1247
246.15,691,1520,1240
246.30,688,1527,1233
246.45,683,1501,1223
246.60,686,1485,1225
246.75,673,1481,1222
246.90,666,1466,1211
247.05,664,1476,1207
247.20,671,1451,1198
247.35,659,1464,1183
247.50,667,1444,1177
247.65,652,1448,1185
247.80,648,1424,1161
247.95,657,1418,1158
248.10,642,1425,1166
248.25,639,1402,1145
248.40,634,1395,1152
248.55,630,1400,1130
248.70,636,1377,1122
248.85,634,1368,1130
249.00,630,1374,1123
249.15,614,1350,1116
249.30,609,1341,1094
249.45,614,1327,1097
249.60,601,1335,1078
249.75,594,1307,1066
249.90,605,1316,1062
250.05,584,1299,1063
250.20,585,1286,1047
250.35,575,1263,1045
250.50,586,1265,1031
250.65,585,1270,1025
250.80,560,1232,1019
250.95,560,1246,1004
251.10,569,1238,999
251.25,553,1227,989
251.40,546,1214,994
251.55,550,1196,980
251.70,538,1196,965
251.85,533,1185,972
252.00,530,1163,949
252.15,538,1156,942
252.30,514,1140,919
252.45,526,1127,935
252.60,526,1127,920
252.75,507,1128,908
252.90,507,1114,908
253.05,516,1103,901
253.20,499,1098,895
253.35,491,1080,881
253.50,492,1078,881
253.65,490,1075,876
253.80,485,1066,869
253.95,483,1075,866
254.10,480,1055,874
254.25,477,1047,868
254.40,474,1041,850
254.55,483,1032,855
254.70,468,1023,851
254.85,462,1013,842
255.00,460,1009,823
255.15,454,1011,828
255.30,464,990,807
255.45,460,994,814
255.60,450,972,782
255.75,437,960,798
255.90,436,952,777
256.05,444,959,771
256.20,426,933,761
256.35,437,928,773
256.50,420,921,767
256.65,411,899,749
256.80,410,900,734
256.95,405,885,723
257.10,399,872,711
257.25,399,872,711
257.40,388,835,687
257.55,376,836,671
257.70,389,836,670
257.85,376,822,687
258.00,389,836,672
258.15,375,830,667
258.30,378,811,652
258.45,366,799,652
258.60,355,789,633
258.75,355,775,649
258.90,367,775,633
259.05,366,788,648
259.20,350,781,627
259.35,349,776,623
259.50,346,770,618
259.65,342,750,613
259.80,340,743,606
259.95,350,750,617
260.10,334,728,595
260.25,332,724,592
260.40,329,718,586
260.55,337,726,596
260.70,323,719,591
260.85,319,695,570
261.00,316,702,563
261.15,311,680,555
261.30,308,672,550
261.45,305,664,543
261.60,301,657,538
261.75,299,651,533
261.90,292,636,521
262.05,303,651,522
262.20,298,643,514
262.35,283,617,504
262.50,283,615,505
262.65,280,625,499
262.80,277,602,494
262.95,259,578,463
263.10,260,565,463
263.25,261,579,463
263.40,260,564,463
263.55,259,561,460
263.70,261,562,449
263.85,252,546,458
264.00,250,541,443
264.15,245,531,436
264.30,240,519,427
264.45,239,516,432
264.60,242,507,424
264.75,230,496,407
264.90,230,497,408
265.05,227,507,411
265.20,221,493,392
265.35,221,479,394
265.50,218,473,396
265.65,218,468,383
265.80,222,464,381
265.95,213,473,384
266.10,210,455,379
266.25,215,448,368
266.40,204,444,365
266.55,211,438,360
266.70,199,446,354
266.85,205,440,356
267.00,194,420,346
267.15,199,415,346
267.30,189,406,338
267.45,186,415,330
267.60,191,397,326
267.75,181,391,320
267.90,176,382,313
268.05,176,382,313
268.20,174,376,309
268.35,171,379,300
268.50,170,364,299
268.65,162,351,288
268.80,163,351,289
268.95,162,345,285
269.10,149,322,265
269.25,151,323,266
269.40,151,323,265
269.55,148,317,262
269.70,149,306,252
269.85,141,316,252
270.00,147,311,247
270.15,137,296,243
270.30,135,302,240
270.45,140,298,236
270.60,131,291,231
270.75,128,274,225
270.90,132,272,222
271.05,129,274,218
271.20,122,262,215
271.35,120,258,212
271.50,120,264,210
271.65,122,251,204
271.80,121,254,203
271.95,113,244,200
272.10,111,239,197
272.25,110,235,193
272.40,109,238,191
272.55,107,234,184
272.70,109,229,180
272.85,107,218,180
273.00,106,219,177
273.15,103,209,173
273.30,96,205,168
273.45,100,205,166
273.60,92,196,162
273.75,96,193,159
273.90,88,188,155
274.05,86,184,152
274.20,90,182,150
274.35,81,173,143
274.50,85,172,136
274.65,78,165,130
274.80,77,163,135
274.95,79,157,129
275.10,75,150,123
275.25,71,151,116
275.40,73,145,113
275.55,71,139,115
275.70,70,138,115
275.85,61,128,105
276.00,65,128,98
276.15,65,128,106
276.30,59,123,101
276.45,58,121,101
276.60,61,117,97
276.75,55,112,94
276.90,53,110,82
277.05,53,105,80
277.20,54,104,77
277.35,50,104,77
277.50,49,101,74
277.65,46,98,81
277.80,50,95,79
277.95,47,89,68
278.10,47,86,76
278.25,46,83,73
278.40,45,81,71
278.55,42,84,60
278.70,42,75,67
278.85,38,79,66
279.00,37,70,53
279.15,36,74,51
279.30,35,71,59
279.45,34,69,46
279.60,33,66,55
279.75,32,64,52
279.90,30,62,52
280.05,29,61,49
280.20,29,58,48
280.35,28,48,46
280.50,27,53,44
280.65,26,52,32
280.80,23,40,40
280.95,21,45,26
281.10,22,45,37
281.25,23,34,36
281.40,21,41,34
281.55,17,40,33
281.70,21,27,31
281.85,19,35,17
282.00,14,33,16
282.15,17,31,26
282.30,16,30,13
282.45,16,31,23
282.60,15,27,23
282.75,15,26,22
282.90,14,25,20
283.05,13,24,18
283.20,13,23,6
283.35,13,23,17
283.50,12,21,16
283.65,6,9,16
283.80,11,8,4
283.95,11,19,16
284.10,11,18,15
284.25,10,6,2
284.40,4,5,14
284.55,10,16,13
284.70,3,15,0
284.85,9,14,12
285.00,9,1,11
285.15,9,13,0
285.30,8,13,10
285.45,8,0,0
285.60,1,0,0
285.75,8,11,9
285.90,7,11,8
286.05,8,11,8
286.20,0,11,0
286.35,8,10,0
286.50,7,11,0
286.65,0,11,0
286.80,8,11,0
286.95,0,10,9
287.10,0,7,9
287.25,0,11,0
287.40,8,10,9
287.55,0,0,9
287.70,8,0,9
287.85,0,0,9
288.00,8,0,8
288.15,8,13,0
288.30,8,1,0
288.45,9,13,10
288.60,9,2,0
288.75,9,14,12
288.90,9,4,0
289.05,10,4,12
289.20,4,16,0
289.35,11,18,13
289.50,11,7,15
289.65,5,8,3
289.80,13,8,4
289.95,12,9,5
290.10,12,10,5
290.25,7,23,18
290.40,13,23,19
290.55,14,13,8
290.70,15,26,21
290.85,9,16,22
291.00,10,27,22
291.15,16,19,12
291.30,12,30,13
291.45,17,32,26
291.60,18,34,15
291.75,19,36,28
291.90,19,37,18
292.05,21,38,31
292.20,21,40,32
292.35,21,32,35
292.50,22,44,24
292.65,24,45,38
292.80,21,48,40
292.95,23,50,40
293.10,24,44,43
293.25,27,46,33
293.40,29,49,47
293.55,30,60,48
293.70,30,61,50
293.85,31,57,53
294.00,32,59,55
294.15,33,70,47
294.30,35,72,59
294.45,36,67,61
294.60,39,78,64
294.75,39,80,56
294.90,41,83,58
295.05,41,80,60
295.20,45,83,62
295.35,43,90,64
295.50,44,87,75
295.65,45,95,77
295.80,47,97,79
295.95,48,99,80
296.10,49,97,82
296.25,50,104,85
296.40,50,102,78
296.55,56,109,89
296.70,54,109,83
296.85,56,115,95
297.00,57,120,97
297.15,58,120,92
297.30,65,124,103
297.45,61,128,98
297.60,63,131,108
297.75,64,137,104
297.90,70,139,114
298.05,67,142,109
298.20,68,144,111
298.35,70,148,114
298.50,72,153,125
298.65,78,157,129
298.80,76,164,127
298.95,79,166,137
299.10,86,172,141
299.25,82,178,144
299.40,85,179,141
299.55,87,186,146
299.70,88,193,155
299.85,90,193,158
300.00,92,197,156
300.15,94,201,164
300.30,96,206,167
300.45,102,215,171
300.60,101,215,176
300.75,102,226,176
300.90,104,224,179
301.05,107,230,188
301.20,108,233,187
301.35,115,236,193
301.50,111,240,197
301.65,114,244,199
301.80,115,256,202
301.95,116,260,204
302.10,118,255,205
302.25,126,267,211
302.40,121,261,212
302.55,124,266,218
302.70,132,271,223
302.85,134,276,226
303.00,131,292,231
303.15,134,297,235
303.30,136,295,240
303.45,138,298,244
303.60,141,304,248
303.75,141,306,251
303.90,145,311,255
304.05,153,328,260
304.20,148,321,264
304.35,151,338,268
304.50,160,332,271
304.65,157,340,279
304.80,159,345,283
304.95,169,352,288
305.10,166,359,294
305.25,169,365,299
305.40,171,371,306
305.55,173,391,309
305.70,177,383,314
305.85,180,392,319
306.00,181,409,324
306.15,192,402,333
306.30,195,421,334
306.45,190,413,338
306.60,201,420,344
306.75,205,428,351
306.90,199,432,355
307.05,204,440,366
307.20,203,444,371
307.35,208,448,373
307.50,209,453,379
307.65,211,459,377
307.80,214,480,380
307.95,224,468,386
308.10,219,474,387
308.25,220,494,399
308.40,223,485,396
308.55,226,491,402
308.70,228,511,407
308.85,232,504,413
309.00,235,512,419
309.15,246,533,434
309.30,242,526,432
309.45,243,533,436
309.60,248,538,440
309.75,250,558,454
309.90,262,550,450
310.05,256,554,455
310.20,267,560,469
310.35,271,570,466
310.50,264,575,470
310.65,269,599,480
310.80,281,591,484
310.95,275,615,490
311.10,279,609,512
311.25,283,631,505
311.40,287,625,511
311.55,301,634,532
311.70,304,655,525
311.85,297,649,532
312.00,300,656,537
312.15,315,663,543
312.30,306,671,550
312.45,310,677,555
312.60,314,701,562
312.75,319,710,584
312.90,322,715,574
313.05,325,711,582
313.20,340,730,587
313.35,341,720,589
313.50,334,727,610
313.65,335,745,614
313.80,348,737,606
313.95,351,756,608
314.10,341,745,612
314.25,356,753,632
314.40,347,773,621
314.55,363,764,627
314.70,354,788,633
314.85,358,796,640
315.00,374,791,664
315.15,366,799,655
315.30,370,824,664
315.45,375,833,686
315.60,391,827,677
315.75,383,836,698
315.90,398,842,690
316.05,388,846,709
316.20,390,853,699
316.35,395,863,708
316.50,398,885,714
316.65,403,896,737
316.80,406,890,730
316.95,412,899,753
317.10,429,911,762
317.25,420,933,769
317.40,423,929,776
317.55,430,939,784
317.70,434,961,775
317.85,436,969,783
318.00,441,964,789
318.15,445,985,811
318.30,448,994,817
318.45,452,988,825
318.60,456,998,819
318.75,460,1007,826
318.90,476,1028,832
319.05,481,1027,841
319.20,483,1031,844
319.35,472,1036,850
319.50,489,1042,855
319.65,478,1047,859
319.80,482,1067,879
319.95,483,1058,868
320.10,488,1064,873
320.25,502,1084,878
320.40,493,1078,885
320.55,509,1099,892
320.70,500,1094,913
320.85,504,1117,905
321.00,509,1114,914
321.15,512,1123,920
321.30,531,1148,945
321.45,524,1146,939
321.60,527,1155,963
321.75,532,1166,953
321.90,534,1185,974
322.05,550,1180,967
322.20,555,1188,974
322.35,547,1213,983
322.50,551,1207,989
322.65,555,1229,1011
322.80,559,1225,1019
322.95,564,1237,1012
323.10,569,1247,1022
323.25,573,1256,1043
323.40,590,1266,1039
323.55,584,1280,1050
323.70,589,1288,1055
323.85,593,1299,1078
324.00,596,1321,1072
324.15,611,1315,1077
324.30,605,1326,1101
324.45,610,1335,1094
324.60,625,1345,1117
324.75,617,1354,1111
324.90,621,1376,1130
325.05,638,1373,1127
325.20,629,1380,1146
325.35,631,1398,1150
325.50,635,1404,1141
325.65,637,1409,1144
325.80,651,1416,1150
325.95,643,1409,1154
326.10,657,1428,1173
326.25,648,1421,1167
326.40,652,1430,1172
326.55,656,1438,1179
326.70,659,1447,1187
326.85,664,1456,1195
327.00,669,1467,1204
327.15,685,1478,1212
327.30,680,1490,1221
327.45,695,1502,1231
327.60,689,1513,1253
327.75,695,1520,1246
327.90,698,1528,1266
328.05,702,1536,1274
328.20,703,1542,1279
328.35,710,1556,1276
328.50,714,1566,1282
328.65,729,1590,1307
328.80,723,1598,1299
328.95,728,1610,1324
329.10,734,1610,1318
329.25,738,1619,1327
329.40,744,1632,1351
329.55,749,1641,1343
329.70,751,1663,1351
329.85,757,1672,1362
330.00,761,1672,1384
330.15,778,1694,1392
330.30,769,1703,1399
330.45,786,1712,1392
330.60,779,1709,1402
330.75,785,1731,1407
330.90,787,1741,1429
331.05,793,1741,1424
331.20,795,1747,1432
331.35,797,1764,1436
331.50,802,1770,1455
331.65,804,1763,1447
331.80,807,1770,1467
331.95,818,1776,1455
332.10,813,1783,1477
332.25,816,1790,1482
332.40,819,1797,1474
332.55,822,1807,1496
332.70,828,1830,1489
332.85,833,1840,1513
333.00,849,1840,1522
333.15,843,1851,1517
333.30,849,1863,1526
333.45,852,1873,1549
333.60,857,1880,1541
333.75,862,1901,1549
333.90,875,1899,1556
334.05,868,1917,1562
334.20,881,1915,1568
334.35,886,1925,1592
334.50,889,1933,1584
334.65,895,1943,1594
334.80,890,1957,1604
334.95,897,1969,1628
335.10,903,1982,1637
335.25,905,1988,1630
335.40,910,2012,1639
335.55,915,2012,1648
335.70,919,2018,1654
335.85,924,2030,1663
336.00,928,2040,1671
336.15,933,2061,1695
336.30,945,2070,1699
336.45,948,2065,1692
336.60,947,2091,1705
336.75,957,2094,1706
336.90,953,2092,1729
337.05,957,2101,1722
337.20,959,2122,1728
337.35,964,2118,1736
337.50,969,2139,1743
337.65,972,2146,1748
337.80,974,2139,1754
337.95,976,2157,1772
338.10,981,2164,1778
338.25,982,2171,1784
338.40,986,2166,1789
338.55,991,2186,1782
338.70,994,2184,1791
338.85,999,2206,1802
339.00,1003,2203,1822
339.15,1010,2227,1815
339.30,1011,2235,1822
339.45,1016,2232,1831
339.60,1020,2241,1839
339.75,1025,2251,1846
339.90,1030,2274,1869
340.05,1035,2269,1860
340.20,1039,2277,1884
340.35,1043,2290,1892
340.50,1054,2311,1900
340.65,1052,2323,1895
340.80,1056,2320,1904
340.95,1063,2333,1928
341.10,1069,2355,1936
341.25,1073,2355,1930
341.40,1077,2361,1939
341.55,1081,2384,1960
341.70,1085,2381,1967
341.85,1096,2391,1961
342.00,1098,2409,1967
342.15,1097,2408,1974
342.30,1100,2415,1981
342.45,1103,2424,1989
342.60,1112,2440,2004
342.75,1120,2442,2003
342.90,1116,2451,2010
343.05,1129,2472,2018
343.20,1122,2466,2023
343.35,1133,2473,2028
343.50,1130,2476,2032
343.65,1130,2481,2051
343.80,1140,2488,2040
343.95,1135,2502,2044
344.10,1139,2498,2050
344.25,1141,2515,2056
344.40,1153,2511,2061
344.55,1147,2530,2081
344.70,1151,2527,2073
344.85,1157,2549,2082
345.00,1159,2547,2091
345.15,1165,2556,2099
345.30,1172,2568,2108
345.45,1183,2580,2117
345.60,1180,2589,2123
345.75,1183,2596,2145
345.90,1187,2606,2138
346.05,1190,2613,2157
346.20,1193,2633,2150
346.35,1205,2647,2175
346.50,1207,2647,2164
346.65,1204,2647,2170
346.80,1209,2655,2177
346.95,1213,2664,2185
347.10,1220,2688,2196
347.25,1221,2683,2201
347.40,1233,2694,2224
347.55,1239,2715,2218
347.70,1235,2712,2239
347.85,1239,2722,2233
348.00,1241,2726,2236
348.15,1244,2747,2259
348.30,1250,2744,2252
348.45,1253,2762,2270
348.60,1258,2776,2267
348.75,1268,2779,2285
348.90,1262,2784,2274
349.05,1267,2781,2282
349.20,1268,2788,2287
349.35,1270,2793,2292
349.50,1274,2797,2294
349.65,1276,2803,2299
349.80,1278,2805,2318
349.95,1280,2812,2307
350.10,1283,2817,2326
350.25,1285,2823,2317
350.40,1287,2828,2323
350.55,1292,2835,2328
350.70,1301,2843,2333
350.85,1298,2860,2354
351.00,1307,2862,2349
351.15,1312,2868,2354
351.30,1311,2879,2377
351.45,1321,2889,2369
351.60,1319,2895,2378
351.75,1327,2903,2394
351.90,1324,2922,2387
352.05,1334,2918,2394
352.20,1337,2936,2399
352.35,1335,2933,2408
352.50,1338,2938,2412
352.65,1342,2945,2433
352.80,1344,2952,2438
352.95,1348,2962,2446
353.10,1359,2972,2454
353.25,1364,2989,2445
353.40,1359,2987,2451
353.55,1363,2996,2460
353.70,1365,3001,2462
353.85,1371,3021,2485
354.00,1373,3015,2489
354.15,1375,3033,2481
354.30,1378,3028,2486
354.45,1388,3045,2506
354.60,1392,3045,2498
354.75,1388,3061,2504
354.90,1389,3057,2506
355.05,1399,3074,2515
355.20,1402,3079,2518
355.35,1398,3083,2534
355.50,1401,3075,2525
355.65,1399,3077,2541
355.80,1402,3093,2531
355.95,1405,3085,2533
356.10,1407,3089,2551
356.25,1409,3095,2541
356.40,1410,3110,2546
356.55,1414,3106,2550
356.70,1417,3112,2555
356.85,1420,3118,2574
357.00,1422,3137,2581
357.15,1426,3144,2586
357.30,1430,3141,2592
357.45,1439,3152,2601
357.60,1437,3158,2592
357.75,1439,3162,2595
357.90,1447,3168,2601
358.05,1449,3171,2603
358.20,1451,3176,2606
358.35,1455,3187,2617
358.50,1456,3192,2620
358.65,1454,3207,2624
358.80,1463,3212,2643
358.95,1459,3209,2647
359.10,1464,3217,2655
359.25,1466,3232,2659
359.40,1471,3239,2667
359.55,1471,3235,2657
359.70,1480,3250,2660
359.85,1478,3246,2664
360.00,1480,3253,2686
