
0.00,2751,5625,4851
-0.15,2758,5643,4881
-0.30,2764,5666,4884
-0.45,2772,5684,4911
-0.60,2783,5705,4920
-0.75,2792,5721,4934
-0.90,2801,5753,4965
-1.05,2817,5757,4970
-1.20,2819,5781,4987
-1.35,2829,5798,5001
-1.50,2836,5820,5011
-1.65,2843,5823,5039
-1.80,2848,5836,5052
-1.95,2854,5860,5048
-2.10,2864,5860,5060
-2.25,2866,5872,5070
-2.40,2877,5879,5092
-2.55,2875,5900,5101
-2.70,2879,5897,5092
-2.85,2884,5907,5100
-3.00,2891,5916,5104
-3.15,2890,5930,5123
-3.30,2892,5935,5114
-3.45,2895,5931,5119
-3.60,2897,5937,5140
-3.75,2901,5940,5131
-3.90,2902,5949,5130
-4.05,2905,5951,5140
-4.20,2908,5955,5140
-4.35,2910,5965,5162
-4.50,2917,5981,5156
-4.65,2923,5977,5175
-4.80,2923,5991,5172
-4.95,2929,6006,5183
-5.10,2943,6028,5206
-5.25,2946,6028,5206
-5.40,2950,6054,5217
-5.55,2960,6060,5233
-5.70,2968,6077,5260
-5.85,2973,6091,5261
-6.00,2981,6106,5273
-6.15,2993,6128,5285
-6.30,2996,6141,5311
-6.45,3009,6151,5312
-6.60,3013,6168,5327
-6.75,3020,6196,5340
-6.90,3027,6211,5369
-7.05,3039,6224,5380
-7.20,3041,6227,5380
-7.35,3046,6252,5392
-7.50,3054,6254,5401
-7.65,3056,6264,5426
-7.80,3069,6277,5435
-7.95,3068,6287,5443
-8.10,3073,6292,5453
-8.25,3082,6301,5461
-8.40,3082,6324,5453
-8.55,3090,6319,5459
-8.70,3087,6322,5465
-8.85,3096,6331,5481
-9.00,3094,6339,5473
-9.15,3095,6342,5475
-9.30,3099,6356,5480
-9.45,3099,6360,5497
-9.60,3104,6353,5488
-9.75,3104,6357,5489
-9.90,3106,6368,5491
-10.05,3105,6371,5493
-10.20,3109,6370,5499
-10.35,3110,6384,5503
-10.50,3112,6377,5521
-10.65,3118,6383,5513
-10.80,3119,6399,5533
-10.95,3130,6402,5528
-11.10,3129,6410,5550
-11.25,3134,6422,5543
-11.40,3139,6433,5553
-11.55,3144,6441,5560
-11.70,3149,6453,5581
-11.85,3160,6465,5594
-12.00,3159,6485,5602
-12.15,3164,6484,5599
-12.30,3174,6492,5621
-12.45,3180,6508,5616
-12.60,3184,6517,5640
-12.75,3186,6527,5649
-12.90,3195,6537,5645
-13.05,3197,6549,5666
-13.20,3205,6560,5660
-13.35,3205,6568,5682
-13.50,3206,6584,5676
-13.65,3215,6582,5682
-13.80,3218,6583,5687
-13.95,3213,6590,5704
-14.10,3219,6597,5696
-14.25,3222,6611,5701
-14.40,3229,6605,5704
-14.55,3226,6610,5708
-14.70,3228,6615,5711
-14.85,3233,6627,5714
-15.00,3233,6623,5732
-15.15,3230,6625,5718
-15.30,3234,6639,5723
-15.45,3239,6629,5722
-15.60,3240,6632,5726
-15.75,3238,6636,5728
-15.90,3239,6634,5729
-16.05,3239,6636,5729
-16.20,3239,6650,5744
-16.35,3241,6645,5735
-16.50,3246,6647,5751
-16.65,3245,6662,5744
-16.80,3245,6655,5746
-16.95,3250,6663,5752
-17.10,3251,6675,5756
-17.25,3255,6667,5759
-17.40,3263,6675,5764
-17.55,3259,6680,5770
-17.70,3260,6698,5774
-17.85,3265,6689,5778
-18.00,3272,6698,5781
-18.15,3271,6703,5787
-18.30,3273,6710,5807
-18.45,3279,6722,5809
-18.60,3278,6718,5800
-18.75,3282,6735,5820
-18.90,3283,6728,5808
-19.05,3290,6742,5813
-19.20,3286,6747,5817
-19.35,3287,6740,5822
-19.50,3289,6742,5835
-19.65,3295,6749,5838
-19.80,3290,6742,5826
-19.95,3296,6744,5827
-20.10,3292,6747,5827
-20.25,3293,6756,5830
-20.40,3300,6762,5832
-20.55,3296,6759,5832
-20.70,3296,6756,5837
-20.85,3297,6757,5836
-21.00,3300,6767,5849
-21.15,3304,6759,5851
-21.30,3300,6771,5840
-21.45,3301,6768,5838
-21.60,3298,6769,5839
-21.75,3301,6763,5839
-21.90,3299,6771,5839
-22.05,3299,6764,5840
-22.20,3304,6775,5842
-22.35,3299,6764,5842
-22.50,3305,6762,5842
-22.65,3302,6767,5857
-22.80,3301,6776,5844
-22.95,3305,6767,5843
-23.10,3303,6766,5845
-23.25,3303,6780,5861
-23.40,3310,6774,5859
-23.55,3305,6772,5861
-23.70,3308,6779,5851
-23.85,3304,6772,5860
-24.00,3308,6772,5848
-24.15,3307,6783,5849
-24.30,3304,6770,5849
-24.45,3310,6781,5847
-24.60,3303,6767,5846
-24.75,3302,6779,5860
-24.90,3304,6768,5862
-25.05,3303,6769,5847
-25.20,3301,6766,5845
-25.35,3300,6774,5843
-25.50,3305,6775,5841
-25.65,3300,6762,5843
-25.80,3300,6774,5840
-25.95,3303,6760,5840
-26.10,3298,6755,5839
-26.25,3298,6753,5837
-26.40,3296,6754,5850
-26.55,3295,6766,5848
-26.70,3300,6753,5846
-26.85,3300,6753,5834
-27.00,3295,6760,5833
-27.15,3296,6760,5830
-27.30,3294,6758,5831
-27.45,3293,6752,5829
-27.60,3293,6748,5844
-27.75,3298,6746,5829
-27.90,3297,6749,5827
-28.05,3292,6750,5839
-28.20,3292,6752,5826
-28.35,3291,6743,5841
-28.50,3292,6740,5825
-28.65,3288,6750,5836
-28.80,3288,6747,5834
-28.95,3287,6734,5817
-29.10,3285,6730,5817
-29.25,3288,6728,5811
-29.40,3285,6722,5808
-29.55,3285,6721,5805
-29.70,3278,6718,5815
-29.85,3277,6710,5797
-30.00,3273,6716,5794
-30.15,3270,6703,5791
-30.30,3272,6698,5782
-30.45,3271,6691,5778
-30.60,3267,6682,5774
-30.75,3262,6676,5779
-30.90,3256,6672,5773
-31.05,3251,6674,5754
-31.20,3250,6659,5751
-31.35,3245,6665,5746
-31.50,3245,6650,5757
-31.65,3240,6643,5738
-31.80,3237,6638,5733
-31.95,3235,6632,5730
-32.10,3231,6627,5740
-32.25,3233,6631,5721
-32.40,3230,6619,5720
-32.55,3228,6616,5726
-32.70,3230,6622,5711
-32.85,3228,6609,5719
-33.00,3228,6614,5703
-33.15,3222,6603,5702
-33.30,3220,6610,5700
-33.45,3218,6599,5698
-33.60,3220,6606,5692
-33.75,3218,6604,5693
-33.90,3221,6593,5692
-34.05,3216,6588,5705
-34.20,3212,6596,5687
-34.35,3217,6585,5698
-34.50,3214,6580,5683
-34.65,3208,6576,5688
-34.80,3203,6577,5671
-34.95,3205,6559,5666
-35.10,3200,6563,5659
-35.25,3200,6558,5670
-35.40,3196,6540,5646
-35.55,3186,6529,5653
-35.70,3183,6526,5631
-35.85,3178,6515,5624
-36.00,3177,6502,5627
-36.15,3167,6492,5607
-36.30,3168,6478,5599
-36.45,3159,6479,5588
-36.60,3155,6456,5571
-36.75,3143,6444,5563
-36.90,3143,6431,5567
-37.05,3133,6423,5559
-37.20,3127,6411,5550
-37.35,3125,6407,5538
-37.50,3123,6398,5532
-37.65,3115,6385,5523
-37.80,3111,6376,5501
-37.95,3103,6358,5497
-38.10,3101,6350,5491
-38.25,3101,6341,5481
-38.40,3094,6345,5475
-38.55,3089,6327,5471
-38.70,3089,6322,5466
-38.85,3084,6319,5459
-39.00,3082,6314,5455
-39.15,3085,6313,5464
-39.30,3079,6307,5449
-39.45,3076,6305,5444
-39.60,3080,6300,5444
-39.75,3079,6306,5438
-39.90,3073,6296,5437
-40.05,3071,6301,5432
-40.20,3067,6293,5428
-40.35,3066,6281,5423
-40.50,3062,6277,5432
-40.65,3059,6265,5411
-40.80,3060,6256,5401
-40.95,3049,6242,5393
-41.10,3044,6235,5398
-41.25,3044,6226,5377
-41.40,3034,6221,5379
-41.55,3025,6198,5353
-41.70,3018,6195,5342
-41.85,3010,6171,5341
-42.00,3007,6165,5316
-42.15,3001,6139,5304
-42.30,2991,6123,5288
-42.45,2979,6105,5277
-42.60,2973,6088,5269
-42.75,2970,6070,5256
-42.90,2957,6057,5231
-43.05,2948,6040,5217
-43.20,2941,6023,5203
-43.35,2939,6009,5193
-43.50,2928,6008,5180
-43.65,2925,5993,5183
-43.80,2915,5968,5171
-43.95,2910,5964,5149
-44.10,2906,5956,5140
-44.25,2899,5946,5128
-44.40,2896,5928,5123
-44.55,2892,5917,5128
-44.70,2887,5919,5105
-44.85,2884,5902,5111
-45.00,2879,5896,5094
-45.15,2884,5892,5088
-45.30,2874,5885,5082
-45.45,2871,5892,5093
-45.60,2874,5886,5071
-45.75,2869,5881,5083
-45.90,2871,5867,5080
-46.05,2862,5869,5060
-46.20,2858,5852,5068
-46.35,2864,5848,5051
-46.50,2852,5850,5042
-46.65,2854,5829,5033
-46.80,2840,5816,5021
-46.95,2832,5799,5006
-47.10,2832,5797,5015
-47.25,2821,5778,4990
-47.40,2822,5761,4975
-47.55,2813,5744,4961
-47.70,2796,5726,4944
-47.85,2793,5716,4926
-48.00,2778,5696,4923
-48.15,2771,5670,4909
-48.30,2760,5648,4878
-48.45,2750,5630,4861
-48.60,2739,5616,4841
-48.75,2728,5584,4819
-48.90,2720,5576,4819
-49.05,2709,5546,4785
-49.20,2698,5533,4769
-49.35,2696,5504,4754
-49.50,2681,5498,4740
-49.65,2673,5475,4728
-49.80,2667,5456,4715
-49.95,2665,5440,4714
-50.10,2653,5427,4690
-50.25,2647,5426,4675
-50.40,2640,5417,4668
-50.55,2644,5406,4660
-50.70,2631,5386,4648
-50.85,2635,5375,4655
-51.00,2629,5380,4648
-51.15,2620,5359,4627
-51.30,2616,5355,4622
-51.45,2615,5361,4632
-51.60,2612,5343,4613
-51.75,2614,5337,4622
-51.90,2605,5330,4599
-52.05,2604,5334,4609
-52.20,2598,5315,4604
-52.35,2596,5313,4585
-52.50,2592,5303,4577
-52.65,2593,5289,4566
-52.80,2582,5269,4552
-52.95,2577,5256,4536
-53.10,2561,5251,4537
-53.25,2553,5222,4510
-53.40,2542,5211,4489
-53.55,2534,5183,4489
-53.70,2522,5161,4452
-53.85,2513,5138,4435
-54.00,2501,5117,4417
-54.15,2491,5096,4412
-54.30,2481,5083,4389
-54.45,2475,5048,4355
-54.60,2454,5019,4330
-54.75,2440,4996,4311
-54.90,2429,4971,4290
-55.05,2420,4961,4271
-55.20,2410,4928,4256
-55.35,2399,4907,4237
-55.50,2390,4892,4237
-55.65,2381,4874,4219
-55.80,2379,4853,4192
-55.95,2365,4839,4191
-56.10,2364,4831,4165
-56.25,2349,4817,4150
-56.40,2344,4795,4142
-56.55,2340,4784,4144
-56.70,2334,4783,4124
-56.85,2338,4765,4126
-57.00,2322,4764,4118
-57.15,2320,4746,4094
-57.30,2325,4741,4103
-57.45,2315,4747,4086
-57.60,2312,4731,4081
-57.75,2316,4722,4089
-57.90,2311,4709,4066
-58.05,2300,4706,4074
-58.20,2296,4699,4056
-58.35,2293,4705,4063
-58.50,2289,4683,4039
-58.65,2281,4664,4038
-58.80,2271,4644,4006
-58.95,2263,4640,3994
-59.10,2254,4614,3979
-59.25,2245,4593,3965
-59.40,2232,4583,3957
-59.55,2223,4548,3925
-59.70,2212,4536,3903
-59.85,2200,4500,3883
-60.00,2187,4475,3859
-60.15,2178,4455,3844
-60.30,2165,4441,3822
-60.45,2153,4406,3800
-60.60,2137,4373,3769
-60.75,2124,4360,3751
-60.90,2114,4329,3730
-61.05,2110,4300,3712
-61.20,2090,4290,3687
-61.35,2079,4254,3669
-61.50,2077,4233,3653
-61.65,2060,4214,3636
-61.80,2051,4197,3634
-61.95,2043,4189,3618
-62.10,2035,4175,3606
-62.25,2027,4149,3578
-62.40,2022,4148,3568
-62.55,2015,4122,3559
-62.70,2018,4124,3560
-62.85,2005,4099,3538
-63.00,2001,4103,3530
-63.15,1996,4094,3535
-63.30,1992,4076,3531
-63.45,1988,4069,3522
-63.60,1983,4069,3502
-63.75,1978,4049,3507
-63.90,1978,4046,3488
-64.05,1982,4050,3481
-64.20,1970,4033,3476
-64.35,1965,4019,3482
-64.50,1958,4008,3456
-64.65,1960,4003,3444
-64.80,1942,3970,3425
-64.95,1933,3953,3408
-65.10,1922,3936,3393
-65.25,1914,3914,3389
-65.40,1900,3893,3358
-65.55,1888,3881,3350
-65.70,1878,3854,3329
-65.85,1874,3818,3305
-66.00,1852,3801,3283
-66.15,1842,3768,3264
-66.30,1829,3741,3225
-66.45,1815,3711,3216
-66.60,1798,3680,3176
-66.75,1787,3653,3152
-66.90,1784,3628,3144
-67.05,1763,3605,3109
-67.20,1749,3577,3085
-67.35,1739,3566,3068
-67.50,1729,3535,3051
-67.65,1719,3526,3033
-67.80,1706,3506,3030
-67.95,1699,3488,2999
-68.10,1700,3471,3001
-68.25,1693,3441,2970
-68.40,1675,3440,2959
-68.55,1671,3415,2949
-68.70,1664,3404,2936
-68.85,1658,3391,2925
-69.00,1662,3379,2915
-69.15,1659,3374,2910
-69.30,1644,3362,2916
-69.45,1650,3372,2897
-69.60,1639,3347,2889
-69.75,1634,3342,2884
-69.90,1631,3351,2879
-70.05,1637,3331,2873
-70.20,1631,3330,2862
-70.35,1618,3322,2857
-70.50,1613,3298,2847
-70.65,1615,3282,2833
-70.80,1595,3262,2817
-70.95,1588,3258,2800
-71.10,1578,3226,2784
-71.25,1568,3203,2767
-71.40,1557,3182,2746
-71.55,1546,3162,2728
-71.70,1544,3134,2703
-71.85,1519,3105,2696
-72.00,1507,3082,2659
-72.15,1507,3058,2640
-72.30,1483,3030,2614
-72.45,1470,3017,2594
-72.60,1466,2973,2564
-72.75,1453,2944,2543
-72.90,1439,2921,2534
-73.05,1426,2892,2512
-73.20,1416,2867,2477
-73.35,1404,2844,2472
-73.50,1383,2824,2439
-73.65,1374,2804,2424
-73.80,1374,2800,2408
-73.95,1363,2767,2406
-74.10,1347,2750,2376
-74.25,1339,2736,2363
-74.40,1333,2738,2351
-74.55,1327,2709,2340
-74.70,1320,2699,2330
-74.85,1316,2686,2319
-75.00,1322,2691,2313
-75.15,1317,2681,2304
-75.30,1315,2661,2313
-75.45,1301,2659,2308
-75.60,1296,2650,2287
-75.75,1294,2641,2281
-75.90,1288,2634,2274
-76.05,1286,2625,2267
-76.20,1280,2629,2274
-76.35,1279,2613,2259
-76.50,1274,2601,2259
-76.65,1267,2601,2248
-76.80,1256,2578,2215
-76.95,1247,2546,2213
-77.10,1240,2531,2185
-77.25,1231,2512,2183
-77.40,1229,2500,2147
-77.55,1208,2467,2130
-77.70,1195,2440,2106
-77.85,1194,2414,2083
-78.00,1170,2402,2062
-78.15,1161,2367,2045
-78.30,1147,2343,2024
-78.45,1136,2318,2015
-78.60,1121,2288,1990
-78.75,1108,2259,1966
-78.90,1095,2235,1930
-79.05,1084,2222,1908
-79.20,1073,2201,1905
-79.35,1062,2167,1870
-79.50,1051,2147,1855
-79.65,1056,2142,1838
-79.80,1035,2125,1823
-79.95,1025,2107,1808
-80.10,1019,2078,1811
-80.25,1013,2078,1783
-80.40,1018,2052,1786
-80.55,1013,2054,1777
-80.70,994,2043,1752
-80.85,988,2029,1741
-81.00,984,2005,1747
-81.15,980,2001,1729
-81.30,977,1993,1722
-81.45,989,1993,1736
-81.60,974,1986,1730
-81.75,972,1980,1711
-81.90,965,1969,1715
-82.05,962,1978,1711
-82.20,960,1956,1691
-82.35,956,1948,1698
-82.50,964,1941,1675
-82.65,957,1926,1664
-82.80,935,1906,1646
-82.95,940,1892,1632
-83.10,920,1889,1620
-83.25,922,1868,1602
-83.40,900,1835,1602
-83.55,891,1831,1569
-83.70,880,1791,1562
-83.85,881,1770,1542
-84.00,857,1747,1508
-84.15,849,1727,1491
-84.30,848,1702,1470
-84.45,824,1679,1464
-84.60,811,1654,1427
-84.75,800,1628,1405
-84.90,789,1621,1388
-85.05,791,1585,1385
-85.20,767,1564,1350
-85.35,759,1557,1333
-85.50,750,1527,1319
-85.65,743,1524,1304
-85.80,746,1493,1305
-85.95,726,1478,1278
-86.10,732,1464,1263
-86.25,726,1451,1254
-86.40,708,1453,1244
-86.55,702,1429,1234
-86.70,698,1434,1227
-86.85,694,1410,1232
-87.00,702,1417,1227
-87.15,688,1395,1206
-87.30,696,1391,1217
-87.45,686,1406,1217
-87.60,681,1385,1195
-87.75,691,1379,1207
-87.90,676,1371,1185
-88.05,672,1382,1196
-88.20,670,1360,1189
-88.35,666,1367,1184
-88.50,661,1343,1160
-88.65,654,1328,1148
-88.80,648,1329,1151
-88.95,639,1298,1121
-89.10,633,1284,1110
-89.25,624,1283,1097
-89.40,617,1266,1081
-89.55,606,1232,1079
-89.70,599,1214,1064
-89.85,598,1195,1031
-90.00,590,1175,1014
-90.15,569,1172,998
-90.30,560,1138,983
-90.45,549,1117,964
-90.60,550,1108,961
-90.75,532,1076,946
-90.90,531,1059,913
-91.05,523,1040,899
-91.20,503,1020,882
-91.35,506,1018,866
-91.50,487,988,853
-91.65,490,973,841
-91.80,483,976,844
-91.95,469,948,833
-92.10,472,952,809
-92.25,456,924,799
-92.40,453,915,791
-92.55,457,907,783
-92.70,444,914,777
-92.85,441,891,783
-93.00,439,886,767
-93.15,444,880,774
-93.30,443,876,756
-93.45,431,872,753
-93.60,428,866,761
-93.75,427,861,745
-93.90,425,858,742
-94.05,421,864,750
-94.20,419,846,731
-94.35,423,840,739
-94.50,411,832,720
-94.65,415,823,710
-94.80,400,808,700
-94.95,394,794,686
-95.10,388,797,677
-95.25,383,780,668
-95.40,375,758,656
-95.55,367,743,642
-95.70,360,727,640
-95.85,354,723,616
-96.00,352,708,611
-96.15,339,694,599
-96.30,338,666,577
-96.45,323,649,570
-96.60,320,631,545
-96.75,306,615,532
-96.90,304,600,518
-97.05,292,586,506
-97.20,284,581,493
-97.35,283,557,482
-97.50,273,547,472
-97.65,267,536,468
-97.80,262,525,455
-97.95,258,516,446
-98.10,253,516,442
-98.25,249,498,432
-98.40,245,491,426
-98.55,242,485,423
-98.70,240,479,418
-98.85,237,474,413
-99.00,237,471,411
-99.15,239,467,407
-99.30,232,464,404
-99.45,231,461,399
-99.60,229,466,395
-99.75,227,454,395
-99.90,225,459,389
-100.05,229,445,386
-100.20,222,451,383
-100.35,219,439,381
-100.50,217,441,373
-100.65,218,424,367
-100.80,209,415,360
-100.95,203,406,352
-101.10,198,396,343
-101.25,195,387,335
-101.40,188,376,325
-101.55,184,368,318
-101.70,184,355,307
-101.85,173,344,299
-102.00,170,340,290
-102.15,168,323,279
-102.30,159,314,271
-102.45,157,301,261
-102.60,151,296,251
-102.75,141,278,238
-102.90,137,268,233
-103.05,131,257,224
-103.20,126,248,216
-103.35,122,240,203
-103.50,123,232,202
-103.65,115,226,190
-103.80,112,222,189
-103.95,109,214,178
-104.10,107,209,180
-104.25,105,202,169
-104.40,101,198,165
-104.55,104,193,167
-104.70,98,191,165
-104.85,97,188,156
-105.00,99,184,160
-105.15,94,182,158
-105.30,98,180,149
-105.45,93,179,148
-105.60,92,177,153
-105.75,95,174,151
-105.90,90,172,149
-106.05,88,170,140
-106.20,87,167,138
-106.35,90,163,142
-106.50,88,160,132
-106.65,82,156,128
-106.80,78,151,131
-106.95,77,144,125
-107.10,73,136,120
-107.25,76,132,109
-107.40,68,129,104
-107.55,66,122,107
-107.70,67,113,103
-107.85,63,111,87
-108.00,57,100,92
-108.15,53,101,88
-108.30,55,94,73
-108.45,48,89,67
-108.60,47,82,73
-108.75,45,76,66
-108.90,41,72,63
-109.05,39,67,60
-109.20,36,54,55
-109.35,37,50,52
-109.50,35,46,50
-109.65,32,53,48
-109.80,30,50,44
-109.95,30,47,42
-110.10,29,47,41
-110.25,28,34,39
-110.40,26,41,39
-110.55,27,31,25
-110.70,26,39,24
-110.85,26,39,23
-111.00,24,38,34
-111.15,25,27,21
-111.30,23,36,21
-111.45,24,36,21
-111.60,24,35,31
-111.75,24,35,19
-111.90,24,34,30
-112.05,22,23,29
-112.20,22,32,29
-112.35,22,31,30
-112.50,21,20,27
-112.65,20,29,14
-112.80,19,17,24
-112.95,19,25,25
-113.10,17,26,24
-113.25,18,25,22
-113.40,16,23,21
-113.55,16,21,19
-113.70,15,22,7
-113.85,16,20,18
-114.00,15,19,19
-114.15,15,7,18
-114.30,15,19,6
-114.45,16,19,5
-114.60,15,8,19
-114.75,15,20,7
-114.90,15,9,7
-115.05,17,22,8
-115.20,18,22,22
-115.35,18,13,22
-115.50,19,25,24
-115.65,19,27,24
-115.80,20,17,14
-115.95,21,18,15
-116.10,21,31,16
-116.25,22,21,29
-116.40,23,33,18
-116.55,24,34,31
-116.70,24,36,32
-116.85,24,26,21
-117.00,25,27,34
-117.15,25,38,35
-117.30,26,39,35
-117.45,27,39,23
-117.60,26,41,25
-117.75,26,41,25
-117.90,27,42,38
-118.05,27,33,39
-118.20,30,45,28
-118.35,28,45,29
-118.50,32,39,32
-118.65,31,49,45
-118.80,31,52,47
-118.95,32,55,49
-119.10,37,49,52
-119.25,35,61,55
-119.40,38,56,58
-119.55,38,60,49
-119.70,42,73,65
-119.85,44,77,68
-120.00,46,81,72
-120.15,48,87,77
-120.30,51,86,71
-120.45,54,98,87
-120.60,56,105,93
-120.75,59,105,98
-120.90,62,112,93
-121.05,67,123,109
-121.20,70,127,115
-121.35,72,132,119
-121.50,78,141,123
-121.65,78,144,130
-121.80,81,152,125
-121.95,86,157,137
-122.10,85,161,135
-122.25,87,167,147
-122.40,93,171,150
-122.55,96,176,146
-122.70,98,180,156
-122.85,98,181,151
-123.00,96,184,161
-123.15,97,185,163
-123.30,98,189,165
-123.45,103,192,167
-123.60,100,194,169
-123.75,101,195,171
-123.90,107,198,166
-124.05,109,202,176
-124.20,105,204,179
-124.35,111,206,181
-124.50,111,212,186
-124.65,112,216,188
-124.80,119,222,194
-124.95,118,233,200
-125.10,125,239,205
-125.25,128,244,208
-125.40,129,252,222
-125.55,133,259,222
-125.70,138,271,235
-125.85,144,288,245
-126.00,148,291,253
-126.15,156,300,261
-126.30,158,312,273
-126.45,162,322,281
-126.60,169,333,291
-126.75,174,353,299
-126.90,181,365,310
-127.05,191,376,320
-127.20,193,391,335
-127.35,199,404,344
-127.50,203,411,351
-127.65,208,420,359
-127.80,218,420,368
-127.95,217,439,376
-128.10,227,448,380
-128.25,223,446,390
-128.40,234,452,393
-128.55,236,467,398
-128.70,232,464,403
-128.85,235,468,408
-129.00,237,480,411
-129.15,240,477,418
-129.30,239,478,418
-129.45,248,482,419
-129.60,242,494,422
-129.75,245,489,426
-129.90,248,492,433
-130.05,255,507,432
-130.20,251,501,439
-130.35,254,505,440
-130.50,264,513,451
-130.65,262,524,460
-130.80,268,546,467
-130.95,273,544,473
-131.10,279,556,489
-131.25,288,574,490
-131.40,290,579,510
-131.55,296,591,520
-131.70,304,609,537
-131.85,318,624,542
-132.00,317,633,549
-132.15,325,652,566
-132.30,331,662,576
-132.45,339,691,600
-132.60,350,702,610
-132.75,355,713,629
-132.90,364,732,635
-133.05,372,746,648
-133.20,381,778,664
-133.35,386,776,673
-133.50,393,803,685
-133.65,401,806,699
-133.80,407,819,711
-133.95,420,841,732
-134.10,417,841,740
-134.25,422,850,738
-134.40,427,875,759
-134.55,431,869,754
-134.70,435,876,760
-134.85,439,884,780
-135.00,450,892,772
-135.15,446,913,778
-135.30,447,899,778
-135.45,450,906,786
-135.60,453,929,805
-135.75,453,913,793
-135.90,464,918,796
-136.05,460,942,816
-136.20,462,933,822
-136.35,467,940,813
-136.50,469,949,835
-136.65,474,957,844
-136.80,491,971,856
-136.95,488,987,854
-137.10,494,998,878
-137.25,500,1011,875
-137.40,510,1031,908
-137.55,516,1061,905
-137.70,528,1081,924
-137.85,536,1084,939
-138.00,545,1103,970
-138.15,563,1155,987
-138.30,564,1155,1002
-138.45,577,1166,1009
-138.60,586,1185,1024
-138.75,596,1207,1043
-138.90,605,1228,1061
-139.05,615,1259,1075
-139.20,629,1289,1116
-139.35,637,1289,1114
-139.50,654,1318,1126
-139.65,650,1333,1156
-139.80,658,1349,1168
-139.95,677,1351,1166
-140.10,672,1377,1193
-140.25,676,1391,1204
-140.40,684,1402,1199
-140.55,689,1398,1208
-140.70,692,1406,1229
-140.85,698,1419,1225
-141.00,711,1421,1228
-141.15,703,1427,1231
-141.30,705,1432,1252
-141.45,706,1436,1239
-141.60,709,1439,1243
-141.75,711,1446,1264
-141.90,718,1461,1277
-142.05,718,1461,1277
-142.20,723,1469,1267
-142.35,726,1474,1271
-142.50,744,1500,1282
-142.65,740,1521,1315
-142.80,747,1536,1313
-142.95,754,1534,1324
-143.10,776,1553,1338
-143.25,771,1569,1352
-143.40,795,1594,1376
-143.55,789,1606,1384
-143.70,800,1630,1420
-143.85,825,1655,1427
-144.00,830,1704,1454
-144.15,831,1696,1460
-144.30,853,1713,1492
-144.45,853,1741,1514
-144.60,872,1791,1530
-144.75,879,1793,1544
-144.90,905,1859,1606
-145.05,916,1860,1603
-145.20,918,1869,1608
-145.35,925,1890,1643
-145.50,946,1908,1641
-145.65,959,1935,1679
-145.80,966,1944,1688
-145.95,972,1958,1687
-146.10,967,1975,1698
-146.25,974,1990,1711
-146.40,980,2004,1722
-146.55,996,2011,1745
-146.70,988,2020,1738
-146.85,996,2037,1765
-147.00,1012,2043,1771
-147.15,1001,2059,1758
-147.30,1005,2055,1782
-147.45,1021,2074,1786
-147.60,1023,2065,1776
-147.75,1026,2087,1781
-147.90,1028,2091,1785
-148.05,1022,2101,1795
-148.20,1025,2110,1804
-148.35,1032,2123,1813
-148.50,1048,2130,1820
-148.65,1056,2134,1834
-148.80,1064,2150,1848
-148.95,1060,2168,1864
-149.10,1068,2185,1893
-149.25,1079,2224,1915
-149.40,1089,2227,1914
-149.55,1099,2252,1935
-149.70,1112,2276,1953
-149.85,1130,2315,1990
-150.00,1135,2323,2012
-150.15,1173,2403,2065
-150.30,1184,2415,2065
-150.45,1173,2402,2064
-150.60,1188,2436,2091
-150.75,1206,2485,2123
-150.90,1212,2497,2134
-151.05,1233,2521,2153
-151.20,1248,2535,2177
-151.35,1247,2566,2210
-151.50,1268,2574,2212
-151.65,1270,2603,2236
-151.80,1289,2619,2249
-151.95,1298,2650,2265
-152.10,1305,2654,2296
-152.25,1302,2673,2296
-152.40,1317,2680,2302
-152.55,1312,2692,2313
-152.70,1318,2704,2337
-152.85,1335,2714,2332
-153.00,1325,2720,2351
-153.15,1331,2729,2344
-153.30,1333,2735,2351
-153.45,1337,2741,2369
-153.60,1337,2746,2374
-153.75,1353,2756,2366
-153.90,1345,2759,2385
-154.05,1353,2791,2400
-154.20,1355,2778,2387
-154.35,1357,2787,2394
-154.50,1362,2798,2404
-154.65,1371,2816,2433
-154.80,1381,2850,2437
-154.95,1407,2879,2462
-155.10,1411,2888,2471
-155.25,1410,2893,2499
-155.40,1422,2930,2506
-155.55,1441,2957,2556
-155.70,1457,2989,2585
-155.85,1457,2989,2569
-156.00,1469,3031,2593
-156.15,1505,3067,2636
-156.30,1492,3068,2648
-156.45,1507,3103,2672
-156.60,1522,3125,2684
-156.75,1561,3186,2751
-156.90,1550,3184,2735
-157.05,1573,3240,2776
-157.20,1583,3254,2811
-157.35,1589,3276,2804
-157.50,1599,3284,2821
-157.65,1610,3306,2856
-157.80,1621,3339,2857
-157.95,1628,3358,2875
-158.10,1647,3374,2888
-158.25,1643,3376,2900
-158.40,1650,3387,2910
-158.55,1665,3399,2921
-158.70,1671,3411,2930
-158.85,1676,3431,2938
-159.00,1679,3426,2960
-159.15,1672,3436,2967
-159.30,1676,3444,2959
-159.45,1690,3450,2964
-159.60,1685,3460,2972
-159.75,1695,3462,2990
-159.90,1688,3470,2981
-160.05,1694,3482,2991
-160.20,1709,3503,3016
-160.35,1703,3500,3006
-160.50,1718,3513,3033
-160.65,1725,3537,3043
-160.80,1724,3556,3062
-160.95,1735,3566,3066
-161.10,1742,3593,3094
-161.25,1752,3601,3096
-161.40,1764,3624,3115
-161.55,1779,3655,3157
-161.70,1788,3687,3159
-161.85,1799,3696,3177
-162.00,1815,3742,3221
-162.15,1825,3753,3227
-162.30,1837,3786,3246
-162.45,1852,3805,3285
-162.60,1874,3828,3294
-162.75,1889,3882,3342
-162.90,1906,3914,3382
-163.05,1909,3922,3388
-163.20,1920,3955,3394
-163.35,1930,3966,3414
-163.50,1939,3985,3446
-163.65,1952,4008,3463
-163.80,1962,4030,3468
-163.95,1970,4062,3485
-164.10,1989,4064,3500
-164.25,1994,4091,3510
-164.40,1991,4102,3522
-164.55,1996,4102,3531
-164.70,2001,4111,3554
-164.85,2006,4121,3545
-165.00,2019,4131,3568
-165.15,2014,4147,3557
-165.30,2027,4143,3568
-165.45,2020,4150,3572
-165.60,2024,4158,3592
-165.75,2028,4163,3597
-165.90,2038,4178,3589
-166.05,2043,4191,3599
-166.20,2038,4197,3602
-166.35,2042,4192,3611
-166.50,2049,4205,3620
-166.65,2063,4218,3633
-166.80,2064,4235,3650
-166.95,2082,4258,3684
-167.10,2088,4283,3679
-167.25,2092,4305,3698
-167.40,2129,4355,3767
-167.55,2121,4355,3765
-167.70,2141,4377,3773
-167.85,2144,4400,3793
-168.00,2150,4427,3804
-168.15,2161,4437,3824
-168.30,2177,4468,3866
-168.45,2193,4511,3878
-168.60,2226,4580,3938
-168.75,2225,4567,3947
-168.90,2238,4588,3958
-169.05,2241,4599,3965
-169.20,2253,4633,3983
-169.35,2262,4641,4004
-169.50,2271,4673,4019
-169.65,2282,4692,4051
-169.80,2291,4699,4051
-169.95,2297,4713,4068
-170.10,2314,4740,4080
-170.25,2312,4746,4092
-170.40,2319,4770,4106
-170.55,2326,4782,4113
-170.70,2337,4777,4121
-170.85,2343,4801,4130
-171.00,2345,4794,4135
-171.15,2349,4803,4142
-171.30,2351,4808,4148
-171.45,2344,4813,4167
-171.60,2349,4833,4157
-171.75,2353,4825,4165
-171.90,2353,4830,4166
-172.05,2361,4847,4194
-172.20,2375,4858,4193
-172.35,2369,4869,4190
-172.50,2372,4880,4200
-172.65,2379,4881,4211
-172.80,2387,4898,4227
-172.95,2405,4945,4270
-173.10,2411,4933,4256
-173.25,2413,4950,4272
-173.40,2431,4970,4304
-173.55,2432,4990,4320
-173.70,2451,5012,4341
-173.85,2473,5074,4379
-174.00,2473,5073,4377
-174.15,2503,5137,4446
-174.30,2501,5136,4444
-174.45,2502,5134,4428
-174.60,2518,5153,4448
-174.75,2525,5194,4473
-174.90,2549,5227,4525
-175.05,2549,5238,4524
-175.20,2557,5251,4542
-175.35,2574,5280,4546
-175.50,2582,5288,4575
-175.65,2583,5305,4576
-175.80,2599,5321,4591
-175.95,2599,5346,4604
-176.10,2605,5351,4614
-176.25,2611,5359,4624
-176.40,2618,5384,4634
-176.55,2621,5383,4642
-176.70,2631,5389,4650
-176.85,2629,5411,4657
-177.00,2639,5406,4679
-177.15,2636,5409,4666
-177.30,2641,5417,4674
-177.45,2640,5433,4677
-177.60,2652,5433,4682
-177.75,2648,5446,4686
-177.90,2649,5440,4692
-178.05,2653,5455,4697
-178.20,2656,5452,4704
-178.35,2657,5458,4706
-178.50,2663,5465,4714
-178.65,2674,5490,4727
-178.80,2681,5505,4754
-178.95,2684,5510,4767
-179.10,2693,5526,4777
-179.25,2697,5539,4777
-179.40,2706,5558,4806
-179.55,2723,5591,4808
-179.70,2730,5603,4830
-179.85,2736,5617,4844
-180.00,2746,5639,4875
-180.15,2759,5667,4889
-180.30,2774,5709,4909
-180.45,2779,5698,4925
-180.60,2798,5747,4966
-180.75,2797,5760,4953
-180.90,2812,5781,4994
-181.05,2816,5784,4983
-181.20,2828,5798,4996
-181.35,2837,5825,5010
-181.50,2840,5842,5025
-181.65,2851,5857,5050
-181.80,2853,5860,5047
-181.95,2858,5871,5074
-182.10,2864,5880,5081
-182.25,2866,5904,5089
-182.40,2877,5901,5084
-182.55,2877,5910,5107
-182.70,2881,5925,5098
-182.85,2882,5925,5118
-183.00,2886,5942,5122
-183.15,2886,5937,5113
-183.30,2894,5940,5115
-183.45,2891,5945,5133
-183.60,2900,5961,5125
-183.75,2894,5962,5127
-183.90,2903,5959,5130
-184.05,2904,5966,5138
-184.20,2903,5972,5156
-184.35,2918,6000,5167
-184.50,2917,6001,5165
-184.65,2920,6000,5166
-184.80,2921,6004,5171
-184.95,2928,6018,5183
-185.10,2935,6031,5193
-185.25,2944,6052,5205
-185.40,2945,6055,5213
-185.55,2953,6069,5227
-185.70,2982,6125,5274
-185.85,2978,6130,5289
-186.00,2980,6135,5289
-186.15,2981,6140,5292
-186.30,2988,6143,5291
-186.45,2998,6168,5315
-186.60,3006,6178,5322
-186.75,3015,6196,5339
-186.90,3023,6215,5365
-187.05,3029,6239,5365
-187.20,3033,6249,5374
-187.35,3041,6254,5386
-187.50,3050,6260,5394
-187.65,3052,6273,5404
-187.80,3053,6291,5414
-187.95,3059,6291,5435
-188.10,3065,6298,5445
-188.25,3068,6308,5437
-188.40,3077,6325,5454
-188.55,3082,6321,5446
-188.70,3079,6327,5465
-188.85,3080,6333,5455
-189.00,3082,6338,5457
-189.15,3084,6342,5474
-189.30,3086,6353,5464
-189.45,3088,6357,5469
-189.60,3090,6347,5468
-189.75,3098,6356,5490
-189.90,3100,6358,5492
-190.05,3099,6360,5482
-190.20,3098,6363,5484
-190.35,3096,6370,5486
-190.50,3100,6372,5492
-190.65,3104,6381,5496
-190.80,3109,6389,5507
-190.95,3113,6409,5514
-191.10,3115,6415,5522
-191.25,3125,6434,5535
-191.40,3132,6430,5555
-191.55,3132,6447,5561
-191.70,3144,6471,5583
-191.85,3142,6462,5570
-192.00,3146,6477,5589
-192.15,3150,6477,5582
-192.30,3167,6502,5612
-192.45,3161,6509,5606
-192.60,3166,6510,5613
-192.75,3184,6531,5633
-192.90,3177,6533,5646
-193.05,3188,6555,5645
-193.20,3194,6553,5651
-193.35,3190,6560,5670
-193.50,3192,6565,5660
-193.65,3194,6573,5668
-193.80,3199,6574,5686
-193.95,3200,6581,5679
-194.10,3203,6586,5683
-194.25,3206,6594,5689
-194.40,3209,6597,5703
-194.55,3217,6603,5707
-194.70,3212,6605,5696
-194.85,3216,6611,5700
-195.00,3214,6621,5702
-195.15,3216,6612,5702
-195.30,3216,6615,5720
-195.45,3218,6617,5704
-195.60,3218,6619,5710
-195.75,3222,6623,5711
-195.90,3221,6626,5714
-196.05,3222,6637,5731
-196.20,3224,6628,5731
-196.35,3229,6632,5721
-196.50,3227,6633,5725
-196.65,3233,6641,5729
-196.80,3236,6655,5735
-196.95,3235,6664,5755
-197.10,3236,6654,5743
-197.25,3238,6657,5758
-197.40,3245,6663,5751
-197.55,3251,6674,5758
-197.70,3249,6674,5760
-197.85,3257,6684,5768
-198.00,3257,6691,5771
-198.15,3254,6690,5788
-198.30,3263,6714,5789
-198.45,3261,6718,5789
-198.60,3263,6707,5806
-198.75,3265,6712,5808
-198.90,3267,6718,5815
-199.05,3269,6716,5802
-199.20,3272,6722,5819
-199.35,3273,6728,5807
-199.50,3274,6741,5824
-199.65,3274,6734,5829
-199.80,3276,6734,5817
-199.95,3278,6749,5820
-200.10,3279,6738,5833
-200.25,3278,6741,5823
-200.40,3281,6756,5825
-200.55,3284,6744,5825
-200.70,3287,6747,5826
-200.85,3285,6761,5828
-201.00,3283,6750,5839
-201.15,3289,6749,5828
-201.30,3285,6751,5842
-201.45,3285,6751,5830
-201.60,3283,6749,5826
-201.75,3285,6763,5830
-201.90,3284,6764,5845
-202.05,3289,6751,5844
-202.20,3289,6765,5833
-202.35,3285,6756,5832
-202.50,3286,6757,5847
-202.65,3287,6756,5846
-202.80,3287,6758,5834
-202.95,3289,6755,5848
-203.10,3291,6760,5837
-203.25,3289,6761,5836
-203.40,3293,6759,5840
-203.55,3289,6759,5850
-203.70,3290,6760,5839
-203.85,3288,6776,5840
-204.00,3296,6761,5839
-204.15,3290,6774,5840
-204.30,3291,6772,5839
-204.45,3290,6765,5854
-204.60,3290,6761,5842
-204.75,3287,6759,5836
-204.90,3290,6757,5834
-205.05,3287,6755,5835
-205.20,3287,6756,5849
-205.35,3286,6751,5835
-205.50,3286,6754,5833
-205.65,3291,6749,5844
-205.80,3284,6754,5832
-205.95,3288,6753,5829
-206.10,3283,6744,5830
-206.25,3286,6740,5824
-206.40,3286,6737,5824
-206.55,3280,6748,5823
-206.70,3280,6740,5821
-206.85,3282,6738,5833
-207.00,3278,6746,5833
-207.15,3278,6740,5820
-207.30,3277,6735,5816
-207.45,3280,6743,5819
-207.60,3277,6736,5820
-207.75,3277,6741,5827
-207.90,3276,6733,5816
-208.05,3279,6730,5811
-208.20,3273,6731,5811
-208.35,3275,6727,5823
-208.50,3274,6725,5821
-208.65,3278,6722,5806
-208.80,3274,6732,5803
-208.95,3270,6721,5820
-209.10,3268,6713,5799
-209.25,3268,6710,5795
-209.40,3270,6718,5795
-209.55,3265,6704,5792
-209.70,3261,6709,5785
-209.85,3261,6689,5779
-210.00,3256,6699,5791
-210.15,3258,6683,5772
-210.30,3253,6673,5766
-210.45,3246,6669,5762
-210.60,3240,6659,5753
-210.75,3240,6653,5759
-210.90,3243,6650,5746
-211.05,3240,6643,5740
-211.20,3233,6636,5734
-211.35,3234,6632,5729
-211.50,3227,6634,5726
-211.65,3226,6618,5735
-211.80,3220,6608,5731
-211.95,3218,6604,5713
-212.10,3218,6599,5709
-212.25,3218,6593,5705
-212.40,3214,6592,5699
-212.55,3214,6587,5709
-212.70,3209,6586,5692
-212.85,3204,6580,5687
-213.00,3204,6577,5698
-213.15,3207,6588,5696
-213.30,3207,6586,5683
-213.45,3203,6583,5695
-213.60,3202,6572,5680
-213.75,3198,6567,5688
-213.90,3197,6565,5675
-214.05,3201,6561,5687
-214.20,3193,6566,5668
-214.35,3195,6566,5669
-214.50,3195,6551,5661
-214.65,3190,6548,5653
-214.80,3189,6547,5664
-214.95,3180,6529,5642
-215.10,3177,6518,5650
-215.25,3181,6516,5633
-215.40,3173,6521,5626
-215.55,3168,6512,5622
-215.70,3158,6490,5616
-215.85,3158,6489,5603
-216.00,3144,6449,5576
-216.15,3150,6459,5578
-216.30,3149,6450,5579
-216.45,3141,6432,5573
-216.60,3131,6424,5567
-216.75,3123,6416,5553
-216.90,3119,6407,5546
-217.05,3113,6399,5523
-217.20,3114,6387,5514
-217.35,3104,6368,5507
-217.50,3108,6371,5499
-217.65,3098,6352,5505
-217.80,3097,6354,5497
-217.95,3089,6348,5477
-218.10,3090,6325,5483
-218.25,3082,6318,5464
-218.40,3077,6310,5473
-218.55,3074,6306,5464
-218.70,3072,6301,5445
-218.85,3074,6294,5453
-219.00,3070,6299,5434
-219.15,3067,6279,5430
-219.30,3064,6289,5423
-219.45,3059,6288,5423
-219.60,3060,6284,5422
-219.75,3060,6261,5424
-219.90,3051,6263,5426
-220.05,3054,6264,5427
-220.20,3056,6258,5408
-220.35,3049,6266,5406
-220.50,3045,6244,5394
-220.65,3044,6243,5395
-220.80,3037,6230,5384
-220.95,3031,6227,5370
-221.10,3024,6204,5360
-221.25,3027,6210,5367
-221.40,3018,6192,5360
-221.55,2999,6165,5330
-221.70,2999,6171,5331
-221.85,2984,6126,5299
-222.00,2983,6128,5291
-222.15,2981,6133,5299
-222.30,2974,6095,5278
-222.45,2964,6074,5242
-222.60,2960,6064,5235
-222.75,2944,6057,5216
-222.90,2938,6035,5225
-223.05,2938,6023,5213
-223.20,2927,6007,5187
-223.35,2918,5995,5174
-223.50,2913,5984,5164
-223.65,2908,5970,5155
-223.80,2909,5970,5148
-223.95,2901,5948,5136
-224.10,2898,5940,5126
-224.25,2892,5929,5131
-224.40,2883,5918,5108
-224.55,2881,5920,5099
-224.70,2873,5914,5089
-224.85,2869,5902,5083
-225.00,2866,5885,5090
-225.15,2867,5881,5071
-225.30,2857,5885,5078
-225.45,2865,5872,5077
-225.60,2857,5868,5060
-225.75,2852,5859,5055
-225.90,2860,5856,5068
-226.05,2850,5858,5055
-226.20,2846,5848,5042
-226.35,2844,5850,5035
-226.50,2838,5843,5031
-226.65,2834,5825,5020
-226.80,2822,5800,5013
-226.95,2826,5795,4996
-227.10,2822,5785,4987
-227.25,2810,5763,4980
-227.40,2799,5753,4954
-227.55,2792,5737,4943
-227.70,2781,5712,4923
-227.85,2777,5692,4905
-228.00,2763,5677,4894
-228.15,2753,5647,4866
-228.30,2747,5649,4865
-228.45,2735,5620,4842
-228.60,2719,5585,4823
-228.75,2711,5581,4810
-228.90,2704,5559,4802
-229.05,2696,5551,4772
-229.20,2687,5524,4755
-229.35,2679,5508,4741
-229.50,2679,5495,4730
-229.65,2666,5490,4734
-229.80,2666,5468,4709
-229.95,2652,5449,4710
-230.10,2644,5446,4700
-230.25,2646,5434,4674
-230.40,2639,5412,4676
-230.55,2635,5411,4667
-230.70,2624,5391,4642
-230.85,2625,5382,4633
-231.00,2612,5370,4623
-231.15,2610,5377,4631
-231.30,2612,5354,4624
-231.45,2604,5355,4608
-231.60,2602,5347,4603
-231.75,2598,5339,4593
-231.90,2596,5335,4593
-232.05,2592,5330,4601
-232.20,2595,5320,4592
-232.35,2586,5327,4574
-232.50,2581,5319,4566
-232.65,2575,5294,4558
-232.80,2561,5272,4542
-232.95,2548,5241,4523
-233.10,2558,5240,4509
-233.25,2534,5212,4497
-233.40,2535,5209,4494
-233.55,2523,5198,4462
-233.70,2513,5168,4444
-233.85,2495,5128,4413
-234.00,2478,5110,4383
-234.15,2479,5097,4400
-234.30,2470,5087,4380
-234.45,2461,5058,4352
-234.60,2449,5033,4319
-234.75,2434,5003,4305
-234.90,2424,4994,4286
-235.05,2415,4958,4279
-235.20,2411,4940,4251
-235.35,2394,4921,4248
-235.50,2394,4909,4218
-235.65,2376,4896,4220
-235.80,2366,4863,4190
-235.95,2361,4847,4191
-236.10,2359,4832,4164
-236.25,2343,4829,4151
-236.40,2339,4803,4138
-236.55,2333,4793,4127
-236.70,2325,4781,4116
-236.85,2329,4771,4106
-237.00,2326,4759,4109
-237.15,2310,4748,4083
-237.30,2315,4741,4079
-237.45,2312,4748,4088
-237.60,2303,4732,4083
-237.75,2293,4710,4050
-237.90,2293,4711,4066
-238.05,2291,4711,4052
-238.20,2288,4711,4040
-238.35,2286,4694,4037
-238.50,2280,4683,4030
-238.65,2269,4662,4008
-238.80,2261,4655,3994
-238.95,2245,4616,3972
-239.10,2245,4610,3967
-239.25,2231,4581,3938
-239.40,2221,4544,3908
-239.55,2213,4547,3911
-239.70,2214,4529,3911
-239.85,2191,4502,3874
-240.00,2177,4484,3846
-240.15,2150,4416,3797
-240.30,2159,4429,3815
-240.45,2144,4404,3787
-240.60,2132,4383,3783
-240.75,2111,4337,3731
-240.90,2108,4319,3713
-241.05,2090,4296,3709
-241.20,2078,4285,3676
-241.35,2071,4250,3657
-241.50,2059,4230,3656
-241.65,2049,4222,3624
-241.80,2042,4190,3608
-241.95,2032,4183,3592
-242.10,2033,4153,3579
-242.25,2025,4138,3566
-242.40,2018,4126,3567
-242.55,2003,4114,3558
-242.70,2007,4117,3531
-242.85,2000,4093,3520
-243.00,1986,4079,3524
-243.15,1981,4067,3501
-243.30,1985,4070,3490
-243.45,1984,4058,3491
-243.60,1973,4052,3485
-243.75,1968,4043,3476
-243.90,1965,4038,3473
-244.05,1961,4031,3467
-244.20,1959,4023,3459
-244.35,1954,4010,3464
-244.50,1949,4003,3457
-244.65,1941,3986,3441
-244.80,1928,3976,3425
-244.95,1930,3944,3391
-245.10,1911,3940,3379
-245.25,1910,3906,3360
-245.40,1887,3876,3347
-245.55,1885,3855,3313
-245.70,1868,3836,3300
-245.85,1853,3808,3275
-246.00,1842,3763,3234
-246.15,1830,3773,3249
-246.30,1826,3732,3224
-246.45,1804,3709,3190
-246.60,1785,3646,3139
-246.75,1783,3646,3136
-246.90,1763,3623,3132
-247.05,1748,3605,3089
-247.20,1739,3570,3072
-247.35,1726,3559,3052
-247.50,1716,3527,3051
-247.65,1718,3517,3021
-247.80,1708,3488,3017
-247.95,1690,3468,3003
-248.10,1682,3454,2988
-248.25,1673,3436,2959
-248.40,1677,3435,2947
-248.55,1661,3409,2948
-248.70,1654,3410,2923
-248.85,1658,3384,2913
-249.00,1642,3374,2902
-249.15,1637,3366,2906
-249.30,1644,3357,2887
-249.45,1631,3352,2885
-249.60,1628,3354,2875
-249.75,1623,3334,2868
-249.90,1620,3328,2863
-250.05,1616,3333,2856
-250.20,1609,3318,2858
-250.35,1608,3304,2841
-250.50,1604,3294,2848
-250.65,1606,3278,2818
-250.80,1587,3261,2820
-250.95,1584,3232,2781
-251.10,1571,3224,2774
-251.25,1561,3205,2757
-251.40,1549,3192,2734
-251.55,1537,3157,2730
-251.70,1524,3130,2706
-251.85,1509,3100,2666
-252.00,1499,3089,2646
-252.15,1488,3066,2626
-252.30,1475,3040,2605
-252.45,1461,2998,2579
-252.60,1457,2970,2554
-252.75,1432,2948,2525
-252.90,1420,2927,2521
-253.05,1406,2884,2482
-253.20,1394,2874,2463
-253.35,1384,2837,2445
-253.50,1375,2819,2441
-253.65,1363,2798,2427
-253.80,1357,2779,2410
-253.95,1347,2772,2380
-254.10,1339,2757,2381
-254.25,1332,2727,2354
-254.40,1326,2715,2343
-254.55,1319,2703,2329
-254.70,1313,2691,2319
-254.85,1320,2678,2306
-255.00,1301,2666,2296
-255.15,1297,2657,2287
-255.30,1293,2664,2282
-255.45,1289,2643,2277
-255.60,1299,2639,2287
-255.75,1285,2634,2265
-255.90,1280,2626,2273
-256.05,1279,2620,2256
-256.20,1286,2624,2249
-256.35,1282,2618,2241
-256.50,1277,2593,2231
-256.65,1259,2579,2219
-256.80,1249,2559,2204
-256.95,1240,2542,2188
-257.10,1231,2521,2172
-257.25,1222,2519,2158
-257.40,1211,2497,2153
-257.55,1202,2474,2134
-257.70,1190,2436,2112
-257.85,1173,2399,2080
-258.00,1177,2386,2069
-258.15,1166,2362,2032
-258.30,1139,2348,2011
-258.45,1130,2312,2004
-258.60,1114,2281,1964
-258.75,1102,2259,1944
-258.90,1092,2233,1924
-259.05,1092,2208,1901
-259.20,1070,2187,1898
-259.35,1058,2165,1862
-259.50,1049,2147,1847
-259.65,1040,2127,1832
-259.80,1030,2123,1815
-259.95,1023,2091,1802
-260.10,1015,2074,1801
-260.25,1018,2073,1788
-260.40,999,2058,1777
-260.55,993,2033,1766
-260.70,989,2022,1741
-260.85,984,2026,1730
-261.00,978,2012,1720
-261.15,987,2007,1714
-261.30,969,1983,1722
-261.45,968,1980,1720
-261.60,976,1973,1697
-261.75,960,1977,1689
-261.90,971,1960,1702
-262.05,955,1967,1696
-262.20,949,1941,1671
-262.35,959,1952,1668
-262.50,953,1941,1658
-262.65,935,1925,1660
-262.80,929,1899,1649
-262.95,920,1894,1618
-263.10,911,1863,1602
-263.25,913,1842,1599
-263.40,888,1816,1562
-263.55,888,1818,1554
-263.70,872,1782,1532
-263.85,862,1760,1515
-264.00,859,1744,1502
-264.15,838,1709,1469
-264.30,828,1706,1455
-264.45,817,1684,1452
-264.60,804,1641,1414
-264.75,788,1623,1384
-264.90,781,1592,1369
-265.05,770,1572,1368
-265.20,760,1565,1335
-265.35,752,1545,1320
-265.50,741,1513,1319
-265.65,734,1512,1307
-265.80,738,1483,1277
-265.95,719,1467,1264
-266.10,711,1452,1251
-266.25,706,1440,1241
-266.40,701,1428,1231
-266.55,706,1432,1236
-266.70,690,1408,1227
-266.85,684,1397,1218
-267.00,682,1389,1196
-267.15,677,1381,1203
-267.30,686,1391,1185
-267.45,673,1388,1182
-267.60,670,1364,1176
-267.75,666,1359,1186
-267.90,664,1354,1167
-268.05,661,1348,1176
-268.20,668,1340,1153
-268.35,666,1337,1152
-268.50,663,1328,1143
-268.65,644,1312,1130
-268.80,638,1299,1118
-268.95,640,1284,1105
-269.10,624,1285,1092
-269.25,613,1252,1094
-269.40,607,1237,1081
-269.55,596,1218,1064
-269.70,587,1196,1029
-269.85,578,1181,1031
-270.00,569,1176,999
-270.15,559,1139,980
-270.30,550,1121,966
-270.45,541,1102,951
-270.60,528,1076,926
-270.75,519,1057,925
-270.90,519,1053,892
-271.05,501,1021,879
-271.20,493,1004,866
-271.35,485,1001,850
-271.50,478,973,837
-271.65,480,959,840
-271.80,465,961,829
-271.95,468,933,804
-272.10,453,937,793
-272.25,447,910,786
-272.40,443,916,790
-272.55,439,893,783
-272.70,444,885,761
-272.85,431,876,755
-273.00,427,869,749
-273.15,426,864,756
-273.30,423,859,740
-273.45,422,870,749
-273.60,419,865,734
-273.75,416,844,727
-273.90,422,841,736
-274.05,413,851,722
-274.20,409,828,715
-274.35,405,836,709
-274.50,403,831,717
-274.65,405,807,697
-274.80,391,807,684
-274.95,386,796,675
-275.10,380,770,676
-275.25,374,759,666
-275.40,363,737,648
-275.55,364,734,633
-275.70,356,706,618
-275.85,344,697,611
-276.00,336,682,598
-276.15,327,672,578
-276.30,330,652,563
-276.45,315,638,549
-276.60,306,619,542
-276.75,305,603,522
-276.90,290,597,506
-277.05,284,574,502
-277.20,278,559,483
-277.35,277,558,474
-277.50,268,546,464
-277.65,262,527,456
-277.80,256,515,446
-277.95,251,515,439
-278.10,247,497,430
-278.25,243,499,427
-278.40,240,482,421
-278.55,236,475,411
-278.70,239,470,406
-278.85,231,473,401
-279.00,234,467,396
-279.15,228,455,396
-279.30,231,452,393
-279.45,224,448,388
-279.60,228,445,386
-279.75,225,441,383
-279.90,224,447,379
-280.05,217,435,376
-280.20,215,430,371
-280.35,212,425,369
-280.50,210,421,365
-280.65,207,421,359
-280.80,202,411,349
-280.95,198,395,343
-281.10,199,395,338
-281.25,195,379,328
-281.40,184,365,317
-281.55,180,358,310
-281.70,172,345,300
-281.85,167,334,290
-282.00,168,332,282
-282.15,159,322,274
-282.30,154,312,264
-282.45,147,298,250
-282.60,142,280,244
-282.75,139,272,231
-282.90,130,255,222
-283.05,127,255,218
-283.20,123,246,210
-283.35,119,232,197
-283.50,120,229,197
-283.65,117,222,185
-283.80,109,215,179
-283.95,110,210,181
-284.10,104,201,176
-284.25,106,197,171
-284.40,103,192,160
-284.55,97,188,157
-284.70,96,184,160
-284.85,93,180,150
-285.00,96,177,153
-285.15,90,174,151
-285.30,90,172,150
-285.45,88,171,142
-285.60,87,167,147
-285.75,86,165,137
-285.90,86,162,143
-286.05,85,160,141
-286.20,86,158,131
-286.35,86,157,138
-286.50,80,155,135
-286.65,78,148,123
-286.80,79,143,125
-286.95,74,139,121
-287.10,75,134,118
-287.25,70,128,105
-287.40,69,123,108
-287.55,63,120,102
-287.70,64,111,89
-287.85,57,105,94
-288.00,55,100,88
-288.15,52,94,85
-288.30,53,90,79
-288.45,46,84,64
-288.60,43,78,69
-288.75,42,73,66
-288.90,39,68,61
-289.05,37,55,57
-289.20,35,60,42
-289.35,34,47,51
-289.50,32,44,36
-289.65,30,41,46
-289.80,29,48,44
-289.95,29,46,30
-290.10,27,34,40
-290.25,25,31,38
-290.40,28,39,25
-290.55,26,39,34
-290.70,25,27,22
-290.85,24,36,33
-291.00,22,35,33
-291.15,22,24,31
-291.30,23,34,31
-291.45,23,33,31
-291.60,22,32,29
-291.75,22,32,17
-291.90,21,31,29
-292.05,21,20,28
-292.20,21,31,15
-292.35,20,29,27
-292.50,19,28,26
-292.65,20,27,26
-292.80,18,15,20
-292.95,19,24,24
-293.10,18,13,22
-293.25,17,11,21
-293.40,16,22,21
-293.55,17,21,19
-293.70,15,20,7
-293.85,14,8,18
-294.00,14,7,18
-294.15,14,7,18
-294.30,14,19,6
-294.45,16,8,19
-294.60,15,20,6
-294.75,16,21,20
-294.90,16,10,20
-295.05,17,11,21
-295.20,17,25,10
-295.35,18,26,23
-295.50,19,27,24
-295.65,20,27,13
-295.80,21,29,26
-295.95,21,30,16
-296.10,22,33,29
-296.25,23,23,30
-296.40,23,35,32
-296.55,23,26,32
-296.70,25,38,22
-296.85,25,39,35
-297.00,27,30,37
-297.15,26,41,25
-297.30,27,43,38
-297.45,27,33,38
-297.60,27,34,27
-297.75,27,45,39
-297.90,28,45,28
-298.05,28,47,29
-298.20,29,47,30
-298.35,32,48,44
-298.50,34,51,31
-298.65,35,54,46
-298.80,33,55,37
-298.95,37,59,51
-299.10,38,60,54
-299.25,37,55,45
-299.40,38,59,59
-299.55,44,71,51
-299.70,43,68,67
-299.85,45,81,60
-300.00,49,86,75
-300.15,53,91,79
-300.30,56,90,73
-300.45,55,97,89
-300.60,60,110,95
-300.75,62,117,102
-300.90,69,123,97
-301.05,73,129,111
-301.20,72,135,118
-301.35,75,139,122
-301.50,77,147,127
-301.65,84,154,132
-301.80,83,158,137
-301.95,85,163,134
-302.10,88,168,137
-302.25,90,173,149
-302.40,92,176,152
-302.55,93,181,155
-302.70,96,185,152
-302.85,97,189,166
-303.00,99,192,166
-303.15,101,194,168
-303.30,101,197,170
-303.45,106,198,164
-303.60,103,203,173
-303.75,109,205,175
-303.90,109,208,177
-304.05,106,208,173
-304.20,109,212,183
-304.35,115,214,184
-304.50,112,220,187
-304.65,114,222,191
-304.80,122,233,192
-304.95,120,236,203
-305.10,124,243,208
-305.25,129,249,215
-305.40,131,266,224
-305.55,136,272,231
-305.70,146,278,235
-305.85,146,289,248
-306.00,151,297,252
-306.15,157,312,265
-306.30,160,324,273
-306.45,172,330,280
-306.60,170,342,291
-306.75,179,356,304
-306.90,183,374,315
-307.05,190,386,326
-307.20,195,389,333
-307.35,200,400,342
-307.50,204,409,352
-307.65,208,417,358
-307.80,213,427,368
-307.95,217,435,375
-308.10,222,445,382
-308.25,231,452,389
-308.40,229,460,396
-308.55,232,474,399
-308.70,234,471,405
-308.85,239,487,410
-309.00,241,483,419
-309.15,249,488,419
-309.30,251,493,424
-309.45,246,504,422
-309.60,253,498,430
-309.75,255,501,432
-309.90,257,504,433
-310.05,253,518,436
-310.20,256,516,446
-310.35,257,517,444
-310.50,266,523,449
-310.65,269,541,455
-310.80,269,541,464
-310.95,275,552,479
-311.10,279,563,482
-311.25,285,584,491
-311.40,291,587,506
-311.55,296,598,514
-311.70,303,613,533
-311.85,310,629,539
-312.00,318,654,552
-312.15,324,668,571
-312.30,331,672,577
-312.45,343,701,591
-312.60,351,708,607
-312.75,366,739,623
-312.90,369,741,647
-313.05,375,772,651
-313.20,382,776,667
-313.35,391,794,681
-313.50,397,805,691
-313.65,403,817,702
-313.80,416,832,726
-313.95,424,842,735
-314.10,429,853,734
-314.25,426,864,755
-314.40,431,874,764
-314.55,443,883,757
-314.70,438,904,764
-314.85,442,914,771
-315.00,445,920,777
-315.15,457,911,794
-315.30,459,916,799
-315.45,452,915,787
-315.60,453,922,791
-315.75,466,930,811
-315.90,458,930,813
-316.05,469,938,804
-316.20,474,945,810
-316.35,465,962,812
-316.50,469,955,834
-316.65,475,981,830
-316.80,481,980,840
-316.95,490,995,854
-317.10,495,1008,864
-317.25,511,1020,875
-317.40,509,1051,889
-317.55,517,1068,919
-317.70,536,1070,933
-317.85,537,1092,953
-318.00,545,1127,954
-318.15,553,1127,967
-318.30,572,1147,999
-318.45,573,1167,1017
-318.60,594,1190,1021
-318.75,606,1214,1041
-318.90,605,1235,1059
-319.05,616,1254,1075
-319.20,629,1275,1094
-319.35,635,1310,1112
-319.50,654,1326,1141
-319.65,662,1342,1139
-319.80,657,1340,1153
-319.95,665,1356,1181
-320.10,671,1368,1176
-320.25,689,1381,1188
-320.40,684,1392,1213
-320.55,687,1402,1206
-320.70,693,1413,1214
-320.85,698,1437,1222
-321.00,700,1445,1229
-321.15,706,1439,1235
-321.30,707,1444,1241
-321.45,709,1460,1258
-321.60,711,1466,1248
-321.75,715,1458,1256
-321.90,715,1462,1255
-322.05,720,1484,1277
-322.20,724,1491,1268
-322.35,741,1485,1275
-322.50,732,1495,1286
-322.65,751,1506,1293
-322.80,746,1524,1308
-322.95,756,1557,1341
-323.10,763,1571,1337
-323.25,769,1571,1350
-323.40,793,1590,1367
-323.55,789,1609,1383
-323.70,800,1633,1403
-323.85,810,1669,1420
-324.00,821,1675,1438
-324.15,831,1696,1457
-324.30,841,1718,1475
-324.45,867,1757,1512
-324.60,867,1768,1535
-324.75,878,1796,1557
-324.90,891,1832,1564
-325.05,902,1857,1584
-325.20,913,1864,1601
-325.35,924,1886,1634
-325.50,933,1916,1636
-325.65,939,1919,1664
-325.80,950,1950,1681
-325.95,956,1967,1695
-326.10,964,1970,1694
-326.25,971,1996,1720
-326.40,977,1996,1718
-326.55,982,2007,1728
-326.70,990,2019,1736
-326.85,995,2031,1746
-327.00,1011,2040,1753
-327.15,1003,2050,1762
-327.30,1005,2051,1763
-327.45,1007,2059,1769
-327.60,1008,2076,1774
-327.75,1014,2083,1779
-327.90,1015,2074,1784
-328.05,1020,2098,1792
-328.20,1025,2092,1813
-328.35,1029,2101,1806
-328.50,1045,2124,1813
-328.65,1053,2123,1841
-328.80,1047,2156,1841
-328.95,1070,2163,1859
-329.10,1077,2178,1873
-329.25,1073,2196,1887
-329.40,1098,2220,1907
-329.55,1096,2242,1941
-329.70,1114,2280,1947
-329.85,1120,2291,1983
-330.00,1132,2328,1988
-330.15,1154,2350,2022
-330.30,1155,2360,2028
-330.45,1168,2401,2051
-330.60,1192,2415,2090
-330.75,1206,2442,2099
-330.90,1206,2467,2120
-331.05,1229,2489,2137
-331.20,1229,2527,2162
-331.35,1241,2538,2180
-331.50,1251,2558,2198
-331.65,1260,2576,2229
-331.80,1279,2608,2228
-331.95,1277,2612,2245
-332.10,1283,2627,2257
-332.25,1294,2643,2272
-332.40,1298,2656,2286
-332.55,1306,2670,2310
-332.70,1311,2682,2305
-332.85,1318,2694,2315
-333.00,1334,2718,2323
-333.15,1328,2715,2332
-333.30,1329,2719,2336
-333.45,1336,2731,2361
-333.60,1336,2736,2349
-333.75,1340,2744,2373
-333.90,1355,2751,2362
-334.05,1349,2760,2385
-334.20,1353,2766,2377
-334.35,1358,2776,2400
-334.50,1361,2785,2392
-334.65,1378,2814,2406
-334.80,1377,2832,2437
-334.95,1387,2840,2439
-335.10,1397,2857,2454
-335.25,1416,2890,2470
-335.40,1418,2901,2505
-335.55,1438,2925,2527
-335.70,1440,2963,2548
-335.85,1454,2976,2571
-336.00,1475,3000,2591
-336.15,1477,3022,2612
-336.30,1489,3047,2619
-336.45,1502,3075,2642
-336.60,1528,3107,2670
-336.75,1540,3146,2693
-336.90,1543,3164,2715
-337.05,1556,3185,2737
-337.20,1570,3213,2776
-337.35,1591,3251,2782
-337.50,1591,3272,2801
-337.65,1602,3294,2820
-337.80,1614,3302,2838
-337.95,1620,3319,2866
-338.10,1639,3336,2866
-338.25,1636,3351,2882
-338.40,1646,3368,2895
-338.55,1661,3380,2906
-338.70,1658,3395,2917
-338.85,1663,3405,2926
-339.00,1667,3418,2936
-339.15,1682,3421,2957
-339.30,1686,3434,2964
-339.45,1679,3453,2959
-339.60,1679,3443,2957
-339.75,1695,3453,2981
-339.90,1699,3458,2972
-340.05,1703,3467,2976
-340.20,1706,3487,2986
-340.35,1711,3485,3009
-340.50,1708,3496,3003
-340.65,1715,3512,3030
-340.80,1723,3542,3031
-340.95,1733,3551,3048
-341.10,1742,3578,3065
-341.25,1751,3599,3081
-341.40,1764,3612,3102
-341.55,1784,3632,3122
-341.70,1795,3656,3158
-341.85,1798,3683,3166
-342.00,1810,3710,3188
-342.15,1822,3732,3207
-342.30,1836,3758,3232
-342.45,1856,3784,3253
-342.60,1865,3815,3295
-342.75,1878,3846,3307
-342.90,1891,3872,3327
-343.05,1903,3913,3355
-343.20,1915,3921,3372
-343.35,1935,3955,3392
-343.50,1938,3965,3423
-343.65,1946,3982,3429
-343.80,1954,4016,3444
-343.95,1972,4034,3473
-344.10,1981,4050,3473
-344.25,1989,4054,3503
-344.40,1988,4068,3499
-344.55,1993,4081,3509
-344.70,1998,4094,3520
-344.85,2004,4107,3531
-345.00,2012,4119,3543
-345.15,2014,4126,3561
-345.30,2020,4137,3556
-345.45,2030,4139,3558
-345.60,2024,4145,3564
-345.75,2029,4155,3575
-345.90,2039,4160,3579
-346.05,2035,4178,3584
-346.20,2047,4190,3606
-346.35,2043,4185,3597
-346.50,2049,4207,3608
-346.65,2055,4208,3618
-346.80,2064,4239,3634
-346.95,2074,4256,3664
-347.10,2081,4264,3668
-347.25,2090,4280,3684
-347.40,2100,4303,3702
-347.55,2114,4338,3735
-347.70,2134,4351,3758
-347.85,2135,4375,3762
-348.00,2148,4401,3786
-348.15,2167,4432,3811
-348.30,2176,4443,3826
-348.45,2181,4470,3849
-348.60,2198,4499,3887
-348.75,2219,4537,3896
-348.90,2229,4564,3919
-349.05,2232,4590,3953
-349.20,2246,4612,3961
-349.35,2257,4636,3982
-349.50,2274,4657,4000
-349.65,2275,4663,4015
-349.80,2285,4679,4034
-349.95,2292,4697,4063
-350.10,2302,4714,4064
-350.25,2314,4730,4077
-350.40,2313,4742,4085
-350.55,2319,4767,4095
-350.70,2325,4764,4105
-350.85,2330,4788,4128
-351.00,2343,4789,4122
-351.15,2347,4794,4128
-351.30,2349,4801,4134
-351.45,2345,4804,4137
-351.60,2347,4809,4156
-351.75,2352,4820,4149
-351.90,2354,4838,4167
-352.05,2357,4829,4158
-352.20,2368,4841,4168
-352.35,2365,4859,4188
-352.50,2369,4857,4181
-352.65,2385,4873,4209
-352.80,2384,4890,4210
-352.95,2393,4910,4226
-353.10,2403,4926,4239
-353.25,2410,4941,4269
-353.40,2420,4962,4271
-353.55,2430,4982,4288
-353.70,2441,5004,4309
-353.85,2451,5040,4330
-354.00,2471,5052,4348
-354.15,2472,5080,4379
-354.30,2490,5092,4385
-354.45,2502,5116,4404
-354.60,2508,5143,4428
-354.75,2525,5172,4448
-354.90,2530,5188,4468
-355.05,2542,5212,4488
-355.20,2562,5235,4522
-355.35,2569,5264,4528
-355.50,2571,5278,4554
-355.65,2580,5286,4555
-355.80,2588,5311,4572
-355.95,2594,5319,4585
-356.10,2600,5330,4597
-356.25,2607,5351,4609
-356.40,2613,5359,4620
-356.55,2620,5377,4628
-356.70,2622,5386,4634
-356.85,2629,5386,4657
-357.00,2639,5394,4652
-357.15,2637,5403,4668
-357.30,2636,5404,4658
-357.45,2641,5425,4665
-357.60,2643,5418,4673
-357.75,2645,5435,4676
-357.90,2651,5429,4696
-358.05,2650,5436,4687
-358.20,2661,5455,4691
-358.35,2667,5462,4698
-358.50,2663,5461,4706
-358.65,2670,5471,4728
-358.80,2677,5489,4729
-358.95,2686,5516,4756
-359.10,2699,5528,4754
-359.25,2697,5531,4777
-359.40,2713,5549,4784
-359.55,2717,5567,4800
-359.70,2727,5603,4817
-359.85,2737,5607,4848
-360.00,2751,5627,4852
-360.15,2754,5644,4865
-360.30,2772,5663,4884
-360.45,2774,5698,4900
-360.60,2792,5719,4935
-360.75,2794,5736,4938
-360.90,2810,5755,4966
-361.05,2820,5775,4983
-361.20,2823,5783,4986
-361.35,2833,5796,5000
-361.50,2839,5818,5013
-361.65,2852,5824,5042
-361.80,2855,5842,5053
-361.95,2857,5864,5051
-362.10,2865,5865,5061
-362.25,2870,5886,5073
-362.40,2878,5884,5078
-362.55,2876,5893,5086
-362.70,2881,5912,5107
-362.85,2888,5910,5101
-363.00,2896,5919,5106
-363.15,2892,5924,5122
-363.30,2896,5931,5131
-363.45,2896,5947,5135
-363.60,2901,5940,5124
-363.75,2903,5956,5130
-363.90,2911,5947,5146
-364.05,2908,5954,5139
-364.20,2911,5960,5156
-364.35,2913,5967,5150
-364.50,2918,5972,5153
-364.65,2921,5979,5177
-364.80,2927,5993,5186
-364.95,2934,6018,5184
-365.10,2940,6019,5194
-365.25,2952,6045,5219
-365.40,2953,6047,5218
-365.55,2961,6064,5233
-365.70,2968,6075,5245
-365.85,2977,6093,5259
-366.00,2989,6119,5285
-366.15,2991,6136,5298
-366.30,2997,6136,5297
-366.45,3012,6165,5313
-366.60,3019,6175,5327
-366.75,3021,6187,5342
-366.90,3030,6214,5354
-367.05,3038,6213,5364
-367.20,3048,6241,5393
-367.35,3049,6243,5407
-367.50,3056,6264,5413
-367.65,3060,6278,5410
-367.80,3067,6281,5424
-367.95,3076,6289,5445
-368.10,3076,6310,5438
-368.25,3081,6321,5445
-368.40,3089,6316,5453
-368.55,3089,6321,5457
-368.70,3096,6336,5463
-368.85,3095,6334,5467
-369.00,3102,6341,5471
-369.15,3099,6355,5475
-369.30,3101,6352,5479
-369.45,3102,6352,5481
-369.60,3103,6355,5484
-369.75,3107,6360,5504
-369.90,3111,6362,5491
-370.05,3115,6367,5494
-370.20,3112,6372,5498
-370.35,3113,6375,5501
-370.50,3117,6380,5504
-370.65,3119,6388,5512
-370.80,3128,6397,5519
-370.95,3126,6405,5528
-371.10,3133,6426,5546
-371.25,3134,6422,5544
-371.40,3142,6445,5565
-371.55,3146,6445,5560
-371.70,3158,6456,5568
-371.85,3158,6466,5579
-372.00,3168,6477,5588
-372.15,3168,6488,5610
-372.30,3172,6499,5605
-372.45,3181,6510,5617
-372.60,3190,6532,5627
-372.75,3189,6531,5636
-372.90,3195,6552,5645
-373.05,3204,6563,5667
-373.20,3206,6563,5659
-373.35,3209,6570,5682
-373.50,3211,6575,5672
-373.65,3217,6592,5680
-373.80,3217,6589,5684
-373.95,3224,6592,5691
-374.10,3221,6596,5707
-374.25,3224,6613,5698
-374.40,3228,6611,5702
-374.55,3230,6615,5708
-374.70,3234,6630,5710
-374.85,3234,6636,5727
-375.00,3242,6628,5716
-375.15,3237,6627,5718
-375.30,3236,6643,5720
-375.45,3238,6633,5725
-375.60,3238,6646,5723
-375.75,3238,6638,5742
-375.90,3238,6636,5727
-376.05,3241,6639,5728
-376.20,3241,6653,5730
-376.35,3243,6647,5747
-376.50,3249,6650,5736
-376.65,3249,6656,5753
-376.80,3255,6657,5743
-376.95,3252,6664,5764
-377.10,3255,6671,5754
-377.25,3259,6676,5755
-377.40,3262,6682,5773
-377.55,3263,6696,5766
-377.70,3265,6701,5783
-377.85,3267,6695,5775
-378.00,3276,6702,5796
-378.15,3273,6707,5787
-378.30,3275,6721,5789
-378.45,3279,6719,5795
-378.60,3283,6724,5813
-378.75,3287,6733,5803
-378.90,3288,6745,5809
-379.05,3290,6749,5812
-379.20,3291,6742,5815
-379.35,3294,6745,5829
-379.50,3292,6748,5818
-379.65,3292,6748,5820
-379.80,3293,6760,5824
-379.95,3299,6759,5825
-380.10,3297,6751,5827
-380.25,3298,6753,5828
-380.40,3299,6769,5832
-380.55,3300,6754,5829
-380.70,3300,6758,5832
-380.85,3305,6761,5835
-381.00,3307,6773,5834
-381.15,3301,6765,5849
-381.30,3303,6767,5835
-381.45,3303,6775,5846
-381.60,3304,6764,5848
-381.75,3303,6763,5837
-381.90,3303,6764,5838
-382.05,3305,6778,5838
-382.20,3306,6770,5842
-382.35,3303,6766,5853
-382.50,3309,6771,5853
-382.65,3312,6782,5841
-382.80,3307,6773,5852
-382.95,3307,6773,5842
-383.10,3311,6772,5845
-383.25,3307,6774,5842
-383.40,3310,6774,5856
-383.55,3311,6785,5847
-383.70,3308,6779,5845
-383.85,3309,6778,5863
-384.00,3308,6776,5857
-384.15,3310,6776,5845
-384.30,3307,6774,5846
-384.45,3308,6776,5846
-384.60,3310,6778,5860
-384.75,3310,6783,5857
-384.90,3312,6775,5842
-385.05,3311,6771,5859
-385.20,3307,6771,5839
-385.35,3304,6769,5842
-385.50,3307,6769,5842
-385.65,3308,6769,5842
-385.80,3305,6764,5840
-385.95,3305,6774,5840
-386.10,3303,6766,5850
-386.25,3303,6763,5837
-386.40,3303,6758,5850
-386.55,3304,6761,5847
-386.70,3302,6770,5831
-386.85,3299,6768,5829
-387.00,3299,6765,5842
-387.15,3298,6758,5827
-387.30,3297,6765,5827
-387.45,3301,6754,5825
-387.60,3298,6752,5826
-387.75,3300,6750,5837
-387.90,3296,6762,5824
-388.05,3295,6749,5834
-388.20,3293,6747,5822
-388.35,3293,6746,5832
-388.50,3298,6745,5832
-388.65,3293,6741,5831
-388.80,3294,6742,5817
-388.95,3289,6737,5811
-389.10,3291,6736,5822
-389.25,3286,6742,5807
-389.40,3289,6729,5805
-389.55,3282,6726,5799
-389.70,3285,6730,5797
-389.85,3280,6717,5793
-390.00,3276,6709,5803
-390.15,3276,6717,5799
-390.30,3275,6702,5782
-390.45,3268,6706,5788
-390.60,3266,6687,5770
-390.75,3264,6684,5763
-390.90,3261,6674,5758
-391.05,3258,6679,5752
-391.20,3254,6664,5747
-391.35,3251,6664,5759
-391.50,3247,6653,5739
-391.65,3246,6656,5735
-391.80,3241,6640,5728
-391.95,3242,6634,5738
-392.10,3239,6640,5724
-392.25,3234,6625,5730
-392.40,3232,6630,5716
-392.55,3233,6618,5712
-392.70,3236,6616,5711
-392.85,3228,6621,5721
-393.00,3227,6610,5709
-393.15,3227,6617,5711
-393.30,3224,6606,5695
-393.45,3228,6614,5709
-393.60,3222,6611,5707
-393.75,3221,6598,5704
-393.90,3221,6606,5691
-394.05,3219,6594,5686
-394.20,3217,6591,5697
-394.35,3218,6599,5683
-394.50,3214,6582,5676
-394.65,3215,6587,5672
-394.80,3213,6581,5682
-394.95,3203,6562,5659
-395.10,3202,6557,5657
-395.25,3199,6548,5650
-395.40,3199,6554,5642
-395.55,3191,6531,5635
-395.70,3186,6535,5641
-395.85,3187,6518,5633
-396.00,3175,6506,5611
-396.15,3169,6495,5602
-396.30,3170,6494,5594
-396.45,3163,6475,5583
-396.60,3154,6461,5573