0.00,3370,6972,5911
0.15,3372,6971,5912
0.30,3372,6971,5913
0.45,3369,6972,5899
0.60,3371,6975,5898
0.75,3370,6983,5912
0.90,3370,6970,5911
1.05,3373,6973,5900
1.20,3369,6981,5913
1.35,3370,6971,5901
1.50,3371,6970,5899
1.65,3372,6970,5912
1.80,3370,6968,5910
1.95,3373,6979,5910
2.10,3368,6969,5897
2.25,3369,6976,5894
2.40,3368,6966,5906
2.55,3368,6967,5908
2.70,3369,6974,5894
2.85,3365,6962,5894
3.00,3365,6962,5893
3.15,3369,6962,5889
3.30,3363,6955,5887
3.45,3362,6951,5898
3.60,3362,6943,5883
3.75,3362,6943,5891
3.90,3362,6946,5877
4.05,3363,6935,5889
4.20,3358,6935,5877
4.35,3357,6927,5873
4.50,3360,6929,5886
4.65,3356,6939,5872
4.80,3355,6932,5872
4.95,3355,6930,5869
5.10,3357,6932,5868
5.25,3352,6940,5879
5.40,3347,6924,5865
5.55,3349,6933,5863
5.70,3347,6928,5858
5.85,3345,6917,5869
6.00,3342,6923,5869
6.15,3342,6912,5862
6.30,3343,6906,5861
6.45,3342,6901,5844
6.60,3335,6899,5854
6.75,3336,6894,5853
6.90,3333,6891,5830
7.05,3333,6891,5827
7.20,3329,6887,5822
7.35,3329,6880,5819
7.50,3325,6867,5827
7.65,3319,6864,5813
7.80,3321,6857,5809
7.95,3319,6855,5805
8.10,3315,6858,5802
8.25,3315,6843,5806
8.40,3308,6837,5795
8.55,3311,6836,5787
8.70,3305,6827,5797
8.85,3301,6820,5776
9.00,3303,6821,5775
9.15,3300,6828,5774
9.30,3300,6810,5771
9.45,3300,6806,5766
9.60,3292,6799,5764
9.75,3290,6795,5774
9.90,3290,6787,5756
10.05,3290,6781,5752
10.20,3286,6777,5759
10.35,3286,6780,5739
10.50,3282,6765,5736
10.65,3279,6764,5742
10.80,3272,6764,5725
10.95,3266,6747,5716
11.10,3262,6748,5721
11.25,3259,6743,5702
11.40,3257,6737,5697
11.55,3252,6729,5693
11.70,3250,6723,5696
11.85,3247,6715,5682
12.00,3240,6699,5675
12.15,3238,6704,5684
12.30,3235,6689,5662
12.45,3229,6675,5664
12.60,3229,6676,5661
12.75,3224,6658,5640
12.90,3217,6642,5629
13.05,3211,6648,5635
13.20,3206,6629,5627
13.35,3205,6628,5608
13.50,3199,6620,5614
13.65,3199,6599,5590
13.80,3193,6601,5584
13.95,3186,6585,5576
14.10,3187,6573,5583
14.25,3184,6564,5577
14.40,3175,6552,5553
14.55,3169,6545,5548
14.70,3166,6535,5539
14.85,3162,6536,5529
15.00,3157,6530,5524
15.15,3155,6513,5534
15.30,3160,6509,5518
15.45,3150,6502,5512
15.60,3148,6496,5522
15.75,3146,6501,5506
15.90,3147,6496,5500
16.05,3143,6475,5494
16.20,3135,6466,5499
16.35,3131,6456,5478
16.50,3127,6445,5469
16.65,3124,6433,5458
16.80,3118,6426,5447
16.95,3108,6412,5437
17.10,3105,6398,5425
17.25,3093,6389,5427
17.40,3094,6378,5419
17.55,3084,6370,5395
17.70,3080,6359,5402
17.85,3077,6350,5382
18.00,3074,6343,5374
18.15,3069,6344,5362
18.30,3058,6319,5367
18.45,3053,6307,5342
18.60,3045,6296,5331
18.75,3044,6292,5318
18.90,3039,6277,5319
19.05,3031,6264,5297
19.20,3025,6248,5282
19.35,3013,6226,5287
19.50,3011,6228,5277
19.65,3007,6204,5252
19.80,2996,6194,5242
19.95,2991,6183,5246
20.10,2990,6170,5233
20.25,2985,6158,5224
20.40,2972,6155,5201
20.55,2966,6143,5188
20.70,2964,6123,5180
20.85,2955,6104,5180
21.00,2955,6107,5159
21.15,2952,6101,5164
21.30,2946,6077,5157
21.45,2939,6070,5151
21.60,2934,6070,5144
21.75,2929,6060,5135
21.90,2927,6039,5130
22.05,2923,6039,5110
22.20,2917,6021,5102
22.35,2910,6007,5088
22.50,2903,5995,5094
22.65,2899,5984,5067
22.80,2889,5968,5065
22.95,2882,5955,5054
23.10,2874,5937,5026
23.25,2866,5924,5012
23.40,2860,5911,4999
23.55,2853,5909,5005
23.70,2850,5898,4979
23.85,2844,5878,4972
24.00,2834,5855,4955
24.15,2834,5857,4947
24.30,2825,5834,4935
24.45,2817,5814,4921
24.60,2808,5814,4910
24.75,2801,5787,4896
24.90,2797,5778,4892
25.05,2786,5763,4877
25.20,2775,5735,4854
25.35,2770,5733,4840
25.50,2759,5703,4826
25.65,2753,5700,4812
25.80,2747,5688,4801
25.95,2740,5660,4802
26.10,2739,5656,4775
26.25,2732,5631,4763
26.40,2722,5611,4762
26.55,2709,5598,4736
26.70,2702,5599,4725
26.85,2694,5569,4709
27.00,2690,5559,4699
27.15,2691,5560,4706
27.30,2680,5538,4685
27.45,2678,5530,4677
27.60,2670,5518,4671
27.75,2668,5506,4662
27.90,2665,5496,4652
28.05,2659,5484,4658
28.20,2654,5471,4632
28.35,2652,5469,4635
28.50,2639,5441,4607
28.65,2629,5436,4607
28.80,2626,5405,4588
28.95,2610,5400,4560
29.10,2608,5371,4544
29.25,2590,5353,4524
29.40,2584,5349,4513
29.55,2577,5328,4502
29.70,2568,5311,4502
29.85,2566,5295,4479
30.00,2556,5282,4464
30.15,2548,5276,4451
30.30,2546,5255,4435
30.45,2537,5241,4421
30.60,2530,5224,4420
30.75,2513,5205,4387
30.90,2498,5160,4374
31.05,2496,5156,4356
31.20,2484,5132,4337
31.35,2474,5112,4336
31.50,2476,5111,4312
31.65,2461,5081,4295
31.80,2459,5076,4282
31.95,2444,5048,4265
32.10,2435,5042,4250
32.25,2428,5016,4238
32.40,2420,5009,4222
32.55,2411,4981,4211
32.70,2405,4967,4210
32.85,2395,4945,4194
33.00,2396,4947,4167
33.15,2385,4938,4162
33.30,2388,4915,4157
33.45,2377,4903,4146
33.60,2371,4890,4135
33.75,2363,4887,4140
33.90,2359,4875,4119
34.05,2353,4862,4107
34.20,2347,4836,4107
34.35,2345,4820,4091
34.50,2336,4811,4063
34.65,2318,4785,4044
34.80,2310,4763,4029
34.95,2301,4758,4028
35.10,2289,4724,3995
35.25,2280,4702,3973
35.40,2270,4688,3959
35.55,2263,4668,3947
35.70,2257,4657,3948
35.85,2251,4652,3924
36.00,2243,4629,3923
36.15,2231,4617,3907
36.30,2223,4601,3891
36.45,2221,4567,3860
36.60,2203,4544,3840
36.75,2196,4529,3827
36.90,2190,4515,3804
37.05,2175,4486,3791
37.20,2166,4467,3776
37.35,2162,4452,3769
37.50,2143,4426,3739
37.65,2135,4404,3723
37.80,2124,4384,3706
37.95,2116,4365,3689
38.10,2107,4360,3677
38.25,2109,4336,3664
38.40,2097,4310,3657
38.55,2090,4306,3631
38.70,2075,4279,3631
38.85,2064,4259,3600
39.00,2058,4249,3604
39.15,2053,4248,3580
39.30,2049,4225,3575
39.45,2052,4211,3563
39.60,2037,4210,3564
39.75,2031,4185,3556
39.90,2026,4171,3544
40.05,2018,4156,3517
40.20,2009,4138,3505
40.35,2001,4133,3488
40.50,2000,4105,3471
40.65,1984,4086,3471
40.80,1974,4077,3438
40.95,1962,4048,3422
41.10,1952,4028,3403
41.25,1943,4014,3383
41.40,1940,3996,3368
41.55,1922,3965,3352
41.70,1914,3951,3338
41.85,1909,3934,3326
42.00,1902,3924,3318
42.15,1903,3909,3303
42.30,1883,3887,3299
42.45,1874,3881,3268
42.60,1869,3843,3262
42.75,1864,3837,3232
42.90,1850,3809,3207
43.05,1840,3782,3193
43.20,1819,3755,3186
43.35,1819,3735,3156
43.50,1802,3720,3143
43.65,1792,3699,3122
43.80,1784,3678,3106
43.95,1772,3661,3089
44.10,1774,3653,3072
44.25,1759,3626,3075
44.40,1746,3604,3045
44.55,1738,3586,3029
44.70,1729,3569,3029
44.85,1723,3551,3002
45.00,1724,3552,3002
45.15,1707,3532,2972
45.30,1708,3506,2961
45.45,1692,3492,2950
45.60,1686,3490,2953
45.75,1682,3476,2928
45.90,1683,3451,2917
46.05,1667,3434,2916
46.20,1667,3418,2888
46.35,1660,3401,2875
46.50,1642,3395,2875
46.65,1641,3364,2841
46.80,1622,3358,2825
46.95,1612,3326,2807
47.10,1601,3303,2789
47.25,1594,3299,2776
47.40,1584,3266,2760
47.55,1585,3261,2745
47.70,1564,3224,2722
47.85,1567,3210,2709
48.00,1548,3205,2695
48.15,1539,3185,2695
48.30,1542,3157,2680
48.45,1516,3130,2642
48.60,1509,3112,2629
48.75,1498,3099,2608
48.90,1487,3067,2590
49.05,1478,3042,2585
49.20,1466,3023,2568
49.35,1459,3019,2540
49.50,1448,2986,2535
49.65,1438,2978,2517
49.80,1431,2950,2491
49.95,1433,2931,2476
50.10,1412,2925,2458
50.25,1405,2895,2446
50.40,1392,2867,2435
50.55,1383,2851,2409
50.70,1375,2834,2393
50.85,1368,2818,2378
51.00,1361,2803,2366
51.15,1354,2787,2354
51.30,1357,2786,2340
51.45,1341,2772,2330
51.60,1344,2747,2319
51.75,1327,2734,2323
51.90,1321,2720,2298
52.05,1314,2705,2285
52.20,1317,2704,2287
52.35,1297,2674,2259
52.50,1290,2669,2244
52.65,1292,2636,2241
52.80,1272,2616,2210
52.95,1273,2597,2194
53.10,1261,2578,2177
53.25,1242,2557,2159
53.40,1244,2553,2160
53.55,1226,2535,2144
53.70,1218,2521,2116
53.85,1213,2510,2108
54.00,1215,2482,2095
54.15,1193,2457,2075
54.30,1186,2443,2077
54.45,1186,2433,2041
54.60,1168,2416,2029
54.75,1170,2386,2020
54.90,1145,2369,2003
55.05,1138,2339,1974
55.20,1141,2325,1963
55.35,1117,2301,1957
55.50,1109,2281,1940
55.65,1110,2260,1908
55.80,1094,2248,1896
55.95,1093,2229,1881
56.10,1073,2224,1879
56.25,1079,2197,1854
56.40,1055,2185,1832
56.55,1061,2159,1821
56.70,1040,2140,1806
56.85,1030,2120,1802
57.00,1035,2121,1778
57.15,1021,2102,1786
57.30,1027,2100,1776
57.45,1009,2078,1753
57.60,1004,2062,1743
57.75,998,2054,1750
57.90,994,2041,1739
58.05,988,2026,1727
58.20,980,2025,1715
58.35,985,2010,1687
58.50,976,1980,1687
58.65,956,1961,1673
58.80,947,1944,1657
58.95,938,1927,1627
59.10,928,1906,1623
59.25,917,1901,1593
59.40,920,1870,1575
59.55,901,1867,1578
59.70,894,1857,1554
59.85,889,1826,1543
60.00,883,1818,1533
60.15,877,1818,1520
60.30,880,1785,1505
60.45,870,1763,1487
60.60,848,1760,1471
60.75,853,1743,1473
60.90,829,1705,1438
61.05,832,1687,1436
61.20,812,1673,1426
61.35,816,1654,1394
61.50,795,1636,1394
61.65,787,1620,1381
61.80,794,1605,1353
61.95,773,1592,1341
62.10,777,1588,1327
62.25,773,1563,1333
62.40,751,1546,1302
62.55,743,1531,1291
62.70,739,1531,1278
62.85,729,1513,1263
63.00,725,1489,1254
63.15,716,1476,1243
63.30,712,1464,1234
63.45,707,1455,1240
63.60,715,1457,1218
63.75,710,1431,1223
63.90,706,1421,1201
64.05,687,1409,1189
64.20,680,1395,1178
64.35,687,1384,1183
64.50,678,1382,1154
64.65,659,1354,1142
64.80,652,1338,1128
64.95,645,1337,1131
65.10,636,1306,1100
65.25,628,1306,1087
65.40,622,1279,1076
65.55,615,1280,1067
65.70,619,1250,1054
65.85,602,1236,1041
66.00,597,1223,1046
66.15,590,1210,1018
66.30,582,1207,1005
66.45,574,1176,1008
66.60,566,1176,978
66.75,557,1157,979
66.90,547,1121,959
67.05,539,1119,929
67.20,544,1097,924
67.35,538,1082,911
67.50,522,1067,899
67.65,514,1051,902
67.80,506,1037,889
67.95,502,1041,865
68.10,495,1014,869
68.25,490,1002,843
68.40,484,1004,834
68.55,486,975,823
68.70,471,981,814
68.85,465,965,802
69.00,459,942,806
69.15,456,932,785
69.30,452,924,792
69.45,449,916,773
69.60,445,907,766
69.75,439,898,758
69.90,443,904,751
70.05,431,894,742
70.20,426,867,733
70.35,429,871,735
70.50,414,845,713
70.65,407,846,714
70.80,403,833,693
70.95,396,806,681
71.10,387,792,667
71.25,383,779,656
71.40,375,778,646
71.55,369,755,647
71.70,370,740,623
71.85,360,746,618
72.00,363,724,623
72.15,348,708,597
72.30,351,699,600
72.45,344,697,579
72.60,332,675,568
72.75,326,662,567
72.90,325,647,553
73.05,311,633,541
73.20,312,621,531
73.35,301,610,515
73.50,296,602,507
73.65,290,587,497
73.80,286,581,496
73.95,288,580,481
74.10,282,569,472
74.25,271,549,468
74.40,264,543,450
74.55,260,534,448
74.70,262,529,438
74.85,251,516,428
75.00,254,502,425
75.15,246,505,419
75.30,244,491,415
75.45,245,494,409
75.60,238,487,407
75.75,240,481,402
75.90,232,474,394
76.05,228,468,387
76.20,224,450,381
76.35,226,450,374
76.50,215,433,366
76.65,210,425,359
76.80,206,415,350
76.95,207,406,343
77.10,197,394,332
77.25,197,384,324
77.40,187,374,316
77.55,187,364,307
77.70,180,367,303
77.85,181,353,300
78.00,174,348,295
78.15,168,340,282
78.30,165,327,277
78.45,161,320,271
78.60,157,313,265
78.75,157,305,258
78.90,149,301,250
79.05,148,285,241
79.20,145,276,234
79.35,137,275,229
79.50,133,264,224
79.65,126,252,213
79.80,131,250,211
79.95,123,242,205
80.10,120,235,194
80.25,118,230,195
80.40,117,223,188
80.55,116,219,185
80.70,108,213,181
80.85,105,208,175
81.00,108,202,171
81.15,102,197,161
81.30,104,193,164
81.45,99,190,163
81.60,100,187,158
81.75,94,183,154
81.90,93,178,152
82.05,90,173,148
82.20,87,168,145
82.35,89,165,140
82.50,83,157,135
82.65,84,152,123
82.80,77,146,126
82.95,75,142,122
83.10,71,135,108
83.25,71,131,103
83.40,67,126,107
83.55,65,121,95
83.70,62,116,91
83.85,64,111,96
84.00,59,106,85
84.15,58,106,90
84.30,58,95,86
84.45,53,96,73
84.60,54,92,78
84.75,48,80,64
84.90,45,82,70
85.05,44,79,68
85.20,42,76,64
85.35,40,71,51
85.50,41,67,60
85.65,38,65,56
85.80,37,63,54
85.95,37,50,40
86.10,37,56,38
86.25,35,45,47
86.40,31,42,33
86.55,32,49,43
86.70,29,46,42
86.85,29,45,39
87.00,28,33,26
87.15,25,43,25
87.30,28,41,35
87.45,26,38,23
87.60,26,37,22
87.75,23,36,32
87.90,23,36,31
88.05,24,33,30
88.20,22,33,17
88.35,21,31,15
88.50,21,29,26
88.65,20,17,25
88.80,19,27,24
88.95,17,14,23
89.10,18,25,22
89.25,17,11,9
89.40,17,21,8
89.55,16,21,19
89.70,16,22,7
89.85,16,20,19
90.00,16,8,18
90.15,16,19,18
90.30,16,7,6
90.45,15,20,18
90.60,15,19,6
90.75,15,8,19
90.90,15,8,20
91.05,16,21,20
91.20,17,22,21
91.35,17,21,21
91.50,17,23,21
91.65,18,12,10
91.80,18,24,23
91.95,18,25,11
92.10,18,15,24
92.25,19,27,25
92.40,21,19,27
92.55,22,30,16
92.70,21,31,28
92.85,23,23,30
93.00,23,33,31
93.15,24,35,20
93.30,24,37,32
93.45,24,37,34
93.60,27,39,35
93.75,25,41,36
93.90,26,42,26
94.05,28,42,39
94.20,31,45,40
94.35,29,38,42
94.50,30,49,33
94.65,31,43,46
94.80,36,55,48
94.95,37,50,40
95.10,37,53,56
95.25,38,65,58
95.40,41,69,51
95.55,42,65,63
95.70,45,79,69
95.85,44,79,71
96.00,49,82,62
96.15,48,80,66
96.30,50,89,79
96.45,52,94,82
96.60,53,92,85
96.75,57,105,91
96.90,59,109,96
97.05,64,110,99
97.20,67,114,103
97.35,67,125,99
97.50,71,123,110
97.65,73,133,115
97.80,75,136,117
97.95,75,139,121
98.10,77,147,127
98.25,79,152,132
98.40,82,156,127
98.55,88,162,131
98.70,88,169,145
98.85,89,173,141
99.00,92,177,144
99.15,92,180,154
99.30,96,183,158
99.45,95,188,153
99.60,98,190,157
99.75,99,195,160
99.90,102,198,171
100.05,108,203,175
100.20,106,208,172
100.35,113,214,183
100.50,112,219,189
100.65,116,231,194
100.80,123,234,195
100.95,123,241,201
101.10,131,250,209
101.25,131,258,220
101.40,138,267,225
101.55,137,271,228
101.70,145,278,233
101.85,144,291,243
102.00,152,294,246
102.15,152,303,259
102.30,154,314,261
102.45,161,316,269
102.60,163,325,277
102.75,170,338,285
102.90,173,345,293
103.05,177,355,300
103.20,182,370,309
103.35,192,376,319
103.50,190,383,324
103.65,199,391,332
103.80,202,405,338
103.95,201,406,344
104.10,207,415,353
104.25,211,424,359
104.40,216,438,372
104.55,218,439,373
104.70,226,447,379
104.85,225,454,386
105.00,234,463,392
105.15,237,478,397
105.30,240,474,404
105.45,237,480,408
105.60,241,495,416
105.75,243,492,419
105.90,248,499,423
106.05,251,507,430
106.20,254,514,437
106.35,265,532,448
106.50,264,533,457
106.65,269,544,462
106.80,275,555,470
106.95,279,567,486
107.10,285,579,491
107.25,292,603,500
107.40,297,604,510
107.55,308,613,526
107.70,308,639,538
107.85,319,636,537
108.00,316,642,544
108.15,329,665,562
108.30,331,671,576
108.45,335,695,587
108.60,347,691,595
108.75,347,708,597
108.90,354,720,620
109.05,359,744,630
109.20,365,758,640
109.35,373,775,644
109.50,378,771,651
109.65,383,783,661
109.80,389,794,671
109.95,395,806,692
110.10,408,818,690
110.25,407,834,715
110.40,411,842,711
110.55,425,851,731
110.70,419,859,739
110.85,427,874,751
111.00,441,884,748
111.15,435,905,763
111.30,447,897,770
111.45,451,919,762
111.60,446,927,771
111.75,451,922,778
111.90,455,929,800
112.05,469,940,807
112.20,465,950,803
112.35,471,977,814
112.50,486,976,824
112.65,484,1004,836
112.80,492,1019,848
112.95,497,1019,860
113.10,506,1036,889
113.25,513,1052,887
113.40,521,1084,916
113.55,528,1100,916
113.70,543,1096,924
113.85,539,1106,932
114.00,547,1121,946
114.15,553,1131,955
114.30,560,1163,984
114.45,567,1164,982
114.60,574,1194,994
114.75,592,1193,1023
114.90,603,1215,1040
115.05,598,1226,1035
115.20,607,1245,1068
115.35,625,1276,1065
115.50,632,1286,1073
115.65,631,1294,1092
115.80,646,1304,1098
115.95,643,1318,1111
116.10,650,1337,1127
116.25,666,1345,1134
116.40,678,1370,1156
116.55,670,1374,1160
116.70,677,1401,1187
116.85,686,1408,1187
117.00,689,1415,1195
117.15,705,1424,1200
117.30,698,1433,1224
117.45,703,1442,1217
117.60,708,1451,1227
117.75,713,1459,1233
117.90,717,1486,1243
118.05,724,1499,1252
118.20,730,1497,1281
118.35,749,1512,1292
118.50,746,1527,1289
118.65,753,1543,1320
118.80,761,1561,1318
118.95,768,1594,1333
119.10,778,1599,1350
119.25,789,1618,1366
119.40,798,1653,1383
119.55,802,1652,1392
119.70,810,1678,1405
119.85,817,1680,1433
120.00,828,1701,1437
120.15,833,1714,1460
120.30,840,1743,1458
120.45,852,1765,1478
120.60,861,1770,1493
120.75,884,1791,1511
120.90,891,1807,1537
121.05,891,1831,1546
121.20,911,1851,1559
121.35,906,1864,1572
121.50,929,1887,1593
121.65,935,1899,1615
121.80,931,1933,1632
121.95,950,1933,1630
122.10,945,1962,1642
122.25,965,1975,1654
122.40,964,1983,1686
122.55,982,1996,1685
122.70,978,2011,1698
122.85,985,2030,1712
123.00,991,2041,1721
123.15,997,2053,1730
123.30,1001,2061,1738
123.45,1007,2072,1765
123.60,1026,2084,1773
123.75,1020,2094,1783
123.90,1038,2107,1778
124.05,1032,2122,1791
124.20,1039,2136,1806
124.35,1047,2152,1817
124.50,1068,2171,1848
124.65,1063,2192,1864
124.80,1075,2211,1867
124.95,1085,2231,1898
125.10,1094,2254,1901
125.25,1103,2286,1916
125.40,1124,2292,1947
125.55,1130,2319,1960
125.70,1144,2331,1982
125.85,1135,2353,1989
126.00,1143,2355,1999
126.15,1163,2385,2000
126.30,1177,2403,2027
126.45,1190,2428,2049
126.60,1179,2444,2051
126.75,1191,2468,2070
126.90,1221,2489,2115
127.05,1215,2506,2113
127.20,1220,2515,2122
127.35,1236,2547,2148
127.50,1238,2554,2169
127.65,1251,2577,2176
127.80,1256,2591,2199
127.95,1277,2623,2201
128.10,1273,2625,2230
128.25,1282,2643,2229
128.40,1307,2687,2269
128.55,1310,2702,2294
128.70,1320,2703,2294
128.85,1319,2719,2293
129.00,1322,2741,2299
129.15,1338,2735,2308
129.30,1332,2763,2318
129.45,1350,2760,2343
129.60,1355,2771,2340
129.75,1351,2782,2349
129.90,1356,2796,2362
130.05,1364,2810,2374
130.20,1381,2837,2387
130.35,1393,2842,2401
130.50,1389,2875,2414
130.65,1398,2895,2449
130.80,1409,2914,2466
130.95,1419,2938,2468
131.10,1439,2962,2500
131.25,1439,2984,2504
131.40,1448,2991,2536
131.55,1458,3024,2552
131.70,1467,3041,2554
131.85,1476,3049,2571
132.00,1495,3077,2599
132.15,1495,3086,2599
132.30,1502,3100,2614
132.45,1526,3129,2653
132.60,1522,3144,2648
132.75,1549,3190,2678
132.90,1551,3204,2699
133.05,1553,3209,2718
133.20,1568,3254,2746
133.35,1582,3267,2753
133.50,1583,3272,2756
133.65,1596,3294,2794
133.80,1613,3325,2791
133.95,1620,3337,2803
134.10,1634,3356,2829
134.25,1630,3363,2836
134.40,1653,3397,2862
134.55,1657,3405,2870
134.70,1655,3422,2882
134.85,1666,3444,2917
135.00,1672,3466,2910
135.15,1688,3477,2920
135.30,1681,3473,2942
135.45,1695,3484,2952
135.60,1694,3506,2950
135.75,1700,3507,2977
135.90,1707,3523,2986
136.05,1713,3535,2997
136.20,1721,3551,2997
136.35,1730,3569,3027
136.50,1739,3589,3030
136.65,1749,3611,3047
136.80,1758,3633,3077
136.95,1768,3652,3081
137.10,1781,3677,3115
137.25,1790,3701,3118
137.40,1808,3721,3133
137.55,1808,3736,3148
137.70,1819,3759,3169
137.85,1827,3777,3179
138.00,1844,3789,3205
138.15,1858,3819,3218
138.30,1855,3834,3229
138.45,1865,3855,3249
138.60,1874,3876,3264
138.75,1898,3921,3303
138.90,1898,3939,3320
139.05,1909,3947,3326
139.20,1919,3964,3340
139.35,1929,3989,3362
139.50,1935,4002,3370
139.65,1958,4027,3405
139.80,1960,4049,3413
139.95,1974,4069,3433
140.10,1974,4082,3436
140.25,1986,4111,3452
140.40,1999,4143,3478
140.55,1998,4129,3478
140.70,2006,4149,3505
140.85,2017,4171,3525
141.00,2021,4179,3522
141.15,2028,4190,3532
141.30,2033,4212,3539
141.45,2040,4212,3551
141.60,2046,4236,3560
141.75,2051,4237,3572
141.90,2059,4248,3584
142.05,2066,4261,3609
142.20,2073,4288,3622
142.35,2080,4292,3624
142.50,2091,4325,3640
142.65,2108,4333,3656
142.80,2117,4353,3670
142.95,2119,4386,3689
143.10,2139,4411,3708
143.25,2147,4423,3727
143.40,2158,4446,3758
143.55,2158,4461,3769
143.70,2177,4484,3791
143.85,2175,4499,3789
144.00,2194,4536,3833
144.15,2202,4559,3831
144.30,2206,4560,3855
144.45,2217,4599,3864
144.60,2232,4613,3873
144.75,2241,4615,3890
144.90,2251,4655,3917
145.05,2256,4661,3924
145.20,2287,4725,3993
145.35,2293,4736,3993
145.50,2293,4736,3993
145.65,2308,4769,4030
145.80,2307,4770,4016
145.95,2313,4770,4016
146.10,2325,4806,4062
146.25,2325,4815,4047
146.40,2342,4824,4075
146.55,2339,4837,4073
146.70,2346,4862,4085
146.85,2358,4875,4104
147.00,2362,4883,4125
147.15,2368,4901,4119
147.30,2371,4899,4129
147.45,2384,4921,4137
147.60,2391,4929,4148
147.75,2389,4942,4176
147.90,2393,4939,4184
148.05,2401,4956,4181
148.20,2410,4981,4194
148.35,2425,4986,4222
148.50,2434,5003,4235
148.65,2442,5022,4238
148.80,2442,5041,4267
148.95,2453,5074,4268
149.10,2463,5087,4286
149.25,2478,5119,4315
149.40,2482,5129,4331
149.55,2497,5149,4349
149.70,2505,5168,4350
149.85,2506,5180,4361
150.00,2509,5198,4369
150.15,2522,5213,4395
150.30,2523,5225,4391
150.45,2532,5248,4411
150.60,2541,5253,4427
150.75,2550,5274,4442
150.90,2570,5302,4464
151.05,2570,5323,4475
151.20,2580,5338,4494
151.35,2593,5358,4518
151.50,2596,5379,4520
151.65,2609,5397,4561
151.80,2609,5405,4543
151.95,2613,5406,4569
152.10,2634,5445,4586
152.25,2632,5442,4584
152.40,2646,5483,4609
152.55,2647,5473,4610
152.70,2653,5486,4635
152.85,2661,5500,4648
153.00,2665,5519,4658
153.15,2675,5521,4667
153.30,2677,5531,4661
153.45,2681,5539,4672
153.60,2685,5550,4681
153.75,2698,5559,4688
153.90,2697,5570,4701
154.05,2711,5577,4712
154.20,2715,5606,4723
154.35,2717,5608,4747
154.50,2729,5627,4746
154.65,2732,5651,4757
154.80,2736,5668,4770
154.95,2750,5674,4795
155.10,2752,5693,4810
155.25,2759,5707,4824
155.40,2770,5729,4817
155.55,2776,5742,4837
155.70,2787,5753,4858
155.85,2791,5778,4878
156.00,2807,5799,4892
156.15,2797,5797,4879
156.30,2804,5808,4889
156.45,2814,5816,4916
156.60,2820,5831,4917
156.75,2834,5851,4933
156.90,2844,5876,4946
157.05,2847,5882,4974
157.20,2863,5902,4979
157.35,2859,5908,4997
157.50,2871,5925,4996
157.65,2881,5956,5023
157.80,2880,5954,5036
157.95,2886,5980,5049
158.10,2895,5974,5052
158.25,2901,5992,5069
158.40,2910,6007,5069
158.55,2907,6007,5069
158.70,2913,6031,5082
158.85,2920,6035,5092
159.00,2927,6042,5112
159.15,2934,6053,5106
159.30,2932,6060,5130
159.45,2938,6069,5121
159.60,2942,6077,5144
159.75,2946,6085,5150
159.90,2956,6106,5149
160.05,2957,6117,5155
160.20,2963,6118,5178
160.35,2975,6125,5175
160.50,2977,6150,5199
160.65,2979,6152,5207
160.80,2991,6162,5205
160.95,2995,6178,5213
161.10,2998,6199,5224
161.25,3003,6202,5236
161.40,3010,6221,5242
161.55,3015,6228,5255
161.70,3023,6237,5277
161.85,3024,6246,5286
162.00,3027,6259,5277
162.15,3032,6273,5288
162.30,3038,6287,5302
162.45,3049,6295,5316
162.60,3056,6311,5330
162.75,3066,6331,5337
162.90,3066,6326,5345
163.05,3076,6350,5354
163.20,3077,6350,5378
163.35,3089,6367,5380
163.50,3085,6369,5377
163.65,3096,6405,5401
163.80,3097,6394,5401
163.95,3100,6408,5406
164.10,3105,6408,5414
164.25,3114,6430,5439
164.40,3115,6437,5433
164.55,3122,6436,5438
164.70,3122,6446,5447
164.85,3127,6453,5469
165.00,3135,6462,5462
165.15,3133,6477,5466
165.30,3139,6474,5473
165.45,3142,6481,5478
165.60,3145,6493,5483
165.75,3152,6493,5504
165.90,3151,6502,5512
166.05,3156,6508,5505
166.20,3162,6526,5525
166.35,3168,6533,5516
166.50,3168,6529,5523
166.65,3172,6539,5533
166.80,3181,6548,5539
166.95,3179,6564,5545
167.10,3185,6567,5565
167.25,3186,6574,5560
167.40,3189,6579,5579
167.55,3196,6600,5576
167.70,3202,6605,5580
167.85,3205,6609,5592
168.00,3211,6609,5592
168.15,3208,6616,5598
168.30,3211,6636,5603
168.45,3216,6637,5616
168.60,3224,6657,5625
168.75,3226,6665,5633
168.90,3232,6668,5641
169.05,3236,6677,5664
169.20,3242,6694,5652
169.35,3245,6694,5664
169.50,3248,6694,5676
169.65,3252,6713,5677
169.80,3253,6722,5677
169.95,3258,6715,5697
170.10,3257,6732,5688
170.25,3262,6734,5694
170.40,3264,6737,5700
170.55,3266,6742,5717
170.70,3270,6749,5709
170.85,3271,6756,5714
171.00,3274,6761,5731
171.15,3276,6765,5721
171.30,3277,6768,5727
171.45,3282,6781,5740
171.60,3287,6776,5745
171.75,3284,6776,5732
171.90,3286,6777,5739
172.05,3288,6780,5755
172.20,3295,6788,5745
172.35,3294,6803,5748
172.50,3298,6798,5751
172.65,3297,6807,5772
172.80,3306,6825,5776
172.95,3304,6830,5771
173.10,3312,6830,5774
173.25,3308,6835,5790
173.40,3311,6842,5783
173.55,3313,6846,5801
173.70,3318,6853,5795
173.85,3319,6855,5794
174.00,3323,6870,5812
174.15,3326,6876,5801
174.30,3326,6871,5809
174.45,3328,6874,5811
174.60,3327,6874,5811
174.75,3330,6886,5818
174.90,3336,6890,5818
175.05,3334,6892,5822
175.20,3339,6898,5844
175.35,3340,6903,5833
175.50,3341,6907,5835
175.65,3345,6918,5838
175.80,3342,6910,5838
175.95,3345,6912,5843
176.10,3351,6925,5843
176.25,3347,6919,5845
176.40,3349,6923,5850
176.55,3354,6932,5848
176.70,3351,6934,5849
176.85,3355,6930,5855
177.00,3352,6940,5869
177.15,3353,6932,5857
177.30,3353,6932,5859
177.45,3356,6944,5861
177.60,3360,6942,5875
177.75,3362,6942,5862
177.90,3359,6934,5876
178.05,3358,6932,5863
178.20,3363,6942,5878
178.35,3365,6936,5882
178.50,3360,6948,5867
178.65,3362,6942,5871
178.80,3365,6948,5871
178.95,3362,6951,5873
179.10,3363,6951,5872
179.25,3361,6954,5888
179.40,3363,6954,5874
179.55,3363,6954,5872
179.70,3368,6957,5889
179.85,3364,6968,5887
180.00,3364,6957,5876
180.15,3364,6968,5874
180.30,3368,6966,5890
180.45,3369,6962,5877
180.60,3369,6961,5880
180.75,3367,6970,5878
180.90,3369,6961,5878
181.05,3369,6974,5888
181.20,3366,6962,5874
181.35,3364,6962,5887
181.50,3368,6971,5887
181.65,3365,6961,5891
181.80,3370,6959,5875
181.95,3367,6969,5873
182.10,3364,6956,5873
182.25,3363,6956,5873
182.40,3362,6962,5883
182.55,3366,6964,5869
182.70,3362,6955,5870
182.85,3368,6961,5881
183.00,3363,6951,5867
183.15,3362,6953,5866
183.30,3362,6960,5864
183.45,3361,6947,5865
183.60,3359,6943,5879
183.75,3362,6941,5862
183.90,3358,6938,5861
184.05,3361,6944,5870
184.20,3358,6932,5869
184.35,3354,6932,5869
184.50,3355,6930,5865
184.65,3354,6932,5852
184.80,3354,6928,5862
184.95,3353,6937,5847
185.10,3347,6927,5844
185.25,3351,6925,5853
185.40,3347,6920,5852
185.55,3345,6918,5838
185.70,3344,6915,5844
185.85,3345,6910,5842
186.00,3340,6909,5842
186.15,3342,6914,5840
186.30,3341,6900,5823
186.45,3335,6896,5816
186.60,3332,6893,5814
186.75,3328,6888,5819
186.90,3329,6896,5819
187.05,3326,6877,5796
187.20,3330,6878,5796
187.35,3326,6872,5794
187.50,3322,6867,5789
187.65,3316,6862,5794
187.80,3322,6871,5794
187.95,3315,6852,5778
188.10,3317,6851,5786
188.25,3313,6847,5785
188.40,3312,6841,5766
188.55,3304,6833,5755
188.70,3309,6840,5758
188.85,3301,6826,5766
189.00,3298,6822,5760
189.15,3298,6821,5760
189.30,3299,6824,5742
189.45,3296,6816,5737
189.60,3293,6803,5737
189.75,3290,6810,5744
189.90,3287,6804,5741
190.05,3284,6788,5723
190.20,3283,6792,5733
190.35,3278,6777,5714
190.50,3276,6774,5709
190.65,3276,6768,5705
190.80,3270,6765,5714
190.95,3271,6766,5708
191.10,3268,6748,5686
191.25,3261,6756,5681
191.40,3256,6735,5672
191.55,3261,6736,5672
191.70,3252,6732,5681
191.85,3251,6721,5661
192.00,3249,6717,5655
192.15,3240,6706,5639
192.30,3242,6698,5639
192.45,3236,6689,5647
192.60,3237,6683,5629
192.75,3227,6676,5615
192.90,3226,6662,5609
193.05,3219,6654,5603
193.20,3211,6647,5606
193.35,3210,6639,5594
193.50,3207,6631,5580
193.65,3203,6630,5576
193.80,3200,6609,5565
193.95,3195,6616,5575
194.10,3185,6583,5537
194.25,3180,6574,5536
194.40,3180,6574,5537
194.55,3183,6582,5547
194.70,3175,6574,5527
194.85,3168,6542,5519
195.00,3168,6540,5522
195.15,3167,6550,5508
195.30,3161,6532,5514
195.45,3161,6524,5507
195.60,3154,6521,5488
195.75,3152,6510,5482
195.90,3148,6503,5489
196.05,3148,6507,5470
196.20,3146,6488,5464
196.35,3136,6491,5470
196.50,3137,6480,5448
196.65,3124,6459,5452
196.80,3117,6450,5445
196.95,3119,6449,5423
197.10,3109,6437,5413
197.25,3105,6418,5404
197.40,3106,6411,5398
197.55,3096,6396,5387
197.70,3096,6391,5382
197.85,3090,6390,5386
198.00,3087,6376,5380
198.15,3078,6366,5363
198.30,3073,6344,5354
198.45,3064,6336,5331
198.60,3056,6324,5334
198.75,3054,6322,5315
198.90,3045,6294,5312
199.05,3042,6301,5296
199.20,3025,6261,5275
199.35,3024,6256,5263
199.50,3018,6250,5251
199.65,3016,6235,5246
199.80,3004,6226,5232
199.95,3005,6219,5231
200.10,2993,6193,5204
200.25,2997,6196,5208
200.40,2987,6177,5197
200.55,2984,6171,5206
200.70,2975,6153,5191
200.85,2971,6143,5168
201.00,2969,6136,5163
201.15,2967,6141,5175
201.30,2959,6126,5147
201.45,2954,6117,5152
201.60,2949,6105,5134
201.75,2946,6095,5142
201.90,2941,6078,5133
202.05,2938,6066,5122
202.20,2938,6056,5102
202.35,2932,6045,5089
202.50,2919,6029,5079
202.65,2912,6026,5083
202.80,2905,6004,5056
202.95,2899,5991,5060
203.10,2891,5976,5035
203.25,2887,5965,5024
203.40,2885,5948,5023
203.55,2870,5921,4987
203.70,2876,5924,5003
203.85,2861,5926,4982
204.00,2857,5904,4983
204.15,2852,5896,4966
204.30,2849,5871,4948
204.45,2838,5863,4938
204.60,2827,5848,4916
204.75,2819,5820,4904
204.90,2814,5811,4896
205.05,2799,5780,4881
205.20,2797,5776,4869
205.35,2796,5763,4869
205.50,2783,5737,4834
205.65,2778,5733,4832
205.80,2770,5720,4821
205.95,2756,5691,4800
206.10,2757,5693,4797
206.25,2749,5674,4799
206.40,2742,5660,4774
206.55,2731,5638,4748
206.70,2727,5638,4757
206.85,2713,5598,4723
207.00,2713,5608,4719
207.15,2709,5588,4726
207.30,2702,5589,4701
207.45,2697,5578,4707
207.60,2690,5555,4684
207.75,2686,5544,4673
207.90,2683,5531,4678
208.05,2675,5516,4651
208.20,2677,5508,4643
208.35,2662,5493,4633
208.50,2662,5478,4620
208.65,2646,5473,4606
208.80,2646,5443,4590
208.95,2632,5427,4591
209.10,2623,5413,4562
209.25,2616,5408,4551
209.40,2605,5390,4549
209.55,2604,5371,4545
209.70,2598,5356,4517
209.85,2590,5356,4521
210.00,2578,5318,4485
210.15,2573,5318,4475
210.30,2568,5297,4479
210.45,2559,5277,4451
210.60,2549,5269,4436
210.75,2539,5245,4414
210.90,2521,5196,4395
211.05,2520,5198,4380
211.20,2499,5162,4363
211.35,2502,5159,4364
211.50,2495,5134,4328
211.65,2487,5128,4324
211.80,2486,5111,4311
211.95,2467,5100,4306
212.10,2462,5090,4282
212.25,2466,5071,4274
212.40,2442,5047,4250
212.55,2441,5032,4246
212.70,2421,4987,4204
212.85,2418,4988,4206
213.00,2421,4992,4214
213.15,2407,4959,4183
213.30,2401,4952,4188
213.45,2397,4941,4163
213.60,2386,4922,4150
213.75,2381,4910,4140
213.90,2376,4898,4128
214.05,2368,4881,4116
214.20,2362,4881,4106
214.35,2353,4852,4093
214.50,2346,4846,4080
214.65,2337,4818,4079
214.80,2328,4800,4048
214.95,2320,4782,4032
215.10,2310,4765,4030
215.25,2313,4756,4006
215.40,2298,4742,3999
215.55,2292,4728,3997
215.70,2279,4699,3960
215.85,2277,4696,3957
216.00,2273,4671,3950
216.15,2265,4667,3939
216.30,2243,4626,3900
216.45,2235,4611,3885
216.60,2228,4611,3875
216.75,2207,4554,3839
216.90,2209,4542,3840
217.05,2208,4535,3819
217.20,2189,4516,3805
217.35,2174,4501,3779
217.50,2174,4468,3764
217.65,2159,4468,3752
217.80,2152,4442,3754
217.95,2152,4424,3739
218.10,2135,4419,3711
218.25,2134,4392,3712
218.40,2114,4362,3673
218.55,2109,4369,3682
218.70,2100,4349,3649
218.85,2090,4315,3632
219.00,2086,4304,3624
219.15,2074,4293,3602
219.30,2071,4279,3598
219.45,2064,4269,3585
219.60,2057,4256,3570
219.75,2047,4226,3554
219.90,2040,4214,3544
220.05,2032,4193,3531
220.20,2026,4179,3533
220.35,2016,4178,3505
220.50,2017,4145,3489
220.65,2007,4128,3472
220.80,1992,4113,3460
220.95,1984,4093,3444
221.10,1973,4084,3426
221.25,1974,4070,3414
221.40,1959,4045,3401
221.55,1961,4031,3390
221.70,1951,4020,3371
221.85,1933,3995,3355
222.00,1925,3988,3358
222.15,1901,3923,3314
222.30,1900,3925,3298
222.45,1898,3914,3290
222.60,1885,3894,3287
222.75,1866,3852,3239
222.90,1863,3830,3217
223.05,1852,3822,3227
223.20,1835,3792,3199
223.35,1824,3769,3165
223.50,1831,3776,3178
223.65,1814,3745,3147
223.80,1806,3744,3136
223.95,1798,3713,3131
224.10,1787,3702,3113
224.25,1781,3676,3088
224.40,1778,3664,3083
224.55,1770,3637,3056
224.70,1763,3618,3040
224.85,1752,3598,3021
225.00,1738,3587,3025
225.15,1728,3581,2997
225.30,1720,3564,2980
225.45,1712,3535,2968
225.60,1713,3526,2955
225.75,1698,3506,2944
225.90,1700,3502,2929
226.05,1684,3474,2933
226.20,1675,3472,2904
226.35,1666,3442,2905
226.50,1658,3424,2875
226.65,1647,3404,2857
226.80,1650,3389,2844
226.95,1639,3364,2837
227.10,1633,3349,2812
227.25,1622,3343,2796
227.40,1604,3323,2780
227.55,1594,3296,2766
227.70,1598,3282,2752
227.85,1592,3267,2742
228.00,1564,3233,2711
228.15,1575,3229,2710
228.30,1553,3207,2694
228.45,1537,3173,2679
228.60,1533,3175,2670
228.75,1520,3141,2636
228.90,1518,3113,2629
229.05,1512,3096,2601
229.20,1490,3076,2598
229.35,1480,3051,2562
229.50,1478,3030,2542
229.65,1460,3014,2530
229.80,1453,3012,2517
229.95,1446,2982,2519
230.10,1448,2964,2504
230.25,1428,2942,2469
230.40,1414,2927,2447
230.55,1408,2908,2440
230.70,1401,2889,2425
230.85,1402,2883,2425
231.00,1391,2848,2407
231.15,1376,2849,2395
231.30,1370,2827,2373
231.45,1375,2811,2360
231.60,1356,2795,2347
231.75,1345,2775,2330
231.90,1340,2766,2336
232.05,1335,2750,2308
232.20,1326,2746,2295
232.35,1328,2716,2295
232.50,1309,2698,2265
232.65,1300,2693,2250
232.80,1293,2678,2237
232.95,1285,2660,2237
233.10,1285,2626,2203
233.25,1267,2611,2206
233.40,1271,2594,2177
233.55,1249,2576,2162
233.70,1250,2555,2144
233.85,1232,2537,2130
234.00,1224,2521,2118
234.15,1211,2508,2095
234.30,1202,2488,2076
234.45,1203,2454,2061
234.60,1186,2444,2050
234.75,1175,2417,2030
234.90,1165,2409,2013
235.05,1168,2383,2001
235.20,1144,2358,1980
235.35,1147,2351,1961
235.50,1136,2330,1945
235.65,1118,2312,1946
235.80,1108,2291,1915
235.95,1095,2267,1908
236.10,1090,2257,1885
236.25,1098,2233,1891
236.40,1088,2213,1874
236.55,1079,2196,1859
236.70,1058,2173,1827
236.85,1064,2165,1818
237.00,1047,2152,1824
237.15,1042,2141,1814
237.30,1042,2130,1793
237.45,1039,2109,1773
237.60,1015,2088,1753
237.75,1022,2092,1747
237.90,1004,2079,1734
238.05,997,2049,1740
238.20,991,2035,1712
238.35,995,2019,1698
238.50,987,2004,1698
238.65,966,1999,1669
238.80,957,1968,1655
238.95,949,1951,1655
239.10,942,1936,1630
239.25,948,1920,1631
239.40,939,1904,1616
239.55,917,1893,1597
239.70,921,1878,1568
239.85,904,1855,1560
240.00,899,1819,1529
240.15,875,1796,1527
240.30,886,1804,1508
240.45,878,1791,1496
240.60,870,1755,1492
240.75,855,1726,1453
240.90,832,1705,1438
241.05,828,1696,1445
241.20,818,1677,1412
241.35,811,1671,1412
241.50,819,1651,1390
241.65,795,1627,1387
241.80,788,1614,1362
241.95,782,1614,1350
242.10,773,1579,1333
242.25,762,1558,1329
242.40,772,1566,1308
242.55,753,1539,1313
242.70,758,1523,1285
242.85,738,1506,1286
243.00,733,1497,1262
243.15,740,1500,1270
243.30,721,1472,1242
243.45,714,1459,1232
243.60,709,1447,1221
243.75,705,1437,1214
243.90,711,1427,1219
244.05,693,1414,1208
244.20,687,1403,1184
244.35,680,1389,1173
244.50,673,1387,1174
244.65,666,1372,1161
244.80,657,1355,1148
244.95,661,1325,1120
245.10,642,1304,1104
245.25,645,1293,1109
245.40,637,1275,1079
245.55,623,1269,1072
245.70,616,1253,1074
245.85,619,1255,1050
246.00,604,1229,1055
246.15,597,1215,1044
246.30,588,1214,1030
246.45,582,1188,1004
246.60,577,1187,992
246.75,576,1168,974
246.90,559,1138,977
247.05,554,1123,950
247.20,544,1109,938
247.35,545,1105,937
247.50,531,1094,914
247.65,523,1078,915
247.80,512,1039,879
247.95,518,1033,876
248.10,512,1021,864
248.25,497,1009,855
248.40,498,992,841
248.55,493,997,832
248.70,486,969,820
248.85,479,969,822
249.00,465,944,813
249.15,471,953,808
249.30,464,939,784
249.45,451,914,775
249.60,445,903,779
249.75,441,894,771
249.90,437,885,750
250.05,441,874,741
250.20,435,864,734
250.35,430,854,724
250.50,417,842,714
250.65,408,827,703
250.80,411,816,704
250.95,406,818,694
251.10,399,790,683
251.25,387,780,663
251.40,380,770,665
251.55,375,769,643
251.70,371,761,636
251.85,367,743,642
252.00,362,732,633
252.15,355,717,609
252.30,357,706,602
252.45,345,694,590
252.60,339,695,581
252.75,331,667,566
252.90,326,657,558
253.05,325,654,546
253.20,314,633,537
253.35,315,622,528
253.50,304,611,526
253.65,303,598,509
253.80,291,587,506
253.95,287,576,490
254.10,281,564,485
254.25,284,567,479
254.40,267,547,462
254.55,265,531,453
254.70,262,525,452
254.85,257,514,441
255.00,259,518,433
255.15,250,501,426
255.30,247,493,424
255.45,248,485,412
255.60,244,486,409
255.75,241,479,401
255.90,233,464,396
256.05,234,456,388
256.20,231,449,384
256.35,221,441,377
256.50,216,440,369
256.65,211,423,360
256.80,208,414,354
256.95,202,404,345
257.10,198,403,337
257.25,193,394,330
257.40,195,379,322
257.55,192,380,317
257.70,183,371,308
257.85,181,365,305
258.00,180,347,296
258.15,176,348,289
258.30,167,332,283
258.45,164,326,275
258.60,161,318,271
258.75,155,314,262
258.90,155,297,255
259.05,147,289,247
259.20,147,288,237
259.35,137,276,231
259.50,135,264,226
259.65,132,260,221
259.80,133,251,216
259.95,126,247,211
260.10,125,242,198
260.25,120,234,194
260.40,113,218,187
260.55,117,218,188
260.70,110,215,177
260.85,111,209,171
261.00,106,203,168
261.15,103,199,164
261.30,102,196,167
261.45,102,190,162
261.60,97,185,158
261.75,95,180,153
261.90,92,175,150
262.05,93,172,139
262.20,87,165,142
262.35,88,161,138
262.50,82,156,134
262.65,83,150,129
262.80,81,145,126
262.95,77,140,121
263.10,75,134,116
263.25,70,128,113
263.40,67,126,109
263.55,66,123,106
263.70,64,114,93
263.85,65,116,91
264.00,62,112,87
264.15,60,106,92
264.30,57,102,79
264.45,54,93,76
264.60,52,87,72
264.75,52,89,77
264.90,47,84,73
265.05,45,80,70
265.20,43,76,66
265.35,42,72,62
265.50,41,62,61
265.65,41,65,58
265.80,37,55,56
265.95,36,60,52
266.10,38,49,51
266.25,32,55,37
266.40,31,41,45
266.55,31,49,32
266.70,29,47,30
266.85,27,34,39
267.00,27,33,38
267.15,26,41,25
267.30,26,39,37
267.45,24,38,34
267.60,23,35,32
267.75,24,25,31
267.90,23,34,30
268.05,22,33,29
268.20,22,20,16
268.35,21,29,15
268.50,20,28,26
268.65,20,16,13
268.80,20,27,23
268.95,18,24,23
269.10,17,23,9
269.25,17,23,22
269.40,17,21,21
269.55,16,21,20
269.70,17,21,20
269.85,17,21,20
270.00,15,8,18
270.15,16,20,6
270.30,16,20,18
270.45,15,19,19
270.60,15,19,19
270.75,16,8,6
270.90,16,20,6
271.05,17,21,6
271.20,16,9,18
271.35,16,21,18
271.50,17,10,20
271.65,17,22,20
271.80,18,24,22
271.95,18,24,22
272.10,19,26,23
272.25,19,27,25
272.40,20,27,13
272.55,20,18,26
272.70,22,20,28
272.85,22,22,17
273.00,23,34,30
273.15,23,35,30
273.30,24,38,33
273.45,25,38,35
273.60,26,30,35
273.75,26,32,38
273.90,27,33,39
274.05,28,35,40
274.20,32,37,41
274.35,32,49,31
274.50,30,42,45
274.65,32,54,47
274.80,37,56,50
274.95,38,61,41
275.10,39,54,54
275.25,38,65,57
275.40,40,69,49
275.55,44,72,63
275.70,43,76,55
275.85,44,71,67
276.00,47,81,70
276.15,47,79,75
276.30,48,88,76
276.45,51,93,79
276.60,56,90,84
276.75,56,96,88
276.90,58,106,91
277.05,60,111,85
277.20,62,116,100
277.35,64,116,103
277.50,68,122,99
277.65,69,127,102
277.80,73,136,107
277.95,74,138,120
278.10,76,144,125
278.25,83,151,121
278.40,83,158,127
278.55,85,162,131
278.70,91,168,135
278.85,94,174,148
279.00,92,178,151
279.15,94,182,155
279.30,96,187,151
279.45,102,192,163
279.60,101,194,166
279.75,102,199,162
279.90,105,204,173
280.05,111,210,177
280.20,110,216,180
280.35,116,219,186
280.50,115,225,191
280.65,118,233,197
280.80,121,244,203
280.95,125,252,208
281.10,135,255,217
281.25,132,267,222
281.40,136,267,226
281.55,139,274,232
281.70,142,280,238
281.85,144,286,242
282.00,152,292,247
282.15,157,308,252
282.30,156,306,259
282.45,159,316,265
282.60,164,334,274
282.75,170,345,284
282.90,173,345,290
283.05,178,354,298
283.20,181,369,306
283.35,190,369,312
283.50,190,379,320
283.65,196,391,330
283.80,203,397,335
283.95,208,405,342
284.10,206,423,352
284.25,211,424,357
284.40,221,433,365
284.55,220,442,374
284.70,224,450,382
284.85,229,459,389
285.00,232,466,395
285.15,236,474,400
285.30,240,481,407
285.45,248,487,411
285.60,246,493,421
285.75,248,509,422
285.90,251,506,429
286.05,261,514,439
286.20,259,522,446
286.35,270,532,449
286.50,268,541,459
286.65,273,562,467
286.80,280,574,476
286.95,284,575,484
287.10,290,598,502
287.25,295,609,505
287.40,300,608,513
287.55,305,617,522
287.70,310,638,530
287.85,320,634,543
288.00,316,653,540
288.15,330,654,552
288.30,329,665,570
288.45,333,688,571
288.60,340,689,582
288.75,348,717,606
288.90,356,733,619
289.05,360,743,618
289.20,365,743,627
289.35,373,769,640
289.50,377,779,646
289.65,383,779,669
289.80,397,791,667
289.95,395,803,678
290.10,410,831,702
290.25,407,826,698
290.40,416,844,714
290.55,419,867,719
290.70,425,865,731
290.85,432,880,744
291.00,436,889,751
291.15,440,910,755
291.30,454,907,766
291.45,450,931,787
291.60,454,923,780
291.75,459,933,789
291.90,464,943,796
292.05,474,967,804
292.20,483,963,828
292.35,478,975,824
292.50,486,1003,835
292.65,501,1004,847
292.80,508,1018,859
292.95,506,1032,871
293.10,524,1063,885
293.25,520,1060,894
293.40,525,1071,904
293.55,532,1086,916
293.70,540,1099,944
293.85,542,1104,933
294.00,548,1134,945
294.15,557,1150,974
294.30,563,1148,969
294.45,570,1164,982
294.60,577,1179,996
294.75,584,1197,1011
294.90,596,1217,1028
295.05,612,1229,1037
295.20,610,1243,1051
295.35,618,1263,1065
295.50,624,1277,1078
295.65,632,1291,1107
295.80,637,1303,1116
295.95,648,1323,1129
296.10,653,1341,1131
296.25,661,1351,1139
296.40,673,1390,1160
296.55,687,1397,1167
296.70,681,1409,1179
296.85,691,1415,1193
297.00,695,1424,1200
297.15,701,1434,1211
297.30,704,1443,1233
297.45,722,1466,1226
297.60,726,1461,1234
297.75,720,1485,1243
297.90,723,1497,1252
298.05,730,1493,1263
298.20,738,1521,1289
298.35,744,1520,1301
298.50,763,1538,1299
298.65,760,1556,1329
298.80,768,1587,1328
298.95,776,1590,1356
299.10,800,1610,1359
299.25,795,1630,1375
299.40,803,1644,1388
299.55,822,1659,1400
299.70,816,1675,1428
299.85,823,1683,1419
300.00,829,1712,1447
300.15,838,1731,1464
300.30,845,1748,1461
300.45,855,1767,1480
300.60,863,1767,1507
300.75,871,1790,1509
300.90,881,1822,1526
301.05,890,1842,1542
301.20,900,1846,1571
301.35,910,1866,1572
301.50,918,1883,1588
301.65,925,1900,1616
301.80,932,1915,1615
301.95,954,1933,1630
302.10,950,1964,1646
302.25,957,1965,1658
302.40,981,2003,1676
302.55,975,2003,1703
302.70,982,2017,1701
302.85,992,2037,1733
303.00,1009,2062,1727
303.15,1002,2070,1736
303.30,1006,2069,1744
303.45,1024,2091,1753
303.60,1017,2103,1778
303.75,1034,2099,1787
303.90,1029,2125,1798
304.05,1047,2125,1795
304.20,1042,2138,1804
304.35,1050,2155,1818
304.50,1058,2185,1848
304.65,1080,2204,1850
304.80,1077,2210,1866
304.95,1085,2231,1881
305.10,1097,2254,1915
305.25,1107,2288,1917
305.40,1117,2295,1935
305.55,1125,2311,1949
305.70,1132,2330,1962
305.85,1139,2340,1988
306.00,1148,2359,1989
306.15,1172,2386,2011
306.30,1167,2398,2038
306.45,1174,2416,2050
306.60,1197,2453,2071
306.75,1194,2458,2071
306.90,1204,2479,2088
307.05,1226,2499,2106
307.20,1225,2535,2122
307.35,1246,2554,2141
307.50,1246,2578,2176
307.65,1258,2587,2181
307.80,1265,2603,2208
307.95,1274,2618,2208
308.10,1283,2637,2224
308.25,1287,2651,2234
308.40,1312,2676,2256
308.55,1308,2690,2283
308.70,1326,2720,2294
308.85,1325,2740,2298
309.00,1330,2751,2322
309.15,1334,2745,2314
309.30,1351,2756,2324
309.45,1345,2766,2334
309.60,1350,2791,2359
309.75,1368,2789,2354
309.90,1375,2802,2365
310.05,1380,2815,2375
310.20,1377,2832,2391
310.35,1385,2848,2418
310.50,1395,2869,2434
310.65,1404,2902,2435
310.80,1415,2909,2453
310.95,1424,2931,2472
311.10,1435,2955,2491
311.25,1446,2978,2510
311.40,1457,3000,2544
311.55,1477,3017,2557
311.70,1487,3053,2563
311.85,1484,3055,2590
312.00,1488,3063,2584
312.15,1500,3089,2602
312.30,1520,3111,2619
312.45,1519,3141,2637
312.60,1540,3164,2655
312.75,1539,3182,2671
312.90,1554,3211,2696
313.05,1559,3213,2722
313.20,1579,3233,2738
313.35,1591,3258,2747
313.50,1589,3271,2758
313.65,1601,3311,2781
313.80,1610,3326,2792
313.95,1618,3347,2808
314.10,1628,3368,2840
314.25,1635,3382,2838
314.40,1646,3405,2859
314.55,1655,3423,2873
314.70,1673,3427,2887
314.85,1682,3446,2902
315.00,1680,3460,2929
315.15,1684,3470,2939
315.30,1701,3480,2934
315.45,1696,3495,2944
315.60,1712,3507,2954
315.75,1708,3518,2964
315.90,1714,3540,2973
316.05,1730,3542,2987
316.20,1739,3559,3000
316.35,1738,3578,3016
316.50,1746,3595,3047
316.65,1756,3631,3066
316.80,1777,3642,3068
316.95,1778,3661,3084
317.10,1789,3686,3121
317.25,1809,3725,3127
317.40,1808,3740,3155
317.55,1819,3759,3156
317.70,1825,3765,3172
317.85,1836,3798,3188
318.00,1841,3807,3194
318.15,1850,3828,3211
318.30,1858,3831,3241
318.45,1880,3857,3248
318.60,1878,3875,3263
318.75,1889,3895,3282
318.90,1902,3922,3303
319.05,1913,3956,3336
319.20,1930,3975,3338
319.35,1939,3981,3368
319.50,1943,4009,3376
319.65,1956,4017,3395
319.80,1956,4037,3400
319.95,1979,4061,3418
320.10,1982,4069,3428
320.25,1984,4090,3459
320.40,1991,4107,3458
320.55,2011,4143,3492
320.70,2008,4141,3502
320.85,2017,4162,3504
321.00,2025,4191,3520
321.15,2037,4197,3534
321.30,2043,4211,3546
321.45,2047,4221,3555
321.60,2053,4231,3568
321.75,2068,4244,3577
321.90,2074,4258,3588
322.05,2072,4268,3612
322.20,2082,4300,3612
322.35,2088,4302,3641
322.50,2105,4322,3656
322.65,2107,4340,3659
322.80,2123,4370,3672
322.95,2132,4379,3704
323.10,2134,4400,3706
323.25,2144,4428,3719
323.40,2154,4440,3741
323.55,2163,4472,3769
323.70,2171,4477,3771
323.85,2190,4495,3788
324.00,2198,4517,3803
324.15,2197,4541,3814
324.30,2212,4553,3850
324.45,2216,4571,3850
324.60,2225,4586,3877
324.75,2246,4622,3899
324.90,2248,4637,3906
325.05,2264,4674,3926
325.20,2272,4679,3942
325.35,2277,4697,3956
325.50,2287,4715,3972
325.65,2304,4736,4002
325.80,2307,4751,4017
325.95,2313,4784,4035
326.10,2320,4782,4041
326.25,2335,4797,4039
326.40,2344,4830,4061
326.55,2351,4830,4068
326.70,2359,4862,4086
326.85,2370,4869,4100
327.00,2374,4881,4111
327.15,2369,4889,4116
327.30,2375,4898,4129
327.45,2381,4908,4133
327.60,2393,4926,4145
327.75,2390,4923,4153
327.90,2396,4949,4176
328.05,2411,4960,4173
328.20,2417,4963,4185
328.35,2417,4978,4198
328.50,2434,5007,4226
328.65,2437,5014,4228
328.80,2445,5034,4244
328.95,2453,5054,4262
329.10,2472,5088,4281
329.25,2475,5109,4297
329.40,2486,5123,4316
329.55,2492,5135,4337
329.70,2498,5150,4337
329.85,2505,5167,4352
330.00,2518,5190,4375
330.15,2523,5201,4381
330.30,2535,5214,4390
330.45,2538,5235,4410
330.60,2549,5256,4429
330.75,2559,5289,4460
330.90,2568,5309,4475
331.05,2574,5310,4471
331.20,2585,5332,4490
331.35,2598,5344,4501
331.50,2601,5365,4520
331.65,2613,5389,4554
331.80,2626,5401,4547
331.95,2629,5430,4579
332.10,2630,5426,4569
332.25,2645,5438,4584
332.40,2645,5460,4598
332.55,2661,5474,4624
332.70,2659,5498,4634
332.85,2669,5514,4636
333.00,2680,5514,4658
333.15,2676,5530,4649
333.30,2687,5536,4657
333.45,2687,5545,4666
333.60,2699,5545,4676
333.75,2696,5565,4683
333.90,2700,5562,4692
334.05,2709,5574,4703
334.20,2712,5598,4712
334.35,2719,5599,4740
334.50,2727,5614,4737
334.65,2735,5633,4764
334.80,2742,5653,4766
334.95,2755,5669,4793
335.10,2759,5687,4797
335.25,2775,5707,4811
335.40,2785,5726,4842
335.55,2783,5751,4838
335.70,2798,5764,4865
335.85,2797,5763,4862
336.00,2807,5776,4869
336.15,2815,5802,4889
336.30,2818,5810,4913
336.45,2826,5827,4926
336.60,2835,5845,4938
336.75,2848,5860,4940
336.90,2850,5882,4956
337.05,2861,5889,4976
337.20,2866,5909,4993
337.35,2870,5930,5004
337.50,2875,5932,5013
337.65,2888,5954,5034
337.80,2895,5969,5024
337.95,2896,5975,5037
338.10,2908,5997,5069
338.25,2911,6000,5057
338.40,2917,6018,5087
338.55,2927,6025,5081
338.70,2930,6054,5106
338.85,2940,6053,5117
339.00,2937,6068,5108
339.15,2941,6064,5127
339.30,2943,6080,5133
339.45,2948,6076,5126
339.60,2957,6083,5132
339.75,2956,6097,5139
339.90,2959,6094,5163
340.05,2965,6106,5155
340.20,2968,6125,5164
340.35,2976,6127,5172
340.50,2981,6140,5185
340.65,2988,6153,5211
340.80,2995,6173,5210
340.95,3007,6182,5219
341.10,3011,6201,5250
341.25,3021,6229,5258
341.40,3024,6247,5257
341.55,3029,6246,5277
341.70,3033,6267,5275
341.85,3038,6267,5286
342.00,3049,6281,5305
342.15,3049,6290,5303
342.30,3056,6311,5314
342.45,3067,6328,5328
342.60,3071,6322,5334
342.75,3073,6337,5342
342.90,3079,6360,5355
343.05,3084,6371,5365
343.20,3093,6374,5377
343.35,3095,6396,5386
343.50,3102,6398,5396
343.65,3115,6425,5408
343.80,3113,6421,5414
343.95,3119,6441,5434
344.10,3126,6437,5431
344.25,3132,6449,5450
344.40,3134,6469,5446
344.55,3137,6466,5455
344.70,3146,6479,5462
344.85,3146,6498,5482
345.00,3147,6492,5476
345.15,3152,6499,5479
345.30,3151,6510,5483
345.45,3157,6506,5502
345.60,3164,6508,5508
345.75,3163,6516,5498
345.90,3171,6518,5506
346.05,3169,6527,5511
346.20,3176,6533,5528
346.35,3177,6542,5525
346.50,3181,6554,5547
346.65,3186,6566,5540
346.80,3195,6575,5562
346.95,3196,6588,5572
347.10,3200,6599,5567
347.25,3204,6622,5587
347.40,3210,6625,5583
347.55,3213,6628,5589
347.70,3218,6641,5597
347.85,3222,6652,5617
348.00,3225,6656,5610
348.15,3231,6675,5632
348.30,3233,6670,5635
348.45,3236,6680,5633
348.60,3241,6687,5639
348.75,3250,6698,5647
348.90,3250,6709,5655
349.05,3254,6711,5659
349.20,3265,6723,5666
349.35,3267,6729,5672
349.50,3269,6744,5678
349.65,3267,6746,5686
349.80,3277,6750,5690
349.95,3275,6754,5706
350.10,3282,6764,5700
350.25,3282,6768,5704
350.40,3291,6788,5726
350.55,3287,6782,5729
350.70,3290,6788,5719
350.85,3296,6793,5738
351.00,3294,6796,5731
351.15,3302,6798,5735
351.30,3299,6802,5734
351.45,3299,6803,5752
351.60,3306,6807,5754
351.75,3302,6809,5744
351.90,3309,6821,5749
352.05,3306,6812,5751
352.20,3307,6829,5756
352.35,3314,6834,5772
352.50,3320,6829,5763
352.65,3317,6849,5785
352.80,3320,6845,5775
352.95,3320,6863,5776
353.10,3326,6866,5794
353.25,3326,6862,5787
353.40,3331,6873,5791
353.55,3334,6875,5810
353.70,3333,6876,5799
353.85,3340,6891,5804
354.00,3341,6895,5819
354.15,3342,6902,5822
354.30,3342,6905,5825
354.45,3350,6899,5824
354.60,3346,6902,5834
354.75,3346,6905,5825
354.90,3351,6909,5828
355.05,3357,6913,5844
355.20,3354,6918,5847
355.35,3357,6933,5851
355.50,3358,6922,5852
355.65,3358,6927,5843
355.80,3359,6933,5844
355.95,3363,6935,5849
356.10,3362,6938,5850
356.25,3367,6940,5853
356.40,3371,6942,5853
356.55,3371,6947,5855
356.70,3368,6946,5870
356.85,3368,6959,5862
357.00,3373,6952,5874
357.15,3369,6954,5862
357.30,3375,6949,5865
357.45,3375,6953,5865
357.60,3373,6961,5878
357.75,3374,6952,5880
357.90,3377,6962,5881
358.05,3374,6954,5880
358.20,3374,6956,5883
358.35,3376,6957,5873
358.50,3379,6966,5885
358.65,3380,6961,5875
358.80,3378,6977,5888
358.95,3377,6973,5876
359.10,3380,6973,5879
359.25,3385,6985,5881
359.40,3381,6977,5882
359.55,3384,6977,5882
359.70,3386,6977,5887
359.85,3382,6983,5896
360.00,3388,6990,5901
