0.00,3396,7021,5885
0.15,3393,7018,5899
0.30,3397,7010,5901
0.45,3398,7013,5888
0.60,3396,7014,5886
0.75,3397,7020,5884
0.90,3397,7008,5885
1.05,3392,7009,5884
1.20,3395,7006,5887
1.35,3390,7016,5897
1.50,3393,7005,5886
1.65,3393,7005,5895
1.80,3386,7001,5881
1.95,3388,7004,5880
2.10,3387,7002,5883
2.25,3388,6999,5877
2.40,3392,7008,5880
2.55,3386,6999,5882
2.70,3384,6990,5883
2.85,3379,6985,5869
3.00,3382,6980,5869
3.15,3380,6977,5869
3.30,3379,6975,5866
3.45,3380,6970,5876
3.60,3376,6969,5865
3.75,3374,6968,5862
3.90,3375,6966,5860
4.05,3374,6970,5859
4.20,3374,6969,5859
4.35,3374,6965,5857
4.50,3373,6967,5856
4.65,3370,6969,5855
4.80,3370,6976,5853
4.95,3371,6964,5863
5.10,3371,6961,5846
5.25,3369,6965,5844
5.40,3364,6951,5842
5.55,3360,6949,5838
5.70,3365,6946,5834
5.85,3360,6947,5830
6.00,3358,6934,5829
6.15,3354,6930,5823
6.30,3355,6933,5832
6.45,3350,6920,5816
6.60,3345,6923,5825
6.75,3344,6918,5805
6.90,3341,6904,5815
7.05,3344,6904,5812
7.20,3335,6896,5795
7.35,3336,6892,5804
7.50,3331,6884,5786
7.65,3330,6881,5780
7.80,3327,6873,5778
7.95,3327,6880,5773
8.10,3325,6875,5783
8.25,3318,6859,5765
8.40,3316,6866,5762
8.55,3317,6853,5770
8.70,3318,6848,5755
8.85,3313,6843,5751
9.00,3308,6843,5749
9.15,3304,6839,5744
9.30,3303,6821,5741
9.45,3301,6826,5737
9.60,3296,6808,5734
9.75,3295,6803,5727
9.90,3291,6810,5724
10.05,3291,6793,5720
10.20,3288,6802,5728
10.35,3284,6786,5705
10.50,3280,6775,5699
10.65,3276,6780,5705
10.80,3272,6767,5686
10.95,3268,6759,5679
11.10,3268,6750,5676
11.25,3265,6748,5673
11.40,3264,6740,5663
11.55,3256,6732,5658
11.70,3254,6733,5665
11.85,3246,6724,5656
12.00,3244,6705,5634
12.15,3239,6696,5628
12.30,3233,6694,5618
12.45,3229,6677,5611
12.60,3226,6667,5605
12.75,3223,6658,5596
12.90,3218,6657,5589
13.05,3210,6638,5580
13.20,3208,6627,5586
13.35,3206,6623,5565
13.50,3199,6625,5572
13.65,3197,6604,5551
13.80,3191,6592,5554
13.95,3190,6594,5546
14.10,3185,6584,5527
14.25,3176,6566,5518
14.40,3178,6558,5526
14.55,3173,6563,5509
14.70,3169,6557,5519
14.85,3171,6552,5501
15.00,3168,6532,5512
15.15,3161,6527,5505
15.30,3158,6520,5502
15.45,3151,6510,5482
15.60,3151,6509,5471
15.75,3146,6489,5464
15.90,3137,6482,5457
16.05,3133,6478,5445
16.20,3133,6457,5434
16.35,3123,6456,5424
16.50,3115,6433,5426
16.65,3107,6436,5402
16.80,3108,6424,5391
16.95,3097,6418,5397
17.10,3095,6396,5376
17.25,3087,6387,5367
17.40,3088,6376,5360
17.55,3080,6367,5351
17.70,3074,6354,5342
17.85,3071,6341,5330
18.00,3066,6342,5334
18.15,3054,6313,5307
18.30,3052,6300,5296
18.45,3043,6299,5285
18.60,3033,6281,5272
18.75,3029,6259,5263
18.90,3022,6254,5255
19.05,3017,6246,5239
19.20,3010,6237,5232
19.35,3003,6216,5222
19.50,2996,6213,5212
19.65,2994,6191,5200
19.80,2991,6177,5191
19.95,2980,6164,5181
20.10,2979,6156,5168
20.25,2967,6135,5168
20.40,2962,6127,5160
20.55,2963,6122,5140
20.70,2954,6120,5147
20.85,2952,6101,5141
21.00,2947,6090,5120
21.15,2941,6093,5111
21.30,2943,6072,5105
21.45,2939,6058,5113
21.60,2928,6049,5088
21.75,2920,6045,5078
21.90,2920,6036,5069
22.05,2908,6009,5054
22.20,2905,5999,5043
22.35,2897,5984,5026
22.50,2884,5969,5027
22.65,2879,5956,5002
22.80,2877,5942,5003
22.95,2866,5938,4992
23.10,2860,5915,4983
23.25,2855,5909,4962
23.40,2846,5887,4942
23.55,2840,5875,4934
23.70,2835,5865,4925
23.85,2827,5846,4910
24.00,2817,5831,4910
24.15,2812,5816,4899
24.30,2803,5806,4868
24.45,2797,5781,4854
24.60,2786,5765,4840
24.75,2785,5750,4842
24.90,2770,5733,4827
25.05,2768,5715,4814
25.20,2758,5706,4791
25.35,2750,5690,4791
25.50,2743,5674,4776
25.65,2735,5660,4765
25.80,2724,5641,4748
25.95,2723,5628,4738
26.10,2715,5614,4713
26.25,2707,5599,4700
26.40,2706,5585,4700
26.55,2702,5577,4681
26.70,2690,5567,4676
26.85,2686,5557,4679
27.00,2682,5546,4660
27.15,2676,5535,4665
27.30,2671,5525,4657
27.45,2665,5510,4633
27.60,2666,5497,4629
27.75,2652,5482,4609
27.90,2644,5468,4596
28.05,2644,5450,4580
28.20,2628,5432,4581
28.35,2618,5415,4551
28.50,2609,5398,4532
28.65,2600,5379,4513
28.80,2598,5375,4500
28.95,2593,5350,4489
29.10,2579,5335,4491
29.25,2570,5320,4466
29.40,2572,5317,4469
29.55,2563,5301,4441
29.70,2547,5269,4421
29.85,2547,5256,4409
30.00,2532,5239,4395
30.15,2521,5227,4380
30.30,2507,5197,4368
30.45,2511,5181,4346
30.60,2491,5165,4339
30.75,2483,5135,4324
30.90,2477,5126,4299
31.05,2468,5114,4296
31.20,2461,5090,4281
31.35,2450,5072,4257
31.50,2451,5064,4240
31.65,2443,5037,4227
31.80,2434,5018,4222
31.95,2417,5001,4198
32.10,2412,4988,4196
32.25,2410,4979,4167
32.40,2403,4957,4156
32.55,2400,4948,4167
32.70,2388,4945,4157
32.85,2381,4937,4135
33.00,2376,4920,4126
33.15,2370,4897,4117
33.30,2364,4887,4122
33.45,2365,4881,4095
33.60,2351,4865,4082
33.75,2350,4841,4068
33.90,2334,4820,4053
34.05,2326,4815,4035
34.20,2315,4786,4020
34.35,2307,4767,4017
34.50,2295,4745,3984
34.65,2285,4729,3965
34.80,2276,4705,3943
34.95,2270,4703,3933
35.10,2270,4676,3921
35.25,2257,4677,3912
35.40,2248,4660,3898
35.55,2238,4627,3880
35.70,2229,4610,3866
35.85,2221,4601,3848
36.00,2208,4564,3829
36.15,2208,4563,3831
36.30,2195,4525,3807
36.45,2181,4505,3779
36.60,2171,4488,3763
36.75,2167,4475,3756
36.90,2149,4455,3727
37.05,2140,4424,3726
37.20,2131,4404,3705
37.35,2123,4387,3678
37.50,2121,4370,3677
37.65,2107,4365,3651
37.80,2095,4341,3643
37.95,2096,4314,3631
38.10,2088,4299,3607
38.25,2070,4293,3587
38.40,2074,4279,3578
38.55,2059,4267,3570
38.70,2054,4242,3562
38.85,2049,4229,3552
39.00,2051,4216,3538
39.15,2044,4201,3529
39.30,2029,4188,3518
39.45,2022,4172,3506
39.60,2022,4156,3494
39.75,2005,4141,3477
39.90,1998,4121,3461
40.05,1987,4114,3443
40.20,1977,4082,3427
40.35,1967,4062,3424
40.50,1956,4054,3406
40.65,1945,4033,3385
40.80,1937,3999,3354
40.95,1928,3984,3354
41.10,1929,3966,3342
41.25,1911,3953,3316
41.40,1907,3954,3319
41.55,1900,3925,3306
41.70,1899,3900,3272
41.85,1880,3883,3256
42.00,1867,3870,3249
42.15,1860,3841,3220
42.30,1854,3812,3197
42.45,1837,3794,3182
42.60,1824,3779,3174
42.75,1825,3763,3144
42.90,1806,3735,3132
43.05,1797,3713,3127
43.20,1798,3707,3112
43.35,1778,3676,3083
43.50,1770,3656,3065
43.65,1762,3640,3068
43.80,1752,3631,3035
43.95,1742,3610,3017
44.10,1736,3597,3020
44.25,1726,3567,3005
44.40,1718,3552,2978
44.55,1710,3533,2964
44.70,1704,3532,2952
44.85,1698,3506,2956
45.00,1700,3492,2944
45.15,1693,3491,2921
45.30,1679,3479,2908
45.45,1680,3446,2910
45.60,1661,3430,2895
45.75,1652,3426,2865
45.90,1645,3397,2851
46.05,1636,3378,2849
46.20,1626,3370,2818
46.35,1625,3341,2801
46.50,1607,3330,2783
46.65,1608,3314,2769
46.80,1598,3295,2751
46.95,1590,3274,2736
47.10,1568,3239,2718
47.25,1562,3236,2704
47.40,1552,3216,2703
47.55,1545,3201,2689
47.70,1536,3172,2660
47.85,1533,3158,2653
48.00,1512,3125,2623
48.15,1502,3103,2603
48.30,1501,3080,2585
48.45,1479,3056,2577
48.60,1471,3036,2548
48.75,1462,3019,2534
48.90,1463,3000,2515
49.05,1452,2987,2510
49.20,1435,2977,2488
49.35,1428,2957,2471
49.50,1427,2925,2452
49.65,1410,2909,2454
49.80,1397,2879,2431
49.95,1389,2878,2404
50.10,1389,2846,2388
50.25,1371,2828,2374
50.40,1365,2813,2377
50.55,1356,2800,2352
50.70,1348,2785,2337
50.85,1343,2773,2327
51.00,1348,2772,2318
51.15,1343,2745,2305
51.30,1325,2731,2293
51.45,1328,2717,2297
51.60,1321,2701,2269
51.75,1303,2684,2255
51.90,1292,2680,2241
52.05,1296,2648,2240
52.20,1275,2642,2207
52.35,1265,2608,2192
52.50,1266,2589,2173
52.65,1247,2568,2170
52.80,1248,2551,2143
52.95,1228,2547,2126
53.10,1234,2533,2116
53.25,1216,2508,2107
53.40,1220,2507,2107
53.55,1197,2469,2071
53.70,1202,2455,2059
53.85,1178,2430,2039
54.00,1182,2414,2043
54.15,1162,2408,2013
54.30,1160,2378,2001
54.45,1141,2364,1988
54.60,1145,2335,1974
54.75,1134,2312,1956
54.90,1111,2292,1923
55.05,1103,2284,1906
55.20,1095,2257,1895
55.35,1086,2239,1878
55.50,1077,2234,1878
55.65,1071,2206,1852
55.80,1058,2180,1829
55.95,1064,2170,1820
56.10,1042,2148,1818
56.25,1032,2130,1803
56.40,1039,2117,1777
56.55,1024,2111,1773
56.70,1018,2098,1761
56.85,1014,2086,1753
57.00,1006,2073,1743
57.15,1002,2063,1749
57.30,1008,2050,1739
57.45,1002,2048,1713
57.60,981,2022,1699
57.75,975,2005,1702
57.90,966,1987,1672
58.05,957,1984,1656
58.20,961,1953,1643
58.35,941,1934,1626
58.50,943,1929,1609
58.65,932,1909,1606
58.80,911,1890,1575
58.95,904,1861,1562
59.10,899,1849,1568
59.25,891,1836,1556
59.40,886,1825,1533
59.55,880,1827,1520
59.70,885,1808,1505
59.85,859,1773,1486
60.00,852,1767,1488
60.15,844,1738,1458
60.30,832,1727,1439
60.45,823,1694,1421
60.60,829,1682,1410
60.75,806,1660,1395
60.90,798,1657,1394
61.05,790,1627,1365
61.20,784,1613,1370
61.35,777,1599,1343
61.50,768,1596,1340
61.65,763,1584,1317
61.80,766,1567,1301
61.95,747,1537,1288
62.10,740,1524,1295
62.25,744,1506,1263
62.40,739,1496,1254
62.55,718,1496,1243
62.70,714,1484,1248
62.85,711,1474,1225
63.00,704,1450,1218
63.15,700,1438,1224
63.30,707,1442,1200
63.45,690,1415,1190
63.60,682,1415,1180
63.75,675,1388,1167
63.90,668,1373,1155
64.05,673,1359,1157
64.20,665,1359,1144
64.35,657,1328,1131
64.50,638,1324,1100
64.65,642,1296,1087
64.80,636,1298,1076
64.95,618,1270,1065
65.10,610,1255,1052
65.25,603,1242,1042
65.40,598,1228,1047
65.55,592,1215,1019
65.70,595,1199,1005
65.85,576,1198,1008
66.00,568,1166,993
66.15,568,1148,978
66.30,559,1128,946
66.45,542,1112,947
66.60,537,1118,924
66.75,530,1087,926
66.90,524,1074,915
67.05,515,1074,887
67.20,519,1045,890
67.35,504,1033,866
67.50,507,1021,868
67.65,500,1008,859
67.80,484,1009,847
67.95,487,997,824
68.10,473,971,815
68.25,467,969,801
68.40,461,945,793
68.55,459,937,786
68.70,453,929,778
68.85,449,935,786
69.00,454,912,765
69.15,441,904,772
69.30,436,895,752
69.45,432,885,742
69.60,428,874,734
69.75,421,862,723
69.90,424,864,714
70.05,417,836,714
70.20,403,825,692
70.35,398,810,693
70.50,390,796,679
70.65,391,797,656
70.80,384,768,645
70.95,372,772,648
71.10,371,756,623
71.25,369,750,619
71.40,357,729,621
71.55,356,710,606
71.70,352,716,600
71.85,344,700,578
72.00,340,690,577
72.15,327,666,558
72.30,320,650,544
72.45,312,636,533
72.60,313,635,523
72.75,302,616,523
72.90,303,604,513
73.05,291,592,496
73.20,294,584,490
73.35,289,581,481
73.50,278,562,472
73.65,271,563,468
73.80,265,536,449
73.95,262,529,443
74.10,256,522,438
74.25,258,511,428
74.40,249,506,424
74.55,246,499,419
74.70,243,494,415
74.85,242,497,412
75.00,238,491,404
75.15,234,476,399
75.30,232,468,393
75.45,229,462,387
75.60,224,453,382
75.75,221,445,375
75.90,216,436,366
76.05,212,426,358
76.20,208,424,350
76.35,207,409,343
76.50,203,397,333
76.65,198,386,324
76.80,192,377,315
76.95,188,368,309
77.10,181,364,305
77.25,178,355,299
77.40,175,356,292
77.55,169,338,284
77.70,166,338,276
77.85,161,330,269
78.00,158,317,265
78.15,158,307,257
78.30,149,305,250
78.45,145,294,243
78.60,145,284,234
78.75,136,271,228
78.90,135,266,224
79.05,129,254,214
79.20,131,257,212
79.35,124,251,206
79.50,120,238,199
79.65,122,237,190
79.80,114,227,188
79.95,113,221,185
80.10,109,216,174
80.25,106,209,168
80.40,105,204,172
80.55,102,201,167
80.70,100,197,164
80.85,103,192,162
81.00,97,189,158
81.15,96,184,147
81.30,93,180,151
81.45,94,176,148
81.60,88,171,136
81.75,85,166,141
81.90,87,161,127
82.05,80,156,122
82.20,79,148,126
82.35,76,142,121
82.50,73,139,116
82.65,69,132,102
82.80,71,127,106
82.95,66,124,94
83.10,64,119,91
83.25,60,114,86
83.40,60,112,95
83.55,62,103,91
83.70,55,96,76
83.85,53,98,83
84.00,51,88,79
84.15,48,88,74
84.30,46,83,71
84.45,45,81,69
84.60,46,78,64
84.75,41,74,62
84.90,42,70,58
85.05,38,67,56
85.20,40,64,55
85.35,35,52,40
85.50,36,59,38
85.65,34,55,46
85.80,35,43,45
85.95,30,50,43
86.10,30,49,41
86.25,29,46,40
86.40,28,45,26
86.55,27,43,36
86.70,28,43,24
86.85,27,41,35
87.00,24,39,22
87.15,24,38,31
87.30,24,36,19
87.45,23,25,18
87.60,22,34,29
87.75,21,32,27
87.90,20,31,14
88.05,20,19,13
88.20,20,28,12
88.35,18,16,11
88.50,19,27,22
88.65,18,24,20
88.80,17,12,21
88.95,17,22,20
89.10,16,11,7
89.25,17,22,19
89.40,16,10,6
89.55,16,21,18
89.70,16,22,5
89.85,15,21,6
90.00,15,21,18
90.15,16,22,19
90.30,16,23,6
90.45,16,23,7
90.60,16,24,20
90.75,17,12,21
90.90,18,24,21
91.05,18,14,21
91.20,18,16,24
91.35,19,27,23
91.50,20,29,13
91.65,19,29,25
91.80,21,32,27
91.95,21,32,29
92.10,22,23,30
92.25,24,35,30
92.40,25,36,31
92.55,24,27,32
92.70,24,38,34
92.85,25,40,34
93.00,28,40,23
93.15,26,42,36
93.30,27,33,37
93.45,27,45,27
93.60,29,47,40
93.75,30,50,42
93.90,34,52,45
94.05,32,55,47
94.20,34,57,49
94.35,35,61,52
94.50,40,64,55
94.65,42,60,57
94.80,40,72,61
94.95,42,75,64
95.10,44,81,70
95.25,48,75,59
95.40,48,85,72
95.55,52,89,75
95.70,50,92,79
95.85,52,96,81
96.00,54,101,85
96.15,58,103,82
96.30,60,107,95
96.45,63,118,99
96.60,64,121,102
96.75,67,123,98
96.90,69,126,111
97.05,74,135,115
97.20,77,140,109
97.35,75,144,122
97.50,77,147,127
97.65,84,156,132
97.80,83,160,136
97.95,86,165,140
98.10,89,174,139
98.25,94,177,141
98.40,92,180,151
98.55,97,183,147
98.70,95,187,157
98.85,101,190,161
99.00,99,194,157
99.15,105,198,167
99.30,102,203,171
99.45,105,206,168
99.60,107,210,179
99.75,111,217,183
99.90,113,229,190
100.05,120,230,195
100.20,120,241,200
100.35,124,244,201
100.50,127,259,214
100.65,131,267,219
100.80,135,268,227
100.95,138,276,233
101.10,141,282,237
101.25,150,290,241
101.40,148,302,245
101.55,157,312,258
101.70,159,318,261
101.85,164,320,269
102.00,163,335,276
102.15,169,339,286
102.30,173,347,291
102.45,182,358,299
102.60,182,366,309
102.75,193,386,318
102.90,192,396,327
103.05,195,403,332
103.20,207,415,342
103.35,208,418,345
103.50,208,419,352
103.65,211,426,358
103.80,216,437,369
103.95,218,451,372
104.10,222,460,381
104.25,227,460,387
104.40,231,467,392
104.55,233,472,399
104.70,235,478,404
104.85,238,493,408
105.00,242,500,416
105.15,244,497,418
105.30,253,503,424
105.45,251,510,430
105.60,261,518,436
105.75,259,537,444
105.90,264,538,453
106.05,270,547,466
106.20,275,560,471
106.35,279,581,485
106.50,287,584,496
106.65,293,607,501
106.80,305,607,510
106.95,309,618,527
107.10,310,634,538
107.25,313,640,545
107.40,317,647,552
107.55,321,669,561
107.70,338,675,576
107.85,337,688,586
108.00,347,706,583
108.15,354,709,597
108.30,357,742,622
108.45,367,749,618
108.60,366,750,630
108.75,373,775,638
108.90,387,776,663
109.05,383,785,660
109.20,393,805,675
109.35,396,812,680
109.50,401,837,702
109.65,417,852,702
109.80,412,846,710
109.95,417,869,729
110.10,421,864,726
110.25,428,879,751
110.40,433,888,746
110.55,437,910,763
110.70,440,917,758
110.85,444,909,763
111.00,448,933,771
111.15,452,926,779
111.30,464,950,786
111.45,460,944,793
111.60,465,955,816
111.75,472,983,814
111.90,477,980,838
112.05,484,995,837
112.20,491,1009,847
112.35,498,1024,860
112.50,517,1042,875
112.65,524,1058,902
112.80,523,1075,901
112.95,530,1089,915
113.10,544,1098,921
113.25,540,1111,931
113.40,559,1128,961
113.55,563,1136,955
113.70,570,1151,967
113.85,568,1169,981
114.00,587,1187,995
114.15,583,1200,1007
114.30,594,1222,1041
114.45,598,1232,1050
114.60,607,1251,1066
114.75,615,1263,1062
114.90,622,1280,1073
115.05,642,1312,1104
115.20,637,1316,1105
115.35,643,1323,1127
115.50,651,1357,1141
115.65,668,1366,1135
115.80,669,1377,1156
115.95,672,1383,1161
116.10,678,1410,1172
116.25,699,1432,1189
116.40,692,1423,1193
116.55,706,1429,1217
116.70,699,1439,1210
116.85,716,1449,1217
117.00,708,1458,1225
117.15,713,1467,1233
117.30,718,1479,1243
117.45,736,1505,1254
117.60,730,1518,1265
117.75,749,1520,1291
117.90,758,1548,1289
118.05,753,1552,1319
118.20,774,1569,1333
118.35,771,1601,1333
118.50,780,1606,1364
118.65,801,1627,1365
118.80,812,1646,1383
118.95,807,1664,1395
119.10,813,1680,1408
119.25,822,1708,1436
119.40,830,1728,1438
119.55,848,1722,1463
119.70,842,1737,1474
119.85,854,1763,1480
120.00,873,1776,1504
120.15,884,1812,1524
120.30,893,1829,1524
120.45,892,1841,1545
120.60,899,1868,1572
120.75,921,1888,1588
120.90,921,1914,1609
121.05,926,1921,1617
121.20,934,1930,1635
121.35,942,1943,1631
121.50,948,1956,1656
121.65,953,1970,1653
121.80,965,1991,1686
121.95,974,2022,1687
122.10,979,2020,1695
122.25,1001,2053,1727
122.40,994,2051,1723
122.55,1011,2061,1731
122.70,1003,2082,1738
122.85,1009,2083,1749
123.00,1025,2093,1758
123.15,1032,2104,1769
123.30,1025,2129,1778
123.45,1045,2142,1790
123.60,1038,2161,1805
123.75,1060,2161,1833
123.90,1069,2181,1833
124.05,1067,2200,1851
124.20,1078,2221,1867
124.35,1087,2243,1883
124.50,1096,2265,1902
124.65,1105,2283,1916
124.80,1116,2303,1934
124.95,1134,2326,1947
125.10,1133,2339,1965
125.25,1137,2351,1986
125.40,1158,2368,1988
125.55,1165,2386,2017
125.70,1179,2411,2023
125.85,1190,2437,2046
126.00,1194,2456,2065
126.15,1193,2465,2085
126.30,1212,2520,2106
126.45,1217,2518,2115
126.60,1222,2529,2138
126.75,1248,2556,2147
126.90,1244,2583,2160
127.05,1252,2588,2173
127.20,1258,2614,2199
127.35,1279,2633,2216
127.50,1277,2639,2215
127.65,1284,2657,2233
127.80,1307,2682,2251
127.95,1318,2717,2272
128.10,1311,2715,2282
128.25,1331,2733,2308
128.40,1325,2739,2301
128.55,1328,2763,2323
128.70,1346,2758,2319
128.85,1350,2768,2331
129.00,1345,2781,2354
129.15,1351,2807,2365
129.30,1370,2806,2362
129.45,1364,2821,2375
129.60,1372,2847,2401
129.75,1392,2864,2415
129.90,1390,2873,2433
130.05,1399,2907,2434
130.20,1409,2914,2452
130.35,1421,2936,2469
130.50,1430,2958,2489
130.65,1441,2980,2505
130.80,1461,3004,2539
130.95,1459,3022,2538
131.10,1471,3042,2552
131.25,1478,3060,2584
131.40,1487,3078,2587
131.55,1495,3095,2602
131.70,1503,3125,2614
131.85,1516,3137,2635
132.00,1523,3153,2649
132.15,1540,3202,2679
132.30,1562,3225,2713
132.45,1555,3221,2721
132.60,1567,3244,2741
132.75,1587,3296,2773
132.90,1587,3296,2760
133.05,1611,3315,2800
133.20,1607,3328,2795
133.35,1623,3354,2819
133.50,1625,3369,2843
133.65,1630,3387,2849
133.80,1648,3410,2867
133.95,1651,3430,2869
134.10,1660,3438,2888
134.25,1670,3456,2904
134.40,1675,3468,2913
134.55,1681,3490,2921
134.70,1683,3488,2943
134.85,1689,3508,2955
135.00,1694,3519,2966
135.15,1699,3531,2977
135.30,1707,3546,2974
135.45,1713,3546,3000
135.60,1723,3573,3000
135.75,1740,3579,3014
135.90,1740,3601,3031
136.05,1750,3619,3048
136.20,1762,3644,3064
136.35,1781,3666,3081
136.50,1782,3703,3117
136.65,1795,3716,3135
136.80,1801,3744,3135
136.95,1818,3751,3158
137.10,1824,3773,3185
137.25,1838,3789,3198
137.40,1847,3803,3210
137.55,1850,3847,3235
137.70,1856,3846,3244
137.85,1874,3882,3260
138.00,1876,3889,3264
138.15,1904,3956,3312
138.30,1912,3942,3327
138.45,1911,3958,3338
138.60,1920,3981,3340
138.75,1935,4017,3379
138.90,1938,4013,3372
139.05,1951,4041,3409
139.20,1979,4079,3439
139.35,1970,4092,3427
139.50,1978,4099,3442
139.65,1994,4128,3455
139.80,2005,4149,3498
139.95,2005,4149,3485
140.10,2012,4168,3500
140.25,2019,4185,3530
140.40,2035,4194,3523
140.55,2038,4208,3534
140.70,2037,4216,3545
140.85,2041,4228,3553
141.00,2056,4237,3563
141.15,2052,4248,3588
141.30,2065,4257,3598
141.45,2065,4272,3612
141.60,2070,4286,3611
141.75,2081,4303,3622
141.90,2091,4336,3639
142.05,2099,4345,3656
142.20,2119,4381,3672
142.35,2119,4401,3704
142.50,2131,4414,3723
142.65,2150,4438,3727
142.80,2153,4460,3747
142.95,2160,4476,3774
143.10,2180,4496,3792
143.25,2178,4523,3788
143.40,2193,4544,3815
143.55,2207,4553,3839
143.70,2215,4569,3837
143.85,2215,4588,3853
144.00,2227,4609,3887
144.15,2235,4627,3899
144.30,2245,4651,3920
144.45,2261,4693,3942
144.60,2266,4693,3940
144.75,2285,4720,3963
144.90,2286,4740,3993
145.05,2313,4787,4026
145.20,2306,4780,4008
145.35,2319,4802,4024
145.50,2319,4817,4034
145.65,2326,4817,4059
145.80,2340,4861,4084
145.95,2350,4851,4072
146.10,2348,4866,4102
146.25,2361,4889,4107
146.40,2373,4899,4113
146.55,2368,4906,4122
146.70,2373,4915,4145
146.85,2379,4924,4143
147.00,2385,4945,4151
147.15,2389,4956,4162
147.30,2394,4964,4170
147.45,2407,4965,4185
147.60,2405,4982,4195
147.75,2424,5011,4211
147.90,2425,5030,4238
148.05,2433,5051,4240
148.20,2444,5055,4253
148.35,2452,5078,4271
148.50,2462,5112,4287
148.65,2472,5134,4305
148.80,2483,5147,4321
148.95,2500,5162,4334
149.10,2496,5176,4346
149.25,2511,5208,4387
149.40,2514,5208,4389
149.55,2524,5232,4393
149.70,2537,5244,4402
149.85,2538,5259,4434
150.00,2542,5270,4426
150.15,2553,5289,4457
150.30,2563,5321,4462
150.45,2578,5333,4480
150.60,2587,5359,4502
150.75,2595,5383,4534
150.90,2604,5382,4520
151.05,2612,5412,4561
151.20,2611,5424,4562
151.35,2620,5429,4562
151.50,2627,5446,4575
151.65,2640,5457,4583
151.80,2654,5498,4609
151.95,2648,5499,4622
152.10,2652,5511,4635
152.25,2662,5519,4636
152.40,2668,5528,4645
152.55,2671,5542,4655
152.70,2685,5560,4663
152.85,2689,5556,4687
153.00,2687,5565,4682
153.15,2699,5576,4706
153.30,2698,5582,4701
153.45,2710,5595,4726
153.60,2715,5620,4720
153.75,2716,5621,4737
153.90,2722,5640,4747
154.05,2739,5667,4772
154.20,2740,5674,4772
154.35,2751,5699,4783
154.50,2753,5717,4799
154.65,2763,5726,4812
154.80,2770,5741,4826
154.95,2781,5749,4834
155.10,2787,5762,4846
155.25,2795,5796,4871
155.40,2796,5791,4870
155.55,2809,5810,4897
155.70,2817,5824,4898
155.85,2823,5833,4916
156.00,2830,5850,4920
156.15,2841,5877,4942
156.30,2839,5882,4946
156.45,2849,5903,4965
156.60,2863,5931,4977
156.75,2861,5927,4987
156.90,2865,5951,5009
157.05,2875,5970,5026
157.20,2882,5979,5035
157.35,2892,5991,5031
157.50,2893,6006,5043
157.65,2905,6006,5056
157.80,2906,6020,5063
157.95,2909,6031,5073
158.10,2921,6043,5083
158.25,2923,6066,5093
158.40,2931,6073,5100
158.55,2930,6073,5122
158.70,2942,6094,5117
158.85,2945,6098,5126
159.00,2944,6097,5135
159.15,2948,6105,5155
159.30,2961,6111,5150
159.45,2958,6123,5159
159.60,2962,6132,5180
159.75,2968,6146,5177
159.90,2979,6155,5187
160.05,2980,6168,5210
160.20,2988,6182,5204
160.35,2988,6192,5227
160.50,3000,6207,5226
160.65,3003,6217,5250
160.80,3009,6243,5246
160.95,3016,6244,5271
161.10,3021,6254,5279
161.25,3030,6274,5297
161.40,3035,6271,5283
161.55,3033,6283,5290
161.70,3042,6294,5303
161.85,3049,6313,5315
162.00,3054,6325,5322
162.15,3063,6340,5339
162.30,3069,6346,5358
162.45,3071,6366,5352
162.60,3077,6377,5363
162.75,3086,6399,5396
162.90,3093,6394,5388
163.05,3091,6402,5406
163.20,3099,6415,5406
163.35,3103,6425,5415
163.50,3107,6444,5423
163.65,3116,6442,5428
163.80,3114,6456,5435
163.95,3124,6455,5439
164.10,3128,6467,5449
164.25,3135,6489,5476
164.40,3138,6493,5464
164.55,3137,6499,5470
164.70,3144,6494,5477
164.85,3147,6500,5480
165.00,3143,6514,5500
165.15,3148,6512,5507
165.30,3153,6515,5498
165.45,3158,6524,5507
165.60,3158,6540,5524
165.75,3167,6540,5518
165.90,3166,6551,5539
166.05,3170,6567,5534
166.20,3172,6577,5539
166.35,3175,6587,5545
166.50,3186,6589,5570
166.65,3187,6606,5577
166.80,3195,6604,5569
166.95,3194,6623,5573
167.10,3202,6619,5582
167.25,3203,6627,5589
167.40,3206,6635,5593
167.55,3211,6650,5606
167.70,3213,6649,5621
167.85,3219,6674,5634
168.00,3222,6666,5624
168.15,3227,6676,5644
168.30,3237,6702,5645
168.45,3232,6707,5647
168.60,3239,6704,5653
168.75,3241,6710,5658
168.90,3246,6717,5665
169.05,3248,6739,5689
169.20,3250,6732,5691
169.35,3253,6741,5684
169.50,3258,6748,5689
169.65,3260,6756,5697
169.80,3269,6778,5708
169.95,3274,6771,5709
170.10,3272,6780,5712
170.25,3273,6788,5728
170.40,3275,6794,5719
170.55,3276,6786,5737
170.70,3279,6802,5726
170.85,3280,6794,5747
171.00,3282,6797,5735
171.15,3288,6799,5750
171.30,3285,6810,5740
171.45,3292,6803,5758
171.60,3289,6805,5746
171.75,3292,6825,5767
171.90,3298,6820,5758
172.05,3302,6829,5761
172.20,3302,6838,5769
172.35,3309,6845,5773
172.50,3307,6851,5778
172.65,3310,6859,5781
172.80,3311,6863,5797
172.95,3315,6869,5789
173.10,3317,6878,5792
173.25,3317,6877,5808
173.40,3321,6881,5812
173.55,3326,6888,5802
173.70,3324,6892,5822
173.85,3332,6899,5812
174.00,3329,6902,5815
174.15,3331,6905,5819
174.30,3338,6918,5829
174.45,3337,6921,5829
174.60,3339,6928,5833
174.75,3344,6924,5835
174.90,3340,6926,5838
175.05,3344,6933,5844
175.20,3346,6937,5843
175.35,3352,6941,5846
175.50,3347,6955,5862
175.65,3348,6954,5849
175.80,3351,6956,5866
175.95,3353,6949,5853
176.10,3351,6948,5853
176.25,3354,6964,5861
176.40,3353,6956,5872
176.55,3355,6956,5873
176.70,3358,6958,5860
176.85,3356,6969,5875
177.00,3356,6967,5863
177.15,3359,6955,5864
177.30,3354,6952,5878
177.45,3355,6967,5865
177.60,3360,6956,5867
177.75,3362,6969,5882
177.90,3362,6969,5870
178.05,3360,6965,5886
178.20,3360,6977,5886
178.35,3362,6972,5886
178.50,3364,6977,5887
178.65,3362,6987,5891
178.80,3364,6977,5891
178.95,3364,6990,5879
179.10,3364,6981,5880
179.25,3370,6984,5881
179.40,3367,6982,5893
179.55,3366,6986,5881
179.70,3367,6988,5882
179.85,3366,6987,5883
180.00,3370,6988,5883
180.15,3371,6990,5881
180.30,3372,6988,5879
180.45,3369,6987,5896
180.60,3365,6989,5893
180.75,3367,6988,5893
180.90,3367,6988,5878
181.05,3365,6988,5878
181.20,3366,6985,5876
181.35,3365,6984,5890
181.50,3370,6985,5875
181.65,3367,6993,5876
181.80,3364,6988,5872
181.95,3365,6988,5870
182.10,3364,6979,5886
182.25,3363,6987,5883
182.40,3363,6979,5871
182.55,3364,6987,5881
182.70,3364,6975,5869
182.85,3367,6985,5868
183.00,3364,6971,5881
183.15,3357,6978,5876
183.30,3356,6963,5862
183.45,3361,6958,5876
183.60,3355,6965,5858
183.75,3355,6966,5857
183.90,3357,6953,5856
184.05,3352,6953,5855
184.20,3354,6956,5853
184.35,3352,6962,5862
184.50,3350,6954,5861
184.65,3351,6951,5843
184.80,3349,6946,5838
184.95,3351,6953,5838
185.10,3346,6948,5847
185.25,3343,6937,5832
185.40,3346,6936,5843
185.55,3340,6941,5828
185.70,3337,6931,5825
185.85,3341,6934,5821
186.00,3339,6921,5817
186.15,3333,6931,5812
186.30,3331,6910,5819
186.45,3332,6908,5804
186.60,3326,6903,5799
186.75,3326,6908,5798
186.90,3322,6892,5791
187.05,3317,6886,5797
187.20,3321,6885,5782
187.35,3312,6880,5792
187.50,3310,6885,5773
187.65,3312,6873,5784
187.80,3309,6869,5769
187.95,3309,6858,5761
188.10,3304,6857,5759
188.25,3301,6847,5753
188.40,3302,6849,5753
188.55,3299,6842,5748
188.70,3296,6842,5744
188.85,3292,6836,5738
189.00,3291,6830,5736
189.15,3288,6826,5735
189.30,3291,6820,5732
189.45,3284,6824,5740
189.60,3287,6820,5722
189.75,3283,6812,5718
189.90,3281,6807,5726
190.05,3275,6793,5708
190.20,3273,6790,5702
190.35,3268,6783,5694
190.50,3266,6778,5703
190.65,3265,6769,5696
190.80,3258,6764,5689
190.95,3258,6756,5684
191.10,3251,6752,5666
191.25,3250,6743,5661
191.40,3246,6738,5670
191.55,3241,6718,5639
191.70,3237,6719,5653
191.85,3237,6724,5637
192.00,3232,6711,5631
192.15,3222,6688,5629
192.30,3224,6693,5609
192.45,3221,6681,5609
192.60,3218,6672,5614
192.75,3209,6660,5604
192.90,3212,6656,5586
193.05,3202,6640,5575
193.20,3196,6644,5565
193.35,3195,6632,5565
193.50,3185,6607,5557
193.65,3184,6607,5544
193.80,3182,6608,5542
193.95,3178,6605,5545
194.10,3174,6588,5526
194.25,3170,6577,5511
194.40,3170,6578,5512
194.55,3168,6565,5512
194.70,3165,6564,5499
194.85,3157,6551,5497
195.00,3154,6543,5504
195.15,3148,6544,5484
195.30,3146,6524,5494
195.45,3141,6518,5473
195.60,3139,6509,5465
195.75,3132,6499,5473
195.90,3129,6502,5453
196.05,3124,6481,5456
196.20,3117,6473,5445
196.35,3114,6472,5424
196.50,3114,6453,5415
196.65,3108,6441,5406
196.80,3098,6433,5399
196.95,3101,6422,5403
197.10,3090,6415,5398
197.25,3091,6406,5375
197.40,3079,6389,5363
197.55,3070,6373,5345
197.70,3071,6373,5361
197.85,3064,6356,5335
198.00,3060,6352,5331
198.15,3058,6352,5319
198.30,3041,6314,5315
198.45,3047,6314,5296
198.60,3025,6280,5281
198.75,3026,6291,5270
198.90,3019,6274,5254
199.05,3014,6256,5262
199.20,3008,6245,5252
199.35,3003,6244,5230
199.50,3004,6240,5241
199.65,2993,6214,5227
199.80,2988,6203,5207
199.95,2992,6208,5212
200.10,2978,6192,5186
200.25,2971,6168,5175
200.40,2968,6163,5184
200.55,2972,6155,5165
200.70,2961,6150,5150
200.85,2959,6129,5158
201.00,2950,6124,5138
201.15,2947,6110,5130
201.30,2945,6099,5121
201.45,2941,6089,5113
201.60,2937,6091,5118
201.75,2929,6069,5108
201.90,2919,6070,5095
202.05,2913,6054,5070
202.20,2907,6042,5076
202.35,2901,6027,5051
202.50,2893,6001,5051
202.65,2888,5991,5027
202.80,2884,5978,5030
202.95,2881,5968,5008
203.10,2870,5954,5013
203.25,2865,5942,4988
203.40,2856,5927,4976
203.55,2852,5915,4979
203.70,2840,5889,4945
203.85,2843,5884,4956
204.00,2833,5866,4926
204.15,2820,5852,4926
204.30,2811,5832,4896
204.45,2814,5829,4885
204.60,2797,5803,4874
204.75,2797,5786,4859
204.90,2782,5780,4860
205.05,2775,5771,4837
205.20,2775,5755,4824
205.35,2759,5721,4803
205.50,2758,5714,4816
205.65,2752,5702,4781
205.80,2745,5673,4763
205.95,2729,5656,4767
206.10,2723,5658,4744
206.25,2712,5622,4738
206.40,2714,5623,4739
206.55,2705,5610,4727
206.70,2702,5612,4708
206.85,2699,5588,4696
207.00,2690,5580,4686
207.15,2685,5567,4676
207.30,2679,5552,4681
207.45,2674,5539,4670
207.60,2669,5537,4647
207.75,2661,5513,4634
207.90,2653,5496,4622
208.05,2651,5479,4606
208.20,2640,5474,4595
208.35,2630,5460,4580
208.50,2623,5429,4567
208.65,2616,5418,4555
208.80,2611,5402,4557
208.95,2610,5404,4547
209.10,2587,5358,4504
209.25,2588,5370,4518
209.40,2583,5337,4486
209.55,2573,5330,4479
209.70,2566,5324,4463
209.85,2555,5293,4450
210.00,2547,5264,4423
210.15,2536,5252,4425
210.30,2521,5223,4404
210.45,2526,5219,4402
210.60,2509,5182,4370
210.75,2503,5181,4357
210.90,2497,5155,4330
211.05,2486,5151,4342
211.20,2478,5130,4329
211.35,2469,5112,4309
211.50,2463,5110,4286
211.65,2457,5089,4291
211.80,2440,5055,4265
211.95,2440,5049,4244
212.10,2433,5035,4224
212.25,2417,5005,4207
212.40,2413,5011,4217
212.55,2401,4973,4193
212.70,2400,4970,4191
212.85,2400,4957,4168
213.00,2384,4942,4151
213.15,2378,4930,4142
213.30,2371,4918,4132
213.45,2375,4905,4136
213.60,2367,4887,4124
213.75,2351,4883,4098
213.90,2345,4854,4081
214.05,2336,4834,4065
214.20,2325,4821,4049
214.35,2318,4802,4034
214.50,2318,4796,4037
214.65,2304,4773,4010
214.80,2306,4764,4014
214.95,2298,4758,3985
215.10,2281,4739,3970
215.25,2275,4715,3974
215.40,2272,4692,3942
215.55,2257,4676,3927
215.70,2246,4656,3922
215.85,2236,4634,3892
216.00,2229,4617,3878
216.15,2210,4580,3844
216.30,2202,4576,3849
216.45,2207,4567,3825
216.60,2187,4532,3821
216.75,2175,4510,3801
216.90,2166,4502,3783
217.05,2159,4488,3773
217.20,2152,4461,3757
217.35,2150,4447,3739
217.50,2133,4416,3724
217.65,2127,4405,3696
217.80,2125,4400,3684
217.95,2110,4373,3671
218.10,2108,4364,3650
218.25,2098,4332,3636
218.40,2084,4322,3640
218.55,2077,4302,3624
218.70,2070,4292,3616
218.85,2071,4288,3603
219.00,2055,4273,3577
219.15,2055,4255,3574
219.30,2039,4228,3563
219.45,2032,4211,3534
219.60,2034,4197,3536
219.75,2018,4181,3509
219.90,2018,4162,3506
220.05,2000,4158,3478
220.20,2000,4127,3474
220.35,1982,4120,3445
220.50,1972,4089,3430
220.65,1965,4078,3417
220.80,1967,4062,3403
220.95,1951,4047,3405
221.10,1943,4024,3374
221.25,1934,4022,3374
221.40,1933,4005,3360
221.55,1903,3958,3321
221.70,1904,3947,3321
221.85,1905,3945,3309
222.00,1896,3924,3278
222.15,1881,3879,3266
222.30,1857,3862,3225
222.45,1846,3843,3211
222.60,1850,3821,3216
222.75,1825,3787,3172
222.90,1824,3781,3167
223.05,1814,3760,3150
223.20,1805,3747,3137
223.35,1798,3730,3137
223.50,1797,3709,3105
223.65,1791,3693,3107
223.80,1769,3670,3071
223.95,1760,3665,3058
224.10,1753,3635,3057
224.25,1738,3620,3019
224.40,1735,3610,3015
224.55,1729,3599,3002
224.70,1720,3581,3001
224.85,1712,3552,2974
225.00,1706,3537,2960
225.15,1697,3521,2948
225.30,1690,3516,2949
225.45,1682,3500,2921
225.60,1685,3472,2922
225.75,1667,3458,2907
225.90,1658,3435,2893
226.05,1648,3417,2874
226.20,1639,3401,2845
226.35,1629,3380,2829
226.50,1632,3375,2813
226.65,1614,3348,2803
226.80,1606,3329,2802
226.95,1604,3304,2779
227.10,1591,3296,2775
227.25,1585,3280,2744
227.40,1567,3252,2722
227.55,1563,3242,2713
227.70,1562,3220,2695
227.85,1548,3186,2681
228.00,1533,3188,2673
228.15,1528,3146,2635
228.30,1508,3127,2619
228.45,1511,3112,2618
228.60,1489,3089,2585
228.75,1479,3079,2567
228.90,1469,3044,2550
229.05,1472,3027,2534
229.20,1453,3024,2537
229.35,1455,3006,2520
229.50,1436,2977,2493
229.65,1425,2951,2470
229.80,1416,2938,2457
229.95,1409,2920,2443
230.10,1401,2915,2444
230.25,1401,2880,2412
230.40,1392,2860,2395
230.55,1389,2851,2387
230.70,1370,2853,2391
230.85,1363,2837,2365
231.00,1365,2805,2363
231.15,1348,2790,2351
231.30,1343,2777,2340
231.45,1334,2759,2327
231.60,1326,2744,2298
231.75,1317,2727,2283
231.90,1310,2722,2266
232.05,1300,2692,2252
232.20,1292,2676,2240
232.35,1282,2657,2225
232.50,1274,2650,2207
232.65,1277,2622,2195
232.80,1259,2618,2196
232.95,1250,2581,2161
233.10,1253,2566,2148
233.25,1227,2539,2139
233.40,1222,2542,2118
233.55,1214,2512,2119
233.70,1205,2505,2102
233.85,1193,2466,2081
234.00,1198,2453,2069
234.15,1172,2439,2046
234.30,1164,2406,2031
234.45,1157,2392,2019
234.60,1158,2370,1983
234.75,1138,2361,1966
234.90,1138,2341,1949
235.05,1117,2309,1935
235.20,1106,2286,1915
235.35,1106,2262,1893
235.50,1091,2255,1889
235.65,1083,2239,1892
235.80,1075,2223,1863
235.95,1068,2206,1865
236.10,1060,2188,1849
236.25,1064,2186,1821
236.40,1047,2163,1812
236.55,1054,2150,1803
236.70,1032,2130,1786
236.85,1027,2134,1776
237.00,1018,2098,1759
237.15,1012,2086,1750
237.30,1016,2072,1751
237.45,1010,2073,1727
237.60,1004,2043,1714
237.75,983,2041,1700
237.90,988,2025,1702
238.05,980,1994,1672
238.20,969,1973,1669
238.35,964,1963,1661
238.50,942,1959,1632
238.65,935,1928,1617
238.80,928,1924,1602
238.95,916,1886,1584
239.10,909,1872,1570
239.25,902,1861,1561
239.40,905,1854,1543
239.55,882,1830,1523
239.70,874,1798,1508
239.85,878,1782,1496
240.00,868,1762,1479
240.15,856,1747,1471
240.30,833,1710,1436
240.45,831,1720,1434
240.60,834,1686,1417
240.75,807,1661,1396
240.90,805,1658,1391
241.05,796,1635,1374
241.20,789,1637,1363
241.35,795,1618,1347
241.50,787,1590,1337
241.65,762,1564,1315
241.80,761,1573,1310
241.95,752,1545,1300
242.10,758,1529,1286
242.25,749,1513,1288
242.40,732,1518,1279
242.55,740,1493,1272
242.70,734,1479,1245
242.85,716,1466,1233
243.00,708,1454,1223
243.15,705,1446,1215
243.30,712,1434,1206
243.45,693,1435,1195
243.60,688,1408,1200
243.75,680,1409,1174
243.90,672,1380,1176
244.05,678,1378,1149
244.20,657,1347,1134
244.35,653,1346,1136
244.50,652,1314,1106
244.65,647,1301,1111
244.80,639,1286,1082
244.95,623,1290,1088
245.10,627,1276,1062
245.25,608,1244,1064
245.40,605,1235,1057
245.55,597,1221,1044
245.70,589,1204,1016
245.85,584,1209,1005
246.00,577,1177,1008
246.15,567,1174,977
246.30,559,1157,964
246.45,562,1145,951
246.60,555,1129,954
246.75,546,1094,922
246.90,541,1100,914
247.05,523,1084,902
247.20,514,1049,885
247.35,520,1053,878
247.50,503,1026,880
247.65,497,1029,856
247.80,488,998,843
247.95,485,987,848
248.10,477,973,835
248.25,472,975,811
248.40,474,949,801
248.55,463,941,794
248.70,466,945,786
248.85,450,918,776
249.00,445,924,768
249.15,449,914,772
249.30,437,905,751
249.45,432,880,756
249.60,426,870,736
249.75,422,872,738
249.90,416,847,716
250.05,410,834,704
250.20,411,821,693
250.35,406,823,696
250.50,391,797,685
250.65,386,786,663
250.80,381,788,666
250.95,378,764,645
251.10,371,754,637
251.25,368,749,643
251.40,363,750,635
251.55,356,735,610
251.70,350,712,612
251.85,345,712,601
252.00,339,700,582
252.15,332,672,569
252.30,327,661,560
252.45,321,649,556
252.60,314,637,539
252.75,308,636,529
252.90,304,614,520
253.05,298,602,510
253.20,293,591,503
253.35,287,581,492
253.50,281,569,481
253.65,277,561,480
253.80,269,541,462
253.95,265,536,457
254.10,262,530,448
254.25,257,529,443
254.40,255,513,434
254.55,257,515,426
254.70,246,498,422
254.85,249,498,413
255.00,245,481,409
255.15,236,474,403
255.30,240,468,400
255.45,229,470,392
255.60,226,463,386
255.75,223,446,378
255.90,217,445,369
256.05,215,435,362
256.20,214,418,354
256.35,208,409,345
256.50,198,399,338
256.65,195,398,331
256.80,191,383,324
256.95,193,377,317
257.10,183,368,312
257.25,181,361,307
257.40,176,354,296
257.55,171,351,291
257.70,172,335,284
257.85,165,330,278
258.00,161,329,271
258.15,161,310,260
258.30,151,302,255
258.45,147,299,248
258.60,144,286,242
258.75,138,272,225
258.90,135,267,227
259.05,133,262,222
259.20,128,255,216
259.35,131,255,211
259.50,127,245,204
259.65,121,241,195
259.80,113,222,188
259.95,118,222,182
260.10,111,218,184
260.25,107,211,178
260.40,110,207,175
260.55,103,203,171
260.70,106,197,167
260.85,98,193,162
261.00,100,187,159
261.15,98,183,155
261.30,92,178,143
261.45,90,174,148
261.60,87,169,144
261.75,89,165,139
261.90,87,158,132
262.05,84,152,130
262.20,78,148,118
262.35,78,143,121
262.50,73,135,117
262.65,70,134,105
262.80,69,129,110
262.95,66,125,107
263.10,68,120,93
263.25,63,119,101
263.40,60,110,97
263.55,62,108,92
263.70,57,105,79
263.85,54,102,76
264.00,52,96,72
264.15,50,85,67
264.30,48,87,74
264.45,46,76,59
264.60,47,71,67
264.75,42,67,63
264.90,41,73,49
265.05,39,68,57
265.20,37,58,56
265.35,39,63,53
265.50,35,60,51
265.65,34,58,37
265.80,31,54,34
265.95,34,42,32
266.10,33,49,42
266.25,29,37,39
266.40,28,36,26
266.55,26,34,38
266.70,28,43,30
266.85,27,30,35
267.00,25,28,33
267.15,24,39,33
267.30,25,38,30
267.45,22,34,18
267.60,23,23,28
267.75,22,21,28
267.90,21,30,14
268.05,20,18,26
268.20,20,17,25
268.35,19,27,24
268.50,19,25,9
268.65,18,13,21
268.80,17,24,20
268.95,18,24,20
269.10,17,23,20
269.25,16,11,7
269.40,16,23,18
269.55,17,22,6
269.70,16,10,18
269.85,15,10,6
270.00,16,22,18
270.15,15,22,19
270.30,16,21,19
270.45,17,23,19
270.60,16,23,19
270.75,17,12,7
270.90,17,25,21
271.05,18,24,20
271.20,18,14,9
271.35,18,16,23
271.50,19,29,11
271.65,20,30,24
271.80,21,19,13
271.95,22,21,26
272.10,22,33,29
272.25,22,33,28
272.40,23,36,30
272.55,25,37,19
272.70,26,29,33
272.85,27,41,35
273.00,26,42,36
273.15,27,44,37
273.30,28,35,39
273.45,31,47,40
273.60,32,48,29
273.75,31,51,43
273.90,32,53,45
274.05,33,56,36
274.20,35,58,39
274.35,39,62,52
274.50,36,65,55
274.65,38,67,58
274.80,40,63,49
274.95,42,75,63
275.10,47,71,67
275.25,48,73,67
275.40,46,83,60
275.55,48,89,73
275.70,50,90,76
275.85,51,89,69
276.00,53,92,83
276.15,57,104,88
276.30,58,110,82
276.45,60,108,85
276.60,62,118,99
276.75,66,119,104
276.90,67,128,108
277.05,70,132,111
277.20,71,138,115
277.35,75,142,120
277.50,81,149,126
277.65,80,154,121
277.80,83,160,134
277.95,86,165,131
278.10,87,170,135
278.25,90,177,149
278.40,93,181,153
278.55,96,184,155
278.70,96,189,159
278.85,98,192,163
279.00,101,197,159
279.15,102,202,169
279.30,105,206,173
279.45,106,210,177
279.60,110,214,175
279.75,116,221,179
279.90,116,231,192
280.05,119,238,197
280.20,126,246,203
280.35,126,248,209
280.50,134,257,217
280.65,133,263,217
280.80,136,277,226
280.95,138,276,228
281.10,142,283,237
281.25,144,288,242
281.40,147,295,247
281.55,153,311,253
281.70,160,309,256
281.85,164,318,268
282.00,165,336,277
282.15,171,341,284
282.30,174,347,291
282.45,177,355,300
282.60,187,372,305
282.75,185,372,314
282.90,190,381,320
283.05,195,394,331
283.20,198,399,336
283.35,203,416,343
283.50,207,419,352
283.65,217,434,358
283.80,221,434,366
283.95,225,444,373
284.10,229,461,383
284.25,235,472,390
284.40,235,468,396
284.55,234,485,403
284.70,239,493,406
284.85,249,489,412
285.00,251,506,420
285.15,248,502,425
285.30,252,518,432
285.45,255,516,438
285.60,266,524,441
285.75,269,534,449
285.90,269,554,458
286.05,273,554,472
286.20,284,576,476
286.35,284,587,486
286.50,290,590,496
286.65,302,599,506
286.80,300,609,520
286.95,305,631,522
287.10,310,640,530
287.25,313,648,544
287.40,317,644,542
287.55,322,657,561
287.70,335,679,570
287.85,342,679,572
288.00,340,693,592
288.15,348,709,596
288.30,355,723,609
288.45,360,735,617
288.60,373,747,629
288.75,372,773,640
288.90,378,782,659
289.05,383,781,659
289.20,388,805,667
289.35,394,805,678
289.50,401,820,691
289.65,415,830,700
289.80,415,847,726
289.95,427,855,721
290.10,425,867,731
290.25,432,882,744
290.40,436,893,764
290.55,448,898,757
290.70,453,910,765
290.85,450,919,773
291.00,454,943,780
291.15,466,936,790
291.30,471,946,810
291.45,475,955,805
291.60,481,967,815
291.75,477,993,823
291.90,484,990,837
292.05,491,1011,848
292.20,508,1020,859
292.35,505,1035,886
292.50,522,1051,900
292.65,528,1063,896
292.80,525,1075,921
292.95,531,1104,917
293.10,548,1103,928
293.25,541,1109,933
293.40,557,1137,944
293.55,565,1138,958
293.70,571,1153,970
293.85,579,1169,1000
294.00,587,1183,996
294.15,584,1201,1012
294.30,595,1220,1044
294.45,601,1232,1037
294.60,619,1248,1050
294.75,628,1266,1081
294.90,635,1280,1079
295.05,630,1296,1090
295.20,647,1307,1101
295.35,646,1327,1117
295.50,653,1343,1146
295.65,660,1354,1141
295.80,682,1377,1160
295.95,675,1402,1168
296.10,681,1399,1179
296.25,690,1433,1210
296.40,694,1427,1201
296.55,700,1453,1211
296.70,704,1460,1219
296.85,708,1454,1226
297.00,715,1479,1236
297.15,719,1489,1243
297.30,722,1485,1253
297.45,742,1512,1263
297.60,747,1510,1274
297.75,742,1523,1302
297.90,750,1540,1315
298.05,758,1558,1315
298.20,768,1591,1328
298.35,776,1593,1358
298.50,798,1614,1375
298.65,792,1633,1375
298.80,802,1663,1389
298.95,822,1663,1400
299.10,827,1678,1428
299.25,833,1702,1421
299.40,839,1715,1448
299.55,849,1723,1467
299.70,842,1737,1477
299.85,854,1758,1481
300.00,860,1773,1492
300.15,871,1795,1511
300.30,880,1814,1540
300.45,897,1846,1558
300.60,897,1865,1557
300.75,906,1882,1573
300.90,929,1888,1589
301.05,924,1903,1618
301.20,931,1920,1630
301.35,938,1937,1645
301.50,949,1955,1648
301.65,967,1970,1673
301.80,967,1993,1677
301.95,974,2006,1704
302.10,992,2022,1717
302.25,990,2056,1733
302.40,1008,2051,1729
302.55,999,2061,1751
302.70,1004,2071,1760
302.85,1022,2080,1754
303.00,1014,2092,1766
303.15,1033,2104,1774
303.30,1025,2115,1783
303.45,1033,2129,1795
303.60,1039,2155,1806
303.75,1047,2159,1818
303.90,1055,2177,1835
304.05,1066,2195,1850
304.20,1086,2215,1873
304.35,1083,2233,1883
304.50,1095,2261,1903
304.65,1106,2280,1920
304.80,1116,2302,1938
304.95,1134,2331,1966
305.10,1142,2347,1965
305.25,1149,2345,1989
305.40,1145,2379,1991
305.55,1159,2389,2010
305.70,1165,2405,2025
305.85,1173,2422,2038
306.00,1184,2444,2058
306.15,1195,2462,2073
306.30,1204,2484,2092
306.45,1212,2516,2108
306.60,1233,2524,2124
306.75,1244,2544,2140
306.90,1256,2568,2162
307.05,1256,2591,2197
307.20,1263,2607,2195
307.35,1271,2638,2207
307.50,1280,2655,2223
307.65,1296,2654,2249
307.80,1299,2694,2256
307.95,1305,2695,2284
308.10,1313,2710,2281
308.25,1323,2741,2313
308.40,1327,2740,2308
308.55,1333,2765,2314
308.70,1338,2760,2340
308.85,1354,2771,2349
309.00,1348,2782,2344
309.15,1364,2807,2370
309.30,1360,2806,2368
309.45,1365,2820,2392
309.60,1373,2836,2391
309.75,1391,2853,2406
309.90,1392,2871,2436
310.05,1400,2892,2437
310.20,1410,2912,2455
310.35,1421,2933,2488
310.50,1433,2959,2492
310.65,1457,2983,2512
310.80,1455,3006,2532
310.95,1473,3036,2546
311.10,1484,3059,2564
311.25,1482,3060,2590
311.40,1485,3068,2584
311.55,1508,3095,2604
311.70,1519,3114,2622
311.85,1525,3133,2654
312.00,1528,3159,2658
312.15,1537,3177,2675
312.30,1551,3203,2713
312.45,1558,3232,2709
312.60,1576,3237,2726
312.75,1579,3265,2747
312.90,1596,3290,2773
313.05,1599,3318,2794
313.20,1606,3331,2794
313.35,1614,3337,2824
313.50,1625,3371,2828
313.65,1630,3374,2837
313.80,1645,3398,2862
313.95,1651,3414,2889
314.10,1660,3433,2904
314.25,1681,3450,2905
314.40,1677,3465,2918
314.55,1692,3490,2928
314.70,1685,3483,2934
314.85,1701,3495,2959
315.00,1698,3520,2955
315.15,1704,3534,2966
315.30,1721,3533,2976
315.45,1716,3545,2989
315.60,1734,3577,3019
315.75,1735,3582,3017
315.90,1743,3599,3033
316.05,1752,3634,3065
316.20,1773,3645,3070
316.35,1776,3679,3088
316.50,1784,3691,3105
316.65,1798,3717,3127
316.80,1806,3736,3142
316.95,1815,3765,3172
317.10,1831,3767,3171
317.25,1832,3802,3203
317.40,1837,3809,3194
317.55,1845,3831,3213
317.70,1856,3848,3229
317.85,1867,3863,3263
318.00,1875,3891,3278
318.15,1894,3901,3283
318.30,1897,3942,3320
318.45,1917,3950,3324
318.60,1920,3968,3355
318.75,1930,4001,3357
318.90,1948,4013,3378
319.05,1944,4021,3384
319.20,1953,4040,3400
319.35,1974,4062,3418
319.50,1977,4072,3428
319.65,1980,4095,3447
319.80,1988,4110,3475
319.95,1997,4147,3492
320.10,2005,4145,3487
320.25,2013,4166,3505
320.40,2022,4197,3519
320.55,2038,4213,3550
320.70,2038,4229,3560
320.85,2052,4226,3569
321.00,2049,4238,3581
321.15,2055,4264,3578
321.30,2060,4262,3587
321.45,2074,4274,3613
321.60,2073,4290,3611
321.75,2081,4305,3623
321.90,2091,4323,3640
322.05,2101,4344,3657
322.20,2119,4363,3687
322.35,2121,4385,3690
322.50,2130,4405,3706
322.65,2138,4423,3736
322.80,2157,4445,3741
322.95,2166,4462,3769
323.10,2166,4482,3770
323.25,2185,4515,3803
323.40,2183,4521,3804
323.55,2193,4535,3817
323.70,2204,4562,3838
323.85,2221,4579,3853
324.00,2229,4593,3880
324.15,2242,4619,3901
324.30,2253,4642,3907
324.45,2259,4680,3928
324.60,2266,4687,3959
324.75,2274,4714,3971
324.90,2291,4721,3988
325.05,2293,4738,3990
325.20,2302,4759,4006
325.35,2311,4781,4022
325.50,2315,4788,4044
325.65,2322,4804,4042
325.80,2334,4828,4062
325.95,2339,4839,4071
326.10,2348,4870,4086
326.25,2355,4886,4104
326.40,2365,4888,4114
326.55,2375,4894,4121
326.70,2369,4904,4142
326.85,2375,4921,4150
327.00,2382,4932,4147
327.15,2384,4930,4168
327.30,2389,4952,4164
327.45,2396,4953,4184
327.60,2402,4976,4201
327.75,2411,4981,4197
327.90,2419,5010,4215
328.05,2436,5020,4230
328.20,2445,5042,4245
328.35,2448,5069,4263
328.50,2459,5094,4294
328.65,2470,5119,4314
328.80,2481,5129,4329
328.95,2486,5151,4330
329.10,2494,5168,4354
329.25,2502,5185,4369
329.40,2507,5184,4365
329.55,2524,5206,4396
329.70,2530,5221,4394
329.85,2535,5241,4412
330.00,2551,5272,4431
330.15,2555,5287,4449
330.30,2570,5314,4463
330.45,2570,5314,4489
330.60,2584,5340,4496
330.75,2594,5351,4503
330.90,2604,5381,4538
331.05,2607,5393,4543
331.20,2613,5407,4566
331.35,2628,5422,4579
331.50,2628,5432,4575
331.65,2634,5445,4586
331.80,2642,5468,4602
331.95,2652,5480,4627
332.10,2655,5492,4626
332.25,2663,5510,4655
332.40,2669,5518,4648
332.55,2673,5528,4665
332.70,2682,5545,4661
332.85,2681,5540,4671
333.00,2683,5548,4689
333.15,2688,5557,4697
333.30,2698,5578,4693
333.45,2698,5575,4704
333.60,2705,5587,4715
333.75,2717,5606,4728
333.90,2718,5621,4740
334.05,2728,5649,4754
334.20,2741,5657,4768
334.35,2744,5677,4797
334.50,2754,5694,4811
334.65,2761,5715,4814
334.80,2773,5742,4832
334.95,2785,5750,4853
335.10,2787,5764,4853
335.25,2792,5776,4878
335.40,2799,5786,4888
335.55,2810,5811,4911
335.70,2814,5816,4903
335.85,2824,5835,4932
336.00,2834,5851,4944
336.15,2836,5866,4942
336.30,2848,5889,4959
336.45,2851,5896,4968
336.60,2861,5917,4983
336.75,2865,5935,4992
336.90,2872,5941,5016
337.05,2887,5962,5039
337.20,2891,5981,5029
337.35,2892,5992,5038
337.50,2907,6002,5057
337.65,2904,6004,5060
337.80,2913,6028,5078
337.95,2918,6048,5085
338.10,2925,6063,5099
338.25,2931,6061,5107
338.40,2932,6066,5128
338.55,2937,6085,5118
338.70,2940,6090,5124
338.85,2942,6084,5131
339.00,2946,6097,5136
339.15,2948,6095,5143
339.30,2952,6115,5163
339.45,2955,6112,5157
339.60,2962,6121,5168
339.75,2972,6133,5190
339.90,2974,6160,5204
340.05,2979,6162,5199
340.20,2989,6179,5209
340.35,2994,6191,5223
340.50,3008,6208,5237
340.65,3012,6228,5251
340.80,3018,6253,5261
340.95,3021,6252,5268
341.10,3028,6262,5280
341.25,3039,6283,5289
341.40,3038,6294,5298
341.55,3048,6303,5305
341.70,3049,6317,5319
341.85,3058,6336,5345
342.00,3063,6334,5335
342.15,3066,6353,5345
342.30,3072,6356,5371
342.45,3079,6367,5367
342.60,3087,6386,5382
342.75,3096,6395,5403
342.90,3097,6407,5399
343.05,3105,6423,5413
343.20,3106,6436,5416
343.35,3114,6449,5428
343.50,3123,6456,5433
343.65,3121,6454,5439
343.80,3132,6479,5464
343.95,3131,6478,5473
344.10,3139,6484,5477
344.25,3143,6505,5473
344.40,3144,6498,5493
344.55,3147,6504,5482
344.70,3145,6509,5502
344.85,3154,6521,5492
345.00,3152,6516,5496
345.15,3152,6523,5504
345.30,3156,6536,5523
345.45,3158,6540,5519
345.60,3166,6540,5519
345.75,3167,6547,5526
345.90,3171,6568,5548
346.05,3177,6578,5543
346.20,3183,6581,5552
346.35,3185,6602,5559
346.50,3193,6606,5569
346.65,3199,6618,5592
346.80,3202,6629,5588
346.95,3208,6635,5594
347.10,3214,6649,5598
347.25,3215,6657,5621
347.40,3221,6662,5628
347.55,3222,6683,5621
347.70,3231,6679,5631
347.85,3232,6686,5647
348.00,3241,6697,5641
348.15,3241,6716,5652
348.30,3246,6715,5658
348.45,3248,6723,5664
348.60,3253,6731,5673
348.75,3257,6740,5679
348.90,3258,6752,5698
349.05,3269,6752,5690
349.20,3266,6756,5706
349.35,3267,6763,5712
349.50,3274,6771,5717
349.65,3274,6775,5709
349.80,3280,6786,5716
349.95,3281,6802,5719
350.10,3283,6795,5723
350.25,3287,6802,5729
350.40,3287,6815,5732
350.55,3290,6806,5737
350.70,3292,6821,5738
350.85,3292,6822,5755
351.00,3292,6812,5757
351.15,3293,6815,5758
351.30,3297,6819,5763
351.45,3297,6822,5768
351.60,3299,6834,5758
351.75,3306,6830,5776
351.90,3305,6834,5769
352.05,3314,6843,5776
352.20,3315,6852,5780
352.35,3320,6868,5797
352.50,3318,6877,5786
352.65,3325,6884,5791
352.80,3326,6878,5797
352.95,3326,6879,5799
353.10,3332,6898,5803
353.25,3329,6891,5807
353.40,3335,6902,5810
353.55,3336,6898,5815
353.70,3342,6904,5817
353.85,3339,6917,5836
354.00,3341,6914,5839
354.15,3346,6916,5830
354.30,3345,6922,5833
354.45,3347,6936,5836
354.60,3354,6929,5838
354.75,3355,6942,5856
354.90,3350,6936,5845
355.05,3354,6937,5862
355.20,3354,6941,5850
355.35,3359,6944,5851
355.50,3359,6952,5856
355.65,3362,6958,5872
355.80,3365,6961,5875
355.95,3363,6956,5863
356.10,3361,6960,5864
356.25,3368,6961,5881
356.40,3363,6970,5881
356.55,3364,6964,5869
356.70,3364,6958,5868
356.85,3367,6960,5866
357.00,3369,6960,5875
357.15,3364,6958,5870
357.30,3368,6959,5873
357.45,3365,6960,5887
357.60,3364,6962,5888
357.75,3367,6964,5876
357.90,3369,6965,5877
358.05,3368,6975,5876
358.20,3373,6977,5882
358.35,3369,6973,5895
358.50,3370,6976,5885
358.65,3380,6983,5902
358.80,3374,6985,5887
358.95,3376,6986,5888
359.10,3381,6996,5902
359.25,3374,6988,5902
359.40,3378,6999,5890
359.55,3380,6995,5890
359.70,3376,6991,5904
359.85,3377,6988,5907
360.00,3377,6991,5892
