0.00,13043,22890,21620
0.15,13019,22933,21471
0.30,13010,22951,21426
0.45,13006,22955,21362
0.60,13003,22999,21333
0.75,12995,23017,21285
0.90,12974,23023,21241
1.05,13004,23050,21227
1.20,12999,23052,21208
1.35,12995,23070,21147
1.50,12998,23051,21123
1.65,13022,23067,21104
1.80,13029,23091,21101
1.95,13001,23059,21026
2.10,12998,23063,21001
2.25,13014,23076,21023
2.40,13008,23131,20986
2.55,12993,23139,20943
2.70,12998,23152,20950
2.85,13035,23111,20909
3.00,12948,23014,20744
3.15,12879,22937,20654
3.30,12826,22882,20544
3.45,12773,22821,20444
3.60,12736,22789,20377
3.75,12698,22739,20307
3.90,12676,22701,20265
4.05,12683,22706,20271
4.20,12682,22702,20286
4.35,12718,22757,20364
4.50,12775,22821,20458
4.65,12785,22826,20481
4.80,12824,22873,20563
4.95,12890,22946,20714
5.10,12880,22943,20696
5.25,12869,22915,20670
5.40,12853,22911,20657
5.55,12860,22915,20669
5.70,12855,22906,20654
5.85,12829,22879,20602
6.00,12806,22851,20563
6.15,12785,22829,20543
6.30,12772,22808,20519
6.45,12766,22801,20522
6.60,12741,22764,20472
6.75,12730,22756,20456
6.90,12729,22743,20465
7.05,12713,22716,20428
7.20,12703,22706,20420
7.35,12699,22694,20416
7.50,12668,22669,20380
7.65,12655,22639,20364
7.80,12637,22606,20340
7.95,12634,22600,20352
8.10,12600,22542,20293
8.25,12595,22535,20319
8.40,12582,22508,20313
8.55,12548,22459,20249
8.70,12555,22439,20277
8.85,12514,22378,20213
9.00,12436,22269,20073
9.15,12391,22187,20005
9.30,12314,22072,19880
9.45,12261,21989,19790
9.60,12216,21915,19726
9.75,12160,21817,19636
9.90,12149,21800,19642
10.05,12137,21758,19629
10.20,12143,21762,19640
10.35,12158,21759,19688
10.50,12181,21775,19757
10.65,12199,21793,19822
10.80,12199,21770,19822
10.95,12252,21808,19924
11.10,12227,21774,19919
11.25,12214,21737,19897
11.40,12188,21691,19865
11.55,12183,21660,19867
11.70,12138,21587,19797
11.85,12109,21537,19758
12.00,12095,21503,19756
12.15,12059,21428,19686
12.30,12032,21379,19653
12.45,12019,21351,19663
12.60,11993,21280,19606
12.75,11966,21229,19566
12.90,11943,21183,19526
13.05,11923,21126,19501
13.20,11897,21075,19446
13.35,11874,21022,19396
13.50,11867,20994,19395
13.65,11851,20953,19359
13.80,11828,20897,19318
13.95,11814,20850,19300
14.10,11746,20757,19193
14.25,11737,20715,19179
14.40,11706,20658,19125
14.55,11685,20602,19097
14.70,11664,20560,19063
14.85,11629,20497,19000
15.00,11566,20388,18879
15.15,11529,20306,18799
15.30,11457,20176,18649
15.45,11423,20124,18599
15.60,11365,20012,18468
15.75,11321,19938,18402
15.90,11313,19920,18394
16.05,11290,19866,18346
16.20,11272,19834,18328
16.35,11285,19828,18361
16.50,11305,19852,18401
16.65,11297,19830,18411
16.80,11291,19793,18391
16.95,11289,19785,18420
17.10,11269,19728,18371
17.25,11255,19682,18351
17.40,11236,19644,18324
17.55,11204,19588,18263
17.70,11181,19537,18227
17.85,11162,19499,18206
18.00,11122,19418,18131
18.15,11091,19367,18081
18.30,11079,19339,18069
18.45,11047,19277,18019
18.60,11003,19198,17932
18.75,10986,19163,17909
18.90,10936,19083,17839
19.05,10913,19029,17807
19.20,10901,18987,17773
19.35,10865,18939,17711
19.50,10836,18880,17674
19.65,10816,18824,17618
19.80,10802,18792,17605
19.95,10780,18747,17573
20.10,10730,18673,17480
20.25,10715,18635,17469
20.40,10670,18565,17385
20.55,10650,18517,17348
20.70,10637,18484,17326
20.85,10615,18442,17295
21.00,10572,18369,17226
21.15,10526,18295,17129
21.30,10479,18221,17053
21.45,10442,18149,16972
21.60,10386,18070,16876
21.75,10342,18001,16805
21.90,10324,17964,16766
22.05,10302,17916,16732
22.20,10281,17871,16706
22.35,10266,17855,16700
22.50,10271,17848,16719
22.65,10259,17815,16702
22.80,10236,17770,16665
22.95,10226,17750,16661
23.10,10206,17704,16621
23.25,10170,17638,16560
23.40,10144,17589,16521
23.55,10131,17556,16501
23.70,10072,17456,16402
23.85,10054,17410,16370
24.00,10023,17363,16329
24.15,9995,17298,16270
24.30,9970,17255,16228
24.45,9933,17180,16167
24.60,9892,17112,16097
24.75,9851,17035,16026
24.90,9815,16977,15967
25.05,9789,16923,15935
25.20,9750,16854,15872
25.35,9732,16806,15829
25.50,9701,16763,15795
25.65,9677,16710,15756
25.80,9638,16644,15684
25.95,9618,16597,15648
26.10,9580,16526,15590
26.25,9559,16487,15562
26.40,9530,16429,15502
26.55,9492,16366,15455
26.70,9468,16323,15398
26.85,9450,16284,15361
27.00,9387,16197,15262
27.15,9351,16129,15204
27.30,9299,16046,15109
27.45,9257,15974,15043
27.60,9218,15903,14961
27.75,9172,15830,14893
27.90,9145,15780,14841
28.05,9125,15744,14818
28.20,9105,15695,14773
28.35,9084,15660,14740
28.50,9083,15645,14754
28.65,9061,15607,14712
28.80,9053,15574,14692
28.95,9051,15561,14704
29.10,9031,15524,14674
29.25,8999,15470,14624
29.40,8963,15413,14567
29.55,8947,15377,14535
29.70,8906,15310,14476
29.85,8881,15261,14431
30.00,8842,15182,14367
30.15,8814,15137,14322
30.30,8782,15082,14262
30.45,8745,15010,14209
30.60,8689,14913,14116
30.75,8676,14889,14102
30.90,8636,14813,14029
31.05,8598,14748,13953
31.20,8576,14713,13921
31.35,8536,14639,13856
31.50,8507,14587,13812
31.65,8475,14532,13761
31.80,8440,14465,13689
31.95,8415,14416,13652
32.10,8379,14352,13599
32.25,8360,14311,13569
32.40,8328,14265,13508
32.55,8293,14200,13448
32.70,8269,14143,13400
32.85,8238,14101,13346
33.00,8179,14015,13242
33.15,8148,13956,13180
33.30,8096,13876,13091
33.45,8060,13816,13034
33.60,8027,13750,12963
33.75,7982,13678,12883
33.90,7953,13631,12852
34.05,7930,13583,12800
34.20,7906,13542,12768
34.35,7891,13498,12740
34.50,7881,13478,12743
34.65,7870,13449,12710
34.80,7846,13399,12674
34.95,7835,13374,12667
35.10,7797,13304,12612
35.25,7772,13260,12565
35.40,7751,13222,12536
35.55,7734,13180,12497
35.70,7707,13132,12453
35.85,7665,13060,12388
36.00,7644,13020,12355
36.15,7602,12938,12287
36.30,7556,12870,12214
36.45,7533,12821,12169
36.60,7482,12729,12087
36.75,7452,12679,12027
36.90,7427,12636,11988
37.05,7388,12562,11929
37.20,7363,12507,11870
37.35,7318,12445,11806
37.50,7285,12374,11758
37.65,7254,12323,11695
37.80,7221,12265,11641
37.95,7191,12221,11610
38.10,7146,12136,11520
38.25,7128,12100,11491
38.40,7099,12053,11448
38.55,7066,11997,11385
38.70,7035,11946,11335
38.85,7011,11910,11307
39.00,6958,11821,11188
39.15,6922,11764,11136
39.30,6879,11688,11053
39.45,6848,11631,10999
39.60,6814,11578,10938
39.75,6777,11515,10873
39.90,6749,11473,10833
40.05,6717,11414,10780
40.20,6693,11372,10754
40.35,6675,11332,10717
40.50,6662,11303,10708
40.65,6644,11279,10678
40.80,6612,11211,10625
40.95,6599,11183,10622
41.10,6576,11144,10570
41.25,6546,11086,10531
41.40,6514,11039,10474
41.55,6492,10985,10423
41.70,6476,10955,10413
41.85,6448,10901,10366
42.00,6414,10840,10305
42.15,6382,10794,10241
42.30,6332,10713,10176
42.45,6303,10650,10118
42.60,6253,10559,10023
42.75,6231,10523,9985
42.90,6183,10443,9899
43.05,6151,10391,9854
43.20,6127,10339,9809
43.35,6100,10283,9770
43.50,6065,10222,9702
43.65,6033,10175,9648
43.80,6000,10109,9602
43.95,5982,10085,9579
44.10,5961,10010,9498
44.25,5928,9956,9455
44.40,5909,9916,9406
44.55,5878,9861,9355
44.70,5851,9822,9313
44.85,5818,9765,9260
45.00,5785,9702,9198
45.15,5753,9647,9143
45.30,5724,9602,9108
45.45,5686,9540,9042
45.60,5659,9504,8998
45.75,5621,9438,8916
45.90,5599,9391,8882
46.05,5580,9356,8849
46.20,5550,9312,8815
46.35,5534,9275,8780
46.50,5513,9240,8756
46.65,5484,9185,8722
46.80,5443,9116,8639
46.95,5411,9066,8607
47.10,5383,9014,8546
47.25,5360,8968,8508
47.40,5317,8895,8448
47.55,5290,8861,8396
47.70,5256,8800,8337
47.85,5229,8759,8305
48.00,5205,8711,8256
48.15,5157,8628,8169
48.30,5130,8585,8128
48.45,5086,8512,8055
48.60,5053,8459,8014
48.75,5012,8385,7935
48.90,4980,8340,7883
49.05,4952,8280,7838
49.20,4915,8222,7780
49.35,4877,8167,7718
49.50,4854,8130,7683
49.65,4826,8070,7638
49.80,4793,8027,7597
49.95,4757,7971,7540
50.10,4704,7891,7467
50.25,4685,7852,7427
50.40,4651,7791,7366
50.55,4629,7753,7345
50.70,4601,7706,7284
50.85,4581,7673,7269
51.00,4545,7614,7196
51.15,4523,7590,7160
51.30,4489,7523,7101
51.45,4461,7478,7066
51.60,4432,7433,7007
51.75,4400,7377,6962
51.90,4372,7332,6907
52.05,4343,7287,6875
52.20,4318,7252,6818
52.35,4297,7205,6787
52.50,4273,7164,6761
52.65,4247,7120,6713
52.80,4219,7069,6665
52.95,4192,7020,6624
53.10,4165,6986,6579
53.25,4133,6930,6538
53.40,4106,6878,6484
53.55,4089,6847,6459
53.70,4065,6821,6420
53.85,4025,6741,6354
54.00,4004,6708,6336
54.15,3963,6637,6263
54.30,3938,6592,6216
54.45,3908,6541,6162
54.60,3862,6462,6105
54.75,3828,6414,6042
54.90,3810,6373,6004
55.05,3769,6323,5943
55.20,3733,6248,5880
55.35,3704,6197,5830
55.50,3682,6168,5795
55.65,3649,6105,5744
55.80,3624,6056,5699
55.95,3601,6031,5664
56.10,3553,5946,5604
56.25,3538,5916,5561
56.40,3502,5859,5507
56.55,3475,5806,5454
56.70,3453,5785,5426
56.85,3435,5750,5400
57.00,3409,5711,5345
57.15,3384,5677,5308
57.30,3354,5611,5254
57.45,3327,5575,5226
57.60,3300,5543,5170
57.75,3272,5496,5133
57.90,3251,5441,5078
58.05,3220,5400,5053
58.20,3196,5360,5001
58.35,3171,5315,4965
58.50,3156,5289,4931
58.65,3130,5244,4919
58.80,3105,5196,4876
58.95,3082,5158,4833
59.10,3057,5113,4793
59.25,3031,5067,4750
59.40,3017,5042,4723
59.55,2993,5014,4687
59.70,2977,4986,4677
59.85,2957,4938,4623
60.00,2926,4891,4582
60.15,2895,4833,4524
60.30,2867,4781,4490
60.45,2835,4733,4429
60.60,2796,4682,4385
60.75,2765,4624,4337
60.90,2743,4598,4285
61.05,2712,4532,4237
61.20,2681,4496,4205
61.35,2658,4453,4149
61.50,2642,4404,4115
61.65,2619,4375,4077
61.80,2581,4313,4043
61.95,2574,4298,4003
62.10,2537,4232,3951
62.25,2513,4195,3917
62.40,2496,4162,3886
62.55,2464,4114,3835
62.70,2448,4086,3813
62.85,2423,4045,3774
63.00,2406,4004,3728
63.15,2381,3975,3695
63.30,2362,3937,3657
63.45,2335,3899,3620
63.60,2316,3881,3585
63.75,2293,3827,3547
63.90,2272,3794,3514
64.05,2252,3761,3488
64.20,2238,3722,3464
64.35,2213,3702,3439
64.50,2195,3667,3397
64.65,2174,3621,3380
64.80,2150,3577,3328
64.95,2139,3546,3298
65.10,2109,3511,3280
65.25,2096,3475,3246
65.40,2063,3432,3206
65.55,2044,3396,3156
65.70,2023,3363,3128
65.85,1999,3325,3091
66.00,1976,3283,3051
66.15,1958,3249,3005
66.30,1923,3197,2966
66.45,1902,3146,2920
66.60,1860,3100,2866
66.75,1844,3045,2824
66.90,1822,3027,2819
67.05,1807,2984,2781
67.20,1785,2946,2729
67.35,1751,2907,2691
67.50,1726,2865,2670
67.65,1710,2835,2625
67.80,1700,2800,2592
67.95,1674,2772,2568
68.10,1651,2750,2530
68.25,1630,2700,2498
68.40,1615,2674,2487
68.55,1588,2631,2432
68.70,1574,2607,2427
68.85,1561,2600,2387
69.00,1546,2573,2379
69.15,1529,2546,2349
69.30,1512,2505,2321
69.45,1496,2477,2293
69.60,1477,2463,2250
69.75,1461,2434,2235
69.90,1444,2391,2206
70.05,1426,2363,2167
70.20,1419,2331,2139
70.35,1390,2302,2128
70.50,1386,2289,2088
70.65,1368,2243,2061
70.80,1335,2218,2026
70.95,1316,2175,2015
71.10,1293,2134,1962
71.25,1278,2108,1951
71.40,1254,2081,1913
71.55,1245,2053,1885
71.70,1240,2028,1860
71.85,1202,1982,1830
72.00,1188,1959,1796
72.15,1178,1920,1774
72.30,1148,1892,1732
72.45,1142,1876,1703
72.60,1105,1820,1664
72.75,1082,1782,1642
72.90,1064,1749,1598
73.05,1050,1739,1572
73.20,1033,1699,1548
73.35,1012,1678,1531
73.50,1001,1645,1497
73.65,985,1615,1472
73.80,968,1587,1457
73.95,949,1561,1418
74.10,926,1521,1382
74.25,915,1499,1362
74.40,917,1480,1343
74.55,898,1451,1317
74.70,876,1435,1315
74.85,880,1432,1285
75.00,856,1401,1282
75.15,844,1384,1250
75.30,832,1364,1230
75.45,821,1362,1211
75.60,811,1343,1193
75.75,798,1307,1190
75.90,785,1302,1171
76.05,786,1266,1135
76.20,760,1257,1129
76.35,746,1234,1108
76.50,732,1210,1072
76.65,718,1187,1052
76.80,701,1159,1026
76.95,700,1134,1006
77.10,676,1111,1000
77.25,660,1088,962
77.40,651,1074,947
77.55,642,1041,932
77.70,632,1041,918
77.85,611,1003,884
78.00,612,974,885
78.15,590,953,866
78.30,579,935,835
78.45,563,910,824
78.60,549,887,803
78.75,534,862,766
78.90,531,839,744
79.05,506,816,724
79.20,499,800,708
79.35,479,781,680
79.50,477,766,690
79.65,475,747,662
79.80,463,728,642
79.95,447,726,641
80.10,433,703,620
80.25,427,694,602
80.40,426,667,598
80.55,407,659,571
80.70,402,638,570
80.85,394,625,548
81.00,394,624,538
81.15,379,604,536
81.30,381,603,525
81.45,368,582,507
81.60,359,570,496
81.75,353,558,484
81.90,345,546,473
82.05,344,543,467
82.20,329,518,449
82.35,321,505,437
82.50,314,491,430
82.65,305,477,414
82.80,297,459,399
82.95,287,454,385
83.10,278,429,372
83.25,272,420,364
83.40,266,418,354
83.55,259,396,344
83.70,255,391,337
83.85,247,379,328
84.00,238,364,314
84.15,232,353,303
84.30,231,348,293
84.45,215,325,278
84.60,213,312,268
84.75,203,310,261
84.90,197,300,252
85.05,195,282,240
85.20,189,272,233
85.35,186,272,228
85.50,175,262,221
85.65,175,248,209
85.80,171,248,208
85.95,163,235,203
86.10,157,226,194
86.25,159,221,191
86.40,154,215,185
86.55,146,207,180
86.70,147,206,176
86.85,141,201,172
87.00,138,193,168
87.15,136,191,165
87.30,138,185,163
87.45,131,182,159
87.60,130,179,155
87.75,126,174,153
87.90,125,169,142
88.05,121,165,146
88.20,119,159,142
88.35,116,156,132
88.50,118,150,138
88.65,112,146,134
88.80,110,143,131
88.95,106,140,128
89.10,106,135,119
89.25,104,134,125
89.40,106,132,124
89.55,103,129,124
89.70,105,128,122
89.85,98,126,121
90.00,99,122,114
90.15,102,124,114
90.30,98,122,114
90.45,101,119,122
90.60,97,121,116
90.75,98,122,125
90.90,102,119,127
91.05,102,123,130
91.20,99,124,131
91.35,100,125,127
91.50,102,128,137
91.65,106,127,139
91.80,104,130,143
91.95,104,132,137
92.10,107,137,151
92.25,109,135,145
92.40,109,139,155
92.55,111,141,160
92.70,113,145,161
92.85,118,148,159
93.00,115,150,161
93.15,117,151,170
93.30,117,153,175
93.45,120,155,177
93.60,123,159,180
93.75,127,162,185
93.90,130,166,189
94.05,129,170,190
94.20,133,176,197
94.35,140,183,208
94.50,144,190,215
94.65,145,194,226
94.80,153,204,229
94.95,158,211,239
95.10,159,220,252
95.25,167,226,260
95.40,172,241,274
95.55,178,241,276
95.70,177,249,283
95.85,187,257,293
96.00,186,263,301
96.15,192,272,311
96.30,198,282,321
96.45,213,299,340
96.60,214,309,351
96.75,222,322,367
96.90,231,328,372
97.05,240,341,387
97.20,244,356,397
97.35,246,360,407
97.50,252,370,418
97.65,258,382,431
97.80,272,401,447
97.95,274,406,462
98.10,281,427,469
98.25,286,427,480
98.40,297,443,496
98.55,302,454,514
98.70,307,460,516
98.85,318,468,531
99.00,316,476,539
99.15,321,482,539
99.30,325,490,547
99.45,330,507,555
99.60,335,517,575
99.75,342,527,576
99.90,348,529,599
100.05,357,553,602
100.20,366,559,629
100.35,384,584,635
100.50,387,590,653
100.65,397,607,683
100.80,410,630,693
100.95,423,661,726
101.10,433,665,731
101.25,442,684,751
101.40,452,697,764
101.55,472,715,786
101.70,481,742,800
101.85,486,753,837
102.00,492,776,834
102.15,514,798,857
102.30,529,822,880
102.45,544,834,908
102.60,545,864,936
102.75,558,871,948
102.90,582,894,970
103.05,588,921,1007
103.20,598,953,1032
103.35,610,958,1035
103.50,626,999,1078
103.65,630,993,1072
103.80,644,1013,1094
103.95,654,1029,1125
104.10,669,1070,1137
104.25,678,1084,1151
104.40,689,1087,1186
104.55,715,1110,1209
104.70,713,1140,1211
104.85,720,1153,1224
105.00,725,1148,1234
105.15,734,1160,1244
105.30,740,1186,1256
105.45,747,1183,1270
105.60,755,1198,1284
105.75,765,1215,1315
105.90,789,1233,1318
106.05,789,1268,1342
106.20,804,1279,1366
106.35,832,1318,1392
106.50,837,1332,1422
106.65,853,1359,1449
106.80,874,1390,1483
106.95,893,1423,1517
107.10,924,1453,1561
107.25,925,1490,1570
107.40,956,1522,1602
107.55,958,1528,1625
107.70,969,1546,1657
107.85,981,1584,1665
108.00,1008,1611,1721
108.15,1024,1640,1752
108.30,1033,1669,1768
108.45,1068,1692,1790
108.60,1084,1737,1837
108.75,1094,1752,1867
108.90,1125,1787,1903
109.05,1147,1835,1922
109.20,1151,1847,1951
109.35,1165,1883,1972
109.50,1196,1918,2010
109.65,1200,1927,2045
109.80,1215,1954,2059
109.95,1240,1991,2112
110.10,1258,2006,2112
110.25,1277,2037,2144
110.40,1286,2052,2157
110.55,1296,2087,2194
110.70,1309,2122,2217
110.85,1317,2134,2226
111.00,1336,2147,2242
111.15,1333,2146,2268
111.30,1341,2176,2268
111.45,1350,2178,2284
111.60,1373,2196,2301
111.75,1373,2230,2336
111.90,1399,2240,2348
112.05,1418,2285,2380
112.20,1427,2302,2425
112.35,1458,2336,2462
112.50,1469,2372,2484
112.65,1494,2426,2538
112.80,1523,2459,2573
112.95,1558,2500,2628
113.10,1572,2539,2669
113.25,1593,2577,2692
113.40,1605,2610,2711
113.55,1621,2622,2751
113.70,1647,2661,2781
113.85,1670,2699,2805
114.00,1682,2721,2839
114.15,1708,2762,2896
114.30,1730,2812,2919
114.45,1752,2833,2954
114.60,1789,2881,3018
114.75,1807,2909,3031
114.90,1821,2960,3068
115.05,1848,3003,3111
115.20,1872,3018,3141
115.35,1900,3067,3205
115.50,1906,3100,3211
115.65,1927,3121,3248
115.80,1951,3161,3289
115.95,1964,3197,3310
116.10,1999,3241,3368
116.25,2009,3257,3400
116.40,2037,3301,3416
116.55,2066,3337,3481
116.70,2067,3353,3480
116.85,2074,3366,3494
117.00,2093,3380,3506
117.15,2092,3409,3521
117.30,2103,3415,3537
117.45,2112,3429,3552
117.60,2126,3452,3576
117.75,2140,3476,3613
117.90,2159,3506,3627
118.05,2178,3552,3660
118.20,2203,3593,3703
118.35,2230,3624,3747
118.50,2259,3671,3797
118.65,2288,3716,3849
118.80,2318,3781,3898
118.95,2353,3823,3954
119.10,2388,3878,4012
119.25,2411,3903,4040
119.40,2424,3942,4074
119.55,2456,3980,4128
119.70,2482,4029,4164
119.85,2490,4047,4185
120.00,2514,4086,4220
120.15,2546,4153,4292
120.30,2566,4185,4312
120.45,2598,4225,4362
120.60,2625,4270,4406
120.75,2658,4323,4474
120.90,2685,4356,4496
121.05,2708,4404,4544
121.20,2741,4460,4599
121.35,2754,4480,4620
121.50,2791,4545,4687
121.65,2805,4576,4706
121.80,2821,4595,4737
121.95,2844,4625,4780
122.10,2876,4694,4826
122.25,2893,4713,4868
122.40,2920,4746,4892
122.55,2944,4795,4951
122.70,2957,4815,4957
122.85,2971,4840,4982
123.00,2979,4860,4985
123.15,2989,4880,5009
123.30,2999,4895,5021
123.45,3011,4905,5039
123.60,3018,4920,5053
123.75,3039,4949,5080
123.90,3064,4995,5124
124.05,3089,5039,5160
124.20,3115,5080,5227
124.35,3149,5133,5273
124.50,3183,5201,5335
124.65,3218,5244,5390
124.80,3255,5302,5447
124.95,3287,5360,5512
125.10,3312,5407,5548
125.25,3336,5433,5581
125.40,3367,5490,5639
125.55,3380,5518,5673
125.70,3401,5541,5693
125.85,3427,5583,5735
126.00,3472,5657,5808
126.15,3503,5715,5859
126.30,3512,5720,5872
126.45,3548,5779,5946
126.60,3602,5870,6026
126.75,3622,5908,6059
126.90,3631,5919,6075
127.05,3666,5986,6129
127.20,3688,6021,6176
127.35,3732,6098,6240
127.50,3737,6103,6250
127.65,3763,6138,6292
127.80,3788,6177,6331
127.95,3813,6231,6373
128.10,3858,6298,6454
128.25,3891,6348,6502
128.40,3889,6354,6515
128.55,3921,6403,6559
128.70,3931,6421,6569
128.85,3939,6424,6581
129.00,3943,6445,6585
129.15,3949,6456,6592
129.30,3959,6463,6606
129.45,3966,6480,6622
129.60,3979,6500,6638
129.75,3995,6538,6661
129.90,4016,6563,6697
130.05,4043,6616,6757
130.20,4072,6651,6790
130.35,4105,6707,6846
130.50,4146,6768,6913
130.65,4179,6825,6969
130.80,4221,6892,7044
130.95,4264,6960,7118
131.10,4301,7022,7179
131.25,4323,7058,7214
131.40,4352,7103,7264
131.55,4379,7158,7307
131.70,4407,7194,7350
131.85,4434,7242,7408
132.00,4448,7274,7424
132.15,4493,7341,7491
132.30,4510,7374,7521
132.45,4559,7442,7604
132.60,4595,7517,7664
132.75,4602,7517,7688
132.90,4636,7574,7749
133.05,4699,7684,7848
133.20,4699,7672,7831
133.35,4729,7723,7881
133.50,4763,7787,7936
133.65,4771,7797,7961
133.80,4817,7865,8021
133.95,4828,7888,8060
134.10,4876,7970,8124
134.25,4876,7961,8123
134.40,4899,8011,8161
134.55,4934,8058,8231
134.70,4948,8077,8239
134.85,4959,8100,8273
135.00,4964,8107,8264
135.15,4967,8123,8268
135.30,4975,8137,8285
135.45,4982,8145,8298
135.60,4991,8170,8312
135.75,5004,8181,8329
135.90,5030,8225,8360
136.05,5056,8268,8401
136.20,5085,8324,8460
136.35,5124,8380,8534
136.50,5163,8450,8589
136.65,5203,8500,8667
136.80,5247,8569,8730
136.95,5286,8632,8812
137.10,5315,8677,8841
137.25,5340,8718,8882
137.40,5368,8772,8928
137.55,5392,8817,8988
137.70,5417,8844,9025
137.85,5449,8901,9075
138.00,5472,8938,9104
138.15,5525,9026,9203
138.30,5535,9041,9200
138.45,5613,9169,9334
138.60,5610,9161,9342
138.75,5642,9221,9378
138.90,5674,9267,9430
139.05,5709,9328,9506
139.20,5715,9329,9499
139.35,5762,9411,9570
139.50,5795,9470,9631
139.65,5795,9465,9632
139.80,5849,9553,9735
139.95,5853,9555,9734
140.10,5896,9628,9797
140.25,5891,9623,9792
140.40,5913,9658,9831
140.55,5946,9706,9879
140.70,5959,9737,9913
140.85,5969,9753,9934
141.00,5976,9762,9928
141.15,5977,9767,9920
141.30,5982,9778,9929
141.45,5990,9792,9937
141.60,5995,9801,9956
141.75,6008,9826,9964
141.90,6023,9852,9999
142.05,6054,9896,10034
142.20,6083,9947,10086
142.35,6118,10003,10143
142.50,6161,10068,10215
142.65,6194,10117,10270
142.80,6237,10192,10350
142.95,6294,10274,10442
143.10,6328,10331,10504
143.25,6353,10375,10545
143.40,6396,10447,10616
143.55,6404,10466,10644
143.70,6438,10512,10688
143.85,6491,10599,10768
144.00,6485,10594,10763
144.15,6511,10634,10817
144.30,6540,10685,10862
144.45,6558,10711,10881
144.60,6598,10774,10939
144.75,6640,10849,11026
144.90,6688,10924,11090
145.05,6686,10923,11090
145.20,6759,11040,11212
145.35,6761,11046,11212
145.50,6780,11066,11239
145.65,6780,11075,11244
145.80,6835,11168,11339
145.95,6838,11164,11335
146.10,6870,11218,11398
146.25,6882,11238,11406
146.40,6896,11271,11435
146.55,6932,11312,11482
146.70,6929,11318,11497
146.85,6932,11320,11481
147.00,6928,11321,11471
147.15,6926,11319,11477
147.30,6924,11322,11458
147.45,6926,11328,11460
147.60,6931,11333,11459
147.75,6935,11341,11472
147.90,6954,11379,11515
148.05,6987,11424,11553
148.20,7012,11472,11607
148.35,7054,11534,11673
148.50,7098,11596,11749
148.65,7135,11662,11803
148.80,7183,11734,11898
148.95,7231,11815,11983
149.10,7276,11877,12066
149.25,7305,11931,12097
149.40,7327,11958,12131
149.55,7368,12035,12213
149.70,7369,12027,12201
149.85,7393,12071,12250
150.00,7423,12114,12294
150.15,7422,12114,12291
150.30,7450,12165,12337
150.45,7484,12219,12390
150.60,7516,12269,12458
150.75,7541,12312,12484
150.90,7587,12390,12560
151.05,7586,12383,12572
151.20,7617,12426,12619
151.35,7672,12525,12710
151.50,7665,12522,12707
151.65,7666,12512,12691
151.80,7730,12620,12797
151.95,7729,12612,12793
152.10,7761,12662,12846
152.25,7758,12660,12836
152.40,7768,12679,12862
152.55,7795,12723,12898
152.70,7812,12745,12924
152.85,7823,12766,12940
153.00,7805,12746,12906
153.15,7801,12750,12901
153.30,7807,12755,12900
153.45,7794,12749,12894
153.60,7800,12763,12888
153.75,7808,12763,12892
153.90,7825,12795,12937
154.05,7854,12835,12964
154.20,7880,12876,13018
154.35,7915,12940,13093
154.50,7964,12998,13159
154.65,7995,13054,13221
154.80,8039,13121,13292
154.95,8079,13180,13374
155.10,8096,13206,13386
155.25,8122,13251,13427
155.40,8136,13272,13463
155.55,8175,13342,13517
155.70,8181,13346,13527
155.85,8194,13374,13548
156.00,8209,13396,13583
156.15,8234,13437,13612
156.30,8267,13478,13660
156.45,8315,13564,13744
156.60,8314,13562,13737
156.75,8327,13586,13765
156.90,8365,13644,13825
157.05,8385,13684,13858
157.20,8392,13691,13868
157.35,8434,13760,13941
157.50,8433,13753,13932
157.65,8452,13792,13966
157.80,8459,13801,13983
157.95,8480,13838,14029
158.10,8494,13853,14042
158.25,8507,13874,14058
158.40,8523,13901,14085
158.55,8546,13931,14125
158.70,8554,13953,14147
158.85,8566,13977,14151
159.00,8570,13979,14151
159.15,8556,13968,14129
159.30,8551,13965,14113
159.45,8548,13963,14100
159.60,8546,13961,14108
159.75,8543,13961,14089
159.90,8557,13982,14106
160.05,8575,14013,14148
160.20,8601,14053,14194
160.35,8634,14105,14255
160.50,8673,14163,14310
160.65,8704,14206,14361
160.80,8739,14258,14426
160.95,8776,14307,14497
161.10,8791,14336,14513
161.25,8809,14372,14558
161.40,8822,14393,14567
161.55,8837,14411,14584
161.70,8847,14432,14606
161.85,8862,14464,14643
162.00,8881,14491,14671
162.15,8914,14538,14709
162.30,8935,14575,14749
162.45,8946,14587,14765
162.60,8959,14609,14778
162.75,8976,14635,14811
162.90,8991,14659,14839
163.05,9029,14721,14902
163.20,9030,14720,14907
163.35,9045,14750,14923
163.50,9052,14755,14927
163.65,9058,14774,14945
163.80,9069,14787,14960
163.95,9089,14818,14988
164.10,9104,14849,15022
164.25,9113,14854,15033
164.40,9125,14878,15062
164.55,9140,14903,15074
164.70,9141,14907,15093
164.85,9151,14922,15090
165.00,9146,14919,15094
165.15,9130,14897,15050
165.30,9125,14891,15032
165.45,9111,14875,15016
165.60,9114,14875,15010
165.75,9102,14868,14983
165.90,9112,14881,15006
166.05,9129,14907,15036
166.20,9158,14943,15083
166.35,9182,14981,15126
166.50,9216,15035,15198
166.65,9244,15078,15237
166.80,9274,15116,15283
166.95,9299,15158,15342
167.10,9310,15170,15350
167.25,9317,15187,15364
167.40,9330,15203,15382
167.55,9350,15235,15408
167.70,9351,15235,15408
167.85,9359,15254,15429
168.00,9369,15274,15449
168.15,9383,15302,15469
168.30,9396,15320,15502
168.45,9409,15339,15522
168.60,9427,15366,15532
168.75,9451,15404,15573
168.90,9448,15393,15571
169.05,9466,15428,15593
169.20,9468,15425,15607
169.35,9482,15449,15627
169.50,9492,15465,15638
169.65,9497,15470,15649
169.80,9500,15486,15652
169.95,9510,15498,15674
170.10,9518,15510,15677
170.25,9525,15526,15692
170.40,9532,15530,15712
170.55,9544,15550,15718
170.70,9547,15555,15730
170.85,9554,15567,15733
171.00,9557,15570,15735
171.15,9540,15552,15705
171.30,9527,15539,15681
171.45,9517,15523,15651
171.60,9506,15508,15626
171.75,9494,15490,15611
171.90,9502,15504,15626
172.05,9510,15513,15648
172.20,9530,15545,15669
172.35,9553,15574,15712
172.50,9576,15619,15758
172.65,9601,15650,15792
172.80,9623,15684,15835
172.95,9634,15707,15863
173.10,9643,15715,15867
173.25,9652,15727,15884
173.40,9655,15735,15890
173.55,9667,15744,15900
173.70,9673,15750,15911
173.85,9667,15758,15921
174.00,9678,15763,15926
174.15,9685,15774,15939
174.30,9691,15781,15942
174.45,9698,15802,15955
174.60,9712,15820,15971
174.75,9711,15821,15978
174.90,9709,15818,15973
175.05,9717,15834,15979
175.20,9726,15838,15991
175.35,9726,15844,16011
175.50,9733,15846,15999
175.65,9731,15856,16004
175.80,9738,15861,16018
175.95,9742,15866,16029
176.10,9748,15878,16032
176.25,9744,15876,16039
176.40,9751,15884,16031
176.55,9757,15898,16044
176.70,9751,15884,16035
176.85,9753,15889,16038
177.00,9756,15897,16044
177.15,9746,15882,16025
177.30,9727,15850,15976
177.45,9708,15829,15942
177.60,9690,15809,15918
177.75,9677,15783,15886
177.90,9674,15779,15883
178.05,9688,15801,15900
178.20,9695,15806,15914
178.35,9712,15826,15946
178.50,9735,15863,15983
178.65,9750,15885,16027
178.80,9767,15910,16052
178.95,9774,15918,16055
179.10,9775,15917,16060
179.25,9776,15917,16058
179.40,9780,15920,16061
179.55,9780,15921,16055
179.70,9779,15919,16057
179.85,9775,15922,16064
180.00,9777,15918,16055
180.15,9778,15919,16060
180.30,9781,15920,16062
180.45,9780,15921,16051
180.60,9781,15925,16048
180.75,9781,15924,16048
180.90,9780,15924,16052
181.05,9781,15922,16049
181.20,9771,15916,16039
181.35,9771,15910,16033
181.50,9771,15904,16039
181.65,9772,15909,16042
181.80,9767,15894,16023
181.95,9768,15903,16031
182.10,9761,15894,16021
182.25,9762,15893,16012
182.40,9758,15884,16016
182.55,9757,15885,16000
182.70,9761,15883,16012
182.85,9756,15878,16006
183.00,9751,15875,15999
183.15,9745,15862,15981
183.30,9726,15836,15950
183.45,9695,15807,15889
183.60,9681,15788,15868
183.75,9667,15759,15834
183.90,9663,15750,15822
184.05,9666,15748,15838
184.20,9676,15757,15850
184.35,9678,15766,15854
184.50,9692,15781,15882
184.65,9699,15797,15902
184.80,9703,15785,15911
184.95,9700,15791,15894
185.10,9695,15780,15886
185.25,9693,15774,15877
185.40,9692,15769,15884
185.55,9683,15754,15857
185.70,9676,15753,15852
185.85,9674,15745,15844
186.00,9670,15732,15830
186.15,9659,15720,15830
186.30,9651,15706,15813
186.45,9649,15700,15800
186.60,9632,15679,15767
186.75,9631,15681,15783
186.90,9626,15667,15760
187.05,9621,15659,15750
187.20,9611,15641,15737
187.35,9597,15626,15711
187.50,9594,15622,15704
187.65,9590,15622,15710
187.80,9591,15606,15688
187.95,9580,15594,15680
188.10,9573,15584,15670
188.25,9556,15557,15629
188.40,9557,15552,15635
188.55,9544,15538,15623
188.70,9543,15535,15608
188.85,9540,15521,15612
189.00,9528,15509,15595
189.15,9522,15494,15575
189.30,9515,15483,15557
189.45,9487,15449,15512
189.60,9477,15425,15483
189.75,9451,15398,15444
189.90,9445,15378,15424
190.05,9435,15373,15416
190.20,9435,15365,15428
190.35,9437,15367,15431
190.50,9448,15377,15450
190.65,9442,15361,15430
190.80,9430,15345,15415
190.95,9422,15330,15407
191.10,9415,15320,15390
191.25,9406,15304,15381
191.40,9394,15289,15358
191.55,9386,15273,15337
191.70,9376,15250,15313
191.85,9353,15220,15277
192.00,9357,15216,15283
192.15,9339,15196,15254
192.30,9333,15176,15248
192.45,9305,15137,15197
192.60,9298,15119,15181
192.75,9293,15122,15182
192.90,9279,15091,15147
193.05,9261,15067,15123
193.20,9257,15058,15111
193.35,9232,15028,15075
193.50,9231,15017,15069
193.65,9217,14998,15050
193.80,9174,14936,14985
193.95,9181,14940,14996
194.10,9187,14946,14990
194.25,9161,14913,14952
194.40,9157,14906,14952
194.55,9134,14861,14915
194.70,9134,14859,14904
194.85,9129,14849,14895
195.00,9113,14822,14884
195.15,9106,14809,14862
195.30,9091,14784,14827
195.45,9069,14758,14794
195.60,9043,14724,14743
195.75,9020,14687,14712
195.90,9000,14661,14673
196.05,8991,14646,14664
196.20,8988,14630,14662
196.35,8985,14626,14650
196.50,8984,14621,14651
196.65,8979,14603,14642
196.80,8963,14580,14631
196.95,8945,14556,14590
197.10,8938,14541,14574
197.25,8917,14511,14555
197.40,8916,14496,14545
197.55,8898,14467,14508
197.70,8870,14425,14463
197.85,8852,14398,14428
198.00,8854,14394,14431
198.15,8819,14344,14377
198.30,8817,14345,14379
198.45,8796,14297,14337
198.60,8762,14251,14294
198.75,8763,14247,14283
198.90,8712,14170,14207
199.05,8714,14166,14199
199.20,8692,14124,14158
199.35,8691,14133,14164
199.50,8673,14098,14128
199.65,8650,14068,14105
199.80,8646,14048,14081
199.95,8625,14023,14051
200.10,8605,13988,14020
200.25,8588,13962,13993
200.40,8578,13949,13977
200.55,8554,13900,13943
200.70,8551,13894,13922
200.85,8535,13879,13905
201.00,8518,13850,13874
201.15,8501,13818,13862
201.30,8487,13798,13833
201.45,8463,13758,13785
201.60,8439,13722,13740
201.75,8410,13677,13689
201.90,8392,13654,13647
202.05,8381,13635,13643
202.20,8375,13625,13637
202.35,8367,13602,13625
202.50,8357,13584,13603
202.65,8341,13561,13579
202.80,8325,13520,13543
202.95,8303,13496,13515
203.10,8286,13471,13491
203.25,8275,13450,13469
203.40,8256,13417,13440
203.55,8235,13386,13410
203.70,8219,13350,13375
203.85,8203,13324,13359
204.00,8175,13279,13305
204.15,8158,13261,13291
204.30,8130,13216,13236
204.45,8108,13170,13193
204.60,8093,13146,13174
204.75,8058,13092,13119
204.90,8032,13038,13063
205.05,8012,13015,13028
205.20,7985,12965,12990
205.35,7985,12968,12986
205.50,7965,12938,12956
205.65,7928,12875,12897
205.80,7924,12869,12895
205.95,7895,12820,12837
206.10,7874,12779,12815
206.25,7853,12747,12770
206.40,7834,12715,12738
206.55,7800,12663,12685
206.70,7802,12668,12682
206.85,7789,12644,12674
207.00,7761,12596,12634
207.15,7751,12576,12605
207.30,7733,12539,12572
207.45,7715,12517,12544
207.60,7692,12485,12505
207.75,7661,12447,12456
207.90,7644,12408,12417
208.05,7625,12380,12394
208.20,7610,12353,12368
208.35,7593,12318,12338
208.50,7576,12293,12318
208.65,7555,12258,12292
208.80,7528,12212,12251
208.95,7514,12182,12220
209.10,7491,12144,12189
209.25,7480,12121,12153
209.40,7435,12056,12094
209.55,7436,12059,12085
209.70,7399,11998,12020
209.85,7385,11974,12004
210.00,7365,11947,11972
210.15,7341,11899,11926
210.30,7320,11864,11890
210.45,7287,11809,11840
210.60,7228,11713,11744
210.75,7230,11716,11757
210.90,7179,11634,11660
211.05,7178,11634,11666
211.20,7142,11570,11611
211.35,7135,11559,11585
211.50,7117,11525,11565
211.65,7085,11480,11517
211.80,7063,11441,11466
211.95,7052,11422,11457
212.10,6989,11327,11343
212.25,6988,11325,11346
212.40,6940,11240,11267
212.55,6942,11245,11267
212.70,6932,11231,11250
212.85,6914,11194,11230
213.00,6887,11154,11169
213.15,6863,11120,11137
213.30,6846,11083,11104
213.45,6834,11062,11085
213.60,6813,11033,11056
213.75,6782,10981,10992
213.90,6758,10948,10958
214.05,6740,10911,10935
214.20,6721,10877,10885
214.35,6696,10846,10853
214.50,6679,10803,10825
214.65,6654,10761,10785
214.80,6628,10728,10748
214.95,6611,10703,10721
215.10,6594,10679,10701
215.25,6571,10642,10658
215.40,6545,10594,10624
215.55,6525,10561,10579
215.70,6501,10527,10534
215.85,6476,10474,10495
216.00,6444,10426,10456
216.15,6416,10385,10391
216.30,6399,10347,10362
216.45,6333,10248,10272
216.60,6312,10207,10221
216.75,6302,10195,10223
216.90,6279,10153,10167
217.05,6240,10096,10106
217.20,6212,10058,10076
217.35,6196,10030,10034
217.50,6172,9980,9991
217.65,6145,9936,9948
217.80,6124,9904,9916
217.95,6104,9874,9879
218.10,6068,9812,9820
218.25,6055,9797,9799
218.40,6024,9743,9762
218.55,5999,9696,9704
218.70,5981,9674,9682
218.85,5958,9642,9640
219.00,5942,9616,9614
219.15,5917,9578,9575
219.30,5895,9535,9553
219.45,5871,9502,9506
219.60,5850,9459,9464
219.75,5824,9418,9426
219.90,5805,9388,9380
220.05,5784,9352,9361
220.20,5756,9309,9323
220.35,5733,9273,9273
220.50,5711,9239,9241
220.65,5688,9193,9191
220.80,5659,9147,9142
220.95,5639,9112,9123
221.10,5620,9091,9079
221.25,5598,9058,9046
221.40,5568,8999,9008
221.55,5549,8972,8977
221.70,5522,8936,8919
221.85,5456,8818,8810
222.00,5455,8822,8820
222.15,5442,8792,8783
222.30,5413,8746,8735
222.45,5364,8667,8668
222.60,5322,8597,8599
222.75,5315,8594,8574
222.90,5263,8505,8491
223.05,5247,8477,8463
223.20,5234,8454,8438
223.35,5199,8403,8387
223.50,5183,8384,8361
223.65,5157,8342,8318
223.80,5128,8293,8267
223.95,5106,8253,8232
224.10,5073,8205,8195
224.25,5054,8173,8144
224.40,5032,8127,8111
224.55,4994,8064,8057
224.70,4976,8039,8032
224.85,4956,8013,7998
225.00,4937,7971,7962
225.15,4910,7942,7907
225.30,4884,7889,7867
225.45,4871,7867,7845
225.60,4848,7843,7807
225.75,4824,7792,7768
225.90,4802,7752,7726
226.05,4781,7717,7692
226.20,4756,7676,7652
226.35,4726,7636,7609
226.50,4704,7597,7570
226.65,4674,7558,7525
226.80,4649,7507,7476
226.95,4637,7484,7457
227.10,4604,7442,7402
227.25,4573,7396,7355
227.40,4560,7362,7331
227.55,4543,7328,7301
227.70,4499,7260,7230
227.85,4487,7252,7224
228.00,4462,7197,7182
228.15,4410,7130,7085
228.30,4398,7099,7064
228.45,4363,7043,7008
228.60,4324,6979,6946
228.75,4310,6954,6914
228.90,4279,6918,6869
229.05,4247,6853,6830
229.20,4217,6809,6781
229.35,4197,6770,6731
229.50,4173,6735,6692
229.65,4148,6704,6654
229.80,4126,6668,6616
229.95,4086,6595,6553
230.10,4073,6573,6539
230.25,4044,6526,6486
230.40,4025,6491,6446
230.55,3996,6448,6402
230.70,3968,6414,6359
230.85,3955,6378,6333
231.00,3939,6353,6305
231.15,3916,6316,6271
231.30,3893,6279,6231
231.45,3869,6240,6194
231.60,3853,6218,6168
231.75,3832,6179,6145
231.90,3811,6154,6092
232.05,3783,6107,6068
232.20,3761,6079,6016
232.35,3738,6026,5994
232.50,3718,5991,5955
232.65,3695,5951,5902
232.80,3662,5906,5857
232.95,3642,5874,5820
233.10,3619,5828,5787
233.25,3591,5787,5734
233.40,3565,5750,5695
233.55,3533,5690,5637
233.70,3507,5657,5615
233.85,3485,5619,5564
234.00,3460,5580,5526
234.15,3436,5542,5477
234.30,3415,5510,5456
234.45,3375,5435,5393
234.60,3350,5412,5340
234.75,3334,5370,5315
234.90,3300,5316,5258
235.05,3269,5268,5222
235.20,3240,5236,5177
235.35,3220,5187,5136
235.50,3189,5151,5078
235.65,3150,5075,5013
235.80,3151,5071,5012
235.95,3128,5044,4973
236.10,3102,4995,4934
236.25,3084,4958,4899
236.40,3054,4917,4870
236.55,3034,4899,4824
236.70,3018,4861,4799
236.85,3003,4837,4774
237.00,2975,4792,4727
237.15,2962,4767,4705
237.30,2930,4717,4670
237.45,2914,4705,4643
237.60,2897,4674,4600
237.75,2880,4649,4586
237.90,2858,4602,4551
238.05,2842,4564,4515
238.20,2815,4531,4464
238.35,2797,4494,4424
238.50,2760,4447,4379
238.65,2748,4423,4373
238.80,2722,4384,4317
238.95,2698,4354,4274
239.10,2676,4310,4242
239.25,2655,4260,4205
239.40,2626,4239,4159
239.55,2613,4212,4142
239.70,2589,4155,4083
239.85,2550,4099,4033
240.00,2525,4062,3993
240.15,2512,4043,3960
240.30,2478,3988,3915
240.45,2442,3925,3855
240.60,2422,3884,3815
240.75,2405,3869,3802
240.90,2377,3832,3753
241.05,2340,3760,3707
241.20,2343,3755,3683
241.35,2307,3703,3635
241.50,2290,3679,3625
241.65,2272,3636,3566
241.80,2254,3605,3537
241.95,2210,3549,3481
242.10,2204,3538,3470
242.25,2186,3520,3439
242.40,2171,3472,3403
242.55,2141,3435,3366
242.70,2128,3415,3345
242.85,2112,3394,3323
243.00,2104,3366,3294
243.15,2086,3336,3264
243.30,2059,3305,3249
243.45,2046,3283,3212
243.60,2027,3255,3180
243.75,2017,3226,3149
243.90,1987,3194,3132
244.05,1978,3164,3087
244.20,1951,3133,3071
244.35,1934,3103,3028
244.50,1914,3083,2998
244.65,1894,3039,2980
244.80,1869,2998,2939
244.95,1853,2972,2914
245.10,1829,2934,2862
245.25,1818,2914,2857
245.40,1797,2881,2810
245.55,1787,2848,2778
245.70,1775,2826,2755
245.85,1747,2812,2743
246.00,1732,2762,2690
246.15,1707,2734,2661
246.30,1685,2699,2628
246.45,1662,2660,2590
246.60,1650,2639,2554
246.75,1620,2610,2522
246.90,1610,2562,2490
247.05,1573,2517,2445
247.20,1560,2510,2427
247.35,1537,2460,2403
247.50,1509,2413,2342
247.65,1509,2397,2325
247.80,1478,2365,2310
247.95,1461,2340,2284
248.10,1442,2304,2234
248.25,1426,2281,2211
248.40,1407,2250,2193
248.55,1389,2221,2149
248.70,1374,2212,2143
248.85,1366,2181,2126
249.00,1348,2155,2084
249.15,1333,2131,2061
249.30,1329,2107,2036
249.45,1318,2087,2030
249.60,1291,2064,1993
249.75,1276,2043,1970
249.90,1264,2018,1945
250.05,1248,1993,1922
250.20,1233,1968,1897
250.35,1214,1954,1870
250.50,1199,1913,1844
250.65,1185,1902,1821
250.80,1166,1873,1791
250.95,1151,1835,1781
251.10,1137,1811,1743
251.25,1132,1787,1719
251.40,1107,1777,1696
251.55,1098,1765,1682
251.70,1084,1729,1661
251.85,1063,1693,1642
252.00,1052,1673,1607
252.15,1045,1659,1578
252.30,1019,1621,1554
252.45,996,1585,1518
252.60,982,1562,1497
252.75,965,1545,1466
252.90,950,1508,1457
253.05,944,1494,1414
253.20,918,1458,1393
253.35,901,1433,1365
253.50,899,1405,1341
253.65,872,1383,1319
253.80,856,1357,1292
253.95,843,1352,1274
254.10,815,1293,1231
254.25,810,1298,1236
254.40,800,1269,1206
254.55,786,1258,1181
254.70,778,1246,1185
254.85,767,1214,1151
255.00,757,1200,1138
255.15,758,1179,1133
255.30,738,1175,1101
255.45,725,1161,1085
255.60,714,1144,1069
255.75,704,1127,1051
255.90,694,1097,1033
256.05,683,1080,1016
256.20,671,1061,999
256.35,658,1052,979
256.50,648,1033,960
256.65,645,997,939
256.80,619,978,919
256.95,620,959,902
257.10,610,942,884
257.25,591,941,870
257.40,587,921,865
257.55,580,895,838
257.70,557,874,818
257.85,545,855,799
258.00,534,835,780
258.15,524,827,768
258.30,523,817,751
258.45,499,781,728
258.60,485,757,705
258.75,472,750,687
258.90,463,736,672
259.05,455,707,644
259.20,439,695,633
259.35,432,683,622
259.50,421,656,606
259.65,415,644,606
259.80,401,624,586
259.95,397,625,566
260.10,376,584,544
260.25,376,593,544
260.40,371,571,524
260.55,359,554,508
260.70,361,547,500
260.85,347,546,490
261.00,349,525,480
261.15,341,522,469
261.30,328,511,459
261.45,321,501,454
261.60,321,482,439
261.75,308,472,429
261.90,308,460,419
262.05,300,449,407
262.20,287,438,398
262.35,286,424,384
262.50,279,421,375
262.65,264,411,364
262.80,258,390,353
262.95,253,380,344
263.10,252,371,335
263.25,241,363,328
263.40,240,359,316
263.55,231,345,310
263.70,225,344,301
263.85,217,324,289
264.00,212,314,283
264.15,206,306,275
264.30,204,295,261
264.45,197,283,253
264.60,185,273,244
264.75,186,265,236
264.90,175,259,227
265.05,173,244,218
265.20,169,244,213
265.35,159,229,205
265.50,156,223,199
265.65,152,217,192
265.80,147,209,186
265.95,148,206,181
266.10,142,195,173
266.25,136,190,169
266.40,137,185,159
266.55,129,178,153
266.70,131,175,156
266.85,125,172,152
267.00,120,167,143
267.15,119,163,147
267.30,116,159,143
267.45,115,156,141
267.60,112,152,131
267.75,110,149,128
267.90,109,144,133
268.05,106,140,130
268.20,104,139,128
268.35,105,132,124
268.50,100,132,122
268.65,98,128,123
268.80,96,125,118
268.95,95,123,116
269.10,97,121,114
269.25,92,119,114
269.40,91,113,104
269.55,91,116,112
269.70,90,115,103
269.85,90,113,112
270.00,88,112,111
270.15,88,111,112
270.30,87,106,112
270.45,88,110,112
270.60,88,105,113
270.75,91,105,106
270.90,88,109,117
271.05,88,111,108
271.20,89,108,112
271.35,90,112,122
271.50,90,114,116
271.65,91,111,127
271.80,92,113,129
271.95,95,119,126
272.10,95,118,128
272.25,102,124,131
272.40,102,126,143
272.55,99,128,145
272.70,102,128,149
272.85,103,131,152
273.00,105,137,149
273.15,108,140,155
273.30,109,142,163
273.45,111,145,167
273.60,113,147,166
273.75,115,150,169
273.90,117,154,179
274.05,119,158,185
274.20,122,162,190
274.35,126,168,197
274.50,129,174,202
274.65,134,179,210
274.80,138,185,217
274.95,140,191,223
275.10,145,196,232
275.25,149,205,235
275.40,158,211,250
275.55,156,215,253
275.70,161,222,260
275.85,166,229,269
276.00,168,235,276
276.15,174,243,285
276.30,178,250,294
276.45,186,268,307
276.60,198,271,318
276.75,198,280,327
276.90,204,289,339
277.05,211,306,350
277.20,222,316,363
277.35,222,326,373
277.50,229,329,384
277.65,235,339,395
277.80,242,351,410
277.95,249,360,420
278.10,257,374,436
278.25,265,392,446
278.40,276,393,456
278.55,284,406,475
278.70,283,414,480
278.85,295,422,488
279.00,300,430,498
279.15,299,441,515
279.30,311,448,517
279.45,309,454,525
279.60,314,472,538
279.75,320,472,543
279.90,325,481,554
280.05,333,494,567
280.20,341,516,593
280.35,351,521,599
280.50,367,535,614
280.65,370,561,632
280.80,390,570,652
280.95,389,585,669
281.10,405,594,681
281.25,407,611,696
281.40,415,622,723
281.55,421,633,722
281.70,438,645,736
281.85,441,677,757
282.00,458,675,782
282.15,461,708,789
282.30,474,714,826
282.45,488,738,836
282.60,497,753,868
282.75,517,770,871
282.90,530,790,893
283.05,530,818,910
283.20,543,822,945
283.35,557,846,955
283.50,564,859,969
283.65,577,877,988
283.80,589,898,1010
283.95,599,930,1029
284.10,614,935,1051
284.25,622,968,1085
284.40,646,985,1103
284.55,649,993,1128
284.70,656,1005,1127
284.85,665,1019,1155
285.00,675,1035,1159
285.15,683,1060,1169
285.30,689,1056,1182
285.45,695,1068,1209
285.60,716,1080,1205
285.75,712,1093,1237
285.90,735,1110,1254
286.05,734,1129,1275
286.20,761,1167,1283
286.35,762,1175,1322
286.50,779,1212,1334
286.65,794,1223,1360
286.80,825,1266,1390
286.95,828,1275,1432
287.10,850,1293,1439
287.25,851,1316,1459
287.40,876,1333,1481
287.55,885,1361,1495
287.70,881,1368,1512
287.85,912,1403,1540
288.00,914,1414,1566
288.15,941,1438,1592
288.30,947,1464,1636
288.45,967,1497,1656
288.60,988,1542,1687
288.75,1001,1548,1727
288.90,1029,1575,1754
289.05,1033,1604,1770
289.20,1045,1621,1789
289.35,1074,1648,1819
289.50,1076,1684,1856
289.65,1105,1711,1885
289.80,1112,1729,1918
289.95,1128,1749,1927
290.10,1149,1798,1964
290.25,1159,1814,1982
290.40,1176,1827,2009
290.55,1208,1859,2057
290.70,1207,1878,2064
290.85,1217,1891,2093
291.00,1230,1913,2100
291.15,1239,1930,2117
291.30,1250,1960,2150
291.45,1260,1977,2151
291.60,1270,1977,2167
291.75,1280,2010,2186
291.90,1296,2020,2210
292.05,1309,2042,2236
292.20,1327,2070,2280
292.35,1349,2106,2305
292.50,1372,2153,2356
292.65,1391,2168,2372
292.80,1414,2207,2414
292.95,1429,2231,2455
293.10,1445,2271,2468
293.25,1464,2285,2497
293.40,1481,2311,2543
293.55,1489,2325,2541
293.70,1516,2351,2568
293.85,1536,2397,2601
294.00,1545,2412,2634
294.15,1566,2461,2669
294.30,1585,2479,2718
294.45,1607,2515,2740
294.60,1633,2555,2784
294.75,1650,2581,2810
294.90,1669,2614,2847
295.05,1694,2663,2901
295.20,1712,2681,2918
295.35,1731,2709,2964
295.50,1746,2734,2974
295.65,1784,2790,3018
295.80,1794,2822,3068
295.95,1806,2845,3092
296.10,1846,2893,3126
296.25,1850,2900,3149
296.40,1867,2926,3193
296.55,1892,2979,3220
296.70,1903,2997,3239
296.85,1925,3003,3260
297.00,1924,3016,3286
297.15,1931,3042,3281
297.30,1939,3044,3297
297.45,1949,3062,3314
297.60,1961,3082,3346
297.75,1982,3101,3352
297.90,1997,3127,3381
298.05,2008,3157,3421
298.20,2030,3191,3463
298.35,2055,3233,3490
298.50,2088,3270,3534
298.65,2104,3311,3577
298.80,2136,3369,3628
298.95,2177,3409,3689
299.10,2191,3441,3722
299.25,2208,3469,3752
299.40,2235,3498,3784
299.55,2241,3519,3820
299.70,2268,3549,3838
299.85,2284,3602,3880
300.00,2304,3622,3915
300.15,2331,3666,3972
300.30,2350,3695,3992
300.45,2377,3749,4039
300.60,2404,3776,4080
300.75,2436,3829,4135
300.90,2452,3867,4160
301.05,2474,3904,4199
301.20,2500,3929,4241
301.35,2526,3964,4276
301.50,2542,4012,4312
301.65,2565,4046,4351
301.80,2595,4072,4404
301.95,2607,4102,4424
302.10,2643,4149,4472
302.25,2654,4186,4514
302.40,2679,4208,4534
302.55,2702,4263,4597
302.70,2714,4271,4615
302.85,2721,4281,4612
303.00,2728,4297,4639
303.15,2734,4322,4646
303.30,2747,4331,4652
303.45,2759,4343,4662
303.60,2764,4377,4680
303.75,2778,4387,4714
303.90,2794,4410,4741
304.05,2816,4448,4770
304.20,2842,4485,4807
304.35,2873,4538,4855
304.50,2903,4573,4917
304.65,2927,4619,4967
304.80,2963,4676,5015
304.95,3002,4745,5082
305.10,3039,4782,5151
305.25,3055,4814,5171
305.40,3079,4848,5204
305.55,3092,4873,5233
305.70,3121,4910,5288
305.85,3148,4960,5326
306.00,3168,4994,5372
306.15,3188,5028,5393
306.30,3220,5086,5445
306.45,3243,5114,5484
306.60,3275,5159,5532
306.75,3295,5199,5574
306.90,3321,5248,5629
307.05,3349,5283,5664
307.20,3379,5332,5729
307.35,3415,5381,5780
307.50,3432,5415,5800
307.65,3452,5449,5837
307.80,3482,5497,5877
307.95,3495,5525,5906
308.10,3525,5564,5959
308.25,3544,5604,6003
308.40,3564,5624,6020
308.55,3591,5680,6070
308.70,3608,5692,6093
308.85,3613,5704,6101
309.00,3624,5728,6113
309.15,3622,5726,6116
309.30,3630,5753,6130
309.45,3641,5759,6159
309.60,3649,5787,6160
309.75,3665,5810,6180
309.90,3679,5839,6224
310.05,3707,5866,6254
310.20,3734,5920,6298
310.35,3763,5959,6354
310.50,3798,6017,6422
310.65,3829,6051,6472
310.80,3869,6125,6528
310.95,3912,6178,6599
311.10,3948,6236,6663
311.25,3969,6277,6700
311.40,3997,6318,6746
311.55,4018,6354,6777
311.70,4028,6360,6811
311.85,4059,6427,6861
312.00,4089,6457,6899
312.15,4118,6512,6943
312.30,4144,6548,6993
312.45,4171,6592,7037
312.60,4205,6646,7108
312.75,4227,6675,7124
312.90,4251,6716,7173
313.05,4282,6777,7224
313.20,4300,6805,7253
313.35,4334,6850,7308
313.50,4352,6881,7341
313.65,4380,6920,7383
313.80,4405,6963,7441
313.95,4425,6995,7458
314.10,4454,7044,7508
314.25,4477,7075,7554
314.40,4499,7112,7598
314.55,4525,7155,7625
314.70,4545,7183,7658
314.85,4559,7207,7679
315.00,4557,7214,7679
315.15,4565,7235,7704
315.30,4575,7250,7697
315.45,4582,7260,7714
315.60,4593,7284,7739
315.75,4607,7298,7751
315.90,4627,7334,7792
316.05,4650,7371,7827
316.20,4680,7415,7876
316.35,4719,7471,7954
316.50,4757,7528,8020
316.65,4790,7575,8065
316.80,4829,7637,8131
316.95,4873,7708,8204
317.10,4890,7741,8236
317.25,4917,7776,8292
317.40,4936,7806,8312
317.55,4964,7850,8357
317.70,4972,7873,8374
317.85,5003,7918,8423
318.00,5026,7946,8457
318.15,5057,7997,8523
318.30,5082,8045,8553
318.45,5108,8085,8601
318.60,5141,8135,8655
318.75,5172,8190,8706
318.90,5194,8220,8746
319.05,5220,8255,8785
319.20,5252,8304,8852
319.35,5263,8326,8860
319.50,5287,8362,8908
319.65,5317,8415,8946
319.80,5327,8430,8981
319.95,5358,8475,9014
320.10,5377,8510,9050
320.25,5403,8550,9093
320.40,5423,8582,9138
320.55,5451,8623,9168
320.70,5474,8660,9223
320.85,5496,8694,9244
321.00,5505,8715,9274
321.15,5512,8729,9273
321.30,5519,8743,9289
321.45,5525,8755,9303
321.60,5537,8775,9320
321.75,5539,8788,9320
321.90,5564,8819,9349
322.05,5587,8860,9404
322.20,5614,8893,9442
322.35,5653,8957,9506
322.50,5693,9014,9569
322.65,5722,9059,9631
322.80,5753,9112,9673
322.95,5772,9141,9721
323.10,5805,9198,9762
323.25,5828,9236,9802
323.40,5852,9266,9839
323.55,5877,9313,9894
323.70,5899,9345,9918
323.85,5916,9372,9951
324.00,5947,9421,10003
324.15,5969,9450,10037
324.30,5992,9490,10084
324.45,6023,9543,10127
324.60,6062,9597,10200
324.75,6089,9651,10239
324.90,6108,9686,10268
325.05,6131,9724,10308
325.20,6155,9749,10346
325.35,6180,9787,10386
325.50,6207,9838,10434
325.65,6229,9874,10467
325.80,6240,9884,10485
325.95,6260,9925,10524
326.10,6290,9965,10567
326.25,6306,9990,10609
326.40,6330,10033,10645
326.55,6349,10065,10673
326.70,6369,10092,10701
326.85,6369,10093,10700
327.00,6373,10104,10718
327.15,6367,10102,10702
327.30,6374,10113,10709
327.45,6374,10123,10707
327.60,6377,10136,10699
327.75,6387,10144,10712
327.90,6402,10179,10737
328.05,6422,10201,10770
328.20,6449,10241,10819
328.35,6482,10301,10888
328.50,6518,10343,10941
328.65,6545,10379,10994
328.80,6582,10435,11064
328.95,6633,10509,11149
329.10,6672,10564,11213
329.25,6686,10590,11243
329.40,6708,10626,11282
329.55,6729,10654,11312
329.70,6742,10677,11352
329.85,6777,10722,11402
330.00,6787,10752,11432
330.15,6820,10794,11477
330.30,6846,10832,11519
330.45,6875,10880,11565
330.60,6896,10920,11603
330.75,6909,10940,11616
330.90,6939,10983,11666
331.05,6957,11018,11694
331.20,6986,11059,11755
331.35,7018,11116,11792
331.50,7032,11131,11814
331.65,7057,11180,11864
331.80,7068,11190,11879
331.95,7084,11225,11904
332.10,7110,11258,11957
332.25,7127,11284,11989
332.40,7143,11314,12000
332.55,7166,11347,12047
332.70,7172,11353,12055
332.85,7172,11356,12060
333.00,7169,11362,12048
333.15,7156,11349,12018
333.30,7161,11360,12014
333.45,7165,11369,12018
333.60,7167,11376,12035
333.75,7175,11383,12031
333.90,7188,11409,12056
334.05,7212,11448,12107
334.20,7237,11480,12136
334.35,7263,11516,12190
334.50,7295,11570,12236
334.65,7325,11624,12282
334.80,7364,11689,12368
334.95,7409,11755,12449
335.10,7446,11814,12503
335.25,7461,11832,12518
335.40,7481,11867,12548
335.55,7491,11890,12571
335.70,7503,11911,12589
335.85,7542,11963,12650
336.00,7549,11975,12673
336.15,7570,12013,12707
336.30,7591,12046,12743
336.45,7615,12081,12788
336.60,7637,12119,12831
336.75,7654,12140,12836
336.90,7676,12180,12880
337.05,7689,12206,12910
337.20,7704,12218,12931
337.35,7737,12273,12977
337.50,7741,12288,12991
337.65,7759,12310,13024
337.80,7792,12370,13070
337.95,7792,12367,13070
338.10,7820,12411,13113
338.25,7835,12431,13134
338.40,7853,12460,13177
338.55,7866,12483,13189
338.70,7873,12494,13207
338.85,7863,12484,13185
339.00,7862,12486,13174
339.15,7847,12459,13146
339.30,7845,12449,13137
339.45,7836,12449,13128
339.60,7837,12459,13129
339.75,7841,12468,13123
339.90,7854,12482,13149
340.05,7873,12510,13182
340.20,7892,12541,13223
340.35,7921,12577,13279
340.50,7961,12626,13341
340.65,7983,12659,13372
340.80,8022,12724,13449
340.95,8069,12786,13522
341.10,8096,12825,13570
341.25,8105,12838,13604
341.40,8123,12868,13630
341.55,8138,12892,13645
341.70,8154,12911,13678
341.85,8165,12935,13688
342.00,8175,12953,13705
342.15,8200,12989,13742
342.30,8208,12997,13757
342.45,8221,13025,13790
342.60,8245,13054,13804
342.75,8255,13081,13832
342.90,8273,13111,13869
343.05,8291,13129,13888
343.20,8308,13156,13923
343.35,8328,13196,13952
343.50,8329,13210,13952
343.65,8348,13230,13980
343.80,8358,13244,14000
343.95,8367,13265,14020
344.10,8389,13288,14060
344.25,8401,13304,14065
344.40,8409,13323,14099
344.55,8420,13346,14113
344.70,8432,13355,14123
344.85,8436,13358,14126
345.00,8417,13340,14097
345.15,8394,13314,14052
345.30,8387,13308,14040
345.45,8382,13308,14017
345.60,8371,13294,14004
345.75,8373,13291,13992
345.90,8382,13311,14014
346.05,8395,13330,14052
346.20,8416,13359,14070
346.35,8443,13396,14123
346.50,8477,13448,14174
346.65,8492,13472,14207
346.80,8526,13529,14268
346.95,8564,13579,14338
347.10,8593,13606,14382
347.25,8600,13623,14402
347.40,8608,13650,14419
347.55,8627,13664,14438
347.70,8638,13682,14458
347.85,8649,13701,14475
348.00,8654,13707,14483
348.15,8671,13740,14525
348.30,8678,13753,14532
348.45,8692,13777,14546
348.60,8704,13798,14575
348.75,8712,13816,14594
348.90,8723,13823,14602
349.05,8731,13839,14606
349.20,8736,13848,14619
349.35,8755,13864,14642
349.50,8765,13882,14657
349.65,8773,13891,14673
349.80,8781,13901,14683
349.95,8788,13917,14697
350.10,8802,13941,14718
350.25,8809,13947,14726
350.40,8810,13951,14742
350.55,8816,13959,14754
350.70,8825,13966,14747
350.85,8817,13967,14735
351.00,8797,13946,14705
351.15,8782,13927,14665
351.30,8765,13914,14642
351.45,8755,13915,14624
351.60,8741,13904,14600
351.75,8737,13893,14585
351.90,8744,13910,14590
352.05,8759,13924,14618
352.20,8767,13949,14630
352.35,8790,13980,14676
352.50,8817,14014,14722
352.65,8837,14039,14746
352.80,8862,14077,14800
352.95,8896,14122,14858
353.10,8914,14135,14884
353.25,8921,14145,14899
353.40,8931,14160,14914
353.55,8937,14166,14925
353.70,8944,14177,14932
353.85,8947,14185,14953
354.00,8955,14192,14952
354.15,8959,14209,14963
354.30,8968,14205,14975
354.45,8970,14215,14977
354.60,8975,14227,14988
354.75,8981,14237,14993
354.90,8989,14247,15017
355.05,8997,14261,15032
355.20,9004,14272,15025
355.35,9006,14277,15045
355.50,9012,14285,15037
355.65,9016,14287,15055
355.80,9027,14303,15067
355.95,9022,14300,15045
356.10,9030,14306,15064
356.25,9022,14299,15056
356.40,9028,14306,15078
356.55,9026,14306,15067
356.70,9036,14315,15072
356.85,9029,14314,15069
357.00,8997,14282,15002
357.15,8981,14253,14972
357.30,8967,14233,14936
357.45,8947,14204,14902
357.60,8939,14191,14882
357.75,8920,14174,14857
357.90,8922,14179,14859
358.05,8937,14186,14878
358.20,8940,14197,14884
358.35,8960,14223,14929
358.50,8982,14257,14966
358.65,8996,14273,14990
358.80,9024,14306,15038
358.95,9058,14351,15102
359.10,9056,14353,15114
359.25,9047,14353,15098
359.40,9055,14362,15112
359.55,9063,14370,15110
359.70,9062,14370,15112
359.85,9056,14359,15092
360.00,9059,14371,15105
