0.00,3666,7505,5625
0.15,3672,7536,5629
0.30,3683,7560,5623
0.45,3690,7567,5639
0.60,3693,7570,5675
0.75,3698,7576,5694
0.90,3701,7596,5723
1.05,3703,7596,5733
1.20,3706,7620,5752
1.35,3707,7631,5764
1.50,3714,7631,5780
1.65,3720,7643,5797
1.80,3737,7663,5811
1.95,3753,7677,5828
2.10,3763,7693,5855
2.25,3777,7703,5871
2.40,3783,7738,5904
2.55,3788,7738,5898
2.70,3780,7758,5912
2.85,3769,7748,5908
3.00,3762,7742,5913
3.15,3761,7758,5895
3.30,3756,7775,5897
3.45,3755,7788,5902
3.60,3755,7804,5915
3.75,3752,7808,5913
3.90,3755,7817,5919
4.05,3759,7832,5936
4.20,3770,7837,5957
4.35,3778,7852,5975
4.50,3784,7874,5990
4.65,3787,7888,6000
4.80,3790,7904,6000
4.95,3795,7914,6011
5.10,3803,7925,6032
5.25,3807,7939,6037
5.40,3806,7954,6055
5.55,3805,7952,6084
5.70,3807,7950,6093
5.85,3816,7950,6119
6.00,3827,7938,6131
6.15,3830,7930,6151
6.30,3836,7944,6157
6.45,3840,7940,6186
6.60,3843,7948,6184
6.75,3846,7950,6197
6.90,3847,7962,6227
7.05,3848,7973,6239
7.20,3843,7980,6249
7.35,3839,7999,6267
7.50,3838,8007,6273
7.65,3831,8002,6279
7.80,3823,8007,6287
7.95,3829,8012,6303
8.10,3830,8026,6299
8.25,3830,8020,6300
8.40,3835,8030,6307
8.55,3837,8057,6317
8.70,3840,8064,6317
8.85,3837,8071,6326
9.00,3842,8076,6313
9.15,3846,8090,6297
9.30,3845,8096,6291
9.45,3850,8140,6304
9.60,3854,8153,6328
9.75,3860,8161,6322
9.90,3861,8143,6335
10.05,3863,8146,6350
10.20,3868,8153,6365
10.35,3872,8151,6377
10.50,3874,8154,6399
10.65,3881,8158,6404
10.80,3879,8166,6417
10.95,3876,8176,6424
11.10,3874,8187,6432
11.25,3874,8207,6441
11.40,3870,8223,6445
11.55,3867,8242,6455
11.70,3862,8257,6467
11.85,3863,8271,6492
12.00,3860,8260,6506
12.15,3857,8255,6517
12.30,3854,8258,6512
12.45,3852,8266,6524
12.60,3852,8235,6526
12.75,3848,8233,6543
12.90,3851,8235,6529
13.05,3856,8242,6537
13.20,3858,8247,6545
13.35,3859,8242,6546
13.50,3864,8243,6549
13.65,3865,8243,6564
13.80,3871,8249,6563
13.95,3877,8262,6558
14.10,3876,8265,6572
14.25,3880,8281,6566
14.40,3879,8276,6575
14.55,3877,8278,6581
14.70,3879,8273,6588
14.85,3881,8281,6607
15.00,3883,8269,6597
15.15,3882,8255,6596
15.30,3884,8245,6608
15.45,3878,8254,6591
15.60,3880,8251,6592
15.75,3883,8273,6597
15.90,3879,8284,6605
16.05,3879,8304,6600
16.20,3882,8309,6605
16.35,3878,8326,6617
16.50,3880,8341,6621
16.65,3882,8351,6644
16.80,3879,8374,6647
16.95,3882,8380,6655
17.10,3883,8398,6649
17.25,3878,8406,6652
17.40,3878,8404,6668
17.55,3874,8416,6661
17.70,3875,8413,6663
17.85,3874,8427,6669
18.00,3873,8422,6686
18.15,3866,8432,6674
18.30,3865,8438,6683
18.45,3859,8438,6690
18.60,3860,8441,6688
18.75,3856,8432,6705
18.90,3856,8430,6701
19.05,3855,8429,6707
19.20,3857,8418,6716
19.35,3853,8412,6738
19.50,3853,8410,6742
19.65,3850,8414,6736
19.80,3853,8420,6735
19.95,3851,8428,6748
20.10,3848,8434,6733
20.25,3847,8416,6733
20.40,3847,8420,6750
20.55,3846,8422,6739
20.70,3847,8414,6737
20.85,3839,8413,6741
21.00,3837,8412,6742
21.15,3837,8413,6744
21.30,3831,8403,6750
21.45,3831,8396,6738
21.60,3823,8404,6733
21.75,3824,8389,6727
21.90,3822,8391,6729
22.05,3820,8389,6726
22.20,3818,8379,6731
22.35,3819,8380,6733
22.50,3813,8378,6739
22.65,3813,8371,6735
22.80,3806,8371,6736
22.95,3801,8358,6737
23.10,3797,8345,6737
23.25,3795,8336,6738
23.40,3792,8342,6741
23.55,3787,8336,6746
23.70,3786,8332,6748
23.85,3783,8329,6747
24.00,3778,8324,6763
24.15,3775,8321,6752
24.30,3769,8317,6754
24.45,3759,8308,6768
24.60,3758,8306,6757
24.75,3750,8314,6756
24.90,3750,8306,6762
25.05,3742,8299,6760
25.20,3743,8302,6750
25.35,3737,8294,6753
25.50,3735,8297,6753
25.65,3727,8285,6765
25.80,3725,8276,6753
25.95,3721,8272,6751
26.10,3713,8267,6762
26.25,3706,8260,6744
26.40,3700,8258,6742
26.55,3699,8239,6742
26.70,3690,8222,6745
26.85,3686,8216,6747
27.00,3687,8207,6764
27.15,3678,8198,6764
27.30,3674,8198,6745
27.45,3667,8184,6752
27.60,3660,8175,6733
27.75,3657,8156,6730
27.90,3651,8144,6730
28.05,3651,8138,6728
28.20,3644,8136,6741
28.35,3640,8134,6727
28.50,3632,8141,6724
28.65,3628,8148,6721
28.80,3619,8153,6720
28.95,3617,8157,6720
29.10,3613,8157,6719
29.25,3605,8148,6718
29.40,3600,8129,6729
29.55,3598,8126,6711
29.70,3591,8117,6706
29.85,3586,8097,6700
30.00,3586,8107,6701
30.15,3576,8087,6694
30.30,3575,8072,6693
30.45,3565,8056,6685
30.60,3561,8046,6686
30.75,3555,8021,6681
30.90,3548,8015,6683
31.05,3543,8015,6698
31.20,3536,8018,6684
31.35,3532,8019,6683
31.50,3528,8007,6683
31.65,3516,8004,6695
31.80,3510,8003,6691
31.95,3501,7994,6688
32.10,3495,7984,6671
32.25,3491,7969,6669
32.40,3480,7965,6663
32.55,3476,7955,6662
32.70,3471,7949,6658
32.85,3469,7940,6658
33.00,3466,7930,6655
33.15,3468,7935,6667
33.30,3458,7925,6656
33.45,3455,7917,6667
33.60,3451,7905,6660
33.75,3445,7898,6641
33.90,3439,7882,6633
34.05,3431,7877,6626
34.20,3428,7860,6630
34.35,3417,7840,6610
34.50,3408,7826,6616
34.65,3399,7810,6591
34.80,3390,7800,6582
34.95,3386,7792,6575
35.10,3376,7786,6570
35.25,3370,7780,6562
35.40,3364,7768,6572
35.55,3358,7756,6550
35.70,3352,7739,6557
35.85,3340,7725,6552
36.00,3338,7723,6528
36.15,3328,7699,6520
36.30,3320,7674,6512
36.45,3313,7654,6496
36.60,3307,7650,6487
36.75,3299,7639,6480
36.90,3289,7624,6482
37.05,3285,7604,6475
37.20,3283,7580,6454
37.35,3273,7570,6449
37.50,3262,7564,6456
37.65,3253,7557,6434
37.80,3248,7538,6424
37.95,3236,7519,6411
38.10,3229,7524,6404
38.25,3225,7513,6399
38.40,3212,7495,6384
38.55,3212,7499,6389
38.70,3202,7484,6371
38.85,3199,7477,6361
39.00,3186,7473,6355
39.15,3178,7456,6350
39.30,3173,7457,6340
39.45,3173,7440,6335
39.60,3161,7425,6322
39.75,3154,7409,6312
39.90,3147,7402,6302
40.05,3144,7406,6307
40.20,3130,7391,6284
40.35,3127,7365,6279
40.50,3112,7348,6281
40.65,3101,7335,6254
40.80,3096,7307,6244
40.95,3084,7292,6246
41.10,3078,7276,6225
41.25,3071,7264,6230
41.40,3063,7258,6226
41.55,3057,7253,6220
41.70,3052,7232,6199
41.85,3040,7215,6197
42.00,3033,7198,6182
42.15,3020,7174,6166
42.30,3011,7173,6155
42.45,3002,7137,6138
42.60,2994,7121,6130
42.75,2976,7111,6102
42.90,2971,7093,6095
43.05,2962,7081,6088
43.20,2957,7057,6077
43.35,2948,7052,6066
43.50,2940,7020,6054
43.65,2929,6994,6041
43.80,2924,6979,6034
43.95,2918,6949,6026
44.10,2900,6920,6026
44.25,2894,6910,6005
44.40,2884,6880,5994
44.55,2885,6861,6003
44.70,2876,6849,5994
44.85,2866,6837,5974
45.00,2853,6835,5978
45.15,2847,6810,5957
45.30,2840,6798,5944
45.45,2839,6797,5952
45.60,2824,6772,5922
45.75,2817,6753,5912
45.90,2810,6747,5900
46.05,2803,6736,5890
46.20,2794,6712,5876
46.35,2786,6696,5879
46.50,2783,6671,5866
46.65,2764,6647,5834
46.80,2757,6635,5826
46.95,2746,6620,5809
47.10,2736,6599,5798
47.25,2725,6582,5782
47.40,2721,6562,5788
47.55,2712,6542,5775
47.70,2703,6528,5770
47.85,2702,6513,5760
48.00,2679,6480,5741
48.15,2670,6463,5714
48.30,2657,6435,5711
48.45,2646,6418,5686
48.60,2630,6395,5670
48.75,2621,6380,5655
48.90,2613,6369,5658
49.05,2598,6334,5623
49.20,2586,6315,5602
49.35,2579,6288,5591
49.50,2576,6278,5581
49.65,2565,6247,5569
49.80,2548,6236,5568
49.95,2532,6208,5547
50.10,2525,6194,5537
50.25,2515,6177,5507
50.40,2509,6164,5492
50.55,2506,6139,5484
50.70,2500,6121,5484
50.85,2485,6110,5471
51.00,2480,6098,5449
51.15,2469,6084,5452
51.30,2464,6086,5433
51.45,2456,6060,5421
51.60,2447,6048,5410
51.75,2439,6035,5412
51.90,2437,6027,5399
52.05,2426,6000,5374
52.20,2411,5984,5357
52.35,2398,5949,5341
52.50,2396,5930,5327
52.65,2386,5908,5309
52.80,2368,5900,5309
52.95,2367,5872,5295
53.10,2359,5864,5265
53.25,2343,5835,5253
53.40,2338,5838,5247
53.55,2329,5810,5230
53.70,2316,5791,5210
53.85,2306,5774,5212
54.00,2293,5734,5176
54.15,2286,5717,5165
54.30,2276,5698,5149
54.45,2259,5661,5137
54.60,2248,5634,5110
54.75,2249,5615,5100
54.90,2235,5596,5089
55.05,2214,5572,5058
55.20,2209,5557,5039
55.35,2191,5530,5041
55.50,2181,5519,5007
55.65,2169,5497,5002
55.80,2161,5468,4977
55.95,2143,5430,4951
56.10,2144,5416,4952
56.25,2125,5389,4916
56.40,2121,5360,4896
56.55,2106,5362,4886
56.70,2102,5345,4890
56.85,2093,5326,4861
57.00,2086,5312,4849
57.15,2077,5292,4852
57.30,2081,5279,4828
57.45,2065,5262,4815
57.60,2057,5241,4811
57.75,2055,5226,4784
57.90,2038,5206,4769
58.05,2036,5182,4752
58.20,2017,5157,4748
58.35,2006,5130,4716
58.50,1995,5119,4700
58.65,1982,5084,4679
58.80,1970,5069,4655
58.95,1960,5039,4649
59.10,1950,5023,4619
59.25,1946,5005,4606
59.40,1935,4977,4589
59.55,1930,4964,4577
59.70,1919,4954,4559
59.85,1907,4921,4544
60.00,1893,4897,4535
60.15,1881,4871,4501
60.30,1881,4851,4500
60.45,1854,4821,4458
60.60,1844,4807,4437
60.75,1843,4790,4418
60.90,1832,4748,4398
61.05,1809,4731,4377
61.20,1801,4701,4375
61.35,1793,4695,4342
61.50,1793,4675,4343
61.65,1780,4635,4307
61.80,1774,4619,4312
61.95,1751,4604,4277
62.10,1750,4565,4260
62.25,1743,4544,4259
62.40,1721,4531,4221
62.55,1715,4513,4210
62.70,1715,4478,4194
62.85,1697,4460,4181
63.00,1699,4459,4170
63.15,1684,4442,4153
63.30,1677,4429,4157
63.45,1670,4402,4130
63.60,1661,4398,4128
63.75,1652,4364,4098
63.90,1644,4343,4098
64.05,1635,4332,4064
64.20,1634,4307,4046
64.35,1611,4275,4031
64.50,1601,4255,4011
64.65,1589,4238,3988
64.80,1580,4206,3969
64.95,1567,4185,3951
65.10,1558,4179,3935
65.25,1546,4140,3920
65.40,1536,4134,3912
65.55,1537,4103,3896
65.70,1514,4082,3865
65.85,1504,4058,3840
66.00,1490,4048,3834
66.15,1478,4011,3798
66.30,1465,3986,3790
66.45,1448,3949,3747
66.60,1437,3934,3741
66.75,1441,3908,3730
66.90,1420,3896,3697
67.05,1420,3860,3678
67.20,1399,3831,3674
67.35,1399,3813,3639
67.50,1380,3799,3626
67.65,1382,3764,3610
67.80,1362,3743,3594
67.95,1364,3720,3592
68.10,1353,3700,3559
68.25,1334,3692,3544
68.40,1333,3654,3534
68.55,1316,3652,3506
68.70,1311,3627,3495
68.85,1304,3614,3485
69.00,1297,3601,3473
69.15,1291,3585,3460
69.30,1295,3568,3464
69.45,1275,3548,3451
69.60,1268,3528,3423
69.75,1260,3508,3405
69.90,1250,3496,3401
70.05,1240,3464,3383
70.20,1230,3451,3363
70.35,1221,3410,3329
70.50,1212,3403,3310
70.65,1198,3372,3285
70.80,1190,3336,3267
70.95,1190,3323,3244
71.10,1170,3292,3230
71.25,1168,3265,3207
71.40,1150,3254,3199
71.55,1143,3238,3183
71.70,1127,3220,3157
71.85,1121,3205,3157
72.00,1109,3179,3122
72.15,1100,3144,3117
72.30,1102,3124,3099
72.45,1087,3091,3059
72.60,1063,3075,3036
72.75,1052,3036,3017
72.90,1045,3017,3014
73.05,1048,2998,2983
73.20,1024,2972,2959
73.35,1030,2972,2962
73.50,1009,2936,2928
73.65,1000,2912,2907
73.80,990,2891,2888
73.95,978,2875,2863
74.10,982,2855,2846
74.25,963,2841,2848
74.40,965,2803,2828
74.55,948,2806,2800
74.70,944,2777,2790
74.85,938,2766,2780
75.00,945,2754,2767
75.15,924,2752,2768
75.30,932,2737,2741
75.45,913,2724,2744
75.60,907,2693,2714
75.75,910,2688,2713
75.90,890,2652,2681
76.05,880,2631,2665
76.20,873,2611,2647
76.35,863,2590,2645
76.50,854,2570,2627
76.65,856,2542,2590
76.80,832,2519,2567
76.95,823,2510,2562
77.10,816,2473,2539
77.25,808,2474,2513
77.40,815,2459,2513
77.55,807,2429,2501
77.70,781,2397,2456
77.85,786,2382,2455
78.00,766,2363,2439
78.15,759,2344,2422
78.30,748,2319,2386
78.45,737,2292,2378
78.60,740,2271,2342
78.75,716,2243,2333
78.90,707,2224,2301
79.05,701,2209,2301
79.20,699,2173,2257
79.35,685,2168,2251
79.50,677,2150,2234
79.65,668,2140,2216
79.80,662,2112,2203
79.95,663,2081,2190
80.10,647,2076,2170
80.25,641,2071,2155
80.40,644,2050,2135
80.55,626,2024,2124
80.70,622,2007,2111
80.85,615,1991,2114
81.00,611,1983,2103
81.15,606,1979,2077
81.30,599,1952,2066
81.45,595,1936,2052
81.60,588,1923,2038
81.75,594,1908,2028
81.90,577,1892,2027
82.05,569,1887,1996
82.20,561,1855,1994
82.35,553,1850,1963
82.50,557,1817,1946
82.65,548,1795,1924
82.80,538,1774,1919
82.95,521,1753,1885
83.10,515,1736,1873
83.25,508,1722,1857
83.40,500,1700,1837
83.55,497,1693,1829
83.70,491,1677,1828
83.85,491,1663,1790
84.00,482,1646,1773
84.15,467,1614,1756
84.30,465,1584,1745
84.45,448,1563,1726
84.60,452,1565,1697
84.75,435,1543,1696
84.90,428,1508,1663
85.05,421,1488,1660
85.20,424,1474,1632
85.35,408,1454,1632
85.50,410,1437,1601
85.65,396,1424,1588
85.80,390,1407,1571
85.95,383,1403,1554
86.10,379,1378,1545
86.25,373,1361,1532
86.40,367,1360,1516
86.55,363,1347,1503
86.70,360,1335,1493
86.85,354,1309,1481
87.00,358,1300,1487
87.15,347,1288,1462
87.30,350,1278,1451
87.45,338,1266,1441
87.60,334,1254,1428
87.75,338,1241,1431
87.90,325,1227,1402
88.05,318,1210,1386
88.20,313,1208,1371
88.35,314,1192,1356
88.50,308,1160,1339
88.65,293,1157,1323
88.80,289,1140,1321
88.95,283,1113,1292
89.10,276,1093,1275
89.25,279,1096,1277
89.40,274,1070,1266
89.55,269,1056,1236
89.70,255,1033,1214
89.85,252,1021,1202
90.00,247,1024,1191
90.15,239,989,1169
90.30,235,975,1157
90.45,227,952,1135
90.60,227,936,1136
90.75,216,922,1120
90.90,212,907,1090
91.05,208,893,1078
91.20,208,892,1063
91.35,196,856,1043
91.50,194,852,1040
91.65,195,850,1039
91.80,187,826,1017
91.95,179,817,1009
92.10,178,814,1006
92.25,174,788,979
92.40,169,772,964
92.55,169,768,959
92.70,165,770,950
92.85,162,751,958
93.00,160,743,934
93.15,158,734,925
93.30,160,726,918
93.45,152,730,924
93.60,149,706,899
93.75,145,709,889
93.90,142,696,877
94.05,143,684,879
94.20,139,659,852
94.35,131,646,853
94.50,127,635,826
94.65,122,630,824
94.80,123,605,796
94.95,114,600,794
95.10,112,590,771
95.25,110,560,749
95.40,106,558,749
95.55,102,557,751
95.70,99,535,737
95.85,100,527,717
96.00,94,516,717
96.15,91,505,693
96.30,86,486,673
96.45,86,476,661
96.60,79,464,661
96.75,76,461,636
96.90,75,442,636
97.05,72,436,619
97.20,70,426,607
97.35,71,426,599
97.50,68,416,588
97.65,66,407,587
97.80,64,389,568
97.95,61,388,559
98.10,60,379,549
98.25,54,360,537
98.40,53,354,538
98.55,55,348,525
98.70,53,345,520
98.85,49,339,514
99.00,47,332,507
99.15,46,328,501
99.30,45,321,495
99.45,45,315,493
99.60,44,309,480
99.75,42,302,473
99.90,40,295,464
100.05,38,287,458
100.20,37,279,446
100.35,35,277,438
100.50,32,268,427
100.65,32,254,416
100.80,30,245,407
100.95,29,237,401
101.10,28,234,392
101.25,24,226,382
101.40,27,218,373
101.55,25,211,367
101.70,21,205,358
101.85,24,199,351
102.00,24,191,341
102.15,23,183,331
102.30,21,175,319
102.45,16,167,312
102.60,20,162,302
102.75,20,156,297
102.90,14,148,286
103.05,20,143,280
103.20,18,138,273
103.35,18,132,261
103.50,13,131,261
103.65,18,125,249
103.80,18,121,249
103.95,18,114,233
104.10,13,113,232
104.25,19,109,226
104.40,12,104,224
104.55,14,96,215
104.70,19,93,216
104.85,19,90,212
105.00,21,88,203
105.15,21,91,205
105.30,20,89,201
105.45,16,85,197
105.60,20,84,192
105.75,21,81,188
105.90,21,69,182
106.05,22,74,170
106.20,23,72,172
106.35,25,68,165
106.50,25,63,160
106.65,22,62,154
106.80,24,49,148
106.95,28,56,134
107.10,29,53,137
107.25,31,50,132
107.40,30,39,129
107.55,31,37,125
107.70,33,36,121
107.85,37,42,105
108.00,37,41,109
108.15,39,40,98
108.30,42,37,102
108.45,43,26,97
108.60,45,36,94
108.75,48,24,80
108.90,51,35,76
109.05,54,34,82
109.20,54,22,77
109.35,55,33,75
109.50,56,21,62
109.65,59,22,69
109.80,61,32,67
109.95,66,32,64
110.10,64,22,62
110.25,66,32,60
110.40,70,33,57
110.55,71,34,45
110.70,72,35,54
110.85,74,35,52
111.00,75,36,40
111.15,76,36,50
111.30,81,37,37
111.45,84,37,47
111.60,86,28,46
111.75,88,39,44
111.90,88,31,42
112.05,91,32,40
112.20,93,43,27
112.35,96,36,37
112.50,100,47,35
112.65,104,50,34
112.80,111,52,33
112.95,111,56,32
113.10,115,50,19
113.25,121,60,30
113.40,120,61,31
113.55,124,65,28
113.70,132,68,29
113.85,134,63,28
114.00,135,67,16
114.15,139,79,27
114.30,143,82,15
114.45,148,88,27
114.60,152,90,27
114.75,156,95,27
114.90,160,99,16
115.05,165,104,28
115.20,174,104,17
115.35,174,113,30
115.50,177,116,31
115.65,186,118,32
115.80,191,127,21
115.95,191,131,34
116.10,199,133,23
116.25,198,138,36
116.40,209,147,37
116.55,212,149,39
116.70,213,151,27
116.85,215,154,40
117.00,213,158,40
117.15,218,162,31
117.30,219,165,42
117.45,223,171,45
117.60,227,174,46
117.75,231,180,47
117.90,236,187,39
118.05,240,191,52
118.20,252,198,44
118.35,257,204,56
118.50,262,213,60
118.65,263,221,63
118.80,269,229,67
118.95,282,243,60
119.10,286,249,72
119.25,285,255,75
119.40,291,262,78
119.55,299,267,73
119.70,307,277,85
119.85,312,278,78
120.00,315,289,93
120.15,327,304,87
120.30,335,316,102
120.45,334,317,105
120.60,338,331,101
120.75,347,344,115
120.90,360,352,119
121.05,361,364,125
121.20,372,364,121
121.35,380,374,134
121.50,385,381,131
121.65,390,396,140
121.80,387,396,146
121.95,404,408,152
122.10,401,424,156
122.25,405,424,154
122.40,414,444,166
122.55,417,441,169
122.70,421,448,167
122.85,425,461,176
123.00,429,459,179
123.15,434,466,183
123.30,447,473,187
123.45,451,480,190
123.60,447,488,196
123.75,454,499,202
123.90,460,506,204
124.05,468,518,208
124.20,475,530,215
124.35,483,540,222
124.50,492,563,234
124.65,500,567,238
124.80,506,577,249
124.95,516,593,258
125.10,520,600,259
125.25,540,617,271
125.40,535,634,273
125.55,551,643,280
125.70,548,643,285
125.85,569,661,298
126.00,569,688,308
126.15,573,695,311
126.30,580,698,321
126.45,593,721,334
126.60,614,735,344
126.75,617,753,346
126.90,621,773,363
127.05,634,768,363
127.20,636,802,379
127.35,639,806,378
127.50,646,806,390
127.65,656,837,398
127.80,673,845,406
127.95,673,852,417
128.10,679,862,427
128.25,685,886,429
128.40,696,889,445
128.55,698,895,445
128.70,703,917,454
128.85,720,911,454
129.00,713,919,466
129.15,718,931,467
129.30,735,939,472
129.45,728,950,486
129.60,747,960,493
129.75,740,971,496
129.90,749,985,503
130.05,770,999,513
130.20,767,1016,532
130.35,776,1029,533
130.50,784,1061,546
130.65,808,1064,568
130.80,805,1096,570
130.95,816,1098,580
131.10,824,1112,591
131.25,843,1125,598
131.40,841,1143,612
131.55,865,1175,621
131.70,856,1170,628
131.85,867,1189,642
132.00,878,1225,657
132.15,885,1235,663
132.30,914,1252,684
132.45,924,1270,697
132.60,917,1277,715
132.75,932,1322,723
132.90,942,1339,736
133.05,945,1331,739
133.20,969,1350,766
133.35,976,1364,775
133.50,973,1395,786
133.65,999,1421,804
133.80,1007,1438,803
133.95,1005,1442,829
134.10,1011,1452,823
134.25,1016,1466,845
134.40,1027,1496,844
134.55,1034,1496,853
134.70,1038,1504,859
134.85,1055,1516,864
135.00,1049,1527,888
135.15,1054,1539,881
135.30,1061,1566,889
135.45,1080,1561,899
135.60,1085,1589,908
135.75,1082,1590,934
135.90,1104,1620,930
136.05,1100,1638,943
136.20,1123,1643,956
136.35,1122,1664,986
136.50,1132,1684,984
136.65,1146,1722,1016
136.80,1170,1731,1032
136.95,1166,1748,1028
137.10,1174,1763,1041
137.25,1197,1785,1057
137.40,1193,1815,1083
137.55,1203,1820,1096
137.70,1211,1838,1095
137.85,1222,1871,1108
138.00,1241,1906,1132
138.15,1257,1900,1139
138.30,1276,1973,1179
138.45,1287,1956,1195
138.60,1293,1983,1188
138.75,1296,2015,1211
138.90,1307,2035,1227
139.05,1310,2027,1232
139.20,1324,2068,1251
139.35,1334,2076,1282
139.50,1342,2086,1275
139.65,1355,2112,1296
139.80,1361,2125,1320
139.95,1381,2159,1332
140.10,1380,2172,1332
140.25,1393,2197,1349
140.40,1413,2216,1363
140.55,1409,2213,1388
140.70,1415,2225,1383
140.85,1430,2236,1406
141.00,1425,2263,1416
141.15,1443,2262,1427
141.30,1439,2274,1422
141.45,1455,2288,1434
141.60,1455,2306,1447
141.75,1462,2321,1457
141.90,1484,2343,1487
142.05,1482,2366,1489
142.20,1506,2387,1520
142.35,1507,2410,1521
142.50,1518,2433,1538
142.65,1531,2457,1558
142.80,1545,2497,1575
142.95,1569,2511,1612
143.10,1565,2541,1609
143.25,1579,2553,1630
143.40,1587,2568,1654
143.55,1602,2602,1663
143.70,1622,2653,1693
143.85,1622,2655,1706
144.00,1630,2659,1706
144.15,1653,2689,1728
144.30,1653,2705,1740
144.45,1665,2749,1777
144.60,1683,2782,1791
144.75,1692,2786,1802
144.90,1705,2816,1823
145.05,1715,2853,1839
145.20,1735,2880,1873
145.35,1735,2881,1888
145.50,1742,2897,1899
145.65,1763,2944,1921
145.80,1763,2960,1920
145.95,1775,2971,1937
146.10,1781,2985,1947
146.25,1790,3006,1976
146.40,1803,3034,1982
146.55,1808,3044,1989
146.70,1821,3055,2015
146.85,1818,3081,2010
147.00,1825,3081,2019
147.15,1843,3111,2031
147.30,1839,3109,2041
147.45,1855,3126,2068
147.60,1853,3158,2066
147.75,1862,3162,2080
147.90,1884,3187,2099
148.05,1885,3210,2117
148.20,1897,3233,2134
148.35,1910,3256,2153
148.50,1930,3294,2173
148.65,1936,3325,2195
148.80,1950,3340,2231
148.95,1970,3382,2250
149.10,1974,3394,2271
149.25,1991,3414,2284
149.40,2003,3460,2317
149.55,2003,3459,2302
149.70,2024,3480,2333
149.85,2033,3503,2350
150.00,2039,3534,2375
150.15,2048,3564,2390
150.30,2055,3569,2389
150.45,2081,3597,2425
150.60,2085,3628,2436
150.75,2114,3669,2466
150.90,2113,3685,2478
151.05,2130,3718,2507
151.20,2153,3751,2544
151.35,2144,3752,2528
151.50,2154,3779,2545
151.65,2167,3820,2569
151.80,2172,3813,2585
151.95,2182,3835,2589
152.10,2197,3849,2599
152.25,2199,3883,2617
152.40,2212,3899,2639
152.55,2217,3925,2650
152.70,2226,3944,2679
152.85,2231,3944,2675
153.00,2237,3958,2686
153.15,2252,3974,2696
153.30,2252,3991,2721
153.45,2265,4006,2721
153.60,2267,4024,2734
153.75,2276,4055,2764
153.90,2284,4061,2765
154.05,2303,4096,2785
154.20,2305,4107,2802
154.35,2315,4130,2821
154.50,2335,4151,2853
154.65,2342,4178,2874
154.80,2353,4203,2893
154.95,2363,4218,2911
155.10,2374,4255,2918
155.25,2390,4259,2948
155.40,2412,4320,2988
155.55,2403,4316,2986
155.70,2412,4334,2985
155.85,2421,4340,3003
156.00,2431,4365,3023
156.15,2445,4404,3047
156.30,2460,4425,3076
156.45,2471,4444,3093
156.60,2486,4484,3125
156.75,2496,4513,3154
156.90,2516,4548,3180
157.05,2512,4553,3169
157.20,2526,4584,3197
157.35,2535,4589,3211
157.50,2552,4634,3241
157.65,2555,4634,3264
157.80,2568,4663,3272
157.95,2575,4676,3299
158.10,2590,4695,3313
158.25,2593,4717,3334
158.40,2603,4739,3339
158.55,2616,4752,3349
158.70,2616,4780,3361
158.85,2629,4787,3377
159.00,2627,4802,3390
159.15,2636,4820,3404
159.30,2642,4834,3416
159.45,2656,4863,3444
159.60,2658,4879,3443
159.75,2666,4890,3472
159.90,2683,4911,3477
160.05,2689,4935,3499
160.20,2702,4959,3518
160.35,2706,4982,3551
160.50,2723,5004,3574
160.65,2728,5043,3583
160.80,2738,5055,3602
160.95,2750,5080,3638
161.10,2756,5107,3639
161.25,2767,5131,3673
161.40,2779,5146,3698
161.55,2789,5169,3706
161.70,2792,5175,3722
161.85,2808,5197,3728
162.00,2821,5248,3766
162.15,2829,5255,3781
162.30,2837,5277,3813
162.45,2846,5298,3817
162.60,2862,5331,3853
162.75,2865,5343,3857
162.90,2883,5367,3896
163.05,2893,5401,3913
163.20,2904,5428,3941
163.35,2914,5452,3952
163.50,2920,5452,3981
163.65,2930,5475,4001
163.80,2932,5496,4007
163.95,2949,5540,4031
164.10,2954,5536,4052
164.25,2961,5551,4052
164.40,2976,5587,4097
164.55,2973,5595,4092
164.70,2976,5619,4100
164.85,2985,5625,4115
165.00,2992,5641,4143
165.15,2997,5664,4140
165.30,3008,5671,4165
165.45,3009,5684,4165
165.60,3018,5699,4177
165.75,3029,5723,4193
165.90,3031,5745,4210
166.05,3044,5762,4227
166.20,3054,5771,4247
166.35,3060,5804,4280
166.50,3071,5813,4287
166.65,3082,5850,4312
166.80,3093,5858,4328
166.95,3100,5879,4345
167.10,3107,5908,4365
167.25,3121,5919,4377
167.40,3128,5958,4402
167.55,3136,5979,4418
167.70,3148,6000,4439
167.85,3147,6003,4443
168.00,3163,6032,4465
168.15,3176,6067,4483
168.30,3180,6096,4508
168.45,3212,6151,4563
168.60,3206,6149,4563
168.75,3218,6187,4586
168.90,3218,6192,4590
169.05,3235,6206,4611
169.20,3241,6248,4636
169.35,3244,6253,4641
169.50,3254,6286,4667
169.65,3261,6297,4678
169.80,3261,6317,4702
169.95,3281,6355,4721
170.10,3286,6354,4727
170.25,3287,6382,4744
170.40,3300,6402,4763
170.55,3300,6404,4772
170.70,3309,6418,4783
170.85,3317,6436,4797
171.00,3322,6454,4805
171.15,3321,6467,4817
171.30,3325,6470,4844
171.45,3330,6479,4841
171.60,3335,6494,4855
171.75,3344,6509,4883
171.90,3352,6530,4882
172.05,3361,6548,4903
172.20,3367,6569,4935
172.35,3375,6593,4952
172.50,3385,6614,4956
172.65,3396,6642,4994
172.80,3403,6672,5011
172.95,3410,6691,5014
173.10,3414,6701,5032
173.25,3421,6724,5044
173.40,3432,6760,5071
173.55,3441,6760,5078
173.70,3444,6779,5111
173.85,3451,6796,5126
174.00,3462,6818,5143
174.15,3469,6842,5151
174.30,3482,6882,5195
174.45,3495,6905,5215
174.60,3497,6907,5214
174.75,3519,6972,5271
174.90,3520,6979,5267
175.05,3519,6981,5268
175.20,3528,6991,5297
175.35,3537,7019,5325
175.50,3537,7028,5309
175.65,3546,7046,5325
175.80,3550,7059,5338
175.95,3565,7089,5366
176.10,3565,7076,5364
176.25,3568,7083,5388
176.40,3586,7118,5409
176.55,3583,7117,5410
176.70,3584,7123,5420
176.85,3590,7143,5436
177.00,3593,7155,5445
177.15,3598,7174,5467
177.30,3597,7187,5462
177.45,3604,7196,5476
177.60,3605,7203,5487
177.75,3612,7211,5497
177.90,3618,7232,5511
178.05,3627,7252,5527
178.20,3632,7272,5550
178.35,3640,7281,5578
178.50,3647,7299,5580
178.65,3655,7324,5600
178.80,3661,7339,5615
178.95,3665,7352,5628
179.10,3673,7368,5646
179.25,3676,7379,5663
179.40,3681,7394,5676
179.55,3688,7410,5688
179.70,3692,7428,5712
179.85,3703,7455,5732
180.00,3703,7456,5747
180.15,3725,7519,5806
180.30,3725,7528,5798
180.45,3726,7516,5798
180.60,3731,7538,5820
180.75,3743,7573,5851
180.90,3747,7569,5850
181.05,3744,7567,5849
181.20,3759,7616,5893
181.35,3756,7604,5904
181.50,3759,7612,5893
181.65,3761,7628,5907
181.80,3765,7639,5924
181.95,3770,7669,5946
182.10,3776,7683,5953
182.25,3780,7693,5961
182.40,3783,7710,5991
182.55,3781,7715,5981
182.70,3786,7727,5995
182.85,3791,7739,6015
183.00,3794,7759,6012
183.15,3795,7773,6023
183.30,3793,7770,6029
183.45,3801,7783,6035
183.60,3796,7800,6056
183.75,3800,7802,6068
183.90,3804,7818,6064
184.05,3806,7833,6078
184.20,3810,7845,6092
184.35,3818,7858,6116
184.50,3823,7873,6135
184.65,3825,7890,6147
184.80,3828,7903,6159
184.95,3834,7912,6152
185.10,3836,7928,6177
185.25,3841,7933,6177
185.40,3844,7954,6197
185.55,3845,7948,6200
185.70,3846,7952,6209
185.85,3848,7961,6219
186.00,3854,7975,6236
186.15,3858,8001,6250
186.30,3865,8018,6288
186.45,3866,8015,6274
186.60,3869,8020,6281
186.75,3874,8052,6313
186.90,3876,8051,6321
187.05,3878,8061,6319
187.20,3885,8096,6348
187.35,3887,8108,6348
187.50,3885,8105,6351
187.65,3888,8111,6362
187.80,3891,8130,6384
187.95,3892,8130,6379
188.10,3901,8151,6405
188.25,3900,8161,6416
188.40,3902,8175,6425
188.55,3908,8174,6422
188.70,3907,8177,6431
188.85,3909,8172,6433
189.00,3910,8190,6456
189.15,3914,8196,6452
189.30,3910,8191,6454
189.45,3911,8192,6461
189.60,3914,8193,6467
189.75,3911,8197,6474
189.90,3915,8217,6494
190.05,3915,8221,6506
190.20,3919,8237,6517
190.35,3921,8248,6509
190.50,3923,8246,6534
190.65,3922,8257,6530
190.80,3925,8269,6543
190.95,3928,8270,6562
191.10,3928,8272,6557
191.25,3928,8285,6563
191.40,3934,8282,6586
191.55,3930,8290,6594
191.70,3938,8301,6605
191.85,3938,8308,6605
192.00,3938,8301,6609
192.15,3936,8308,6625
192.30,3937,8318,6639
192.45,3937,8331,6642
192.60,3942,8341,6639
192.75,3940,8348,6656
192.90,3940,8349,6666
193.05,3939,8361,6659
193.20,3938,8366,6684
193.35,3943,8362,6675
193.50,3942,8375,6685
193.65,3938,8372,6687
193.80,3940,8374,6694
193.95,3942,8388,6717
194.10,3938,8390,6705
194.25,3939,8381,6710
194.40,3942,8385,6733
194.55,3941,8398,6721
194.70,3941,8392,6736
194.85,3943,8396,6728
195.00,3939,8400,6747
195.15,3939,8405,6737
195.30,3939,8408,6739
195.45,3936,8424,6746
195.60,3935,8415,6751
195.75,3936,8423,6756
195.90,3933,8427,6763
196.05,3934,8437,6769
196.20,3933,8441,6790
196.35,3935,8450,6784
196.50,3936,8454,6789
196.65,3931,8459,6809
196.80,3930,8457,6797
196.95,3931,8455,6800
197.10,3932,8457,6808
197.25,3929,8458,6806
197.40,3927,8456,6822
197.55,3927,8456,6811
197.70,3925,8463,6813
197.85,3925,8450,6820
198.00,3918,8462,6838
198.15,3916,8452,6819
198.30,3914,8453,6837
198.45,3913,8460,6839
198.60,3913,8456,6818
198.75,3902,8461,6832
198.90,3902,8459,6843
199.05,3902,8457,6824
199.20,3900,8459,6825
199.35,3896,8454,6827
199.50,3895,8464,6825
199.65,3889,8454,6833
199.80,3891,8461,6836
199.95,3890,8451,6834
200.10,3885,8460,6838
200.25,3879,8451,6847
200.40,3874,8450,6860
200.55,3874,8450,6851
200.70,3875,8454,6860
200.85,3870,8452,6869
201.00,3867,8454,6875
201.15,3868,8454,6879
201.30,3863,8451,6898
201.45,3859,8453,6902
201.60,3857,8463,6906
201.75,3854,8465,6896
201.90,3855,8468,6904
202.05,3852,8458,6903
202.20,3849,8459,6917
202.35,3844,8462,6907
202.50,3844,8467,6909
202.65,3844,8468,6915
202.80,3835,8463,6911
202.95,3835,8454,6928
203.10,3834,8461,6916
203.25,3829,8448,6919
203.40,3828,8448,6932
203.55,3825,8455,6920
203.70,3825,8449,6923
203.85,3821,8436,6926
204.00,3821,8428,6926
204.15,3813,8422,6926
204.30,3814,8427,6927
204.45,3810,8416,6927
204.60,3807,8423,6927
204.75,3799,8405,6923
204.90,3798,8395,6926
205.05,3791,8389,6925
205.20,3794,8383,6927
205.35,3791,8384,6927
205.50,3782,8365,6938
205.65,3782,8365,6936
205.80,3778,8358,6918
205.95,3775,8355,6922
206.10,3773,8358,6919
206.25,3769,8346,6928
206.40,3762,8345,6913
206.55,3761,8332,6930
206.70,3761,8331,6928
206.85,3757,8322,6914
207.00,3753,8314,6915
207.15,3749,8309,6913
207.30,3746,8316,6914
207.45,3738,8310,6929
207.60,3734,8314,6913
207.75,3726,8302,6907
207.90,3724,8293,6902
208.05,3720,8298,6905
208.20,3715,8290,6901
208.35,3702,8288,6914
208.50,3702,8274,6913
208.65,3695,8267,6912
208.80,3693,8263,6894
208.95,3681,8256,6895
209.10,3682,8254,6895
209.25,3675,8257,6903
209.40,3672,8258,6888
209.55,3667,8252,6892
209.70,3661,8242,6885
209.85,3661,8236,6896
210.00,3655,8211,6881
210.15,3648,8196,6891
210.30,3640,8194,6870
210.45,3631,8165,6860
210.60,3631,8171,6875
210.75,3626,8176,6875
210.90,3619,8159,6860
211.05,3605,8139,6860
211.20,3609,8139,6850
211.35,3603,8132,6850
211.50,3595,8119,6853
211.65,3590,8115,6835
211.80,3591,8109,6847
211.95,3586,8109,6826
212.10,3575,8099,6834
212.25,3564,8083,6815
212.40,3562,8072,6822
212.55,3561,8081,6819
212.70,3553,8064,6805
212.85,3546,8067,6797
213.00,3544,8055,6799
213.15,3538,8050,6793
213.30,3537,8047,6789
213.45,3527,8034,6797
213.60,3523,8027,6790
213.75,3513,8022,6784
213.90,3507,8004,6766
214.05,3505,7994,6759
214.20,3496,7995,6754
214.35,3495,7981,6757
214.50,3488,7975,6741
214.65,3476,7956,6730
214.80,3475,7949,6727
214.95,3467,7950,6720
215.10,3462,7935,6713
215.25,3451,7918,6712
215.40,3447,7912,6695
215.55,3444,7916,6701
215.70,3437,7902,6679
215.85,3430,7887,6683
216.00,3420,7872,6663
216.15,3414,7864,6653
216.30,3395,7841,6635
216.45,3396,7834,6650
216.60,3390,7825,6630
216.75,3382,7811,6622
216.90,3376,7793,6616
217.05,3362,7777,6611
217.20,3356,7766,6591
217.35,3347,7763,6584
217.50,3340,7742,6577
217.65,3332,7732,6567
217.80,3323,7727,6563
217.95,3311,7695,6546
218.10,3313,7697,6560
218.25,3298,7679,6546
218.40,3290,7670,6536
218.55,3284,7661,6529
218.70,3275,7634,6517
218.85,3274,7630,6504
219.00,3266,7615,6496
219.15,3259,7606,6503
219.30,3254,7605,6483
219.45,3244,7592,6471
219.60,3234,7569,6464
219.75,3229,7561,6455
219.90,3221,7545,6458
220.05,3215,7531,6437
220.20,3205,7518,6427
220.35,3197,7510,6425
220.50,3187,7488,6405
220.65,3178,7481,6406
220.80,3178,7461,6384
220.95,3171,7450,6376
221.10,3161,7443,6368
221.25,3150,7418,6372
221.40,3142,7399,6348
221.55,3139,7383,6341
221.70,3112,7340,6327
221.85,3109,7335,6328
222.00,3104,7336,6305
222.15,3095,7311,6296
222.30,3081,7283,6293
222.45,3063,7261,6261
222.60,3070,7268,6262
222.75,3055,7246,6250
222.90,3046,7213,6234
223.05,3039,7200,6237
223.20,3026,7187,6216
223.35,3019,7175,6207
223.50,3008,7157,6192
223.65,2998,7141,6183
223.80,2993,7140,6176
223.95,2980,7113,6160
224.10,2977,7101,6166
224.25,2964,7099,6156
224.40,2951,7077,6129
224.55,2948,7063,6123
224.70,2937,7043,6121
224.85,2929,7034,6115
225.00,2925,7024,6089
225.15,2915,7003,6096
225.30,2906,6982,6069
225.45,2904,6973,6061
225.60,2890,6957,6052
225.75,2882,6940,6040
225.90,2875,6935,6024
226.05,2867,6916,6013
226.20,2862,6890,5999
226.35,2847,6884,5991
226.50,2844,6864,5979
226.65,2829,6837,5964
226.80,2825,6814,5950
226.95,2816,6805,5940
227.10,2804,6778,5928
227.25,2792,6760,5929
227.40,2784,6745,5906
227.55,2771,6711,5900
227.70,2767,6701,5879
227.85,2759,6679,5866
228.00,2738,6642,5855
228.15,2731,6640,5850
228.30,2714,6600,5817
228.45,2702,6584,5799
228.60,2694,6556,5789
228.75,2684,6547,5772
228.90,2676,6503,5750
229.05,2663,6493,5743
229.20,2660,6470,5730
229.35,2643,6460,5716
229.50,2640,6428,5703
229.65,2624,6408,5692
229.80,2610,6377,5671
229.95,2602,6358,5659
230.10,2592,6342,5648
230.25,2580,6323,5644
230.40,2575,6307,5612
230.55,2556,6289,5602
230.70,2563,6281,5601
230.85,2548,6273,5584
231.00,2548,6249,5572
231.15,2532,6233,5558
231.30,2520,6226,5545
231.45,2515,6197,5553
231.60,2506,6179,5525
231.75,2498,6167,5512
231.90,2498,6133,5497
232.05,2487,6110,5482
232.20,2472,6088,5480
232.35,2463,6071,5451
232.50,2454,6055,5436
232.65,2440,6028,5416
232.80,2444,6019,5420
232.95,2424,6007,5386
233.10,2413,5979,5384
233.25,2401,5962,5355
233.40,2401,5949,5356
233.55,2392,5930,5327
233.70,2379,5909,5309
233.85,2359,5885,5290
234.00,2345,5866,5267
234.15,2336,5840,5253
234.30,2319,5818,5244
234.45,2309,5788,5214
234.60,2301,5772,5201
234.75,2286,5740,5175
234.90,2274,5712,5156
235.05,2261,5696,5150
235.20,2250,5662,5117
235.35,2240,5638,5100
235.50,2223,5602,5089
235.65,2223,5604,5073
235.80,2210,5576,5054
235.95,2202,5562,5040
236.10,2192,5541,5021
236.25,2179,5515,5016
236.40,2172,5500,5004
236.55,2166,5485,4981
236.70,2157,5477,4985
236.85,2153,5441,4949
237.00,2140,5428,4956
237.15,2133,5399,4917
237.30,2120,5397,4924
237.45,2118,5361,4895
237.60,2103,5357,4882
237.75,2094,5337,4867
237.90,2084,5302,4850
238.05,2073,5282,4832
238.20,2062,5272,4832
238.35,2058,5246,4799
238.50,2043,5233,4786
238.65,2040,5212,4768
238.80,2019,5187,4761
238.95,2009,5158,4734
239.10,1993,5128,4706
239.25,1985,5109,4703
239.40,1975,5105,4676
239.55,1959,5059,4663
239.70,1944,5027,4638
239.85,1936,5023,4611
240.00,1932,4994,4588
240.15,1913,4973,4569
240.30,1892,4921,4551
240.45,1875,4885,4525
240.60,1874,4898,4508
240.75,1861,4869,4487
240.90,1848,4828,4465
241.05,1850,4814,4467
241.20,1826,4778,4426
241.35,1819,4772,4412
241.50,1806,4735,4393
241.65,1795,4722,4377
241.80,1777,4684,4364
241.95,1771,4675,4341
242.10,1762,4654,4327
242.25,1750,4632,4322
242.40,1748,4596,4290
242.55,1732,4581,4280
242.70,1726,4566,4282
242.85,1726,4546,4267
243.00,1719,4525,4252
243.15,1701,4517,4224
243.30,1694,4503,4214
243.45,1688,4475,4202
243.60,1690,4458,4189
243.75,1672,4438,4177
243.90,1673,4416,4158
244.05,1652,4403,4155
244.20,1640,4363,4121
244.35,1629,4348,4100
244.50,1618,4323,4079
244.65,1616,4296,4072
244.80,1607,4268,4058
244.95,1586,4255,4036
245.10,1578,4231,4011
245.25,1569,4212,3992
245.40,1559,4192,3973
245.55,1561,4186,3959
245.70,1540,4162,3955
245.85,1530,4136,3920
246.00,1522,4101,3916
246.15,1510,4074,3884
246.30,1506,4042,3874
246.45,1494,4016,3836
246.60,1473,4004,3831
246.75,1473,3977,3798
246.90,1457,3946,3769
247.05,1440,3933,3757
247.20,1427,3890,3734
247.35,1421,3854,3716
247.50,1406,3842,3695
247.65,1394,3832,3691
247.80,1386,3813,3672
247.95,1374,3786,3635
248.10,1366,3756,3621
248.25,1355,3731,3600
248.40,1345,3709,3581
248.55,1336,3692,3569
248.70,1329,3692,3555
248.85,1321,3656,3538
249.00,1310,3639,3518
249.15,1302,3630,3502
249.30,1295,3606,3503
249.45,1288,3599,3475
249.60,1278,3582,3460
249.75,1283,3562,3445
249.90,1262,3529,3443
250.05,1254,3519,3423
250.20,1243,3495,3399
250.35,1230,3459,3368
250.50,1223,3452,3350
250.65,1212,3427,3331
250.80,1212,3392,3327
250.95,1192,3372,3295
251.10,1195,3351,3276
251.25,1188,3332,3275
251.40,1172,3321,3251
251.55,1168,3316,3236
251.70,1149,3271,3226
251.85,1153,3252,3194
252.00,1130,3228,3172
252.15,1121,3207,3156
252.30,1107,3175,3137
252.45,1098,3168,3108
252.60,1086,3142,3085
252.75,1077,3107,3066
252.90,1067,3095,3046
253.05,1057,3061,3026
253.20,1046,3049,3006
253.35,1037,3025,2985
253.50,1039,2990,2967
253.65,1016,2964,2953
253.80,1009,2946,2932
253.95,989,2915,2912
254.10,986,2891,2886
254.25,978,2888,2873
254.40,981,2850,2854
254.55,964,2840,2845
254.70,957,2821,2845
254.85,950,2802,2816
255.00,941,2781,2799
255.15,948,2763,2783
255.30,926,2745,2769
255.45,919,2731,2757
255.60,925,2726,2758
255.75,919,2700,2730
255.90,897,2695,2712
256.05,890,2660,2696
256.20,880,2653,2677
256.35,872,2631,2656
256.50,861,2595,2638
256.65,853,2572,2617
256.80,844,2552,2601
256.95,835,2546,2585
257.10,830,2531,2571
257.25,821,2495,2552
257.40,827,2488,2554
257.55,804,2455,2534
257.70,794,2435,2516
257.85,786,2411,2495
258.00,779,2395,2480
258.15,769,2376,2463
258.30,759,2359,2437
258.45,761,2323,2407
258.60,738,2311,2382
258.75,730,2277,2365
258.90,729,2242,2336
259.05,710,2226,2323
259.20,703,2208,2307
259.35,693,2186,2303
259.50,689,2170,2290
259.65,689,2157,2252
259.80,674,2143,2255
259.95,654,2086,2199
260.10,656,2085,2200
260.25,648,2072,2187
260.40,651,2060,2166
260.55,635,2032,2170
260.70,640,2019,2140
260.85,624,2007,2128
261.00,627,1988,2112
261.15,616,1971,2095
261.30,604,1969,2083
261.45,609,1940,2083
261.60,592,1939,2056
261.75,586,1907,2041
261.90,578,1890,2023
262.05,571,1886,2007
262.20,574,1850,2004
262.35,556,1834,1974
262.50,548,1815,1955
262.65,550,1808,1939
262.80,535,1779,1924
262.95,529,1778,1908
263.10,522,1764,1894
263.25,514,1730,1876
263.40,520,1721,1869
263.55,504,1703,1865
263.70,495,1679,1843
263.85,489,1677,1830
264.00,482,1650,1818
264.15,474,1624,1779
264.30,463,1600,1757
264.45,456,1595,1740
264.60,458,1577,1738
264.75,442,1542,1716
264.90,433,1535,1683
265.05,429,1522,1670
265.20,428,1501,1649
265.35,423,1471,1651
265.50,409,1469,1620
265.65,400,1434,1601
265.80,396,1420,1588
265.95,386,1410,1564
266.10,381,1398,1554
266.25,377,1368,1555
266.40,370,1361,1537
266.55,367,1338,1528
266.70,369,1340,1500
266.85,357,1315,1504
267.00,360,1315,1489
267.15,347,1287,1461
267.30,351,1276,1452
267.45,347,1280,1440
267.60,335,1266,1428
267.75,330,1238,1431
267.90,324,1239,1404
268.05,319,1208,1388
268.20,313,1193,1373
268.35,308,1192,1356
268.50,308,1157,1339
268.65,294,1139,1322
268.80,291,1129,1312
268.95,285,1113,1315
269.10,281,1102,1287
269.25,282,1086,1288
269.40,278,1091,1263
269.55,274,1062,1250
269.70,264,1052,1242
269.85,258,1050,1225
270.00,252,1019,1209
270.15,247,1002,1208
270.30,239,983,1176
270.45,239,976,1171
270.60,230,952,1161
270.75,229,949,1145
270.90,219,919,1114
271.05,213,902,1098
271.20,210,907,1105
271.35,205,875,1075
271.50,200,860,1074
271.65,196,847,1047
271.80,188,829,1045
271.95,186,820,1019
272.10,182,808,1024
272.25,177,806,992
272.40,174,797,983
272.55,175,772,973
272.70,167,774,976
272.85,163,760,963
273.00,159,735,951
273.15,161,727,926
273.30,154,731,917
273.45,155,722,909
273.60,152,701,913
273.75,145,691,897
273.90,142,680,894
274.05,142,668,881
274.20,135,667,855
274.35,130,648,856
274.50,132,633,829
274.65,125,621,831
274.80,120,610,805
274.95,116,597,806
275.10,114,584,794
275.25,109,572,768
275.40,107,575,761
275.55,105,556,764
275.70,101,551,749
275.85,99,545,730
276.00,95,523,730
276.15,97,522,707
276.30,92,496,702
276.45,86,485,678
276.60,84,476,676
276.75,83,464,655
276.90,81,453,642
277.05,74,450,631
277.20,72,440,621
277.35,68,421,609
277.50,67,410,598
277.65,67,408,587
277.80,64,399,585
277.95,59,379,564
278.10,56,371,554
278.25,58,364,553
278.40,52,354,535
278.55,51,354,534
278.70,50,341,521
278.85,48,335,514
279.00,49,327,506
279.15,46,322,500
279.30,45,317,493
279.45,43,310,486
279.60,43,303,478
279.75,40,297,472
279.90,39,290,467
280.05,38,281,457
280.20,36,278,447
280.35,33,265,435
280.50,32,256,424
280.65,31,251,416
280.80,31,244,408
280.95,29,236,399
281.10,25,228,392
281.25,24,223,384
281.40,26,217,377
281.55,26,212,370
281.70,24,202,358
281.85,24,198,354
282.00,19,191,345
282.15,21,182,335
282.30,21,174,320
282.45,16,168,317
282.60,20,163,306
282.75,19,155,301
282.90,19,152,293
283.05,20,146,283
283.20,19,134,276
283.35,18,131,271
283.50,13,125,264
283.65,13,119,255
283.80,19,121,246
283.95,19,115,238
284.10,18,111,237
284.25,13,105,230
284.40,18,102,218
284.55,14,92,213
284.70,20,96,216
284.85,19,92,209
285.00,20,89,205
285.15,20,87,201
285.30,20,85,192
285.45,21,83,196
285.60,16,80,189
285.75,17,69,185
285.90,18,74,172
286.05,22,63,174
286.20,23,59,169
286.35,21,64,155
286.50,25,52,149
286.65,26,58,143
286.80,25,46,145
286.95,29,53,141
287.10,29,51,137
287.25,30,49,124
287.40,30,48,130
287.55,33,36,118
287.70,34,45,122
287.85,36,32,108
288.00,37,40,113
288.15,38,40,109
288.30,41,37,92
288.45,43,25,98
288.60,44,24,95
288.75,49,34,80
288.90,49,34,86
289.05,50,22,83
289.20,56,32,79
289.35,55,33,77
289.50,57,31,73
289.65,60,32,69
289.80,64,32,56
289.95,65,32,63
290.10,66,32,60
290.25,69,33,59
290.40,72,33,55
290.55,77,23,54
290.70,74,33,53
290.85,76,35,51
291.00,79,26,49
291.15,81,36,48
291.30,82,38,46
291.45,88,38,33
291.60,87,39,32
291.75,90,40,30
291.90,96,32,40
292.05,96,43,39
292.20,98,36,37
292.35,101,47,23
292.50,105,50,34
292.65,109,52,21
292.80,111,54,31
292.95,114,48,31
293.10,118,59,30
293.25,125,62,17
293.40,123,63,29
293.55,131,58,28
293.70,135,69,28
293.85,138,65,15
294.00,143,77,27
294.15,142,81,15
294.30,146,85,26
294.45,156,90,27
294.60,155,88,28
294.75,160,97,27
294.90,165,102,28
295.05,168,106,29
295.20,174,111,17
295.35,176,111,29
295.50,182,120,31
295.65,187,126,32
295.80,189,130,32
295.95,197,136,34
296.10,200,141,35
296.25,203,144,25
296.40,209,152,38
296.55,212,154,39
296.70,220,159,41
296.85,224,162,41
297.00,221,165,42
297.15,224,170,44
297.30,232,174,44
297.45,231,179,46
297.60,234,184,48
297.75,239,187,38
297.90,243,194,50
298.05,249,200,43
298.20,253,207,56
298.35,260,214,48
298.50,271,220,62
298.65,272,230,55
298.80,285,244,69
298.95,290,246,72
299.10,294,257,64
299.25,293,258,67
299.40,302,263,69
299.55,302,269,83
299.70,311,279,87
299.85,321,286,89
300.00,328,303,95
300.15,326,304,98
300.30,334,321,94
300.45,341,324,107
300.60,349,333,104
300.75,361,350,117
300.90,359,352,113
301.05,368,370,125
301.20,373,370,131
301.35,379,388,135
301.50,393,389,132
301.65,392,407,145
301.80,406,408,149
301.95,406,420,150
302.10,411,427,161
302.25,417,436,164
302.40,424,448,171
302.55,429,459,174
302.70,432,459,177
302.85,436,465,181
303.00,448,471,183
303.15,443,479,183
303.30,449,486,191
303.45,452,493,196
303.60,458,502,200
303.75,464,520,200
303.90,469,529,206
304.05,476,540,213
304.20,494,542,224
304.35,501,565,227
304.50,499,567,234
304.65,509,581,246
304.80,518,604,253
304.95,535,609,261
305.10,541,629,268
305.25,548,629,274
305.40,553,637,277
305.55,551,651,285
305.70,572,668,296
305.85,566,678,302
306.00,574,688,309
306.15,584,703,318
306.30,592,729,326
306.45,601,731,335
306.60,609,746,345
306.75,617,759,353
306.90,626,774,362
307.05,636,804,371
307.20,645,821,382
307.35,653,833,389
307.50,659,846,398
307.65,667,845,406
307.80,675,856,412
307.95,684,889,429
308.10,704,901,433
308.25,710,895,439
308.40,707,913,454
308.55,711,921,455
308.70,715,944,465
308.85,722,937,464
309.00,739,946,476
309.15,745,969,483
309.30,749,964,489
309.45,744,989,490
309.60,750,984,503
309.75,757,997,505
309.90,778,1011,513
310.05,774,1041,523
310.20,783,1058,534
310.35,805,1062,554
310.50,802,1075,556
310.65,815,1097,569
310.80,825,1115,581
310.95,835,1134,604
311.10,843,1147,603
311.25,866,1182,614
311.40,874,1180,622
311.55,876,1190,629
311.70,888,1210,641
311.85,885,1244,654
312.00,895,1262,666
312.15,919,1268,679
312.30,928,1294,690
312.45,928,1309,718
312.60,936,1322,728
312.75,945,1337,739
312.90,958,1361,754
313.05,965,1373,750
313.20,976,1398,767
313.35,983,1410,790
313.50,1006,1430,787
313.65,1003,1450,800
313.80,1010,1475,810
313.95,1035,1485,824
314.10,1031,1499,850
314.25,1052,1517,847
314.40,1047,1532,874
314.55,1055,1561,869
314.70,1074,1571,877
314.85,1079,1565,898
315.00,1072,1578,892
315.15,1079,1604,916
315.30,1086,1603,909
315.45,1091,1614,931
315.60,1098,1628,928
315.75,1108,1644,954
315.90,1129,1665,951
316.05,1126,1692,962
316.20,1138,1701,978
316.35,1150,1720,993
316.50,1159,1742,1022
316.65,1171,1763,1039
316.80,1185,1787,1040
316.95,1194,1803,1053
317.10,1204,1836,1081
317.25,1213,1837,1076
317.40,1222,1857,1091
317.55,1239,1866,1114
317.70,1239,1889,1113
317.85,1258,1906,1127
318.00,1260,1931,1143
318.15,1271,1964,1158
318.30,1282,1987,1172
318.45,1297,2014,1207
318.60,1309,2037,1222
318.75,1317,2044,1223
318.90,1328,2063,1252
319.05,1341,2092,1255
319.20,1347,2115,1263
319.35,1357,2123,1277
319.50,1381,2148,1294
319.65,1375,2158,1317
319.80,1398,2193,1334
319.95,1395,2197,1347
320.10,1407,2221,1364
320.25,1413,2234,1359
320.40,1423,2255,1375
320.55,1433,2275,1390
320.70,1443,2296,1404
320.85,1450,2311,1415
321.00,1457,2326,1425
321.15,1464,2351,1450
321.30,1481,2351,1444
321.45,1477,2380,1457
321.60,1483,2378,1465
321.75,1491,2395,1481
321.90,1500,2411,1492
322.05,1510,2431,1506
322.20,1520,2451,1522
322.35,1544,2486,1553
322.50,1555,2493,1554
322.65,1565,2516,1572
322.80,1567,2534,1586
322.95,1580,2573,1606
323.10,1589,2595,1621
323.25,1603,2616,1653
323.40,1614,2628,1673
323.55,1626,2660,1672
323.70,1642,2675,1686
323.85,1647,2704,1707
324.00,1658,2712,1722
324.15,1668,2747,1751
324.30,1679,2765,1775
324.45,1695,2798,1782
324.60,1719,2841,1805
324.75,1730,2863,1822
324.90,1741,2883,1835
325.05,1744,2908,1854
325.20,1753,2930,1871
325.35,1776,2940,1888
325.50,1786,2979,1923
325.65,1783,2976,1930
325.80,1793,2995,1931
325.95,1814,3035,1952
326.10,1812,3038,1963
326.25,1834,3064,1991
326.40,1844,3085,2013
326.55,1841,3100,2011
326.70,1846,3122,2032
326.85,1861,3123,2027
327.00,1858,3133,2038
327.15,1875,3163,2064
327.30,1879,3164,2057
327.45,1877,3179,2085
327.60,1886,3195,2083
327.75,1894,3229,2096
327.90,1903,3235,2112
328.05,1915,3257,2130
328.20,1928,3284,2148
328.35,1940,3308,2168
328.50,1952,3332,2186
328.65,1965,3373,2209
328.80,1988,3404,2245
328.95,1993,3419,2253
329.10,2009,3438,2281
329.25,2011,3471,2282
329.40,2021,3484,2299
329.55,2037,3499,2313
329.70,2052,3527,2350
329.85,2050,3548,2352
330.00,2064,3575,2389
330.15,2088,3603,2398
330.30,2092,3631,2421
330.45,2113,3671,2440
330.60,2114,3676,2472
330.75,2128,3706,2483
330.90,2135,3720,2496
331.05,2149,3750,2520
331.20,2172,3783,2560
331.35,2180,3812,2558
331.50,2183,3826,2578
331.65,2189,3835,2587
331.80,2204,3866,2605
331.95,2217,3892,2641
332.10,2227,3900,2656
332.25,2227,3922,2672
332.40,2248,3945,2692
332.55,2244,3958,2688
332.70,2251,3971,2695
332.85,2258,3985,2705
333.00,2264,4013,2715
333.15,2279,4015,2729
333.30,2285,4032,2740
333.45,2285,4048,2753
333.60,2292,4064,2769
333.75,2301,4085,2787
333.90,2310,4120,2803
334.05,2319,4133,2823
334.20,2340,4170,2845
334.35,2351,4186,2867
334.50,2361,4222,2887
334.65,2376,4239,2915
334.80,2390,4282,2938
334.95,2403,4302,2963
335.10,2403,4319,2977
335.25,2423,4345,2997
335.40,2425,4364,3028
335.55,2433,4394,3040
335.70,2450,4424,3060
335.85,2459,4440,3070
336.00,2473,4466,3094
336.15,2483,4488,3114
336.30,2498,4530,3138
336.45,2513,4565,3165
336.60,2526,4577,3176
336.75,2536,4610,3216
336.90,2551,4626,3218
337.05,2551,4630,3249
337.20,2571,4672,3269
337.35,2577,4679,3287
337.50,2587,4715,3296
337.65,2605,4738,3337
337.80,2610,4747,3342
337.95,2622,4787,3369
338.10,2637,4791,3381
338.25,2648,4829,3409
338.40,2649,4834,3407
338.55,2661,4845,3430
338.70,2666,4870,3427
338.85,2671,4871,3452
339.00,2670,4888,3449
339.15,2673,4913,3463
339.30,2682,4927,3473
339.45,2687,4947,3497
339.60,2693,4949,3499
339.75,2702,4971,3515
339.90,2710,4998,3534
340.05,2721,5022,3553
340.20,2734,5048,3589
340.35,2744,5076,3595
340.50,2762,5106,3614
340.65,2769,5132,3640
340.80,2789,5163,3676
340.95,2795,5195,3686
341.10,2802,5215,3702
341.25,2812,5251,3719
341.40,2826,5274,3749
341.55,2835,5295,3753
341.70,2846,5318,3770
341.85,2856,5342,3804
342.00,2875,5378,3816
342.15,2882,5393,3826
342.30,2887,5406,3847
342.45,2902,5438,3868
342.60,2911,5473,3902
342.75,2924,5491,3917
342.90,2932,5513,3935
343.05,2949,5537,3969
343.20,2956,5582,3983
343.35,2968,5583,3995
343.50,2972,5619,4014
343.65,2980,5637,4043
343.80,2991,5643,4059
343.95,3003,5671,4069
344.10,3011,5692,4101
344.25,3020,5713,4104
344.40,3024,5732,4121
344.55,3033,5747,4131
344.70,3033,5756,4156
344.85,3041,5770,4152
345.00,3042,5782,4163
345.15,3051,5805,4177
345.30,3051,5805,4189
345.45,3059,5830,4217
345.60,3066,5836,4215
345.75,3073,5868,4231
345.90,3086,5885,4264
346.05,3088,5895,4275
346.20,3105,5922,4304
346.35,3115,5943,4311
346.50,3125,5964,4346
346.65,3133,5992,4357
346.80,3143,6016,4391
346.95,3154,6044,4415
347.10,3159,6057,4414
347.25,3174,6079,4436
347.40,3179,6103,4455
347.55,3192,6120,4487
347.70,3200,6141,4505
347.85,3202,6168,4504
348.00,3221,6198,4530
348.15,3223,6207,4543
348.30,3241,6234,4570
348.45,3246,6259,4591
348.60,3254,6279,4622
348.75,3266,6310,4632
348.90,3273,6329,4650
349.05,3284,6353,4677
349.20,3291,6377,4693
349.35,3294,6382,4713
349.50,3307,6413,4718
349.65,3309,6422,4750
349.80,3317,6438,4750
349.95,3329,6480,4779
350.10,3332,6484,4802
350.25,3340,6493,4803
350.40,3352,6526,4835
350.55,3351,6526,4832
350.70,3357,6546,4840
350.85,3360,6558,4851
351.00,3364,6559,4861
351.15,3367,6573,4872
351.30,3376,6586,4898
351.45,3376,6607,4896
351.60,3385,6622,4910
351.75,3393,6628,4924
351.90,3397,6657,4943
352.05,3408,6667,4974
352.20,3410,6686,4980
352.35,3421,6710,4997
352.50,3433,6730,5016
352.65,3445,6756,5038
352.80,3451,6793,5072
352.95,3459,6817,5095
353.10,3467,6824,5107
353.25,3470,6851,5123
353.40,3478,6867,5143
353.55,3483,6879,5136
353.70,3492,6898,5170
353.85,3502,6927,5190
354.00,3504,6956,5193
354.15,3515,6976,5221
354.30,3519,6987,5241
354.45,3529,7025,5256
354.60,3539,7040,5284
354.75,3547,7043,5296
354.90,3551,7064,5316
355.05,3562,7093,5319
355.20,3568,7100,5333
355.35,3572,7119,5351
355.50,3579,7136,5380
355.65,3582,7159,5392
355.80,3586,7171,5406
355.95,3594,7180,5410
356.10,3599,7197,5427
356.25,3603,7217,5453
356.40,3614,7234,5469
356.55,3616,7238,5470
356.70,3623,7244,5485
356.85,3620,7251,5486
357.00,3627,7259,5502
357.15,3625,7267,5507
357.30,3630,7277,5516
357.45,3635,7281,5528
357.60,3638,7294,5553
357.75,3645,7304,5553
357.90,3651,7326,5569
358.05,3659,7337,5599
358.20,3664,7366,5605
358.35,3670,7390,5621
358.50,3678,7400,5638
358.65,3690,7428,5669
358.80,3696,7445,5690
358.95,3701,7462,5693
359.10,3706,7475,5702
359.25,3714,7479,5718
359.40,3722,7507,5729
359.55,3726,7511,5741
359.70,3730,7530,5757
359.85,3736,7548,5774
360.00,3746,7581,5789
