
1.29,192,106
2.58,216,113
3.87,248,120
5.16,295,130
6.45,357,143
7.73,424,157
9.02,515,176
10.31,621,197
11.60,747,223
12.89,875,249
14.18,1035,283
15.47,1235,324
16.76,1387,354
18.05,1594,397
19.34,1776,435
20.62,1959,471
21.91,2184,518
23.20,2447,572
24.49,2682,620
25.78,2963,678
27.07,3233,733
28.36,3471,783
29.65,3741,838
30.94,4029,898
32.23,4305,955
33.52,4559,1007
34.80,4917,1081
36.09,5175,1133
37.38,5525,1207
38.67,5906,1285
39.96,6160,1337
41.25,6579,1425
42.54,6901,1492
43.83,7378,1588
45.12,7653,1647
46.41,8048,1727
47.70,8384,1797
48.98,8742,1870
50.27,9162,1957
51.56,9544,2037
52.85,9824,2096
54.14,10198,2175
55.43,10549,2248
56.72,10827,2303
58.01,11157,2372
59.30,11517,2447
60.59,11801,2506
61.88,12089,2566
63.16,12397,2631
64.45,12664,2687
65.74,12900,2734
67.03,13162,2788
68.32,13377,2832
69.61,13647,2889
70.90,13939,2952
72.19,14179,3001
73.48,14338,3035
74.77,14571,3085
76.05,14716,3114
77.34,14821,3136
78.63,15002,3171
79.92,15131,3199
81.21,15260,3225
82.50,15357,3246
83.79,15408,3256
85.08,15523,3280
86.37,15557,3288
87.66,15590,3292
88.95,15610,3299
90.23,15592,3294
91.52,15583,3292
92.81,15571,3290
94.10,15499,3276
95.39,15409,3256
96.68,15380,3249
97.97,15283,3229
99.26,15180,3207
100.55,15096,3188
101.84,14924,3154
103.12,14812,3129
104.41,14650,3097
105.70,14456,3056
106.99,14298,3023
108.28,14049,2971
109.57,13837,2928
110.86,13619,2881
112.15,13413,2838
113.44,13227,2798
114.73,12926,2735
116.02,12657,2679
117.30,12397,2629
118.59,12115,2567
119.88,11806,2502
121.17,11475,2434
122.46,11184,2375
123.75,10891,2313
125.04,10541,2240
126.33,10202,2170
127.62,9914,2111
128.91,9610,2049
130.20,9271,1977
131.48,8987,1920
132.77,8620,1844
134.06,8317,1780
135.35,8001,1715
136.64,7663,1646
137.93,7344,1580
139.22,7017,1511
140.51,6699,1447
141.80,6355,1375
143.09,5992,1300
144.38,5694,1239
145.66,5372,1173
146.95,5053,1107
148.24,4720,1039
149.53,4427,978
150.82,4123,916
152.11,3781,845
153.40,3506,790
154.69,3198,726
155.98,2896,664
157.27,2621,608
158.55,2406,564
159.84,2163,514
161.13,1911,463
162.42,1718,423
163.71,1517,382
165.00,1332,344
166.29,1128,303
167.58,958,267
168.87,813,237
170.16,689,211
171.45,581,190
172.73,478,169
174.02,379,148
175.31,322,138
176.60,266,125
177.89,221,117
179.18,196,111
180.47,189,110
181.76,198,112
183.05,229,118
184.34,263,125
185.63,327,137
186.91,393,152
188.20,509,176
189.49,609,196
190.78,717,218
192.07,851,246
193.36,1048,286
194.65,1188,315
195.94,1352,348
197.23,1541,387
198.52,1772,434
199.80,2000,481
201.09,2233,529
202.38,2463,577
203.67,2667,617
204.96,2910,668
206.25,3143,716
207.54,3397,768
208.83,3722,835
210.12,3969,886
211.41,4251,944
212.70,4559,1007
213.98,4947,1087
215.27,5295,1160
216.56,5549,1211
217.85,5891,1283
219.14,6195,1345
220.43,6568,1422
221.72,6854,1480
223.01,7231,1560
224.30,7590,1633
225.59,7954,1708
226.88,8358,1791
228.16,8638,1850
229.45,8991,1923
230.74,9309,1990
232.03,9654,2061
233.32,10006,2133
234.61,10261,2187
235.90,10575,2251
237.19,10866,2310
238.48,11205,2383
239.77,11531,2450
241.05,11841,2514
242.34,12090,2565
243.63,12378,2626
244.92,12762,2706
246.21,12982,2751
247.50,13175,2792
248.79,13443,2848
250.08,13648,2892
251.37,13929,2948
252.66,14129,2991
253.95,14307,3029
255.23,14511,3072
256.52,14708,3110
257.81,14918,3155
259.10,15093,3190
260.39,15195,3213
261.68,15307,3236
262.97,15447,3264
264.26,15455,3267
265.55,15619,3302
266.84,15628,3302
268.13,15642,3304
269.41,15728,3323
270.70,15695,3315
271.99,15659,3306
273.28,15603,3297
274.57,15536,3283
275.86,15443,3264
277.15,15376,3251
278.44,15304,3234
279.73,15214,3216
281.02,15080,3188
282.30,14904,3150
283.59,14757,3120
284.88,14564,3079
286.17,14361,3038
287.46,14181,3002
288.75,13960,2954
290.04,13724,2906
291.33,13521,2863
292.62,13272,2812
293.91,12999,2756
295.20,12739,2702
296.48,12404,2631
297.77,12102,2569
299.06,11826,2512
300.35,11541,2451
301.64,11202,2381
302.93,10930,2324
304.22,10638,2264
305.51,10292,2191
306.80,9966,2123
308.09,9680,2064
309.38,9283,1981
310.66,8968,1917
311.95,8555,1831
313.24,8281,1773
314.53,7949,1705
315.82,7594,1633
317.11,7352,1583
318.40,6934,1496
319.69,6617,1430
320.98,6322,1369
322.27,6016,1306
323.55,5689,1239
324.84,5411,1181
326.13,5004,1097
327.42,4726,1041
328.71,4385,970
330.00,4138,919
331.29,3839,858
332.58,3526,794
333.87,3267,740
335.16,3034,692
336.45,2717,628
337.73,2495,582
339.02,2287,540
340.31,2043,490
341.60,1840,448
342.89,1609,401
344.18,1429,364
345.47,1279,333
346.76,1122,301
348.05,953,266
349.34,805,236
350.63,687,212
351.91,573,189
353.20,484,170
354.49,394,152
355.78,320,137
357.07,266,125
358.36,223,117
359.65,201,112
360.94,189,109
362.23,195,111
363.52,217,116
364.80,262,125
366.09,319,137
367.38,396,152
368.67,482,171
369.96,586,192
371.25,703,216
372.54,836,243
373.83,988,274
375.12,1158,309
376.41,1346,348
377.70,1553,390
378.98,1754,431
380.27,1964,474
381.56,2235,530
382.85,2447,574
384.14,2780,642
385.43,2973,681
386.72,3267,742
388.01,3537,797
389.30,3951,882
390.59,4208,935
391.88,4518,999
393.16,4806,1058
394.45,5124,1125
395.74,5466,1195
397.03,5786,1262
398.32,6129,1332
399.61,6529,1415
400.90,6894,1490
402.19,7234,1561
403.48,7578,1632
404.77,7981,1715
406.05,8248,1770
407.34,8634,1852
408.63,8958,1918
409.92,9281,1984
411.21,9615,2055
412.50,9931,2120
413.79,10216,2178
415.08,10603,2260
416.37,10892,2319
417.66,11175,2379
418.95,11424,2429
420.23,11736,2494
421.52,12014,2553
422.81,12311,2614
424.10,12606,2675
425.39,12895,2735
426.68,13110,2781
427.97,13338,2828
429.26,13573,2876
430.55,13810,2927
431.84,13999,2965
433.13,14201,3007
434.41,14402,3049
435.70,14608,3091
436.99,14752,3121
438.28,14903,3153
439.57,15017,3177
440.86,15142,3203
442.15,15296,3235
443.44,15387,3254
444.73,15420,3263
446.02,15503,3278
447.30,15564,3290
448.59,15595,3297
449.88,15613,3300
451.17,15590,3295
452.46,15616,3301
453.75,15571,3290
455.04,15524,3280
456.33,15483,3270
457.62,15405,3254
458.91,15335,3240
460.20,15204,3214
461.48,15131,3197
462.77,14996,3168
464.06,14839,3135
465.35,14680,3102
466.64,14486,3061
467.93,14286,3020
469.22,14055,2972
470.51,13821,2924
471.80,13546,2867
473.09,13285,2810
474.38,13018,2757
475.66,12750,2702
476.95,12497,2648
478.24,12225,2590
479.53,11950,2533
480.82,11605,2462
482.11,11246,2387
483.40,10964,2329
484.69,10642,2263
485.98,10278,2187
487.27,9954,2119
488.55,9603,2047
489.84,9281,1980
491.13,8979,1920
492.42,8635,1847
493.71,8262,1770
495.00,7893,1694
496.29,7537,1618
497.58,7209,1552
498.87,6877,1483
500.16,6553,1417
501.45,6182,1340
502.73,5849,1271
504.02,5515,1203
505.31,5175,1133
506.60,4848,1065
507.89,4478,990
509.18,4214,935
510.47,3910,872
511.76,3634,815
513.05,3287,744
514.34,3060,699
515.63,2802,645
516.91,2549,593
518.20,2278,538
519.49,2073,496
520.78,1842,449
522.07,1632,406
523.36,1464,371
524.65,1291,336
525.94,1110,298
527.23,974,270
528.52,809,237
529.80,694,213
531.09,589,191
532.38,472,168
533.67,390,151
534.96,325,137
536.25,270,127
537.54,236,120
538.83,198,112
540.12,191,111
541.41,194,112
542.70,212,116
543.98,249,123
545.27,303,134
546.56,357,145
547.85,434,161
549.14,528,180
550.43,609,196
551.72,737,222
553.01,856,248
554.30,1082,294
555.59,1193,316
556.88,1350,348
558.16,1508,381
559.45,1716,423
560.74,1909,463
562.03,2128,509
563.32,2398,564
564.61,2616,609
565.90,2856,658
567.19,3126,713
568.48,3373,763
569.77,3779,847
571.05,3970,888
572.34,4333,962
573.63,4620,1020
574.92,5002,1100
576.21,5378,1177
577.50,5700,1244
578.79,6180,1343
580.08,6469,1401
581.37,6868,1484
582.66,7192,1552
583.95,7570,1629
585.23,7879,1693
586.52,8275,1774
587.81,8620,1846
589.10,8957,1916
590.39,9324,1993
591.68,9693,2068
592.97,9980,2128
594.26,10312,2196
595.55,10677,2272
596.84,11001,2340
598.13,11287,2399
599.41,11651,2474
600.70,12002,2548
601.99,12304,2611
603.28,12610,2674
604.57,12822,2719
605.86,13146,2786
607.15,13399,2841
608.44,13653,2893
609.73,13847,2933
611.02,14036,2973
612.30,14338,3035
613.59,14465,3060
614.88,14625,3093
616.17,14738,3119
617.46,14958,3163
618.75,15100,3194
620.04,15181,3210
621.33,15267,3228
622.62,15328,3240
623.91,15382,3252
625.20,15511,3278
626.48,15527,3282
627.77,15565,3291
629.06,15572,3291
630.35,15596,3295
631.64,15564,3290
632.93,15529,3285
634.22,15517,3280
635.51,15400,3256
636.80,15330,3241
638.09,15276,3230
639.38,15122,3199
640.66,15065,3187
641.95,14942,3159
643.24,14799,3130
644.53,14632,3093
645.82,14456,3059
647.11,14291,3022
648.40,14046,2972
649.69,13881,2937
650.98,13636,2887
652.27,13372,2831
653.55,13147,2784
654.84,12950,2744
656.13,12673,2688
657.42,12385,2629
658.71,12062,2561
660.00,11808,2507
661.29,11519,2448
662.58,11177,2376
663.87,10907,2321
665.16,10602,2256
666.45,10331,2199
667.73,9966,2125
669.02,9695,2067
670.31,9310,1989
671.60,8992,1922
672.89,8686,1859
674.18,8339,1786
675.47,7929,1702
676.76,7612,1636
678.05,7268,1564
679.34,6906,1489
680.63,6561,1418
681.91,6237,1351
683.20,5828,1267
684.49,5478,1195
685.78,5206,1139
687.07,4863,1069
688.36,4487,990
689.65,4171,926
690.94,3910,872
692.23,3603,809
693.52,3272,742
694.80,3033,693
696.09,2737,631
697.38,2520,587
698.67,2281,539
699.96,2052,491
701.25,1831,447
702.54,1618,402
703.83,1420,361
705.12,1238,325
706.41,1060,288
707.70,898,255
708.98,746,224
710.27,640,202
711.56,511,176
712.85,435,160
714.14,338,141
715.43,285,129
716.72,239,120
718.01,205,113
719.30,189,109
720.59,191,110
721.88,211,114
723.16,241,120
724.45,294,132
725.74,351,143
727.03,430,159
728.32,518,177
729.61,629,200
730.90,749,225
732.19,868,248
733.48,1016,279
734.77,1171,311
736.05,1343,346
737.34,1539,386
738.63,1694,419
739.92,1918,465
741.21,2156,513
742.50,2452,574
743.79,2596,603
745.08,2908,667
746.37,3137,714
747.66,3372,763
748.95,3653,822
750.23,3980,889
751.52,4245,943
752.81,4528,1000
754.10,4879,1073
755.39,5203,1142
756.68,5493,1201
757.97,5818,1268
759.26,6129,1333
760.55,6453,1399
761.84,6787,1470
763.13,7141,1542
764.41,7517,1620
765.70,7887,1696
766.99,8151,1750
768.28,8462,1815
769.57,8801,1885
770.86,9155,1959
772.15,9489,2028
773.44,9786,2091
774.73,10054,2146
776.02,10390,2215
777.30,10725,2285
778.59,11037,2350
779.88,11300,2404
781.17,11605,2468
782.46,11900,2530
783.75,12197,2593
785.04,12503,2655
786.33,12797,2715
787.62,13060,2771
788.91,13331,2827
790.20,13594,2882
791.48,13811,2927
792.77,14021,2971
794.06,14178,3005
795.35,14380,3046
796.64,14569,3084
797.93,14721,3118
799.22,14819,3138
800.51,14945,3164
801.80,15078,3190
803.09,15141,3207
804.38,15231,3224
805.66,15339,3246
806.95,15389,3255
808.24,15408,3260
809.53,15428,3263
810.82,15397,3256
812.11,15440,3265
813.40,15361,3248
814.69,15301,3235
815.98,15221,3218
817.27,15195,3213
818.55,15096,3193
819.84,14994,3169
821.13,14876,3145
822.42,14733,3114
823.71,14555,3079
825.00,14374,3039
826.29,14163,2999
827.58,14010,2965
828.87,13783,2915
830.16,13511,2860
831.45,13318,2820
832.73,13084,2770
834.02,12799,2711
835.31,12547,2660
836.60,12279,2604
837.89,11984,2543
839.18,11739,2493
840.47,11462,2434
841.76,11162,2372
843.05,10866,2310
844.34,10559,2246
845.63,10208,2174
846.91,9894,2107
848.20,9538,2035
849.49,9261,1977
850.78,8984,1919
852.07,8623,1844
853.36,8316,1782
854.65,7965,1709
855.94,7655,1644
857.23,7293,1570
858.52,6969,1502
859.80,6639,1435
861.09,6313,1366
862.38,5968,1296
863.67,5689,1238
864.96,5379,1174
866.25,5087,1114
867.54,4775,1050
868.83,4403,973
870.12,4143,919
871.41,3776,845
872.70,3597,807
873.98,3302,748
875.27,3065,699
876.56,2828,649
877.85,2552,593
879.14,2336,550
880.43,2108,503
881.72,1884,457
883.01,1649,409
884.30,1444,367
885.59,1310,338
886.88,1121,300
888.16,960,267
889.45,807,236
890.74,677,210
892.03,574,188
893.32,460,165
894.61,365,146
895.90,304,133
897.19,254,123
898.48,217,115
899.77,192,111
901.05,188,110
902.34,199,112
903.63,228,118
904.92,282,129
906.21,328,138
907.50,410,154
908.79,498,173
910.08,600,193
911.37,715,218
912.66,851,246
913.95,1006,278
915.23,1170,311
916.52,1344,346
917.81,1537,387
919.10,1776,435
920.39,2020,485
921.68,2225,528
922.97,2453,574
924.26,2720,629
925.55,3005,687
926.84,3279,744
928.13,3579,806
929.41,3840,860
930.70,4184,930
931.99,4466,988
933.28,4815,1060
934.57,5216,1143
935.86,5537,1209
937.15,5830,1270
938.44,6185,1343
939.73,6443,1397
941.02,6766,1463
942.30,7132,1538
943.59,7558,1626
944.88,7843,1685
946.17,8192,1756
947.46,8448,1811
948.75,8821,1889
950.04,9102,1944
951.33,9419,2012
952.62,9841,2098
953.91,10053,2143
955.20,10381,2211
956.48,10689,2277
957.77,10984,2338
959.06,11324,2407
960.35,11657,2475
961.64,11918,2531
962.93,12180,2587
964.22,12476,2647
965.51,12772,2707
966.80,12983,2754
968.09,13223,2804
969.38,13404,2843
970.66,13663,2896
971.95,13858,2936
973.24,14049,2977
974.53,14218,3011
975.82,14402,3049
977.11,14533,3078
978.40,14695,3111
979.69,14834,3139
980.98,14944,3163
982.27,15059,3189
983.55,15120,3199
984.84,15165,3208
986.13,15266,3230
987.42,15318,3241
988.71,15364,3250
990.00,15379,3256
991.29,15406,3258
992.58,15387,3256
993.87,15348,3247
995.16,15330,3243
996.45,15173,3212
997.73,15131,3202
999.02,15017,3178
1000.31,14949,3161
1001.60,14819,3136
1002.89,14667,3104
1004.18,14467,3064
1005.47,14308,3029
1006.76,14133,2991
1008.05,13906,2945
1009.34,13656,2893
1010.63,13449,2847
1011.91,13221,2800
1013.20,12996,2754
1014.49,12778,2709
1015.78,12552,2661
1017.07,12274,2603
1018.36,11918,2531
1019.65,11625,2469
1020.94,11316,2405
1022.23,11019,2343
1023.52,10644,2265
1024.80,10421,2217
1026.09,10061,2142
1027.38,9747,2077
1028.67,9348,1996
1029.96,9021,1929
1031.25,8661,1853
1032.54,8304,1779
1033.83,7954,1706
1035.12,7616,1636
1036.41,7251,1561
1037.70,6896,1487
1038.98,6545,1415
1040.27,6245,1352
1041.56,5890,1279
1042.85,5603,1220
1044.14,5258,1149
1045.43,4915,1078
1046.72,4672,1030
1048.01,4371,966
1049.30,4021,894
1050.59,3806,849
1051.88,3539,795
1053.16,3250,736
1054.45,2993,684
1055.74,2725,628
1057.03,2481,578
1058.32,2274,536
1059.61,2033,486
1060.90,1861,451
1062.19,1649,408
1063.48,1418,360
1064.77,1293,335
1066.05,1120,299
1067.34,950,265
1068.63,818,237
1069.92,670,207
1071.21,558,184
1072.50,475,168
1073.79,395,151
1075.08,317,135
1076.37,259,123
1077.66,229,117
1078.95,203,111
1080.23,187,109
switching colors
1081.52,97,7
1082.81,106,7
1084.10,136,9
1085.39,203,12
1086.68,277,16
1087.97,396,23
1089.26,528,30
1090.55,689,39
1091.84,945,53
1093.13,1112,62
1094.41,1425,80
1095.70,1695,95
1096.99,1968,109
1098.28,2324,129
1099.57,2648,146
1100.86,3058,168
1102.15,3488,193
1103.44,3949,218
1104.73,4408,243
1106.02,4994,276
1107.30,5541,305
1108.59,6068,335
1109.88,6631,365
1111.17,7230,399
1112.46,7813,431
1113.75,8397,464
1115.04,8967,495
1116.33,9637,532
1117.62,10230,564
1118.91,10876,602
1120.20,11567,639
1121.48,12193,673
1122.77,12761,705
1124.06,13426,743
1125.35,14114,781
1126.64,14683,813
1127.93,15408,854
1129.22,16091,891
1130.51,16655,923
1131.80,17382,963
1133.09,17967,996
1134.38,18496,1026
1135.66,19254,1068
1136.95,19889,1104
1138.24,20392,1133
1139.53,20934,1164
1140.82,21489,1194
1142.11,22060,1227
1143.40,22511,1253
1144.69,23045,1283
1145.98,23562,1311
1147.27,24112,1342
1148.55,24431,1358
1149.84,24936,1388
1151.13,25322,1410
1152.42,25723,1431
1153.71,26076,1451
1155.00,26410,1471
1156.29,26731,1489
1157.58,26969,1502
1158.87,27272,1519
1160.16,27427,1527
1161.45,27686,1541
1162.73,27979,1557
1164.02,28038,1561
1165.31,28231,1572
1166.60,28356,1578
1167.89,28431,1582
1169.18,28396,1581
1170.47,28493,1585
1171.76,28519,1587
1173.05,28440,1581
1174.34,28406,1580
1175.63,28375,1577
1176.91,28211,1567
1178.20,28072,1560
1179.49,27984,1555
1180.78,27782,1543
1182.07,27588,1531
1183.36,27329,1517
1184.65,27077,1503
1185.94,26849,1489
1187.23,26472,1469
1188.52,25993,1440
1189.80,25638,1421
1191.09,25307,1402
1192.38,24978,1383
1193.67,24560,1360
1194.96,24167,1337
1196.25,23612,1307
1197.54,23220,1284
1198.83,22623,1251
1200.12,22025,1218
1201.41,21492,1188
1202.70,20922,1157
1203.98,20394,1126
1205.27,19885,1098
1206.56,19224,1060
1207.85,18597,1025
1209.14,17949,990
1210.43,17331,955
1211.72,16715,920
1213.01,16044,881
1214.30,15364,843
1215.59,14778,811
1216.88,14193,778
1218.16,13561,742
1219.45,12843,703
1220.74,12134,664
1222.03,11506,630
1223.32,10923,597
1224.61,10214,558
1225.90,9738,532
1227.19,9136,499
1228.48,8516,465
1229.77,7876,430
1231.05,7262,396
1232.34,6910,377
1233.63,6252,340
1234.92,5780,315
1236.21,5292,288
1237.50,4810,262
1238.79,4306,234
1240.08,3858,209
1241.37,3400,185
1242.66,2955,160
1243.95,2601,141
1245.23,2228,121
1246.52,1889,103
1247.81,1574,86
1249.10,1308,71
1250.39,1045,57
1251.68,855,47
1252.97,640,35
1254.26,506,28
1255.55,333,18
1256.84,239,14
1258.13,154,9
1259.41,119,7
1260.70,92,6
1261.99,100,6
1263.28,127,8
1264.57,201,12
1265.86,282,17
1267.15,394,23
1268.44,511,29
1269.73,686,39
1271.02,880,49
1272.30,1082,61
1273.59,1335,74
1274.88,1589,88
1276.17,1911,106
1277.46,2204,122
1278.75,2558,141
1280.04,2887,159
1281.33,3297,182
1282.62,3809,210
1283.91,4135,228
1285.20,4556,252
1286.48,5027,278
1287.77,5435,300
1289.06,6097,337
1290.35,6418,355
1291.64,6999,387
1292.93,7621,421
1294.22,8209,453
1295.51,8766,484
1296.80,9381,517
1298.09,9870,545
1299.38,10451,577
1300.66,11014,609
1301.95,11628,644
1303.24,12188,674
1304.53,13001,719
1305.82,13551,749
1307.11,14223,786
1308.40,14685,813
1309.69,15193,843
1310.98,15768,874
1312.27,16435,910
1313.55,17074,947
1314.84,18123,1003
1316.13,18827,1043
1317.42,19488,1080
1318.71,20038,1111
1320.00,20605,1142
1321.29,20959,1163
1322.58,21601,1199
1323.87,22068,1225
1325.16,22495,1249
1326.45,22489,1249
1327.73,23307,1294
1329.02,23193,1290
1330.31,23755,1322
1331.60,24267,1350
1332.89,24575,1368
1334.18,25319,1407
1335.47,25691,1429
1336.76,25777,1435
1338.05,26264,1461
1339.34,26583,1478
1340.63,26713,1487
1341.91,26881,1496
1343.20,27165,1512
1344.49,27164,1511
1345.78,27432,1526
1347.07,27553,1533
1348.36,27627,1537
1349.65,27897,1552
1350.94,27764,1544
1352.23,27717,1543
1353.52,27623,1537
1354.80,27529,1532
1356.09,27446,1527
1357.38,27422,1524
1358.67,27181,1512
1359.96,27102,1505
1361.25,26888,1494
1362.54,26707,1483
1363.83,26414,1467
1365.12,26126,1451
1366.41,25857,1434
1367.70,25516,1415
1368.98,25285,1402
1370.27,24788,1375
1371.56,24521,1359
1372.85,24086,1334
1374.14,23648,1310
1375.43,23201,1285
1376.72,22686,1256
1378.01,22244,1231
1379.30,21696,1202
1380.59,21267,1176
1381.88,20727,1146
1383.16,20238,1118
1384.45,19601,1081
1385.74,19157,1057
1387.03,18612,1027
1388.32,17945,988
1389.61,17290,952
1390.90,16704,920
1392.19,16136,889
1393.48,15442,849
1394.77,14802,814
1396.05,14331,788
1397.34,13709,753
1398.63,13093,719
1399.92,12415,681
1401.21,11807,648
1402.50,11278,619
1403.79,10767,589
1405.08,10144,556
1406.37,9571,523
1407.66,8973,490
1408.95,8469,462
1410.23,7753,424
1411.52,7321,399
1412.81,6811,372
1414.10,6252,341
1415.39,5643,307
1416.68,5109,279
1417.97,4743,259
1419.26,4283,232
1420.55,3811,208
1421.84,3391,185
1423.13,2951,161
1424.41,2545,138
1425.70,2179,118
1426.99,1890,103
1428.28,1548,84
1429.57,1310,71
1430.86,1030,56
1432.15,811,44
1433.44,647,36
1434.73,483,27
1436.02,341,19
1437.30,237,13
1438.59,168,10
1439.88,112,7
1441.17,90,6
1442.46,99,6
1443.75,139,9
1445.04,208,13
1446.33,305,18
1447.62,442,26
1448.91,577,33
1450.20,780,44
1451.48,980,55
1452.77,1233,69
1454.06,1498,83
1455.35,1799,100
1456.64,2154,119
1457.93,2518,140
1459.22,2824,156
1460.51,3224,179
1461.80,3731,207
1463.09,4071,225
1464.38,4552,252
1465.66,5008,277
1466.95,5511,305
1468.24,6068,335
1469.53,6499,360
1470.82,7047,390
1472.11,7559,418
1473.40,8037,444
1474.69,8597,476
1475.98,9174,508
1477.27,9787,542
1478.55,10286,570
1479.84,10823,600
1481.13,11483,637
1482.42,12114,672
1483.71,12738,706
1485.00,13301,738
1486.29,13904,771
1487.58,14550,808
1488.87,15050,835
1490.16,15641,869
1491.45,16207,901
1492.73,16818,935
1494.02,17367,967
1495.31,17922,997
1496.60,18525,1031
1497.89,19065,1061
1499.18,19619,1093
1500.47,20018,1115
1501.76,20601,1148
1503.05,21231,1183
1504.34,21609,1205
1505.63,22153,1236
1506.91,22602,1260
1508.20,23044,1284
1509.49,23533,1311
1510.78,23895,1332
1512.07,24307,1355
1513.36,24671,1375
1514.65,24995,1394
1515.94,25397,1417
1517.23,25726,1434
1518.52,26005,1451
1519.80,26295,1467
1521.09,26435,1475
1522.38,26706,1490
1523.67,26985,1506
1524.96,27132,1514
1526.25,27297,1522
1527.54,27539,1536
1528.83,27587,1537
1530.12,27669,1542
1531.41,27754,1546
1532.70,27730,1544
1533.98,27582,1535
1535.27,27563,1535
1536.56,27448,1529
1537.85,27421,1527
1539.14,27216,1514
1540.43,27026,1503
1541.72,26826,1491
1543.01,26603,1478
1544.30,26364,1464
1545.59,25979,1442
1546.88,25666,1425
1548.16,25355,1406
1549.45,24970,1385
1550.74,24538,1362
1552.03,24116,1337
1553.32,23704,1313
1554.61,23259,1287
1555.90,22784,1262
1557.19,22351,1237
1558.48,21835,1207
1559.77,21268,1176
1561.05,20686,1143
1562.34,20163,1114
1563.63,19549,1079
1564.92,18875,1043
1566.21,18385,1015
1567.50,17778,981
1568.79,17123,944
1570.08,16563,912
1571.37,15981,880
1572.66,15376,847
1573.95,14770,813
1575.23,14227,782
1576.52,13584,747
1577.81,13020,715
1579.10,12410,682
1580.39,11870,651
1581.68,11240,616
1582.97,10705,587
1584.26,10130,555
1585.55,9472,518
1586.84,8976,491
1588.13,8344,455
1589.41,7853,430
1590.70,7315,399
1591.99,6791,371
1593.28,6323,345
1594.57,5772,315
1595.86,5276,288
1597.15,4839,263
1598.44,4414,240
1599.73,3909,213
1601.02,3529,192
1602.30,3155,172
1603.59,2799,152
1604.88,2451,133
1606.17,2103,114
1607.46,1796,98
1608.75,1510,82
1610.04,1250,68
1611.33,980,54
1612.62,837,46
1613.91,654,36
1615.20,506,28
1616.48,371,21
1617.77,257,14
1619.06,179,11
1620.35,125,8
1621.64,91,6
1622.93,96,6
1624.22,125,8
1625.51,191,12
1626.80,282,16
1628.09,385,22
1629.38,536,31
1630.66,698,39
1631.95,907,50
1633.24,1108,62
1634.53,1402,78
1635.82,1686,94
1637.11,2026,112
1638.40,2374,131
1639.69,2744,152
1640.98,3096,171
1642.27,3544,196
1643.55,3973,219
1644.84,4501,248
1646.13,4978,274
1647.42,5554,307
1648.71,6021,332
1650.00,6476,358
1651.29,7066,390
1652.58,7631,421
1653.87,8191,451
1655.16,8815,486
1656.45,9393,519
1657.73,10150,560
1659.02,10751,594
1660.31,11226,620
1661.60,11861,656
1662.89,12670,700
1664.18,13310,736
1665.47,13922,769
1666.76,14567,806
1668.05,15349,849
1669.34,15870,878
1670.63,16559,917
1671.91,17152,950
1673.20,17782,985
1674.49,18308,1015
1675.78,18930,1050
1677.07,19483,1081
1678.36,20085,1113
1679.65,20704,1149
1680.94,21178,1176
1682.23,21703,1205
1683.52,22236,1234
1684.80,22671,1258
1686.09,23152,1287
1687.38,23502,1307
1688.67,23975,1333
1689.96,24418,1358
1691.25,24837,1381
1692.54,25120,1398
1693.83,25508,1420
1695.12,25853,1439
1696.41,26124,1455
1697.70,26412,1470
1698.98,26630,1482
1700.27,26962,1500
1701.56,27174,1512
1702.85,27323,1522
1704.14,27469,1530
1705.43,27661,1538
1706.72,27778,1546
1708.01,27884,1551
1709.30,27890,1553
1710.59,27977,1557
1711.88,27934,1555
1713.16,27926,1555
1714.45,27913,1553
1715.74,27780,1546
1717.03,27669,1539
1718.32,27583,1534
1719.61,27400,1524
1720.90,27283,1517
1722.19,27086,1505
1723.48,26870,1492
1724.77,26546,1475
1726.05,26323,1462
1727.34,25991,1442
1728.63,25673,1424
1729.92,25392,1408
1731.21,24873,1380
1732.50,24603,1363
1733.79,24166,1338
1735.08,23713,1313
1736.37,23259,1288
1737.66,22720,1258
1738.95,22080,1222
1740.23,21498,1189
1741.52,20953,1158
1742.81,20439,1130
1744.10,19837,1096
1745.39,19284,1064
1746.68,18723,1034
1747.97,18014,992
1749.26,17376,957
1750.55,16708,920
1751.84,16128,887
1753.13,15529,854
1754.41,14870,817
1755.70,14186,779
1756.99,13556,744
1758.28,12969,712
1759.57,12378,678
1760.86,11797,646
1762.15,10942,599
1763.44,10405,570
1764.73,9790,535
1766.02,9152,500
1767.30,8620,471
1768.59,8094,443
1769.88,7452,408
1771.17,6881,376
1772.46,6305,345
1773.75,5808,317
1775.04,5259,287
1776.33,4771,260
1777.62,4400,240
1778.91,3975,217
1780.20,3502,191
1781.48,3067,166
1782.77,2732,149
1784.06,2394,130
1785.35,2080,114
1786.64,1730,94
1787.93,1449,79
1789.22,1230,67
1790.51,991,54
1791.80,819,45
1793.09,621,34
1794.38,457,25
1795.66,360,20
1796.95,221,13
1798.24,163,10
1799.53,115,7
1800.82,94,6
1802.11,96,6
1803.40,119,7
1804.69,180,11
1805.98,250,14
1807.27,371,22
1808.55,501,29
1809.84,643,36
1811.13,866,49
1812.42,1054,58
1813.71,1276,71
1815.00,1559,87
1816.29,1809,100
1817.58,2115,117
1818.87,2416,134
1820.16,2770,154
1821.45,3178,177
1822.73,3561,197
1824.02,3966,220
1825.31,4381,242
1826.60,4855,269
1827.89,5354,296
1829.18,5747,319
1830.47,6262,347
1831.76,6827,377
1833.05,7398,409
1834.34,7873,437
1835.63,8437,467
1836.91,9007,500
1838.20,9616,533
1839.49,10204,565
1840.78,10809,599
1842.07,11489,638
1843.36,12162,674
1844.65,12759,708
1845.94,13508,750
1847.23,14117,783
1848.52,14674,815
1849.80,15310,850
1851.09,15846,880
1852.38,16445,914
1853.67,17085,950
1854.96,17743,987
1856.25,18315,1019
1857.54,18894,1052
1858.83,19509,1085
1860.12,19980,1113
1861.41,20522,1143
1862.70,21071,1173
1863.98,21562,1202
1865.27,21959,1224
1866.56,22429,1251
1867.85,22891,1277
1869.14,23317,1300
1870.43,23656,1321
1871.72,23944,1336
1873.01,24336,1358
1874.30,24791,1384
1875.59,25095,1400
1876.88,25335,1416
1878.16,25565,1429
1879.45,25931,1449
1880.74,26011,1453
1882.03,26242,1466
1883.32,26350,1472
1884.61,26724,1493
1885.90,26685,1490
1887.19,26787,1495
1888.48,26812,1496
1889.77,26905,1501
1891.05,26911,1502
1892.34,26789,1495
1893.63,26748,1492
1894.92,26746,1491
1896.21,26642,1486
1897.50,26584,1482
1898.79,26335,1469
1900.08,26253,1463
1901.37,26136,1456
1902.66,25813,1438
1903.95,25646,1427
1905.23,25425,1415
1906.52,25220,1403
1907.81,24859,1383
1909.10,24551,1365
1910.39,24160,1342
1911.68,23811,1322
1912.97,23480,1304
1914.26,23049,1279
1915.55,22481,1247
1916.84,22209,1232
1918.13,21806,1208
1919.41,21230,1177
1920.70,20668,1145
1921.99,20219,1120
1923.28,19698,1090
1924.57,19261,1066
1925.86,18541,1025
1927.15,18023,996
1928.44,17392,960
1929.73,16984,939
1931.02,16468,909
1932.30,15754,870
1933.59,15281,844
1934.88,14631,807
1936.17,14154,779
1937.46,13510,744
1938.75,12947,712
1940.04,12351,679
1941.33,11741,644
1942.62,11120,609
1943.91,10557,580
1945.20,9988,547
1946.48,9401,515
1947.77,8659,474
1949.06,8087,443
1950.35,7606,416
1951.64,6895,376
1952.93,6485,355
1954.22,5945,325
1955.51,5452,297
1956.80,4952,270
1958.09,4523,247
1959.38,4079,223
1960.66,3603,196
1961.95,3214,175
1963.24,2767,151
1964.53,2455,133
1965.82,2109,115
1967.11,1815,99
1968.40,1524,83
1969.69,1267,68
1970.98,1046,57
1972.27,810,45
1973.55,590,33
1974.84,463,26
1976.13,325,18
1977.42,233,13
1978.71,135,8
1980.00,105,6
1981.29,88,6
1982.58,106,7
1983.87,152,9
1985.16,245,15
1986.45,336,19
1987.73,473,27
1989.02,621,35
1990.31,820,46
1991.60,1028,58
1992.89,1263,71
1994.18,1524,85
1995.47,1802,100
1996.76,2122,118
1998.05,2479,137
1999.34,2846,157
2000.63,3197,177
2001.91,3547,196
2003.20,4013,221
2004.49,4418,244
2005.78,4762,263
2007.07,5221,289
2008.36,5824,322
2009.65,6233,345
2010.94,6725,372
2012.23,7318,405
2013.52,7872,435
2014.80,8425,466
2016.09,8997,498
2017.38,9590,530
2018.67,10235,567
2019.96,10687,592
2021.25,11378,630
2022.54,12027,667
2023.83,12631,700
2025.12,13250,735
2026.41,13975,774
2027.70,14442,800
2028.98,15188,840
2030.27,15602,864
2031.56,16216,900
2032.85,16892,937
2034.14,17448,970
2035.43,17893,994
2036.72,18405,1022
2038.01,19032,1058
2039.30,19542,1086
2040.59,20081,1117
2041.88,20592,1145
2043.16,21183,1178
2044.45,21713,1207
2045.74,22357,1242
2047.03,22722,1264
2048.32,23177,1289
2049.61,23599,1314
2050.90,24138,1343
2052.19,24526,1365
2053.48,24995,1391
2054.77,25326,1409
2056.05,25676,1428
2057.34,26090,1451
2058.63,26442,1469
2059.92,26608,1479
2061.21,26792,1491
2062.50,27010,1501
2063.79,27135,1509
2065.08,27498,1528
2066.37,27566,1532
2067.66,27699,1540
2068.95,27874,1549
2070.23,27974,1554
2071.52,28067,1559
2072.81,27908,1551
2074.10,27925,1551
2075.39,27607,1535
2076.68,27447,1527
2077.97,27174,1511
2079.26,27052,1505
2080.55,26912,1496
2081.84,26685,1484
2083.12,26421,1469
2084.41,26202,1456
2085.70,25817,1435
2086.99,25526,1417
2088.28,25128,1396
2089.57,24794,1376
2090.86,24462,1356
2092.15,24122,1337
2093.44,23656,1312
2094.73,23221,1287
2096.02,22702,1257
2097.30,22229,1230
2098.59,21777,1205
2099.88,21258,1176
2101.17,20721,1146
2102.46,20180,1116
2103.75,19663,1086
2105.04,19082,1053
2106.33,18547,1022
2107.62,17960,991
2108.91,17373,958
2110.20,16737,922
2111.48,16213,893
2112.77,15574,857
2114.06,15041,827
2115.35,14367,789
2116.64,13748,757
2117.93,13144,723
2119.22,12517,687
2120.51,11901,653
2121.80,11334,622
2123.09,10705,585
2124.37,10127,554
2125.66,9629,527
2126.95,8923,489
2128.24,8387,459
2129.53,7826,428
2130.82,7220,396
2132.11,6731,368
2133.40,6247,342
2134.69,5667,310
2135.98,5280,288
2137.27,4747,259
2138.55,4371,239
2139.84,3993,217
2141.13,3591,196
2142.42,3078,168
2143.71,2824,154
2145.00,2442,133
2146.29,2138,116
2147.58,1839,101
2148.87,1540,84
2150.16,1251,68
2151.45,1045,57
2152.73,826,45
2154.02,664,36
2155.31,496,28
2156.60,353,20
2157.89,235,13
2159.18,164,10
2160.47,107,7
switching colors
2161.76,47,2
2163.05,42,2
2164.34,51,2
2165.62,76,2
2166.91,117,3
2168.20,172,4
2169.49,235,5
2170.78,318,7
2172.07,405,9
2173.36,521,11
2174.65,653,14
2175.94,791,17
2177.23,944,20
2178.52,1119,24
2179.80,1291,27
2181.09,1453,30
2182.38,1658,34
2183.67,1875,38
2184.96,2089,43
2186.25,2327,48
2187.54,2568,53
2188.83,2840,58
2190.12,3092,64
2191.41,3367,69
2192.70,3648,76
2193.98,3932,80
2195.27,4214,87
2196.56,4529,94
2197.85,4834,100
2199.14,5181,107
2200.43,5432,112
2201.72,5800,119
2203.01,6074,125
2204.30,6389,132
2205.59,6671,137
2206.87,6990,144
2208.16,7278,150
2209.45,7570,155
2210.74,7871,162
2212.03,8142,167
2213.32,8409,173
2214.61,8691,179
2215.90,9010,185
2217.19,9276,191
2218.48,9541,196
2219.77,9832,202
2221.05,10129,208
2222.34,10369,213
2223.63,10609,218
2224.92,10895,224
2226.21,11103,228
2227.50,11341,233
2228.79,11602,238
2230.08,11842,243
2231.37,12016,247
2232.66,12260,252
2233.95,12451,257
2235.23,12643,260
2236.52,12822,264
2237.81,12952,266
2239.10,13089,269
2240.39,13187,271
2241.68,13354,274
2242.97,13477,276
2244.26,13524,278
2245.55,13613,280
2246.84,13739,282
2248.12,13757,282
2249.41,13810,284
2250.70,13857,285
2251.99,13864,284
2253.28,13873,285
2254.57,13879,285
2255.86,13854,284
2257.15,13784,284
2258.44,13797,283
2259.73,13730,281
2261.02,13633,279
2262.30,13551,278
2263.59,13440,276
2264.88,13321,273
2266.17,13148,269
2267.46,12937,266
2268.75,12796,262
2270.04,12590,258
2271.33,12371,253
2272.62,12157,248
2273.91,11970,245
2275.20,11740,241
2276.48,11526,236
2277.77,11273,231
2279.06,11065,226
2280.35,10773,221
2281.64,10480,215
2282.93,10270,210
2284.22,9996,204
2285.51,9662,198
2286.80,9385,192
2288.09,9050,185
2289.37,8793,179
2290.66,8505,174
2291.95,8152,166
2293.24,7887,162
2294.53,7547,154
2295.82,7275,148
2297.11,6877,140
2298.40,6558,134
2299.69,6344,130
2300.98,5990,122
2302.27,5631,115
2303.55,5338,108
2304.84,5093,103
2306.13,4745,96
2307.42,4431,91
2308.71,4147,84
2310.00,3900,80
2311.29,3632,74
2312.58,3363,69
2313.87,3081,63
2315.16,2834,58
2316.45,2576,52
2317.73,2388,48
2319.02,2186,45
2320.31,1958,40
2321.60,1738,36
2322.89,1553,31
2324.18,1385,28
2325.47,1172,24
2326.76,1015,21
2328.05,889,19
2329.34,750,16
2330.62,633,13
2331.91,496,10
2333.20,404,8
2334.49,307,7
2335.78,240,5
2337.07,166,4
2338.36,111,2
2339.65,74,2
2340.94,50,2
2342.23,41,1
2343.52,45,2
2344.80,62,2
2346.09,90,3
2347.38,132,3
2348.67,191,4
2349.96,253,6
2351.25,335,7
2352.54,423,9
2353.83,542,12
2355.12,666,14
2356.41,761,16
2357.70,917,20
2358.98,1072,22
2360.27,1244,26
2361.56,1444,30
2362.85,1603,33
2364.14,1813,37
2365.43,2062,42
2366.72,2218,46
2368.01,2456,51
2369.30,2736,56
2370.59,2970,61
2371.87,3272,67
2373.16,3571,73
2374.45,3873,80
2375.74,4156,85
2377.03,4478,93
2378.32,4806,99
2379.61,5089,104
2380.90,5379,111
2382.19,5666,116
2383.48,5992,123
2384.77,6300,130
2386.05,6638,136
2387.34,6934,142
2388.63,7214,148
2389.92,7557,155
2391.21,7864,161
2392.50,8152,167
2393.79,8466,174
2395.08,8773,180
2396.37,9109,187
2397.66,9329,191
2398.95,9629,198
2400.23,9924,204
2401.52,10220,210
2402.81,10487,216
2404.10,10739,221
2405.39,10982,226
2406.68,11193,230
2407.97,11462,236
2409.26,11697,241
2410.55,11899,244
2411.84,12043,248
2413.12,12256,253
2414.41,12440,256
2415.70,12573,259
2416.99,12739,262
2418.28,12883,265
2419.57,13004,268
2420.86,13173,270
2422.15,13258,272
2423.44,13320,273
2424.73,13419,276
2426.02,13494,277
2427.30,13541,278
2428.59,13547,279
2429.88,13620,279
2431.17,13601,279
2432.46,13637,280
2433.75,13597,280
2435.04,13623,279
2436.33,13516,278
2437.62,13531,278
2438.91,13435,276
2440.20,13379,275
2441.48,13279,273
2442.77,13183,271
2444.06,13029,268
2445.35,12954,266
2446.64,12788,262
2447.93,12637,260
2449.22,12515,257
2450.51,12373,254
2451.80,12187,250
2453.09,12011,246
2454.37,11807,242
2455.66,11579,237
2456.95,11378,234
2458.24,11115,228
2459.53,10903,223
2460.82,10676,219
2462.11,10414,214
2463.40,10162,208
2464.69,9919,203
2465.98,9624,197
2467.27,9311,191
2468.55,9058,185
2469.84,8805,181
2471.13,8448,173
2472.42,8187,168
2473.71,7838,161
2475.00,7566,155
2476.29,7199,148
2477.58,6929,142
2478.87,6562,134
2480.16,6242,128
2481.45,5963,122
2482.73,5570,113
2484.02,5281,108
2485.31,4967,102
2486.60,4700,96
2487.89,4386,90
2489.18,4101,84
2490.47,3803,77
2491.76,3551,73
2493.05,3271,67
2494.34,3036,62
2495.62,2781,57
2496.91,2529,52
2498.20,2298,47
2499.49,2107,43
2500.78,1891,39
2502.07,1662,34
2503.36,1447,30
2504.65,1272,26
2505.94,1087,22
2507.23,926,19
2508.52,761,15
2509.80,639,13
2511.09,520,11
2512.38,415,8
2513.67,296,6
2514.96,237,5
2516.25,173,4
2517.54,119,3
2518.83,76,2
2520.12,52,2
2521.41,42,1
2522.70,44,2
2523.98,64,2
2525.27,87,3
2526.56,132,4
2527.85,188,5
2529.14,250,6
2530.43,336,8
2531.72,416,9
2533.01,520,11
2534.30,664,14
2535.59,771,17
2536.87,917,19
2538.16,1063,22
2539.45,1224,25
2540.74,1378,29
2542.03,1572,33
2543.32,1779,37
2544.61,1994,41
2545.90,2237,46
2547.19,2451,50
2548.48,2677,55
2549.77,2994,62
2551.05,3231,66
2552.34,3438,71
2553.63,3690,76
2554.92,4024,83
2556.21,4230,88
2557.50,4510,93
2558.79,4800,99
2560.08,5122,105
2561.37,5416,110
2562.66,5787,120
2563.95,6041,124
2565.23,6273,129
2566.52,6584,136
2567.81,6908,142
2569.10,7196,147
2570.39,7536,155
2571.68,7784,160
2572.97,8116,167
2574.26,8377,172
2575.55,8704,178
2576.84,9001,185
2578.12,9283,191
2579.41,9596,197
2580.70,9894,203
2581.99,10180,209
2583.28,10463,215
2584.57,10765,221
2585.86,11040,227
2587.15,11305,233
2588.44,11535,236
2589.73,11770,241
2591.02,12004,247
2592.30,12185,250
2593.59,12368,254
2594.88,12563,258
2596.17,12737,262
2597.46,12913,265
2598.75,13044,268
2600.04,13127,270
2601.33,13291,273
2602.62,13445,276
2603.91,13505,278
2605.20,13603,279
2606.48,13718,282
2607.77,13754,283
2609.06,13799,284
2610.35,13777,283
2611.64,13840,284
2612.93,13858,285
2614.22,13814,283
2615.51,13737,282
2616.80,13764,282
2618.09,13723,281
2619.37,13633,279
2620.66,13586,279
2621.95,13462,275
2623.24,13361,273
2624.53,13185,270
2625.82,13021,267
2627.11,12859,264
2628.40,12675,260
2629.69,12523,256
2630.98,12339,253
2632.27,12208,250
2633.55,11976,245
2634.84,11682,239
2636.13,11562,237
2637.42,11322,232
2638.71,11090,226
2640.00,10859,222
2641.29,10583,217
2642.58,10254,210
2643.87,10074,206
2645.16,9763,200
2646.45,9489,194
2647.73,9208,188
2649.02,8942,183
2650.31,8652,177
2651.60,8349,170
2652.89,8031,164
2654.18,7786,160
2655.47,7409,151
2656.76,7106,145
2658.05,6806,139
2659.34,6502,133
2660.62,6243,128
2661.91,5910,121
2663.20,5629,115
2664.49,5333,108
2665.78,5065,103
2667.07,4759,97
2668.36,4418,90
2669.65,4213,86
2670.94,3978,81
2672.23,3654,74
2673.52,3423,69
2674.80,3142,64
2676.09,2878,59
2677.38,2622,54
2678.67,2408,49
2679.96,2186,45
2681.25,1977,40
2682.54,1738,36
2683.83,1537,31
2685.12,1354,28
2686.41,1176,24
2687.70,999,21
2688.98,857,18
2690.27,690,15
2691.56,575,12
2692.85,455,10
2694.14,355,7
2695.43,264,5
2696.72,198,5
2698.01,133,4
2699.30,82,2
2700.59,59,2
2701.87,43,1
2703.16,44,1
2704.45,59,2
2705.74,81,2
2707.03,122,3
2708.32,178,4
2709.61,258,6
2710.90,346,8
2712.19,427,9
2713.48,552,11
2714.77,681,14
2716.05,811,17
2717.34,960,20
2718.63,1130,24
2719.92,1332,28
2721.21,1513,31
2722.50,1725,35
2723.79,1916,39
2725.08,2173,45
2726.37,2396,50
2727.66,2607,54
2728.95,2866,59
2730.23,3128,64
2731.52,3384,70
2732.81,3642,75
2734.10,3954,82
2735.39,4255,87
2736.68,4486,92
2737.97,4797,99
2739.26,5065,104
2740.55,5358,110
2741.84,5645,116
2743.12,5927,122
2744.41,6235,128
2745.70,6552,135
2746.99,6856,141
2748.28,7167,147
2749.57,7443,153
2750.86,7756,159
2752.15,8046,165
2753.44,8313,171
2754.73,8542,176
2756.02,8851,182
2757.30,9155,188
2758.59,9371,193
2759.88,9688,199
2761.17,9996,206
2762.46,10211,209
2763.75,10459,215
2765.04,10727,221
2766.33,10969,226
2767.62,11193,230
2768.91,11396,234
2770.20,11612,239
2771.48,11859,244
2772.77,12030,247
2774.06,12244,252
2775.35,12353,254
2776.64,12544,258
2777.93,12663,260
2779.22,12814,264
2780.51,12918,266
2781.80,13073,270
2783.09,13196,272
2784.37,13261,273
2785.66,13357,275
2786.95,13421,276
2788.24,13482,277
2789.53,13528,279
2790.82,13563,279
2792.11,13533,278
2793.40,13523,278
2794.69,13537,278
2795.98,13430,276
2797.27,13375,275
2798.55,13335,275
2799.84,13297,273
2801.13,13202,272
2802.42,13109,269
2803.71,12984,267
2805.00,12864,265
2806.29,12692,260
2807.58,12575,258
2808.87,12355,254
2810.16,12192,251
2811.45,12031,247
2812.73,11820,242
2814.02,11732,241
2815.31,11500,236
2816.60,11256,231
2817.89,10977,226
2819.18,10727,220
2820.47,10540,216
2821.76,10265,211
2823.05,10007,205
2824.34,9714,199
2825.62,9409,193
2826.91,9162,188
2828.20,8833,181
2829.49,8508,174
2830.78,8226,169
2832.07,7885,161
2833.36,7635,156
2834.65,7289,149
2835.94,6952,142
2837.23,6692,137
2838.52,6357,130
2839.80,6099,125
2841.09,5820,119
2842.38,5484,112
2843.67,5217,107
2844.96,4944,101
2846.25,4648,95
2847.54,4386,89
2848.83,4105,84
2850.12,3856,79
2851.41,3599,73
2852.70,3330,69
2853.98,3061,63
2855.27,2834,58
2856.56,2568,52
2857.85,2350,48
2859.14,2159,45
2860.43,1959,40
2861.72,1756,36
2863.01,1547,32
2864.30,1358,28
2865.59,1176,24
2866.87,1017,21
2868.16,863,18
2869.45,717,15
2870.74,615,13
2872.03,502,11
2873.32,410,9
2874.61,313,7
2875.90,235,5
2877.19,169,4
2878.48,121,3
2879.77,84,2
2881.05,54,1
2882.34,44,2
2883.63,42,1
2884.92,56,2
2886.21,82,2
2887.50,128,3
2888.79,172,4
2890.08,251,6
2891.37,312,7
2892.66,404,9
2893.95,520,11
2895.23,649,14
2896.52,770,16
2897.81,929,20
2899.10,1096,23
2900.39,1266,26
2901.68,1472,31
2902.97,1696,35
2904.26,1882,39
2905.55,2143,44
2906.84,2360,48
2908.12,2579,53
2909.41,2873,59
2910.70,3144,65
2911.99,3409,70
2913.28,3701,76
2914.57,3953,81
2915.86,4270,87
2917.15,4515,93
2918.44,4820,98
2919.73,5128,105
2921.02,5460,112
2922.30,5752,118
2923.59,6056,124
2924.88,6395,132
2926.17,6686,137
2927.46,7035,144
2928.75,7328,150
2930.04,7623,157
2931.33,7979,164
2932.62,8259,170
2933.91,8573,175
2935.20,8900,182
2936.48,9262,191
2937.77,9497,196
2939.06,9782,201
2940.35,10037,207
2941.64,10341,213
2942.93,10604,218
2944.22,10836,223
2945.51,11098,228
2946.80,11392,234
2948.09,11565,238
2949.37,11811,243
2950.66,12013,246
2951.95,12186,250
2953.24,12387,254
2954.53,12576,259
2955.82,12753,262
2957.11,12901,265
2958.40,13094,269
2959.69,13166,271
2960.98,13307,273
2962.27,13435,276
2963.55,13508,278
2964.84,13594,279
2966.13,13709,281
2967.42,13751,282
2968.71,13806,284
2970.00,13842,284
2971.29,13853,284
2972.58,13850,284
2973.87,13886,285
2975.16,13839,284
2976.45,13776,283
2977.73,13782,283
2979.02,13737,281
2980.31,13646,280
2981.60,13587,279
2982.89,13458,276
2984.18,13341,274
2985.47,13235,271
2986.76,13095,269
2988.05,12907,264
2989.34,12751,262
2990.62,12550,258
2991.91,12368,254
2993.20,12212,250
2994.49,11997,245
2995.78,11739,240
2997.07,11560,237
2998.36,11320,232
2999.65,11072,227
3000.94,10885,224
3002.23,10563,216
3003.52,10283,210
3004.80,9977,204
3006.09,9628,197
3007.38,9300,191
3008.67,9008,184
3009.96,8717,179
3011.25,8407,172
3012.54,8117,166
3013.83,7786,159
3015.12,7522,153
3016.41,7207,147
3017.70,6851,140
3018.98,6545,133
3020.27,6232,128
3021.56,5942,121
3022.85,5657,116
3024.14,5273,107
3025.43,5029,102
3026.72,4718,96
3028.01,4408,90
3029.30,4111,84
3030.59,3882,79
3031.87,3602,73
3033.16,3318,67
3034.45,3054,63
3035.74,2814,57
3037.03,2565,53
3038.32,2296,47
3039.61,2063,42
3040.90,1846,38
3042.19,1615,33
3043.48,1418,29
3044.77,1194,24
3046.05,1074,22
3047.34,905,19
3048.63,776,17
3049.92,635,13
3051.21,505,11
3052.50,413,8
3053.79,322,7
3055.08,236,5
3056.37,172,4
3057.66,123,3
3058.95,80,2
3060.23,54,2
3061.52,42,2
3062.81,44,1
3064.10,56,1
3065.39,87,2
3066.68,132,3
3067.97,181,4
3069.26,232,5
3070.55,313,7
3071.84,388,9
3073.12,512,10
3074.41,636,13
3075.70,768,16
3076.99,928,19
3078.28,1051,22
3079.57,1213,25
3080.86,1393,29
3082.15,1572,33
3083.44,1773,37
3084.73,1949,40
3086.02,2180,45
3087.30,2378,49
3088.59,2631,55
3089.88,2858,59
3091.17,3096,64
3092.46,3395,70
3093.75,3575,74
3095.04,3924,81
3096.33,4225,87
3097.62,4458,92
3098.91,4751,98
3100.20,5038,103
3101.48,5341,110
3102.77,5601,115
3104.06,5922,121
3105.35,6239,128
3106.64,6612,136
3107.93,6886,142
3109.22,7241,149
3110.51,7523,155
3111.80,7880,162
3113.09,8242,169
3114.37,8528,176
3115.66,8817,181
3116.95,9126,187
3118.24,9392,193
3119.53,9671,199
3120.82,9950,205
3122.11,10264,210
3123.40,10502,216
3124.69,10741,221
3125.98,11024,227
3127.27,11247,231
3128.55,11439,235
3129.84,11683,240
3131.13,11883,244
3132.42,12070,248
3133.71,12265,253
3135.00,12471,257
3136.29,12614,259
3137.58,12811,263
3138.87,12911,266
3140.16,13006,268
3141.45,13132,271
3142.73,13223,273
3144.02,13284,273
3145.31,13412,277
3146.60,13415,276
3147.89,13464,277
3149.18,13573,280
3150.47,13569,279
3151.76,13610,280
3153.05,13572,279
3154.34,13583,280
3155.62,13503,278
3156.91,13515,277
3158.20,13412,276
3159.49,13372,276
3160.78,13271,272
3162.07,13161,271
3163.36,13056,268
3164.65,12957,267
3165.94,12791,263
3167.23,12694,261
3168.52,12524,258
3169.80,12344,253
3171.09,12208,251
3172.38,12010,247
3173.67,11823,243
3174.96,11555,237
3176.25,11436,235
3177.54,11208,230
3178.83,10907,224
3180.12,10666,219
3181.41,10415,214
3182.70,10141,207
3183.98,9895,203
3185.27,9642,198
3186.56,9380,192
3187.85,9066,186
3189.14,8824,181
3190.43,8485,174
3191.72,8236,169
3193.01,7900,162
3194.30,7643,156
3195.59,7347,150
3196.87,7005,144
3198.16,6823,139
3199.45,6469,132
3200.74,6127,126
3202.03,5906,121
3203.32,5604,115
3204.61,5276,108
3205.90,5018,103
3207.19,4661,95
3208.48,4430,91
3209.77,4102,83
3211.05,3833,78
3212.34,3589,73
3213.63,3337,68
3214.92,3017,61
3216.21,2778,57
3217.50,2518,52
3218.79,2274,46
3220.08,2036,42
3221.37,1827,37
3222.66,1625,33
3223.95,1425,30
3225.23,1248,25
3226.52,1082,22
3227.81,908,19
3229.10,755,16
3230.39,617,13
3231.68,499,11
3232.97,400,8
3234.26,308,7
3235.55,229,5
3236.84,165,4
3238.12,117,3
3239.41,78,1
3240.70,51,2
