
1.29,1805,434
2.58,1447,356
3.87,1358,342
5.16,1203,314
6.45,1029,278
7.73,826,233
9.02,721,211
10.31,641,200
11.60,512,173
12.89,424,158
14.18,353,144
15.47,286,130
16.76,248,123
18.05,214,116
19.34,194,113
20.62,191,113
21.91,202,117
23.20,232,123
24.49,267,130
25.78,309,139
27.07,397,159
28.36,486,177
29.65,587,198
30.94,672,215
32.23,813,245
33.52,967,276
34.80,1124,309
36.09,1286,342
37.38,1427,372
38.67,1661,419
39.96,1901,469
41.25,2097,510
42.54,2324,557
43.83,2561,605
45.12,2828,659
46.41,3113,719
47.70,3315,760
48.98,3542,807
50.27,3834,867
51.56,4146,933
52.85,4432,991
54.14,4722,1050
55.43,5013,1110
56.72,5306,1172
58.01,5572,1227
59.30,5897,1294
60.59,6276,1371
61.88,6489,1415
63.16,6853,1490
64.45,7211,1564
65.74,7481,1619
67.03,7870,1701
68.32,8173,1763
69.61,8558,1843
70.90,8924,1917
72.19,9265,1990
73.48,9700,2079
74.77,10102,2162
76.05,10452,2235
77.34,10737,2294
78.63,11066,2363
79.92,11388,2428
81.21,11679,2487
82.50,11990,2552
83.79,12283,2611
85.08,12631,2684
86.37,12940,2748
87.66,13165,2794
88.95,13457,2854
90.23,13711,2907
91.52,13955,2957
92.81,14149,2998
94.10,14380,3045
95.39,14595,3088
96.68,14737,3117
97.97,14931,3159
99.26,15093,3189
100.55,15204,3213
101.84,15328,3239
103.12,15473,3270
104.41,15523,3279
105.70,15607,3296
106.99,15680,3313
108.28,15700,3314
109.57,15735,3322
110.86,15758,3325
112.15,15748,3324
113.44,15718,3317
114.73,15691,3311
116.02,15641,3298
117.30,15571,3284
118.59,15457,3260
119.88,15359,3240
121.17,15272,3219
122.46,15103,3185
123.75,14916,3145
125.04,14699,3099
126.33,14554,3068
127.62,14416,3039
128.91,14168,2986
130.20,13910,2933
131.48,13753,2902
132.77,13556,2861
134.06,13270,2802
135.35,13031,2752
136.64,12125,2558
137.93,12374,2614
139.22,12123,2562
140.51,11870,2510
141.80,11588,2452
143.09,11307,2394
144.38,11022,2334
145.66,10687,2265
146.95,10320,2189
148.24,10036,2129
149.53,9726,2066
150.82,9384,1999
152.11,9050,1927
153.40,8696,1855
154.69,8395,1792
155.98,8077,1726
157.27,7709,1652
158.55,7388,1585
159.84,6948,1494
161.13,6692,1443
162.42,6384,1379
163.71,6029,1307
165.00,5693,1237
166.29,5413,1180
167.58,5115,1118
168.87,4780,1051
170.16,4443,981
171.45,4174,926
172.73,3817,854
174.02,3550,799
175.31,3272,741
176.60,3006,688
177.89,2703,626
179.18,2451,574
180.47,2217,527
181.76,1953,473
183.05,1716,424
184.34,1522,385
185.63,1338,346
186.91,1148,308
188.20,987,276
189.49,850,248
190.78,687,214
192.07,576,192
193.36,469,170
194.65,384,153
195.94,312,138
197.23,260,127
198.52,218,118
199.80,196,115
201.09,195,115
202.38,202,116
203.67,233,123
204.96,286,134
206.25,344,147
207.54,410,161
208.83,522,183
210.12,634,207
211.41,742,229
212.70,891,260
213.98,1055,294
215.27,1249,334
216.56,1408,366
217.85,1628,412
219.14,1799,446
220.43,2019,492
221.72,2296,549
223.01,2441,576
224.30,2680,627
225.59,2977,689
226.88,3180,730
228.16,3444,785
229.45,3740,847
230.74,4064,913
232.03,4280,958
233.32,4579,1020
234.61,4916,1090
235.90,5201,1149
237.19,5530,1218
238.48,5863,1287
239.77,6181,1352
241.05,6552,1430
242.34,6822,1484
243.63,7144,1551
244.92,7447,1614
246.21,7750,1677
247.50,8126,1755
248.79,8424,1816
250.08,8754,1886
251.37,9068,1949
252.66,9350,2010
253.95,9671,2075
255.23,10057,2156
256.52,10251,2198
257.81,10629,2276
259.10,10883,2327
260.39,11189,2391
261.68,11497,2455
262.97,11768,2512
264.26,12055,2571
265.55,12331,2626
266.84,12558,2675
268.13,12753,2714
269.41,12986,2761
270.70,13204,2808
271.99,13403,2848
273.28,13552,2878
274.57,13668,2901
275.86,13966,2964
277.15,14157,3005
278.44,14313,3036
279.73,14462,3066
281.02,14649,3104
282.30,14787,3133
283.59,14867,3149
284.88,14929,3163
286.17,15027,3182
287.46,15091,3196
288.75,15100,3196
290.04,15114,3197
291.33,15154,3206
292.62,15085,3192
293.91,15021,3177
295.20,14990,3172
296.48,14930,3158
297.77,14857,3141
299.06,14767,3121
300.35,14676,3102
301.64,14550,3074
302.93,14439,3052
304.22,14292,3022
305.51,14142,2989
306.80,13951,2949
308.09,13774,2912
309.38,13485,2850
310.66,13250,2801
311.95,13072,2763
313.24,12844,2716
314.53,12722,2691
315.82,12483,2640
317.11,12191,2581
318.40,11953,2529
319.69,11640,2465
320.98,11351,2405
322.27,10985,2329
323.55,10721,2273
324.84,10438,2216
326.13,10127,2152
327.42,9747,2073
328.71,9451,2013
330.00,9154,1949
331.29,8766,1870
332.58,8442,1802
333.87,8105,1735
335.16,7793,1670
336.45,7486,1606
337.73,7195,1545
339.02,6823,1469
340.31,6532,1410
341.60,6199,1341
342.89,5916,1283
344.18,5543,1207
345.47,5205,1137
346.76,4910,1076
348.05,4640,1022
349.34,4356,962
350.63,4106,910
351.91,3773,844
353.20,3431,773
354.49,3174,720
355.78,2959,677
357.07,2703,624
358.36,2418,567
359.65,2208,523
360.94,1998,481
362.23,1759,431
363.52,1556,390
364.80,1403,359
366.09,1241,326
367.38,1064,290
368.67,924,262
369.96,793,235
371.25,656,207
372.54,544,184
373.83,458,167
375.12,371,149
376.41,312,138
377.70,263,128
378.98,229,121
380.27,200,115
381.56,193,113
382.85,199,116
384.14,229,122
385.43,265,130
386.72,311,140
388.01,393,155
389.30,488,176
390.59,594,198
391.88,726,225
393.16,870,255
394.45,1055,293
395.74,1183,320
397.03,1364,358
398.32,1588,404
399.61,1810,450
400.90,2009,491
402.19,2252,542
403.48,2513,596
404.77,2810,657
406.05,3077,711
407.34,3345,767
408.63,3628,825
409.92,3919,886
411.21,4209,945
412.50,4540,1014
413.79,4853,1079
415.08,5185,1148
416.37,5571,1227
417.66,5881,1291
418.95,6230,1364
420.23,6632,1446
421.52,6982,1518
422.81,7371,1598
424.10,7740,1676
425.39,8110,1753
426.68,8435,1819
427.97,8910,1917
429.26,9224,1982
430.55,9553,2051
431.84,9890,2119
433.13,10236,2191
434.41,10605,2268
435.70,10936,2337
436.99,11202,2391
438.28,11563,2466
439.57,11896,2534
440.86,12189,2596
442.15,12499,2660
443.44,12795,2721
444.73,13032,2771
446.02,13351,2837
447.30,13606,2889
448.59,13794,2928
449.88,14090,2991
451.17,14288,3030
452.46,14506,3074
453.75,14690,3113
455.04,14891,3154
456.33,15118,3200
457.62,15229,3222
458.91,15394,3257
460.20,15540,3286
461.48,15624,3302
462.77,15747,3328
464.06,15850,3349
465.35,15908,3361
466.64,15999,3377
467.93,16035,3385
469.22,16008,3379
470.51,16055,3386
471.80,16074,3392
473.09,16006,3376
474.38,16047,3384
475.66,15932,3361
476.95,15845,3343
478.24,15748,3323
479.53,15648,3303
480.82,15528,3274
482.11,15465,3261
483.40,15310,3229
484.69,15180,3202
485.98,14951,3154
487.27,14791,3122
488.55,14636,3090
489.84,14456,3053
491.13,14192,2998
492.42,13993,2955
493.71,13713,2897
495.00,13410,2836
496.29,13154,2782
497.58,12918,2733
498.87,12587,2662
500.16,12212,2585
501.45,11943,2530
502.73,11602,2460
504.02,11242,2384
505.31,10955,2325
506.60,10637,2258
507.89,10225,2172
509.18,9894,2104
510.47,9591,2041
511.76,9161,1952
513.05,8784,1875
514.34,8511,1820
515.63,8195,1754
516.91,7809,1675
518.20,7460,1602
519.49,7093,1528
520.78,6736,1453
522.07,6372,1377
523.36,6033,1309
524.65,5620,1224
525.94,5323,1163
527.23,4970,1090
528.52,4670,1029
529.80,4286,951
531.09,3991,889
532.38,3702,831
533.67,3364,761
534.96,3100,708
536.25,2835,653
537.54,2583,601
538.83,2263,537
540.12,2027,488
541.41,1857,454
542.70,1626,406
543.98,1419,364
545.27,1280,335
546.56,1076,294
547.85,935,265
549.14,801,238
550.43,670,211
551.72,576,192
553.01,472,172
554.30,382,153
555.59,314,139
556.88,257,128
558.16,227,121
559.45,203,117
560.74,195,116
562.03,200,117
563.32,221,121
564.61,257,129
565.90,319,142
567.19,381,155
568.48,461,171
569.77,582,196
571.05,697,220
572.34,827,247
573.63,961,275
574.92,1127,309
576.21,1296,345
577.50,1452,377
578.79,1650,418
580.08,1865,462
581.37,2069,505
582.66,2305,552
583.95,2545,602
585.23,2749,645
586.52,3047,707
587.81,3274,753
589.10,3533,806
590.39,3834,869
591.68,4109,926
592.97,4395,986
594.26,4715,1051
595.55,5058,1122
596.84,5361,1186
598.13,5714,1258
599.41,6087,1335
600.70,6475,1416
601.99,6828,1489
603.28,7173,1560
604.57,7547,1636
605.86,7923,1715
607.15,8252,1784
608.44,8596,1855
609.73,8946,1928
611.02,9298,2000
612.30,9604,2063
613.59,9956,2136
614.88,10327,2214
616.17,10644,2279
617.46,10997,2351
618.75,11295,2412
620.04,11591,2475
621.33,11892,2537
622.62,12212,2603
623.91,12509,2665
625.20,12749,2716
626.48,13001,2767
627.77,13255,2819
629.06,13490,2870
630.35,13737,2919
631.64,13973,2967
632.93,14154,3005
634.22,14353,3047
635.51,14548,3087
636.80,14723,3122
638.09,14881,3156
639.38,15041,3187
640.66,15149,3210
641.95,15264,3233
643.24,15350,3251
644.53,15428,3266
645.82,15488,3278
647.11,15559,3291
648.40,15584,3296
649.69,15588,3296
650.98,15587,3296
652.27,15567,3292
653.55,15545,3287
654.84,15504,3278
656.13,15445,3266
657.42,15368,3248
658.71,15312,3237
660.00,15211,3215
661.29,15087,3187
662.58,14950,3159
663.87,14830,3133
665.16,14675,3100
666.45,14514,3066
667.73,14301,3022
669.02,14091,2979
670.31,13902,2938
671.60,13682,2894
672.89,13459,2846
674.18,13175,2787
675.47,12924,2736
676.76,12668,2682
678.05,12399,2626
679.34,12181,2580
680.63,11857,2512
681.91,11630,2466
683.20,11312,2399
684.49,10973,2329
685.78,10724,2277
687.07,10348,2198
688.36,10000,2126
689.65,9783,2082
690.94,9442,2012
692.23,9118,1944
693.52,8791,1877
694.80,8355,1786
696.09,8038,1722
697.38,7743,1661
698.67,7390,1588
699.96,6964,1502
701.25,6673,1441
702.54,6359,1376
703.83,6045,1312
705.12,5710,1241
706.41,5299,1158
707.70,4972,1091
708.98,4620,1019
710.27,4297,953
711.56,3991,890
712.85,3686,827
714.14,3368,761
715.43,3109,709
716.72,2856,657
718.01,2566,599
719.30,2269,537
720.59,2046,492
721.88,1850,451
723.16,1627,406
724.45,1407,362
725.74,1242,328
727.03,1076,294
728.32,911,260
729.61,774,233
730.90,658,210
732.19,536,185
733.48,431,163
734.77,342,145
736.05,285,134
737.34,246,126
738.63,212,119
739.92,197,117
741.21,202,118
742.50,219,122
743.79,258,130
745.08,321,143
746.37,389,157
747.66,470,174
748.95,572,195
750.23,703,223
751.52,818,247
752.81,965,276
754.10,1135,311
755.39,1310,348
756.68,1456,378
757.97,1658,420
759.26,1916,473
760.55,2109,513
761.84,2313,555
763.13,2575,609
764.41,2847,666
765.70,3136,725
766.99,3389,777
768.28,3682,837
769.57,3936,890
770.86,4205,946
772.15,4527,1013
773.44,4826,1074
774.73,5162,1144
776.02,5489,1211
777.30,5803,1277
778.59,6099,1337
779.88,6455,1411
781.17,6862,1495
782.46,7202,1565
783.75,7508,1628
785.04,7874,1704
786.33,8232,1777
787.62,8496,1833
788.91,8796,1894
790.20,9227,1984
791.48,9526,2045
792.77,9893,2120
794.06,10196,2182
795.35,10519,2251
796.64,10878,2325
797.93,11161,2382
799.22,11452,2444
800.51,11790,2512
801.80,12146,2587
803.09,12389,2637
804.38,12770,2716
805.66,12989,2761
806.95,13324,2830
808.24,13562,2880
809.53,13757,2919
810.82,14070,2982
812.11,14276,3026
813.40,14498,3072
814.69,14736,3121
815.98,14956,3165
817.27,15122,3202
818.55,15288,3233
819.84,15409,3257
821.13,15510,3279
822.42,15629,3303
823.71,15725,3322
825.00,15792,3334
826.29,15862,3350
827.58,15905,3358
828.87,15902,3358
830.16,15945,3366
831.45,15932,3363
832.73,15903,3356
834.02,15893,3353
835.31,15850,3344
836.60,15787,3330
837.89,15690,3310
839.18,15614,3292
840.47,15503,3270
841.76,15372,3243
843.05,15217,3209
844.34,15075,3180
845.63,14844,3131
846.91,14656,3093
848.20,14445,3047
849.49,14221,3000
850.78,14003,2955
852.07,13701,2892
853.36,13446,2841
854.65,13169,2785
855.94,12848,2717
857.23,12643,2674
858.52,12352,2614
859.80,12067,2555
861.09,11764,2492
862.38,11463,2428
863.67,11154,2366
864.96,10799,2290
866.25,10522,2235
867.54,10228,2172
868.83,9846,2093
870.12,9529,2028
871.41,9190,1959
872.70,8811,1880
873.98,8485,1814
875.27,8180,1751
876.56,7831,1678
877.85,7481,1607
879.14,7133,1534
880.43,6756,1457
881.72,6441,1393
883.01,6071,1316
884.30,5766,1255
885.59,5423,1184
886.88,5102,1118
888.16,4794,1054
889.45,4483,990
890.74,4162,923
892.03,3883,867
893.32,3591,807
894.61,3313,750
895.90,3055,697
897.19,2801,646
898.48,2550,594
899.77,2290,541
901.05,2055,493
902.34,1864,454
903.63,1643,409
904.92,1435,367
906.21,1273,333
907.50,1115,302
908.79,959,270
910.08,819,242
911.37,684,214
912.66,567,191
913.95,465,170
915.23,380,152
916.52,314,138
917.81,256,127
919.10,218,120
920.39,197,116
921.68,196,115
922.97,211,119
924.26,241,126
925.55,302,138
926.84,366,152
928.13,432,165
929.41,539,188
930.70,656,212
931.99,795,241
933.28,926,268
934.57,1103,305
935.86,1283,342
937.15,1429,372
938.44,1640,415
939.73,1853,460
941.02,2098,510
942.30,2316,556
943.59,2569,608
944.88,2851,666
946.17,3109,720
947.46,3359,771
948.75,3683,839
950.04,3997,903
951.33,4333,972
952.62,4622,1032
953.91,4954,1100
955.20,5288,1169
956.48,5677,1250
957.77,5946,1306
959.06,6290,1377
960.35,6656,1452
961.64,7010,1526
962.93,7336,1593
964.22,7694,1669
965.51,7970,1726
966.80,8402,1814
968.09,8664,1869
969.38,9086,1957
970.66,9382,2018
971.95,9693,2083
973.24,9934,2132
974.53,10245,2197
975.82,10554,2261
977.11,10889,2330
978.40,11307,2416
979.69,11530,2463
980.98,11795,2518
982.27,12055,2572
983.55,12377,2638
984.84,12590,2683
986.13,12873,2741
987.42,13092,2786
988.71,13377,2846
990.00,13589,2890
991.29,13805,2934
992.58,14027,2979
993.87,14208,3016
995.16,14369,3049
996.45,14536,3083
997.73,14723,3124
999.02,14843,3148
1000.31,14963,3171
1001.60,15081,3195
1002.89,15217,3223
1004.18,15272,3235
1005.47,15356,3251
1006.76,15424,3264
1008.05,15466,3273
1009.34,15487,3278
1010.63,15519,3283
1011.91,15520,3282
1013.20,15507,3279
1014.49,15513,3280
1015.78,15476,3275
1017.07,15395,3254
1018.36,15326,3239
1019.65,15237,3221
1020.94,15135,3200
1022.23,15009,3172
1023.52,14880,3145
1024.80,14735,3113
1026.09,14565,3079
1027.38,14346,3031
1028.67,14170,2996
1029.96,13953,2947
1031.25,13723,2900
1032.54,13474,2847
1033.83,13206,2793
1035.12,12940,2737
1036.41,12644,2674
1037.70,12370,2618
1038.98,12080,2558
1040.27,11786,2496
1041.56,11479,2432
1042.85,11163,2366
1044.14,10858,2303
1045.43,10533,2235
1046.72,10180,2163
1048.01,9870,2100
1049.30,9484,2020
1050.59,9139,1949
1051.88,8845,1887
1053.16,8469,1810
1054.45,8110,1736
1055.74,7792,1670
1057.03,7449,1600
1058.32,7099,1527
1059.61,6731,1452
1060.90,6378,1380
1062.19,6026,1307
1063.48,5666,1232
1064.77,5280,1153
1066.05,5027,1102
1067.34,4675,1029
1068.63,4405,973
1069.92,4127,916
1071.21,3800,849
1072.50,3482,784
1073.79,3245,736
1075.08,2922,670
1076.37,2710,626
1077.66,2500,584
1078.95,2287,540
1080.23,2029,488
switching colors
1081.52,7917,408
1082.81,7375,381
1084.10,6803,349
1085.39,6272,321
1086.68,5772,295
1087.97,5372,273
1089.26,4798,244
1090.55,4345,219
1091.84,3909,197
1093.13,3505,176
1094.41,3049,152
1095.70,2673,132
1096.99,2311,113
1098.28,2018,99
1099.57,1711,83
1100.86,1399,67
1102.15,1165,56
1103.44,913,43
1104.73,719,34
1106.02,563,26
1107.30,414,20
1108.59,298,14
1109.88,221,11
1111.17,169,10
1112.46,139,9
1113.75,139,11
1115.04,173,13
1116.33,227,18
1117.62,295,22
1118.91,415,31
1120.20,580,41
1121.48,776,52
1122.77,966,64
1124.06,1231,80
1125.35,1447,92
1126.64,1786,113
1127.93,2104,130
1129.22,2433,150
1130.51,2818,172
1131.80,3267,197
1133.09,3716,223
1134.38,4188,251
1135.66,4635,275
1136.95,5201,308
1138.24,5677,336
1139.53,6203,365
1140.82,6786,398
1142.11,7441,435
1143.40,7987,465
1144.69,8577,498
1145.98,9195,533
1147.27,9842,568
1148.55,10456,604
1149.84,11155,642
1151.13,11752,676
1152.42,12466,716
1153.71,13105,751
1155.00,13767,789
1156.29,14469,828
1157.58,15197,868
1158.87,15902,906
1160.16,16523,942
1161.45,17176,977
1162.73,17953,1019
1164.02,18538,1053
1165.31,19290,1093
1166.60,19936,1130
1167.89,20691,1169
1169.18,21199,1198
1170.47,21779,1229
1171.76,22376,1262
1173.05,23223,1306
1174.34,23660,1331
1175.63,24190,1359
1176.91,24680,1385
1178.20,25261,1416
1179.49,25760,1442
1180.78,26035,1456
1182.07,26330,1472
1183.36,26752,1496
1184.65,27069,1513
1185.94,27515,1534
1187.23,27781,1549
1188.52,27985,1560
1189.80,28292,1576
1191.09,28627,1593
1192.38,28844,1603
1193.67,29074,1614
1194.96,29235,1621
1196.25,29423,1629
1197.54,29499,1632
1198.83,29638,1638
1200.12,29745,1641
1201.41,29766,1642
1202.70,29716,1638
1203.98,29724,1636
1205.27,29506,1624
1206.56,29489,1623
1207.85,29473,1620
1209.14,29390,1613
1210.43,29180,1599
1211.72,29003,1587
1213.01,28686,1571
1214.30,28367,1551
1215.59,28089,1534
1216.88,27866,1522
1218.16,27602,1505
1219.45,27246,1484
1220.74,26874,1461
1222.03,26468,1437
1223.32,26095,1416
1224.61,25632,1389
1225.90,25081,1358
1227.19,24662,1333
1228.48,24233,1309
1229.77,23600,1273
1231.05,23179,1249
1232.34,22494,1211
1233.63,21938,1180
1234.92,21384,1148
1236.21,20797,1116
1237.50,20138,1079
1238.79,19430,1039
1240.08,18816,1005
1241.37,18218,972
1242.66,17488,931
1243.95,16834,895
1245.23,16167,858
1246.52,15484,821
1247.81,14729,779
1249.10,14096,743
1250.39,13404,705
1251.68,12758,671
1252.97,12187,640
1254.26,11575,607
1255.55,10826,566
1256.84,10094,526
1258.13,9662,502
1259.41,8922,463
1260.70,8183,424
1261.99,7699,399
1263.28,7148,369
1264.57,6566,337
1265.86,5991,307
1267.15,5509,281
1268.44,4993,254
1269.73,4505,228
1271.02,3989,201
1272.30,3531,178
1273.59,3134,156
1274.88,2737,136
1276.17,2339,115
1277.46,1978,97
1278.75,1675,81
1280.04,1409,67
1281.33,1143,55
1282.62,956,46
1283.91,736,35
1285.20,567,26
1286.48,417,20
1287.77,307,15
1289.06,215,11
1290.35,168,10
1291.64,138,10
1292.93,142,11
1294.22,179,15
1295.51,250,19
1296.80,347,26
1298.09,445,32
1299.38,566,39
1300.66,747,51
1301.95,972,64
1303.24,1188,76
1304.53,1410,90
1305.82,1714,108
1307.11,1970,123
1308.40,2316,143
1309.69,2634,162
1310.98,2995,183
1312.27,3432,208
1313.55,3789,228
1314.84,4189,251
1316.13,4586,274
1317.42,5172,307
1318.71,5770,341
1320.00,6300,371
1321.29,6746,396
1322.58,7258,425
1323.87,7768,454
1325.16,8311,484
1326.45,8854,515
1327.73,9441,548
1329.02,10011,581
1330.31,10679,618
1331.60,11425,660
1332.89,11942,688
1334.18,12561,723
1335.47,13186,758
1336.76,13828,794
1338.05,14624,838
1339.34,15211,871
1340.63,15930,910
1341.91,16608,949
1343.20,17433,993
1344.49,18141,1032
1345.78,18635,1059
1347.07,19285,1095
1348.36,20003,1133
1349.65,20600,1167
1350.94,21094,1193
1352.23,21751,1228
1353.52,22323,1261
1354.80,23049,1299
1356.09,23649,1332
1357.38,24088,1356
1358.67,24626,1383
1359.96,24931,1401
1361.25,25261,1419
1362.54,25687,1441
1363.83,26101,1463
1365.12,26465,1482
1366.41,26883,1504
1367.70,27205,1521
1368.98,27539,1538
1370.27,27831,1552
1371.56,28137,1567
1372.85,28392,1580
1374.14,28591,1589
1375.43,28775,1598
1376.72,28884,1602
1378.01,28993,1607
1379.30,29086,1610
1380.59,29130,1610
1381.88,29217,1614
1383.16,29223,1612
1384.45,29180,1609
1385.74,29121,1604
1387.03,28967,1593
1388.32,28906,1588
1389.61,28712,1575
1390.90,28549,1565
1392.19,28303,1550
1393.48,28015,1532
1394.77,27708,1514
1396.05,27451,1498
1397.34,27156,1480
1398.63,26895,1465
1399.92,26462,1439
1401.21,26107,1419
1402.50,25732,1396
1403.79,25418,1378
1405.08,24958,1352
1406.37,24353,1318
1407.66,24106,1303
1408.95,23598,1273
1410.23,23105,1245
1411.52,22545,1214
1412.81,22004,1183
1414.10,21262,1141
1415.39,20715,1112
1416.68,20262,1084
1417.97,19745,1056
1419.26,19004,1014
1420.55,18384,980
1421.84,17786,947
1423.13,17247,917
1424.41,16546,878
1425.70,15895,842
1426.99,15263,806
1428.28,14649,775
1429.57,14048,741
1430.86,13524,713
1432.15,12868,677
1433.44,12161,638
1434.73,11547,605
1436.02,10883,568
1437.30,10238,533
1438.59,9604,500
1439.88,9094,472
1441.17,8464,438
1442.46,7872,407
1443.75,7304,377
1445.04,6707,345
1446.33,6173,315
1447.62,5667,289
1448.91,5075,259
1450.20,4607,233
1451.48,4046,204
1452.77,3670,184
1454.06,3177,158
1455.35,2756,136
1456.64,2400,119
1457.93,2062,101
1459.22,1751,85
1460.51,1438,70
1461.80,1160,56
1463.09,915,43
1464.38,712,34
1465.66,537,25
1466.95,386,18
1468.24,283,14
1469.53,202,10
1470.82,155,10
1472.11,137,10
1473.40,150,12
1474.69,193,15
1475.98,267,21
1477.27,382,28
1478.55,533,37
1479.84,692,47
1481.13,905,60
1482.42,1145,75
1483.71,1451,92
1485.00,1725,108
1486.29,2032,127
1487.58,2361,145
1488.87,2763,169
1490.16,3102,188
1491.45,3507,212
1492.73,3941,236
1494.02,4454,266
1495.31,4905,290
1496.60,5325,314
1497.89,5872,346
1499.18,6316,371
1500.47,6865,402
1501.76,7480,437
1503.05,7981,464
1504.34,8512,495
1505.63,9081,527
1506.91,9689,561
1508.20,10299,594
1509.49,10982,634
1510.78,11480,662
1512.07,12215,701
1513.36,12895,739
1514.65,13434,770
1515.94,14112,807
1517.23,14747,843
1518.52,15387,878
1519.80,16142,921
1521.09,16798,956
1522.38,17393,990
1523.67,18155,1031
1524.96,18700,1061
1526.25,19316,1094
1527.54,19987,1132
1528.83,20560,1163
1530.12,21109,1193
1531.41,21768,1229
1532.70,22272,1256
1533.98,22947,1293
1535.27,23441,1319
1536.56,24004,1350
1537.85,24349,1369
1539.14,24808,1394
1540.43,25367,1423
1541.72,25830,1447
1543.01,26181,1466
1544.30,26652,1491
1545.59,26954,1506
1546.88,27345,1527
1548.16,27742,1547
1549.45,27974,1560
1550.74,28340,1577
1552.03,28594,1590
1553.32,28843,1604
1554.61,29067,1613
1555.90,29285,1623
1557.19,29431,1629
1558.48,29516,1634
1559.77,29673,1640
1561.05,29755,1643
1562.34,29769,1640
1563.63,29675,1635
1564.92,29684,1632
1566.21,29581,1627
1567.50,29478,1617
1568.79,29365,1610
1570.08,29212,1600
1571.37,28992,1585
1572.66,28711,1570
1573.95,28416,1553
1575.23,28121,1533
1576.52,27846,1518
1577.81,27480,1497
1579.10,27053,1471
1580.39,26698,1452
1581.68,26277,1427
1582.97,25830,1401
1584.26,25387,1376
1585.55,24935,1349
1586.84,24411,1319
1588.13,23949,1292
1589.41,23448,1264
1590.70,22705,1222
1591.99,22185,1193
1593.28,21698,1165
1594.57,20991,1125
1595.86,20388,1092
1597.15,19772,1058
1598.44,19102,1020
1599.73,18454,986
1601.02,17875,951
1602.30,17138,911
1603.59,16592,881
1604.88,15975,846
1606.17,15277,810
1607.46,14702,777
1608.75,14091,744
1610.04,13446,710
1611.33,12761,670
1612.62,12102,635
1613.91,11498,603
1615.20,10956,573
1616.48,10198,533
1617.77,9690,505
1619.06,9066,471
1620.35,8410,437
1621.64,7803,404
1622.93,7304,377
1624.22,6710,344
1625.51,6142,315
1626.80,5547,284
1628.09,5166,263
1629.38,4799,244
1630.66,4290,217
1631.95,3820,192
1633.24,3516,176
1634.53,3069,153
1635.82,2723,135
1637.11,2268,111
1638.40,1986,97
1639.69,1680,82
1640.98,1412,68
1642.27,1185,57
1643.55,973,47
1644.84,766,36
1646.13,579,27
1647.42,408,18
1648.71,284,14
1650.00,217,12
1651.29,159,10
1652.58,137,9
1653.87,142,11
1655.16,179,14
1656.45,254,20
1657.73,343,25
1659.02,500,36
1660.31,630,43
1661.60,839,56
1662.89,1071,70
1664.18,1306,84
1665.47,1576,99
1666.76,1867,117
1668.05,2182,135
1669.34,2541,156
1670.63,2917,178
1671.91,3339,202
1673.20,3779,227
1674.49,4238,254
1675.78,4658,278
1677.07,5175,307
1678.36,5683,336
1679.65,6231,367
1680.94,6732,395
1682.23,7363,431
1683.52,8024,468
1684.80,8553,498
1686.09,9166,532
1687.38,9746,565
1688.67,10439,603
1689.96,11138,643
1691.25,11731,677
1692.54,12383,712
1693.83,13071,752
1695.12,13724,787
1696.41,14454,828
1697.70,15072,863
1698.98,15735,901
1700.27,16377,935
1701.56,16985,969
1702.85,17620,1005
1704.14,18222,1038
1705.43,18909,1074
1706.72,19460,1106
1708.01,20025,1137
1709.30,20719,1174
1710.59,21198,1201
1711.88,21685,1227
1713.16,22280,1259
1714.45,22796,1289
1715.74,23308,1315
1717.03,23794,1342
1718.32,24341,1370
1719.61,24806,1395
1720.90,25178,1416
1722.19,25630,1440
1723.48,25992,1459
1724.77,26475,1484
1726.05,26829,1502
1727.34,27139,1518
1728.63,27425,1533
1729.92,27769,1551
1731.21,27985,1562
1732.50,28288,1578
1733.79,28504,1586
1735.08,28722,1598
1736.37,28859,1602
1737.66,28923,1605
1738.95,29114,1614
1740.23,29203,1618
1741.52,29211,1616
1742.81,29218,1615
1744.10,29280,1617
1745.39,29244,1612
1746.68,29147,1605
1747.97,28999,1595
1749.26,28917,1591
1750.55,28811,1581
1751.84,28642,1570
1753.13,28366,1554
1754.41,28092,1537
1755.70,27950,1529
1756.99,27635,1509
1758.28,27264,1487
1759.57,27009,1471
1760.86,26531,1443
1762.15,26212,1426
1763.44,25775,1399
1764.73,25349,1374
1766.02,24850,1346
1767.30,24301,1315
1768.59,23773,1284
1769.88,23252,1255
1771.17,22620,1219
1772.46,22112,1190
1773.75,21486,1154
1775.04,20953,1123
1776.33,20385,1092
1777.62,19716,1054
1778.91,19143,1023
1780.20,18514,987
1781.48,17835,950
1782.77,17287,920
1784.06,16556,878
1785.35,15881,841
1786.64,15199,803
1787.93,14414,761
1789.22,13756,725
1790.51,13245,697
1791.80,12542,659
1793.09,11878,623
1794.38,11277,590
1795.66,10532,550
1796.95,9822,511
1798.24,9236,480
1799.53,8614,447
1800.82,8040,416
1802.11,7388,381
1803.40,6848,352
1804.69,6315,324
1805.98,5806,297
1807.27,5304,270
1808.55,4860,247
1809.84,4325,219
1811.13,3851,194
1812.42,3482,174
1813.71,2994,149
1815.00,2664,132
1816.29,2339,115
1817.58,2032,99
1818.87,1741,85
1820.16,1419,69
1821.45,1222,58
1822.73,943,45
1824.02,747,35
1825.31,576,27
1826.60,433,21
1827.89,303,15
1829.18,230,12
1830.47,177,10
1831.76,141,9
1833.05,141,11
1834.34,169,13
1835.63,215,17
1836.91,302,22
1838.20,420,30
1839.49,556,39
1840.78,729,50
1842.07,933,62
1843.36,1181,77
1844.65,1416,91
1845.94,1687,106
1847.23,2035,127
1848.52,2346,144
1849.80,2674,163
1851.09,3011,184
1852.38,3363,203
1853.67,3769,227
1854.96,4227,253
1856.25,4734,281
1857.54,5114,304
1858.83,5714,338
1860.12,6198,365
1861.41,6760,396
1862.70,7315,428
1863.98,7919,462
1865.27,8434,490
1866.56,9113,528
1867.85,9825,568
1869.14,10520,606
1870.43,11158,643
1871.72,11821,680
1873.01,12596,723
1874.30,13266,761
1875.59,13919,797
1876.88,14519,830
1878.16,15250,870
1879.45,15885,906
1880.74,16581,945
1882.03,17272,982
1883.32,17983,1022
1884.61,18770,1065
1885.90,19443,1101
1887.19,19891,1126
1888.48,20614,1165
1889.77,21307,1203
1891.05,21764,1230
1892.34,22397,1263
1893.63,22989,1294
1894.92,23634,1330
1896.21,24050,1353
1897.50,24597,1381
1898.79,25103,1410
1900.08,25633,1437
1901.37,26076,1459
1902.66,26523,1484
1903.95,26805,1499
1905.23,27186,1520
1906.52,27642,1542
1907.81,27921,1557
1909.10,28211,1572
1910.39,28488,1587
1911.68,28765,1600
1912.97,28944,1609
1914.26,29167,1618
1915.55,29366,1628
1916.84,29452,1632
1918.13,29455,1632
1919.41,29662,1638
1920.70,29696,1639
1921.99,29665,1637
1923.28,29674,1635
1924.57,29492,1625
1925.86,29436,1620
1927.15,29400,1617
1928.44,29373,1614
1929.73,29107,1598
1931.02,29000,1589
1932.30,28770,1574
1933.59,28436,1556
1934.88,28070,1536
1936.17,27890,1524
1937.46,27594,1505
1938.75,27270,1485
1940.04,26882,1464
1941.33,26502,1441
1942.62,26108,1418
1943.91,25688,1393
1945.20,25200,1366
1946.48,24740,1339
1947.77,24316,1314
1949.06,23817,1285
1950.35,23389,1261
1951.64,22608,1218
1952.93,22158,1192
1954.22,21690,1165
1955.51,21103,1133
1956.80,20440,1096
1958.09,19891,1065
1959.38,19281,1031
1960.66,18659,996
1961.95,18036,962
1963.24,17468,931
1964.53,16708,889
1965.82,16082,854
1967.11,15328,811
1968.40,14745,779
1969.69,14105,745
1970.98,13409,708
1972.27,12734,670
1973.55,12125,636
1974.84,11463,601
1976.13,10769,564
1977.42,10080,526
1978.71,9431,490
1980.00,8808,457
1981.29,8179,423
1982.58,7619,395
1983.87,7093,366
1985.16,6430,331
1986.45,5901,303
1987.73,5395,275
1989.02,4906,250
1990.31,4423,224
1991.60,3915,198
1992.89,3460,174
1994.18,3004,150
1995.47,2721,135
1996.76,2280,112
1998.05,2002,98
1999.34,1649,80
2000.63,1389,66
2001.91,1117,54
2003.20,909,43
2004.49,702,33
2005.78,520,24
2007.07,377,18
2008.36,259,13
2009.65,197,11
2010.94,148,10
2012.23,137,10
2013.52,164,12
2014.80,221,17
2016.09,305,23
2017.38,419,31
2018.67,554,39
2019.96,729,50
2021.25,935,62
2022.54,1149,75
2023.83,1385,88
2025.12,1648,104
2026.41,1959,122
2027.70,2224,138
2028.98,2572,158
2030.27,2972,181
2031.56,3269,198
2032.85,3642,218
2034.14,4116,246
2035.43,4576,273
2036.72,5023,299
2038.01,5572,330
2039.30,6116,361
2040.59,6531,384
2041.88,7162,420
2043.16,7681,449
2044.45,8215,479
2045.74,8736,508
2047.03,9399,545
2048.32,10039,581
2049.61,10650,616
2050.90,11366,657
2052.19,11842,683
2053.48,12420,716
2054.77,13094,753
2056.05,13666,785
2057.34,14284,819
2058.63,15110,865
2059.92,15674,897
2061.21,16238,927
2062.50,16795,959
2063.79,17446,994
2065.08,18102,1032
2066.37,18735,1066
2067.66,19300,1097
2068.95,19896,1130
2070.23,20567,1167
2071.52,21083,1195
2072.81,21665,1227
2074.10,22176,1254
2075.39,22733,1285
2076.68,23338,1317
2077.97,23831,1345
2079.26,24357,1373
2080.55,24806,1395
2081.84,25261,1420
2083.12,25771,1447
2084.41,26231,1471
2085.70,26556,1487
2086.99,26926,1506
2088.28,27276,1524
2089.57,27554,1539
2090.86,27852,1553
2092.15,28105,1568
2093.44,28361,1580
2094.73,28558,1589
2096.02,28718,1596
2097.30,28858,1601
2098.59,28957,1606
2099.88,29028,1607
2101.17,29079,1608
2102.46,29124,1610
2103.75,29111,1608
2105.04,29081,1605
2106.33,28997,1597
2107.62,28901,1590
2108.91,28744,1580
2110.20,28632,1570
2111.48,28408,1557
2112.77,28210,1546
2114.06,27830,1523
2115.35,27591,1509
2116.64,27228,1486
2117.93,26958,1470
2119.22,26558,1447
2120.51,26293,1431
2121.80,25753,1400
2123.09,25378,1376
2124.37,25072,1358
2125.66,24539,1328
2126.95,24107,1303
2128.24,23631,1274
2129.53,23134,1248
2130.82,22551,1214
2132.11,22064,1186
2133.40,21421,1150
2134.69,20863,1119
2135.98,20378,1092
2137.27,19802,1058
2138.55,19202,1025
2139.84,18579,990
2141.13,17853,951
2142.42,17338,923
2143.71,16763,891
2145.00,15977,847
2146.29,15414,817
2147.58,14787,782
2148.87,14125,746
2150.16,13537,713
2151.45,12929,681
2152.73,12184,640
2154.02,11523,605
2155.31,10924,572
2156.60,10363,541
2157.89,9607,500
2159.18,9130,475
2160.47,8625,448
switching colors
2161.76,5881,117
2163.05,5552,110
2164.34,5327,105
2165.62,5040,100
2166.91,4757,93
2168.20,4476,87
2169.49,4254,84
2170.78,4012,78
2172.07,3684,72
2173.36,3481,68
2174.65,3204,63
2175.94,2919,57
2177.23,2700,52
2178.52,2493,48
2179.80,2272,44
2181.09,2037,39
2182.38,1857,36
2183.67,1623,31
2184.96,1430,28
2186.25,1261,24
2187.54,1072,20
2188.83,901,17
2190.12,733,14
2191.41,619,12
2192.70,515,10
2193.98,395,7
2195.27,334,6
2196.56,246,5
2197.85,186,4
2199.14,133,3
2200.43,101,3
2201.72,87,3
2203.01,83,3
2204.30,92,3
2205.59,113,4
2206.87,153,5
2208.16,207,6
2209.45,270,8
2210.74,347,10
2212.03,446,12
2213.32,552,14
2214.61,665,16
2215.90,829,20
2217.19,945,23
2218.48,1107,26
2219.77,1312,30
2221.05,1526,35
2222.34,1701,39
2223.63,1891,43
2224.92,2120,48
2226.21,2298,51
2227.50,2563,57
2228.79,2789,62
2230.08,3032,67
2231.37,3273,72
2232.66,3512,77
2233.95,3793,83
2235.23,4064,88
2236.52,4325,94
2237.81,4585,99
2239.10,4877,105
2240.39,5169,112
2241.68,5458,117
2242.97,5719,122
2244.26,6022,128
2245.55,6362,135
2246.84,6712,142
2248.12,6888,146
2249.41,7197,153
2250.70,7537,160
2251.99,7798,165
2253.28,8096,171
2254.57,8418,177
2255.86,8752,185
2257.15,8956,189
2258.44,9251,194
2259.73,9542,201
2261.02,9846,206
2262.30,10116,212
2263.59,10387,217
2264.88,10565,221
2266.17,10834,226
2267.46,11069,231
2268.75,11306,236
2270.04,11505,240
2271.33,11721,244
2272.62,11975,249
2273.91,12141,252
2275.20,12343,256
2276.48,12517,260
2277.77,12635,261
2279.06,12775,265
2280.35,12956,268
2281.64,13044,269
2282.93,13189,272
2284.22,13282,274
2285.51,13325,275
2286.80,13411,277
2288.09,13492,278
2289.37,13534,278
2290.66,13542,278
2291.95,13591,279
2293.24,13588,279
2294.53,13565,278
2295.82,13534,277
2297.11,13514,276
2298.40,13451,275
2299.69,13390,274
2300.98,13323,272
2302.27,13220,270
2303.55,13121,267
2304.84,12985,264
2306.13,12869,262
2307.42,12725,258
2308.71,12565,255
2310.00,12448,253
2311.29,12212,247
2312.58,12046,243
2313.87,11855,240
2315.16,11672,236
2316.45,11431,231
2317.73,11169,225
2319.02,10963,221
2320.31,10722,216
2321.60,10462,210
2322.89,10167,204
2324.18,9901,198
2325.47,9643,194
2326.76,9297,186
2328.05,9012,180
2329.34,8675,173
2330.62,8407,167
2331.91,8137,162
2333.20,7820,155
2334.49,7516,149
2335.78,7203,143
2337.07,6924,137
2338.36,6584,131
2339.65,6311,124
2340.94,5991,118
2342.23,5641,111
2343.52,5403,106
2344.80,5097,100
2346.09,4850,95
2347.38,4583,89
2348.67,4299,84
2349.96,4059,79
2351.25,3698,72
2352.54,3492,68
2353.83,3247,63
2355.12,3034,58
2356.41,2763,53
2357.70,2515,48
2358.98,2272,44
2360.27,2067,40
2361.56,1885,37
2362.85,1705,33
2364.14,1477,28
2365.43,1330,25
2366.72,1148,22
2368.01,1001,19
2369.30,825,16
2370.59,715,14
2371.87,600,12
2373.16,475,9
2374.45,381,7
2375.74,298,6
2377.03,232,5
2378.32,178,3
2379.61,136,3
2380.90,109,2
2382.19,87,2
2383.48,82,3
2384.77,88,3
2386.05,107,4
2387.34,143,5
2388.63,183,6
2389.92,242,7
2391.21,320,8
2392.50,396,11
2393.79,500,13
2395.08,615,15
2396.37,753,18
2397.66,891,21
2398.95,1064,25
2400.23,1230,28
2401.52,1410,33
2402.81,1581,36
2404.10,1790,41
2405.39,2002,44
2406.68,2199,49
2407.97,2426,53
2409.26,2677,60
2410.55,2938,65
2411.84,3161,70
2413.12,3427,75
2414.41,3704,81
2415.70,3995,87
2416.99,4260,92
2418.28,4505,98
2419.57,4781,104
2420.86,5101,110
2422.15,5408,116
2423.44,5694,122
2424.73,5982,128
2426.02,6243,133
2427.30,6540,139
2428.59,6864,146
2429.88,7153,152
2431.17,7524,160
2432.46,7792,165
2433.75,8059,171
2435.04,8348,177
2436.33,8634,182
2437.62,8906,187
2438.91,9199,194
2440.20,9472,199
2441.48,9698,204
2442.77,9938,209
2444.06,10234,214
2445.35,10480,219
2446.64,10687,224
2447.93,10931,229
2449.22,11148,233
2450.51,11352,237
2451.80,11516,240
2453.09,11718,244
2454.37,11884,247
2455.66,12060,251
2456.95,12259,255
2458.24,12405,257
2459.53,12508,259
2460.82,12628,262
2462.11,12776,264
2463.40,12851,266
2464.69,12938,267
2465.98,13049,270
2467.27,13136,271
2468.55,13180,272
2469.84,13214,272
2471.13,13238,272
2472.42,13265,273
2473.71,13271,271
2475.00,13257,272
2476.29,13221,272
2477.58,13175,270
2478.87,13109,268
2480.16,13061,267
2481.45,12969,265
2482.73,12886,263
2484.02,12785,260
2485.31,12683,257
2486.60,12575,256
2487.89,12442,254
2489.18,12290,250
2490.47,12136,246
2491.76,11974,243
2493.05,11783,239
2494.34,11610,235
2495.62,11412,230
2496.91,11219,226
2498.20,10999,222
2499.49,10737,217
2500.78,10506,212
2502.07,10242,206
2503.36,10014,201
2504.65,9720,195
2505.94,9418,188
2507.23,9149,183
2508.52,8832,176
2509.80,8551,171
2511.09,8299,166
2512.38,8011,160
2513.67,7699,154
2514.96,7393,146
2516.25,7106,141
2517.54,6792,135
2518.83,6486,129
2520.12,6168,122
2521.41,5928,117
2522.70,5609,110
2523.98,5279,104
2525.27,5028,99
2526.56,4703,92
2527.85,4414,87
2529.14,4155,81
2530.43,3854,75
2531.72,3613,71
2533.01,3346,65
2534.30,3005,58
2535.59,2792,54
2536.87,2560,49
2538.16,2332,45
2539.45,2081,40
2540.74,1877,36
2542.03,1671,32
2543.32,1484,28
2544.61,1298,25
2545.90,1117,21
2547.19,975,18
2548.48,841,16
2549.77,694,12
2551.05,563,11
2552.34,469,9
2553.63,377,8
2554.92,305,6
2556.21,238,5
2557.50,187,4
2558.79,141,3
2560.08,106,3
2561.37,89,3
2562.66,82,3
2563.95,90,3
2565.23,110,4
2566.52,147,5
2567.81,194,6
2569.10,247,7
2570.39,322,9
2571.68,394,11
2572.97,485,13
2574.26,599,15
2575.55,744,18
2576.84,841,20
2578.12,973,23
2579.41,1139,27
2580.70,1355,32
2581.99,1467,34
2583.28,1653,38
2584.57,1836,42
2585.86,2088,47
2587.15,2268,50
2588.44,2495,56
2589.73,2725,60
2591.02,2956,65
2592.30,3183,70
2593.59,3454,76
2594.88,3715,81
2596.17,3953,85
2597.46,4254,92
2598.75,4537,98
2600.04,4812,104
2601.33,5137,111
2602.62,5393,116
2603.91,5711,122
2605.20,6023,129
2606.48,6357,136
2607.77,6708,143
2609.06,6945,147
2610.35,7374,156
2611.64,7656,162
2612.93,7944,168
2614.22,8273,174
2615.51,8611,182
2616.80,8922,188
2618.09,9166,192
2619.37,9455,199
2620.66,9766,205
2621.95,10081,211
2623.24,10354,217
2624.53,10579,221
2625.82,10842,226
2627.11,11080,231
2628.40,11299,236
2629.69,11533,240
2630.98,11743,244
2632.27,11979,249
2633.55,12176,252
2634.84,12355,255
2636.13,12540,259
2637.42,12680,263
2638.71,12837,266
2640.00,12981,268
2641.29,13120,271
2642.58,13220,272
2643.87,13317,275
2645.16,13382,275
2646.45,13458,277
2647.73,13526,278
2649.02,13555,279
2650.31,13575,279
2651.60,13595,279
2652.89,13595,279
2654.18,13542,277
2655.47,13530,276
2656.76,13503,276
2658.05,13448,275
2659.34,13377,272
2660.62,13296,271
2661.91,13220,269
2663.20,13109,266
2664.49,12992,264
2665.78,12876,261
2667.07,12752,259
2668.36,12563,255
2669.65,12463,253
2670.94,12235,248
2672.23,12093,245
2673.52,11906,241
2674.80,11725,237
2676.09,11507,231
2677.38,11268,227
2678.67,11035,222
2679.96,10813,218
2681.25,10566,212
2682.54,10307,207
2683.83,10054,202
2685.12,9782,196
2686.41,9477,190
2687.70,9253,185
2688.98,8961,179
2690.27,8698,173
2691.56,8371,166
2692.85,8128,162
2694.14,7815,155
2695.43,7557,150
2696.72,7275,145
2698.01,6996,139
2699.30,6647,131
2700.59,6338,125
2701.87,6028,118
2703.16,5768,114
2704.45,5454,107
2705.74,5193,102
2707.03,4853,95
2708.32,4584,90
2709.61,4297,84
2710.90,4062,80
2712.19,3763,73
2713.48,3477,68
2714.77,3212,62
2716.05,2944,57
2717.34,2645,51
2718.63,2432,47
2719.92,2195,41
2721.21,1965,38
2722.50,1733,33
2723.79,1547,30
2725.08,1326,25
2726.37,1164,22
2727.66,1006,19
2728.95,853,16
2730.23,715,13
2731.52,594,11
2732.81,486,9
2734.10,382,7
2735.39,287,6
2736.68,237,5
2737.97,169,4
2739.26,132,3
2740.55,99,3
2741.84,84,3
2743.12,83,3
2744.41,95,3
2745.70,128,4
2746.99,165,4
2748.28,217,7
2749.57,292,8
2750.86,389,11
2752.15,469,12
2753.44,572,14
2754.73,688,17
2756.02,836,20
2757.30,980,24
2758.59,1123,26
2759.88,1272,29
2761.17,1460,34
2762.46,1640,38
2763.75,1831,41
2765.04,2043,46
2766.33,2214,50
2767.62,2446,55
2768.91,2701,60
2770.20,2893,63
2771.48,3144,69
2772.77,3372,74
2774.06,3633,79
2775.35,3889,85
2776.64,4139,90
2777.93,4428,96
2779.22,4677,101
2780.51,4933,106
2781.80,5217,113
2783.09,5515,118
2784.37,5808,124
2785.66,6083,130
2786.95,6410,137
2788.24,6684,142
2789.53,6933,148
2790.82,7260,154
2792.11,7545,160
2793.40,7785,165
2794.69,8061,171
2795.98,8333,176
2797.27,8654,183
2798.55,8949,189
2799.84,9186,193
2801.13,9430,199
2802.42,9688,203
2803.71,9905,208
2805.00,10195,214
2806.29,10399,218
2807.58,10611,222
2808.87,10900,228
2810.16,11086,232
2811.45,11323,236
2812.73,11506,240
2814.02,11706,243
2815.31,11888,248
2816.60,12080,250
2817.89,12270,255
2819.18,12393,257
2820.47,12553,260
2821.76,12695,262
2823.05,12810,265
2824.34,12939,267
2825.62,12988,268
2826.91,13091,270
2828.20,13168,271
2829.49,13222,271
2830.78,13240,272
2832.07,13263,273
2833.36,13270,273
2834.65,13247,272
2835.94,13240,271
2837.23,13176,269
2838.52,13131,269
2839.80,13078,268
2841.09,12997,265
2842.38,12907,263
2843.67,12792,260
2844.96,12669,258
2846.25,12540,255
2847.54,12407,253
2848.83,12242,249
2850.12,12041,244
2851.41,11897,241
2852.70,11687,236
2853.98,11499,233
2855.27,11297,228
2856.56,11057,223
2857.85,10804,218
2859.14,10577,213
2860.43,10346,208
2861.72,10087,203
2863.01,9824,197
2864.30,9547,191
2865.59,9319,187
2866.87,9020,181
2868.16,8735,175
2869.45,8476,170
2870.74,8198,164
2872.03,7939,158
2873.32,7679,153
2874.61,7366,147
2875.90,7105,141
2877.19,6828,136
2878.48,6555,129
2879.77,6225,123
2881.05,5934,117
2882.34,5645,111
2883.63,5357,105
2884.92,5089,99
2886.21,4827,95
2887.50,4584,89
2888.79,4263,83
2890.08,4019,79
2891.37,3731,73
2892.66,3480,67
2893.95,3223,62
2895.23,2967,58
2896.52,2729,53
2897.81,2525,49
2899.10,2313,44
2900.39,2036,38
2901.68,1906,36
2902.97,1665,32
2904.26,1465,28
2905.55,1316,25
2906.84,1137,21
2908.12,981,19
2909.41,873,17
2910.70,748,14
2911.99,623,12
2913.28,511,9
2914.57,398,8
2915.86,317,6
2917.15,256,5
2918.44,194,4
2919.73,142,3
2921.02,105,3
2922.30,87,3
2923.59,82,3
2924.88,91,3
2926.17,114,4
2927.46,158,5
2928.75,214,7
2930.04,280,7
2931.33,367,10
2932.62,468,12
2933.91,567,14
2935.20,684,17
2936.48,837,20
2937.77,984,24
2939.06,1131,27
2940.35,1316,31
2941.64,1508,34
2942.93,1678,38
2944.22,1892,43
2945.51,2097,46
2946.80,2334,53
2948.09,2577,57
2949.37,2803,62
2950.66,3095,68
2951.95,3355,73
2953.24,3624,79
2954.53,3892,85
2955.82,4144,90
2957.11,4459,97
2958.40,4738,102
2959.69,5048,109
2960.98,5330,115
2962.27,5711,122
2963.55,5995,128
2964.84,6294,134
2966.13,6602,140
2967.42,6885,146
2968.71,7189,153
2970.00,7514,160
2971.29,7747,164
2972.58,8117,172
2973.87,8403,177
2975.16,8724,184
2976.45,8982,189
2977.73,9199,194
2979.02,9498,199
2980.31,9757,205
2981.60,10011,210
2982.89,10322,216
2984.18,10573,221
2985.47,10808,226
2986.76,11055,231
2988.05,11284,235
2989.34,11464,239
2990.62,11727,244
2991.91,11929,247
2993.20,12148,253
2994.49,12356,256
2995.78,12507,259
2997.07,12622,261
2998.36,12799,265
2999.65,12947,267
3000.94,13044,270
3002.23,13193,272
3003.52,13296,274
3004.80,13343,275
3006.09,13375,275
3007.38,13482,278
3008.67,13549,279
3009.96,13570,278
3011.25,13587,279
3012.54,13619,279
3013.83,13609,279
3015.12,13576,277
3016.41,13549,277
3017.70,13518,276
3018.98,13462,275
3020.27,13397,273
3021.56,13314,272
3022.85,13229,269
3024.14,13119,267
3025.43,12988,264
3026.72,12876,261
3028.01,12744,259
3029.30,12563,254
3030.59,12430,252
3031.87,12213,247
3033.16,12016,243
3034.45,11816,238
3035.74,11629,235
3037.03,11395,230
3038.32,11153,225
3039.61,10892,219
3040.90,10667,214
3042.19,10432,210
3043.48,10133,203
3044.77,9825,197
3046.05,9583,192
3047.34,9276,185
3048.63,9008,180
3049.92,8727,173
3051.21,8399,167
3052.50,8137,162
3053.79,7857,156
3055.08,7500,149
3056.37,7107,140
3057.66,6926,138
3058.95,6571,130
3060.23,6246,124
3061.52,5974,118
3062.81,5607,110
3064.10,5354,105
3065.39,5035,98
3066.68,4685,92
3067.97,4427,87
3069.26,4126,80
3070.55,3807,74
3071.84,3576,69
3073.12,3301,64
3074.41,3040,59
3075.70,2791,54
3076.99,2561,49
3078.28,2333,45
3079.57,2110,40
3080.86,1875,36
3082.15,1704,32
3083.44,1517,29
3084.73,1365,26
3086.02,1167,22
3087.30,1021,19
3088.59,900,17
3089.88,751,14
3091.17,608,11
3092.46,484,9
3093.75,406,8
3095.04,308,6
3096.33,242,5
3097.62,187,4
3098.91,141,3
3100.20,111,3
3101.48,89,3
3102.77,83,2
3104.06,89,3
3105.35,107,4
3106.64,139,4
3107.93,178,6
3109.22,222,7
3110.51,292,8
3111.80,385,10
3113.09,449,11
3114.37,554,14
3115.66,688,17
3116.95,830,20
3118.24,953,23
3119.53,1082,25
3120.82,1241,29
3122.11,1426,33
3123.40,1624,37
3124.69,1807,41
3125.98,1988,45
3127.27,2218,50
3128.55,2426,54
3129.84,2672,60
3131.13,2893,63
3132.42,3133,69
3133.71,3412,75
3135.00,3654,79
3136.29,3964,86
3137.58,4253,93
3138.87,4566,99
3140.16,4869,105
3141.45,5135,111
3142.73,5470,118
3144.02,5748,124
3145.31,6035,129
3146.60,6336,136
3147.89,6676,142
3149.18,6970,148
3150.47,7227,154
3151.76,7529,159
3153.05,7844,166
3154.34,8121,172
3155.62,8364,176
3156.91,8658,183
3158.20,8930,188
3159.49,9152,192
3160.78,9486,199
3162.07,9741,204
3163.36,10046,210
3164.65,10253,215
3165.94,10506,220
3167.23,10736,224
3168.52,10981,229
3169.80,11235,234
3171.09,11415,238
3172.38,11634,242
3173.67,11856,247
3174.96,12024,251
3176.25,12195,253
3177.54,12370,257
3178.83,12532,259
3180.12,12651,262
3181.41,12753,264
3182.70,12856,266
3183.98,12972,267
3185.27,13051,269
3186.56,13132,270
3187.85,13186,272
3189.14,13216,272
3190.43,13237,273
3191.72,13260,273
3193.01,13260,271
3194.30,13254,271
3195.59,13237,272
3196.87,13176,269
3198.16,13116,268
3199.45,13063,267
3200.74,12981,265
3202.03,12903,263
3203.32,12813,261
3204.61,12700,259
3205.90,12566,255
3207.19,12450,253
3208.48,12289,249
3209.77,12133,246
3211.05,11967,243
3212.34,11822,239
3213.63,11615,235
3214.92,11417,230
3216.21,11247,227
3217.50,11047,223
3218.79,10819,218
3220.08,10550,212
3221.37,10299,207
3222.66,10105,203
3223.95,9874,198
3225.23,9651,194
3226.52,9360,188
3227.81,9102,182
3229.10,8827,177
3230.39,8569,171
3231.68,8292,165
3232.97,7974,160
3234.26,7711,154
3235.55,7393,147
3236.84,7109,141
3238.12,6791,135
3239.41,6529,129
3240.70,6190,122