
1.29,6423,1385
2.58,6078,1317
3.87,5785,1258
5.16,5450,1189
6.45,5119,1121
7.73,4816,1059
9.02,4540,1003
10.31,4213,937
11.60,3911,875
12.89,3562,804
14.18,3310,752
15.47,3039,696
16.76,2815,650
18.05,2568,600
19.34,2297,545
20.62,2091,505
21.91,1889,463
23.20,1660,417
24.49,1473,379
25.78,1278,340
27.07,1107,304
28.36,940,272
29.65,815,246
30.94,688,220
32.23,566,196
33.52,458,175
34.80,387,160
36.09,320,147
37.38,269,137
38.67,238,131
39.96,230,130
41.25,237,132
42.54,260,136
43.83,306,146
45.12,361,158
46.41,437,174
47.70,529,193
48.98,633,214
50.27,764,242
51.56,918,274
52.85,1038,299
54.14,1212,336
55.43,1399,374
56.72,1602,416
58.01,1783,454
59.30,2072,515
60.59,2303,562
61.88,2529,608
63.16,2807,667
64.45,3054,717
65.74,3387,787
67.03,3678,847
68.32,3968,907
69.61,4310,978
70.90,4629,1043
72.19,4972,1115
73.48,5264,1175
74.77,5622,1250
76.05,5912,1309
77.34,6287,1388
78.63,6653,1462
79.92,6923,1520
81.21,7330,1602
82.50,7716,1684
83.79,8013,1745
85.08,8446,1834
86.37,8702,1888
87.66,9115,1972
88.95,9458,2043
90.23,9777,2110
91.52,10105,2177
92.81,10498,2258
94.10,10812,2322
95.39,11168,2396
96.68,11422,2448
97.97,11727,2512
99.26,12092,2585
100.55,12316,2632
101.84,12630,2698
103.12,12983,2770
104.41,13249,2823
105.70,13542,2884
106.99,13834,2943
108.28,14026,2984
109.57,14283,3036
110.86,14548,3088
112.15,14755,3132
113.44,14988,3180
114.73,15183,3221
116.02,15328,3247
117.30,15451,3272
118.59,15617,3307
119.88,15731,3330
121.17,15813,3346
122.46,15925,3369
123.75,15918,3368
125.04,15895,3364
126.33,16024,3387
127.62,16049,3394
128.91,16100,3402
130.20,16067,3393
131.48,16065,3392
132.77,16029,3385
134.06,15983,3377
135.35,15949,3368
136.64,15901,3356
137.93,15853,3346
139.22,15689,3313
140.51,15635,3299
141.80,15529,3275
143.09,15392,3248
144.38,15231,3215
145.66,15060,3177
146.95,14857,3135
148.24,14652,3093
149.53,14447,3049
150.82,14220,3002
152.11,13942,2944
153.40,13727,2898
154.69,13481,2846
155.98,13174,2784
157.27,12912,2728
158.55,12575,2657
159.84,12263,2594
161.13,11988,2536
162.42,11636,2464
163.71,11329,2400
165.00,10938,2319
166.29,10598,2249
167.58,10248,2177
168.87,9874,2100
170.16,9528,2030
171.45,9208,1963
172.73,8831,1885
174.02,8466,1812
175.31,8043,1723
176.60,7703,1652
177.89,7288,1569
179.18,6941,1497
180.47,6548,1417
181.76,6168,1340
183.05,5773,1258
184.34,5505,1202
185.63,5210,1142
186.91,4869,1072
188.20,4570,1010
189.49,4175,930
190.78,3944,883
192.07,3646,822
193.36,3379,767
194.65,3108,712
195.94,2857,661
197.23,2610,611
198.52,2342,556
199.80,2106,507
201.09,1876,460
202.38,1672,419
203.67,1474,378
204.96,1276,339
206.25,1122,307
207.54,962,276
208.83,795,242
210.12,695,221
211.41,582,199
212.70,478,177
213.98,391,161
215.27,334,149
216.56,289,140
217.85,254,133
219.14,235,130
220.43,232,129
221.72,241,131
223.01,268,138
224.30,308,146
225.59,369,158
226.88,426,171
228.16,493,185
229.45,605,209
230.74,720,233
232.03,828,256
233.32,960,284
234.61,1124,317
235.90,1329,360
237.19,1502,396
238.48,1704,438
239.77,1926,484
241.05,2147,530
242.34,2394,581
243.63,2623,628
244.92,2940,695
246.21,3223,753
247.50,3544,820
248.79,3861,886
250.08,4151,946
251.37,4475,1013
252.66,4777,1076
253.95,5109,1145
255.23,5441,1215
256.52,5784,1285
257.81,6142,1359
259.10,6483,1429
260.39,6849,1505
261.68,7220,1582
262.97,7535,1647
264.26,7861,1715
265.55,8219,1790
266.84,8587,1866
268.13,8877,1925
269.41,9264,2005
270.70,9681,2091
271.99,10003,2157
273.28,10350,2230
274.57,10710,2303
275.86,11118,2388
277.15,11408,2448
278.44,11708,2510
279.73,12048,2582
281.02,12349,2643
282.30,12698,2714
283.59,12982,2772
284.88,13229,2824
286.17,13558,2890
287.46,13783,2936
288.75,14046,2990
290.04,14189,3019
291.33,14357,3055
292.62,14563,3099
293.91,14733,3132
295.20,14935,3175
296.48,15098,3208
297.77,15266,3240
299.06,15329,3253
300.35,15481,3286
301.64,15578,3306
302.93,15644,3320
304.22,15722,3333
305.51,15749,3340
306.80,15827,3355
308.09,15838,3355
309.38,15867,3360
310.66,15878,3361
311.95,15902,3366
313.24,15894,3362
314.53,15886,3359
315.82,15820,3344
317.11,15800,3341
318.40,15789,3335
319.69,15661,3308
320.98,15543,3283
322.27,15408,3256
323.55,15202,3211
324.84,15088,3187
326.13,14959,3162
327.42,14700,3107
328.71,14543,3074
330.00,14301,3023
331.29,14056,2971
332.58,13825,2923
333.87,13548,2866
335.16,13366,2826
336.45,13123,2776
337.73,12828,2715
339.02,12520,2650
340.31,12253,2593
341.60,11936,2529
342.89,11665,2472
344.18,11362,2409
345.47,10959,2326
346.76,10618,2256
348.05,10309,2192
349.34,9949,2117
350.63,9535,2032
351.91,9218,1967
353.20,8792,1880
354.49,8430,1804
355.78,8109,1738
357.07,7737,1661
358.36,7361,1584
359.65,6961,1502
360.94,6646,1436
362.23,6293,1365
363.52,5919,1289
364.80,5563,1214
366.09,5213,1143
367.38,4910,1080
368.67,4524,1001
369.96,4284,952
371.25,3965,887
372.54,3633,820
373.83,3346,761
375.12,3079,706
376.41,2786,646
377.70,2492,585
378.98,2244,536
380.27,2003,487
381.56,1769,439
382.85,1569,398
384.14,1365,357
385.43,1189,321
386.72,1020,287
388.01,833,249
389.30,715,226
390.59,603,202
391.88,506,183
393.16,414,165
394.45,342,150
395.74,296,142
397.03,255,134
398.32,233,130
399.61,230,129
400.90,241,132
402.19,268,138
403.48,314,148
404.77,377,161
406.05,443,175
407.34,524,193
408.63,612,210
409.92,722,234
411.21,854,262
412.50,1012,294
413.79,1159,325
415.08,1315,358
416.37,1528,402
417.66,1693,437
418.95,1935,487
420.23,2195,541
421.52,2397,583
422.81,2642,633
424.10,2916,690
425.39,3186,747
426.68,3412,793
427.97,3768,866
429.26,4030,922
430.55,4353,988
431.84,4643,1048
433.13,4959,1113
434.41,5268,1177
435.70,5639,1254
436.99,5967,1322
438.28,6270,1384
439.57,6616,1455
440.86,6938,1523
442.15,7371,1610
443.44,7742,1687
444.73,8050,1751
446.02,8502,1845
447.30,8774,1901
448.59,9108,1971
449.88,9556,2063
451.17,9872,2126
452.46,10239,2204
453.75,10641,2287
455.04,10953,2350
456.33,11349,2433
457.62,11629,2490
458.91,12097,2587
460.20,12427,2654
461.48,12800,2731
462.77,13079,2789
464.06,13393,2854
465.35,13688,2913
466.64,13981,2974
467.93,14217,3023
469.22,14491,3078
470.51,14728,3128
471.80,15009,3185
473.09,15188,3222
474.38,15393,3262
475.66,15583,3303
476.95,15807,3349
478.24,15956,3376
479.53,16067,3399
480.82,16214,3431
482.11,16335,3455
483.40,16404,3470
484.69,16493,3485
485.98,16565,3500
487.27,16596,3505
488.55,16640,3513
489.84,16646,3514
491.13,16552,3495
492.42,16461,3475
493.71,16434,3468
495.00,16373,3455
496.29,16235,3427
497.58,16140,3408
498.87,16030,3383
500.16,15908,3355
501.45,15767,3327
502.73,15625,3296
504.02,15452,3262
505.31,15231,3216
506.60,15058,3179
507.89,14879,3139
509.18,14626,3088
510.47,14420,3046
511.76,14186,2997
513.05,13937,2942
514.34,13702,2893
515.63,13470,2846
516.91,13111,2770
518.20,12827,2711
519.49,12539,2651
520.78,12232,2591
522.07,11916,2523
523.36,11557,2449
524.65,11303,2397
525.94,10945,2323
527.23,10592,2250
528.52,10238,2176
529.80,9864,2099
531.09,9531,2031
532.38,9193,1960
533.67,8828,1886
534.96,8485,1814
536.25,8097,1734
537.54,7769,1667
538.83,7411,1595
540.12,7017,1512
541.41,6683,1446
542.70,6341,1374
543.98,6006,1304
545.27,5700,1243
546.56,5353,1171
547.85,5057,1111
549.14,4731,1044
550.43,4387,974
551.72,4036,902
553.01,3788,851
554.30,3494,792
555.59,3202,733
556.88,2905,670
558.16,2674,624
559.45,2351,558
560.74,2120,510
562.03,1917,470
563.32,1697,425
564.61,1454,376
565.90,1249,335
567.19,1083,300
568.48,938,271
569.77,771,238
571.05,652,214
572.34,560,195
573.63,457,174
574.92,376,158
576.21,320,147
577.50,278,139
578.79,252,134
580.08,243,133
581.37,251,134
582.66,277,140
583.95,319,149
585.23,383,163
586.52,442,175
587.81,552,199
589.10,655,220
590.39,800,250
591.68,903,272
592.97,1065,306
594.26,1254,346
595.55,1466,389
596.84,1645,427
598.13,1857,470
599.41,2098,521
600.70,2351,573
601.99,2577,620
603.28,2830,673
604.57,3105,730
605.86,3436,798
607.15,3678,849
608.44,3959,906
609.73,4261,970
611.02,4561,1031
612.30,4857,1093
613.59,5178,1161
614.88,5489,1223
616.17,5873,1304
617.46,6166,1365
618.75,6476,1428
620.04,6799,1497
621.33,7172,1573
622.62,7564,1655
623.91,7912,1725
625.20,8209,1787
626.48,8540,1856
627.77,8856,1922
629.06,9214,1996
630.35,9569,2068
631.64,9935,2144
632.93,10249,2208
634.22,10573,2276
635.51,10908,2345
636.80,11263,2419
638.09,11524,2473
639.38,11837,2537
640.66,12133,2599
641.95,12421,2659
643.24,12695,2715
644.53,13019,2783
645.82,13251,2829
647.11,13498,2880
648.40,13757,2933
649.69,14023,2988
650.98,14232,3032
652.27,14470,3081
653.55,14669,3120
654.84,14875,3164
656.13,15051,3199
657.42,15282,3247
658.71,15416,3274
660.00,15549,3302
661.29,15677,3327
662.58,15809,3352
663.87,15911,3372
665.16,16012,3393
666.45,16038,3397
667.73,16107,3410
669.02,16117,3411
670.31,16134,3415
671.60,16145,3414
672.89,16101,3405
674.18,16052,3393
675.47,16003,3382
676.76,15928,3365
678.05,15819,3342
679.34,15731,3324
680.63,15611,3299
681.91,15475,3270
683.20,15310,3234
684.49,15162,3202
685.78,15001,3169
687.07,14798,3126
688.36,14568,3078
689.65,14377,3039
690.94,14132,2987
692.23,13895,2939
693.52,13601,2875
694.80,13395,2834
696.09,13072,2765
697.38,12802,2709
698.67,12466,2638
699.96,12116,2566
701.25,11886,2520
702.54,11502,2440
703.83,11134,2362
705.12,10805,2295
706.41,10457,2223
707.70,10124,2155
708.98,9783,2083
710.27,9421,2010
711.56,9060,1935
712.85,8758,1874
714.14,8393,1796
715.43,8045,1724
716.72,7715,1657
718.01,7326,1579
719.30,6930,1497
720.59,6622,1432
721.88,6349,1375
723.16,5983,1301
724.45,5661,1236
725.74,5357,1173
727.03,5011,1102
728.32,4728,1045
729.61,4380,972
730.90,4080,911
732.19,3795,854
733.48,3489,791
734.77,3221,735
736.05,2929,676
737.34,2671,622
738.63,2463,581
739.92,2188,525
741.21,1955,478
742.50,1722,431
743.79,1542,394
745.08,1341,352
746.37,1164,317
747.66,1020,288
748.95,906,263
750.23,752,233
751.52,637,210
752.81,526,188
754.10,439,170
755.39,374,157
756.68,331,148
757.97,283,139
759.26,253,134
760.55,244,133
761.84,248,134
763.13,274,140
764.41,318,149
765.70,378,162
766.99,441,175
768.28,520,192
769.57,627,215
770.86,749,241
772.15,878,268
773.44,1068,307
774.73,1224,339
776.02,1438,384
777.30,1644,427
778.59,1859,472
779.88,2088,520
781.17,2348,573
782.46,2581,622
783.75,2878,683
785.04,3141,738
786.33,3475,807
787.62,3758,866
788.91,4058,927
790.20,4404,1000
791.48,4707,1062
792.77,5042,1130
794.06,5354,1197
795.35,5700,1268
796.64,6073,1345
797.93,6438,1420
799.22,6801,1496
800.51,7184,1575
801.80,7640,1669
803.09,7941,1732
804.38,8314,1808
805.66,8705,1889
806.95,9138,1978
808.24,9512,2057
809.53,9774,2110
810.82,10194,2195
812.11,10652,2290
813.40,10939,2351
814.69,11285,2422
815.98,11570,2482
817.27,12038,2577
818.55,12254,2622
819.84,12539,2680
821.13,12873,2749
822.42,13227,2823
823.71,13480,2874
825.00,13794,2938
826.29,14045,2992
827.58,14284,3040
828.87,14559,3096
830.16,14791,3143
831.45,15041,3193
832.73,15241,3234
834.02,15506,3290
835.31,15634,3316
836.60,15807,3350
837.89,15999,3389
839.18,16122,3413
840.47,16241,3438
841.76,16340,3457
843.05,16383,3466
844.34,16409,3473
845.63,16549,3499
846.91,16597,3511
848.20,16649,3519
849.49,16649,3519
850.78,16630,3513
852.07,16577,3502
853.36,16508,3487
854.65,16485,3481
855.94,16422,3467
857.23,16338,3450
858.52,16266,3434
859.80,16130,3406
861.09,16029,3383
862.38,15917,3358
863.67,15767,3326
864.96,15595,3292
866.25,15425,3254
867.54,15238,3216
868.83,14985,3164
870.12,14760,3118
871.41,14584,3079
872.70,14301,3020
873.98,14074,2974
875.27,13819,2920
876.56,13530,2860
877.85,13181,2788
879.14,12884,2724
880.43,12589,2664
881.72,12253,2595
883.01,11895,2520
884.30,11553,2448
885.59,11183,2372
886.88,10842,2302
888.16,10487,2230
889.45,10113,2152
890.74,9742,2075
892.03,9341,1991
893.32,9007,1923
894.61,8598,1839
895.90,8264,1768
897.19,7915,1699
898.48,7496,1612
899.77,7077,1527
901.05,6716,1452
902.34,6436,1395
903.63,6052,1316
904.92,5661,1236
906.21,5331,1168
907.50,4995,1099
908.79,4685,1035
910.08,4332,963
911.37,3998,894
912.66,3681,830
913.95,3372,767
915.23,3027,696
916.52,2774,645
917.81,2521,593
919.10,2264,540
920.39,2014,491
921.68,1801,447
922.97,1593,404
924.26,1386,362
925.55,1193,323
926.84,1025,289
928.13,882,260
929.41,746,233
930.70,606,204
931.99,527,188
933.28,437,170
934.57,369,157
935.86,310,145
937.15,273,138
938.44,254,134
939.73,244,132
941.02,251,135
942.30,271,138
943.59,307,146
944.88,359,158
946.17,418,171
947.46,493,186
948.75,599,209
950.04,703,230
951.33,826,256
952.62,970,286
953.91,1122,318
955.20,1282,351
956.48,1500,397
957.77,1682,434
959.06,1873,473
960.35,2087,518
961.64,2358,575
962.93,2578,621
964.22,2832,673
965.51,3051,719
966.80,3377,786
968.09,3625,837
969.38,3881,891
970.66,4210,960
971.95,4475,1015
973.24,4786,1079
974.53,5140,1152
975.82,5457,1218
977.11,5840,1298
978.40,6149,1360
979.69,6485,1433
980.98,6864,1509
982.27,7272,1593
983.55,7604,1664
984.84,7986,1742
986.13,8377,1823
987.42,8777,1906
988.71,9148,1984
990.00,9485,2053
991.29,9847,2126
992.58,10254,2212
993.87,10546,2270
995.16,10940,2353
996.45,11277,2421
997.73,11589,2488
999.02,11863,2544
1000.31,12188,2610
1001.60,12521,2680
1002.89,12820,2740
1004.18,13088,2796
1005.47,13400,2860
1006.76,13641,2910
1008.05,13960,2977
1009.34,14166,3017
1010.63,14404,3067
1011.91,14633,3116
1013.20,14837,3155
1014.49,15057,3200
1015.78,15222,3232
1017.07,15407,3270
1018.36,15579,3307
1019.65,15712,3332
1020.94,15852,3360
1022.23,15952,3382
1023.52,16059,3403
1024.80,16091,3408
1026.09,16155,3421
1027.38,16173,3423
1028.67,16199,3429
1029.96,16213,3430
1031.25,16185,3421
1032.54,16159,3419
1033.83,16125,3408
1035.12,16048,3393
1036.41,15974,3376
1037.70,15941,3368
1038.98,15800,3340
1040.27,15713,3319
1041.56,15593,3296
1042.85,15451,3264
1044.14,15290,3230
1045.43,15107,3191
1046.72,14888,3146
1048.01,14748,3117
1049.30,14544,3075
1050.59,14310,3024
1051.88,14103,2982
1053.16,13773,2913
1054.45,13548,2866
1055.74,13324,2820
1057.03,13045,2760
1058.32,12678,2685
1059.61,12403,2628
1060.90,12135,2572
1062.19,11863,2515
1063.48,11525,2446
1064.77,11178,2374
1066.05,10870,2310
1067.34,10503,2234
1068.63,10178,2165
1069.92,9916,2112
1071.21,9550,2037
1072.50,9217,1968
1073.79,8867,1895
1075.08,8496,1819
1076.37,8176,1754
1077.66,7794,1673
1078.95,7500,1615
1080.23,7108,1532
switching colors
1081.52,23519,1243
1082.81,23009,1213
1084.10,22409,1180
1085.39,21892,1151
1086.68,21149,1109
1087.97,20635,1080
1089.26,19962,1042
1090.55,19122,996
1091.84,18465,961
1093.13,17610,914
1094.41,16917,875
1095.70,16206,836
1096.99,15637,805
1098.28,14831,761
1099.57,14210,728
1100.86,13390,683
1102.15,12741,647
1103.44,12067,613
1104.73,11336,573
1106.02,10661,536
1107.30,10027,504
1108.59,9412,469
1109.88,8777,437
1111.17,8187,406
1112.46,7556,373
1113.75,6914,339
1115.04,6339,309
1116.33,5727,278
1117.62,5192,250
1118.91,4735,227
1120.20,4220,201
1121.48,3753,178
1122.77,3307,156
1124.06,2886,134
1125.35,2539,118
1126.64,2192,101
1127.93,1837,84
1129.22,1579,72
1130.51,1315,60
1131.80,1059,49
1133.09,865,40
1134.38,720,34
1135.66,578,29
1136.95,478,26
1138.24,402,23
1139.53,358,23
1140.82,346,25
1142.11,364,28
1143.40,399,32
1144.69,471,39
1145.98,563,45
1147.27,736,57
1148.55,860,66
1149.84,1041,78
1151.13,1274,93
1152.42,1489,107
1153.71,1752,123
1155.00,2118,146
1156.29,2375,161
1157.58,2761,184
1158.87,3115,205
1160.16,3523,230
1161.45,3936,253
1162.73,4506,287
1164.02,4952,313
1165.31,5519,346
1166.60,5941,370
1167.89,6424,396
1169.18,7063,434
1170.47,7545,462
1171.76,8100,493
1173.05,8876,536
1174.34,9402,567
1175.63,9965,598
1176.91,10536,631
1178.20,11305,673
1179.49,11944,708
1180.78,12438,737
1182.07,13179,778
1183.36,13936,820
1184.65,14595,856
1185.94,15412,900
1187.23,15993,932
1188.52,16721,972
1189.80,17399,1009
1191.09,18193,1052
1192.38,18901,1091
1193.67,19522,1124
1194.96,20317,1167
1196.25,20917,1200
1197.54,21565,1233
1198.83,22408,1278
1200.12,22912,1304
1201.41,23562,1338
1202.70,24099,1366
1203.98,24861,1405
1205.27,25280,1428
1206.56,25868,1458
1207.85,26464,1489
1209.14,26963,1515
1210.43,27466,1540
1211.72,27796,1557
1213.01,28128,1573
1214.30,28526,1593
1215.59,28921,1613
1216.88,29234,1628
1218.16,29528,1640
1219.45,29771,1653
1220.74,30094,1668
1222.03,30276,1676
1223.32,30509,1686
1224.61,30711,1694
1225.90,30831,1698
1227.19,30817,1697
1228.48,31035,1705
1229.77,30976,1700
1231.05,31027,1699
1232.34,31060,1699
1233.63,31017,1692
1234.92,30893,1683
1236.21,30765,1674
1237.50,30597,1662
1238.79,30436,1651
1240.08,30212,1635
1241.37,29965,1619
1242.66,29768,1607
1243.95,29443,1587
1245.23,29078,1565
1246.52,28752,1546
1247.81,28394,1523
1249.10,28054,1504
1250.39,27586,1475
1251.68,27179,1452
1252.97,26782,1428
1254.26,26338,1403
1255.55,25640,1363
1256.84,25325,1344
1258.13,24734,1310
1259.41,24103,1276
1260.70,23614,1247
1261.99,23014,1213
1263.28,22440,1180
1264.57,21763,1143
1265.86,21103,1107
1267.15,20624,1080
1268.44,19913,1040
1269.73,19166,999
1271.02,18515,964
1272.30,17873,928
1273.59,17292,895
1274.88,16551,856
1276.17,16006,827
1277.46,15319,788
1278.75,14651,752
1280.04,13923,713
1281.33,13252,676
1282.62,12618,644
1283.91,11892,603
1285.20,11270,569
1286.48,10606,535
1287.77,9986,501
1289.06,9332,467
1290.35,8690,433
1291.64,8040,399
1292.93,7382,365
1294.22,6847,336
1295.51,6338,310
1296.80,5718,279
1298.09,5273,256
1299.38,4792,231
1300.66,4309,206
1301.95,3810,182
1303.24,3383,160
1304.53,2971,140
1305.82,2607,122
1307.11,2235,103
1308.40,1922,88
1309.69,1628,75
1310.98,1380,63
1312.27,1122,51
1313.55,914,42
1314.84,737,35
1316.13,594,29
1317.42,483,25
1318.71,406,24
1320.00,361,24
1321.29,344,25
1322.58,362,28
1323.87,411,33
1325.16,490,40
1326.45,602,48
1327.73,755,59
1329.02,918,70
1330.31,1126,84
1331.60,1363,98
1332.89,1663,117
1334.18,1961,136
1335.47,2273,154
1336.76,2645,177
1338.05,3007,199
1339.34,3424,224
1340.63,3824,246
1341.91,4292,275
1343.20,4845,306
1344.49,5264,332
1345.78,5702,357
1347.07,6251,388
1348.36,6874,424
1349.65,7400,454
1350.94,7945,485
1352.23,8591,521
1353.52,9166,555
1354.80,9749,586
1356.09,10419,624
1357.38,10919,653
1358.67,11497,685
1359.96,12155,721
1361.25,12950,766
1362.54,13529,798
1363.83,14291,840
1365.12,14837,870
1366.41,15425,904
1367.70,16063,936
1368.98,16785,976
1370.27,17434,1013
1371.56,18192,1056
1372.85,18745,1083
1374.14,19512,1124
1375.43,20164,1159
1376.72,20822,1194
1378.01,21378,1225
1379.30,22038,1259
1380.59,22594,1288
1381.88,23123,1315
1383.16,23711,1346
1384.45,24306,1377
1385.74,24756,1402
1387.03,25309,1429
1388.32,25774,1452
1389.61,26292,1480
1390.90,26687,1501
1392.19,27085,1520
1393.48,27586,1546
1394.77,27860,1558
1396.05,28305,1582
1397.34,28587,1595
1398.63,28996,1614
1399.92,29295,1628
1401.21,29555,1640
1402.50,29812,1651
1403.79,30026,1661
1405.08,30208,1668
1406.37,30356,1674
1407.66,30417,1675
1408.95,30581,1681
1410.23,30552,1676
1411.52,30613,1676
1412.81,30596,1674
1414.10,30525,1666
1415.39,30606,1668
1416.68,30462,1658
1417.97,30356,1649
1419.26,30112,1633
1420.55,29890,1617
1421.84,29755,1608
1423.13,29491,1591
1424.41,29237,1575
1425.70,28885,1554
1426.99,28519,1532
1428.28,28146,1510
1429.57,27902,1494
1430.86,27405,1466
1432.15,26871,1435
1433.44,26509,1413
1434.73,26039,1385
1436.02,25460,1354
1437.30,24982,1325
1438.59,24346,1290
1439.88,23835,1260
1441.17,23240,1226
1442.46,22548,1187
1443.75,21977,1154
1445.04,21278,1115
1446.33,20627,1078
1447.62,20084,1048
1448.91,19370,1010
1450.20,18623,967
1451.48,17860,927
1452.77,17249,893
1454.06,16566,855
1455.35,15969,823
1456.64,15177,780
1457.93,14624,749
1459.22,13883,709
1460.51,13288,677
1461.80,12649,643
1463.09,11926,604
1464.38,11298,572
1465.66,10730,541
1466.95,10028,504
1468.24,9494,475
1469.53,8989,448
1470.82,8279,411
1472.11,7634,378
1473.40,7070,348
1474.69,6645,325
1475.98,6096,297
1477.27,5549,270
1478.55,5017,242
1479.84,4497,216
1481.13,4074,195
1482.42,3530,167
1483.71,3201,150
1485.00,2734,128
1486.29,2468,114
1487.58,2145,99
1488.87,1871,85
1490.16,1612,74
1491.45,1359,62
1492.73,1125,51
1494.02,933,43
1495.31,762,36
1496.60,652,32
1497.89,532,28
1499.18,444,25
1500.47,383,24
1501.76,360,24
1503.05,367,28
1504.34,398,32
1505.63,474,38
1506.91,562,45
1508.20,701,55
1509.49,873,67
1510.78,1067,80
1512.07,1305,95
1513.36,1590,112
1514.65,1877,130
1515.94,2221,151
1517.23,2580,173
1518.52,2990,198
1519.80,3377,220
1521.09,3818,247
1522.38,4280,273
1523.67,4727,300
1524.96,5377,337
1526.25,5884,367
1527.54,6403,396
1528.83,7008,431
1530.12,7527,460
1531.41,8169,497
1532.70,8779,531
1533.98,9499,572
1535.27,10026,601
1536.56,10713,639
1537.85,11515,685
1539.14,12147,720
1540.43,12975,766
1541.72,13479,793
1543.01,14162,831
1544.30,14942,875
1545.59,15685,915
1546.88,16319,950
1548.16,17029,989
1549.45,17909,1037
1550.74,18502,1069
1552.03,19237,1107
1553.32,19936,1145
1554.61,20681,1186
1555.90,21312,1220
1557.19,21817,1245
1558.48,22504,1282
1559.77,23117,1315
1561.05,23723,1347
1562.34,24248,1375
1563.63,24633,1394
1564.92,25243,1426
1566.21,25723,1451
1567.50,26255,1479
1568.79,26699,1501
1570.08,27160,1525
1571.37,27554,1544
1572.66,27895,1561
1573.95,28318,1581
1575.23,28687,1599
1576.52,28988,1614
1577.81,29395,1634
1579.10,29605,1644
1580.39,29833,1654
1581.68,30135,1666
1582.97,30267,1672
1584.26,30463,1681
1585.55,30626,1687
1586.84,30729,1690
1588.13,30829,1693
1589.41,30881,1695
1590.70,30901,1693
1591.99,30885,1689
1593.28,30894,1687
1594.57,30905,1686
1595.86,30764,1675
1597.15,30657,1667
1598.44,30473,1655
1599.73,30334,1644
1601.02,30153,1632
1602.30,29903,1616
1603.59,29702,1604
1604.88,29456,1587
1606.17,29087,1565
1607.46,28753,1545
1608.75,28330,1519
1610.04,27957,1497
1611.33,27580,1475
1612.62,27107,1447
1613.91,26737,1424
1615.20,26259,1398
1616.48,25667,1364
1617.77,25063,1329
1619.06,24530,1299
1620.35,23871,1262
1621.64,23222,1225
1622.93,22712,1198
1624.22,22138,1165
1625.51,21437,1125
1626.80,20706,1085
1628.09,20215,1058
1629.38,19538,1020
1630.66,18745,976
1631.95,18012,935
1633.24,17327,897
1634.53,16656,861
1635.82,15944,822
1637.11,15303,788
1638.40,14578,748
1639.69,13879,710
1640.98,13255,677
1642.27,12502,636
1643.55,11702,593
1644.84,11054,559
1646.13,10333,521
1647.42,9688,486
1648.71,8985,448
1650.00,8373,417
1651.29,7785,386
1652.58,7120,351
1653.87,6566,322
1655.16,5958,291
1656.45,5449,265
1657.73,4994,241
1659.02,4489,215
1660.31,4006,191
1661.60,3566,168
1662.89,3224,152
1664.18,2789,131
1665.47,2463,115
1666.76,2137,99
1668.05,1859,86
1669.34,1521,69
1670.63,1339,61
1671.91,1160,53
1673.20,921,43
1674.49,765,36
1675.78,631,30
1677.07,503,26
1678.36,422,23
1679.65,375,24
1680.94,354,24
1682.23,359,27
1683.52,399,32
1684.80,451,36
1686.09,560,44
1687.38,668,52
1688.67,830,64
1689.96,1015,76
1691.25,1194,88
1692.54,1429,102
1693.83,1694,119
1695.12,1986,137
1696.41,2311,156
1697.70,2645,177
1698.98,2991,198
1700.27,3349,219
1701.56,3804,246
1702.85,4212,270
1704.14,4662,295
1705.43,5125,323
1706.72,5529,346
1708.01,6083,380
1709.30,6641,411
1710.59,7147,440
1711.88,7662,468
1713.16,8365,509
1714.45,8984,544
1715.74,9499,573
1717.03,10141,608
1718.32,10751,643
1719.61,11500,684
1720.90,12046,715
1722.19,12775,756
1723.48,13543,798
1724.77,14209,835
1726.05,14910,874
1727.34,15669,915
1728.63,16362,953
1729.92,17069,991
1731.21,17753,1029
1732.50,18434,1064
1733.79,19031,1098
1735.08,19774,1137
1736.37,20457,1173
1737.66,21075,1207
1738.95,21736,1241
1740.23,22352,1274
1741.52,22902,1303
1742.81,23439,1332
1744.10,24030,1363
1745.39,24625,1393
1746.68,25089,1418
1747.97,25625,1445
1749.26,26149,1472
1750.55,26702,1500
1751.84,27088,1519
1753.13,27536,1542
1754.41,27945,1562
1755.70,28327,1581
1756.99,28646,1595
1758.28,28957,1610
1759.57,29247,1625
1760.86,29545,1637
1762.15,29777,1649
1763.44,29946,1655
1764.73,30100,1660
1766.02,30239,1665
1767.30,30435,1673
1768.59,30525,1676
1769.88,30494,1671
1771.17,30502,1669
1772.46,30439,1663
1773.75,30471,1661
1775.04,30467,1659
1776.33,30375,1652
1777.62,30120,1636
1778.91,29997,1627
1780.20,29803,1614
1781.48,29698,1606
1782.77,29418,1588
1784.06,29072,1567
1785.35,28817,1551
1786.64,28563,1535
1787.93,28178,1513
1789.22,27907,1495
1790.51,27451,1468
1791.80,27045,1444
1793.09,26551,1417
1794.38,26121,1390
1795.66,25668,1365
1796.95,25090,1332
1798.24,24587,1303
1799.53,24178,1279
1800.82,23450,1240
1802.11,22894,1207
1803.40,22332,1176
1804.69,21910,1152
1805.98,21217,1114
1807.27,20714,1084
1808.55,20029,1046
1809.84,19385,1011
1811.13,18596,968
1812.42,17887,929
1813.71,17401,902
1815.00,16709,864
1816.29,16065,828
1817.58,15500,799
1818.87,14808,761
1820.16,14034,719
1821.45,13435,686
1822.73,12663,644
1824.02,12033,610
1825.31,11396,576
1826.60,10663,538
1827.89,9914,498
1829.18,9397,470
1830.47,8657,431
1831.76,8040,398
1833.05,7356,363
1834.34,6828,336
1835.63,6289,307
1836.91,5679,276
1838.20,5148,249
1839.49,4637,222
1840.78,4163,199
1842.07,3722,176
1843.36,3251,153
1844.65,2841,133
1845.94,2508,116
1847.23,2151,100
1848.52,1840,84
1849.80,1551,71
1851.09,1324,61
1852.38,1109,51
1853.67,886,41
1854.96,684,33
1856.25,572,29
1857.54,480,26
1858.83,397,24
1860.12,364,24
1861.41,356,26
1862.70,386,31
1863.98,439,35
1865.27,528,42
1866.56,663,52
1867.85,824,64
1869.14,1002,75
1870.43,1213,88
1871.72,1481,106
1873.01,1749,123
1874.30,2063,141
1875.59,2292,156
1876.88,2679,179
1878.16,3067,202
1879.45,3456,225
1880.74,3879,250
1882.03,4306,275
1883.32,4739,300
1884.61,5390,338
1885.90,5775,360
1887.19,6196,385
1888.48,6741,415
1889.77,7360,450
1891.05,7935,483
1892.34,8522,517
1893.63,9087,548
1894.92,9748,587
1896.21,10296,616
1897.50,10871,649
1898.79,11686,694
1900.08,12202,723
1901.37,12875,760
1902.66,13705,805
1903.95,14292,838
1905.23,15051,880
1906.52,15626,912
1907.81,16256,945
1909.10,16906,982
1910.39,17763,1027
1911.68,18270,1055
1912.97,18967,1093
1914.26,19803,1137
1915.55,20436,1172
1916.84,20943,1200
1918.13,21564,1232
1919.41,22222,1268
1920.70,22825,1299
1921.99,23340,1326
1923.28,23900,1355
1924.57,24350,1379
1925.86,24916,1408
1927.15,25552,1441
1928.44,26031,1467
1929.73,26402,1484
1931.02,26930,1512
1932.30,27250,1528
1933.59,27662,1549
1934.88,28072,1569
1936.17,28453,1588
1937.46,28750,1603
1938.75,29095,1618
1940.04,29443,1634
1941.33,29687,1646
1942.62,29952,1657
1943.91,30088,1663
1945.20,30311,1672
1946.48,30421,1674
1947.77,30526,1677
1949.06,30615,1680
1950.35,30612,1677
1951.64,30589,1675
1952.93,30630,1674
1954.22,30630,1670
1955.51,30503,1662
1956.80,30376,1652
1958.09,30216,1640
1959.38,30059,1628
1960.66,29844,1616
1961.95,29589,1599
1963.24,29332,1581
1964.53,29077,1567
1965.82,28763,1547
1967.11,28323,1521
1968.40,27962,1501
1969.69,27560,1475
1970.98,27126,1449
1972.27,26666,1423
1973.55,26131,1392
1974.84,25576,1360
1976.13,25164,1337
1977.42,24573,1303
1978.71,23922,1265
1980.00,23496,1241
1981.29,22852,1204
1982.58,22230,1169
1983.87,21615,1134
1985.16,20926,1097
1986.45,20414,1069
1987.73,19717,1030
1989.02,19119,997
1990.31,18502,963
1991.60,17947,933
1992.89,17253,894
1994.18,16654,862
1995.47,15794,816
1996.76,15247,785
1998.05,14550,746
1999.34,13961,715
2000.63,13271,678
2001.91,12586,641
2003.20,11844,601
2004.49,11216,568
2005.78,10601,535
2007.07,10026,505
2008.36,9229,461
2009.65,8647,432
2010.94,8070,400
2012.23,7596,376
2013.52,6940,342
2014.80,6414,315
2016.09,5895,288
2017.38,5438,264
2018.67,4924,238
2019.96,4419,212
2021.25,4015,191
2022.54,3616,171
2023.83,3285,155
2025.12,2919,137
2026.41,2557,119
2027.70,2261,105
2028.98,1936,89
2030.27,1578,72
2031.56,1378,63
2032.85,1160,53
2034.14,929,43
2035.43,780,37
2036.72,625,30
2038.01,499,26
2039.30,413,24
2040.59,358,24
2041.88,344,25
2043.16,365,29
2044.45,425,34
2045.74,493,40
2047.03,609,48
2048.32,759,59
2049.61,940,71
2050.90,1120,83
2052.19,1358,98
2053.48,1650,116
2054.77,1977,136
2056.05,2280,154
2057.34,2613,175
2058.63,2976,197
2059.92,3351,219
2061.21,3808,245
2062.50,4232,271
2063.79,4683,298
2065.08,5160,325
2066.37,5700,357
2067.66,6216,386
2068.95,6803,419
2070.23,7438,456
2071.52,7919,482
2072.81,8566,521
2074.10,9170,554
2075.39,9957,599
2076.68,10521,630
2077.97,11086,661
2079.26,11798,701
2080.55,12461,739
2081.84,13098,774
2083.12,13818,814
2084.41,14507,853
2085.70,15127,885
2086.99,15735,918
2088.28,16520,962
2089.57,17084,993
2090.86,17923,1039
2092.15,18475,1069
2093.44,19137,1105
2094.73,19758,1138
2096.02,20428,1173
2097.30,21016,1204
2098.59,21537,1232
2099.88,22124,1263
2101.17,22844,1301
2102.46,23348,1327
2103.75,23907,1357
2105.04,24326,1379
2106.33,24949,1411
2107.62,25361,1432
2108.91,25910,1459
2110.20,26346,1481
2111.48,26713,1500
2112.77,27169,1522
2114.06,27511,1540
2115.35,27934,1560
2116.64,28218,1574
2117.93,28573,1592
2119.22,28844,1603
2120.51,29103,1616
2121.80,29371,1628
2123.09,29568,1635
2124.37,29759,1644
2125.66,29928,1651
2126.95,30004,1654
2128.24,30172,1660
2129.53,30225,1661
2130.82,30280,1660
2132.11,30330,1662
2133.40,30235,1654
2134.69,30177,1649
2135.98,30245,1649
2137.27,30174,1641
2138.55,30001,1630
2139.84,29803,1618
2141.13,29582,1603
2142.42,29435,1592
2143.71,29178,1576
2145.00,28863,1557
2146.29,28565,1538
2147.58,28146,1514
2148.87,27825,1493
2150.16,27530,1473
2151.45,27069,1447
2152.73,26502,1415
2154.02,26175,1396
2155.31,25736,1370
2156.60,25172,1337
2157.89,24564,1301
2159.18,23995,1270
2160.47,23494,1241
switching colors
2161.76,12339,250
2163.05,12205,247
2164.34,12105,244
2165.62,11959,241
2166.91,11794,237
2168.20,11623,233
2169.49,11476,230
2170.78,11290,226
2172.07,11072,222
2173.36,10850,217
2174.65,10666,212
2175.94,10461,208
2177.23,10211,203
2178.52,9961,197
2179.80,9738,193
2181.09,9468,187
2182.38,9224,182
2183.67,8945,175
2184.96,8665,170
2186.25,8375,164
2187.54,8114,159
2188.83,7785,152
2190.12,7522,147
2191.41,7260,141
2192.70,6980,135
2193.98,6714,130
2195.27,6466,125
2196.56,6146,118
2197.85,5877,114
2199.14,5576,107
2200.43,5363,103
2201.72,5043,97
2203.01,4719,90
2204.30,4447,85
2205.59,4214,80
2206.87,3984,76
2208.16,3725,71
2209.45,3498,66
2210.74,3270,61
2212.03,3054,57
2213.32,2792,52
2214.61,2570,48
2215.90,2378,44
2217.19,2178,41
2218.48,1962,37
2219.77,1741,32
2221.05,1563,29
2222.34,1419,26
2223.63,1269,23
2224.92,1103,20
2226.21,991,18
2227.50,861,15
2228.79,720,13
2230.08,635,12
2231.37,543,11
2232.66,458,9
2233.95,385,9
2235.23,327,7
2236.52,283,7
2237.81,246,6
2239.10,219,6
2240.39,208,7
2241.68,209,7
2242.97,224,8
2244.26,250,9
2245.55,293,10
2246.84,348,11
2248.12,408,13
2249.41,487,14
2250.70,586,17
2251.99,699,19
2253.28,828,23
2254.57,994,26
2255.86,1140,30
2257.15,1287,33
2258.44,1448,37
2259.73,1646,41
2261.02,1833,45
2262.30,2028,49
2263.59,2253,54
2264.88,2482,59
2266.17,2707,63
2267.46,2954,68
2268.75,3194,74
2270.04,3434,79
2271.33,3716,84
2272.62,4023,91
2273.91,4268,96
2275.20,4548,102
2276.48,4847,108
2277.77,5139,113
2279.06,5403,120
2280.35,5724,126
2281.64,6030,132
2282.93,6308,138
2284.22,6582,144
2285.51,6910,151
2286.80,7189,156
2288.09,7523,163
2289.37,7778,168
2290.66,8062,173
2291.95,8332,179
2293.24,8595,184
2294.53,8907,191
2295.82,9073,193
2297.11,9354,199
2298.40,9628,205
2299.69,9826,209
2300.98,10068,213
2302.27,10340,219
2303.55,10590,224
2304.84,10758,227
2306.13,10941,230
2307.42,11198,236
2308.71,11339,238
2310.00,11543,242
2311.29,11713,244
2312.58,11912,249
2313.87,12079,251
2315.16,12171,253
2316.45,12309,255
2317.73,12451,258
2319.02,12570,260
2320.31,12672,262
2321.60,12797,264
2322.89,12833,265
2324.18,12926,266
2325.47,12951,267
2326.76,12987,267
2328.05,13023,267
2329.34,13020,267
2330.62,13054,267
2331.91,13016,266
2333.20,13013,265
2334.49,12992,265
2335.78,12964,263
2337.07,12874,261
2338.36,12841,261
2339.65,12737,258
2340.94,12668,256
2342.23,12599,255
2343.52,12494,251
2344.80,12354,248
2346.09,12186,244
2347.38,11992,241
2348.67,11805,237
2349.96,11680,234
2351.25,11521,230
2352.54,11276,225
2353.83,11064,220
2355.12,10884,216
2356.41,10607,211
2357.70,10408,206
2358.98,10168,202
2360.27,9887,195
2361.56,9659,190
2362.85,9380,185
2364.14,9098,179
2365.43,8831,174
2366.72,8564,168
2368.01,8270,162
2369.30,7963,156
2370.59,7678,149
2371.87,7383,143
2373.16,7058,137
2374.45,6750,130
2375.74,6502,125
2377.03,6183,119
2378.32,5925,114
2379.61,5590,107
2380.90,5320,102
2382.19,4993,95
2383.48,4704,90
2384.77,4404,84
2386.05,4170,79
2387.34,3915,73
2388.63,3604,68
2389.92,3320,63
2391.21,3090,58
2392.50,2862,54
2393.79,2624,49
2395.08,2385,44
2396.37,2175,41
2397.66,1979,36
2398.95,1777,33
2400.23,1574,29
2401.52,1423,26
2402.81,1275,24
2404.10,1121,21
2405.39,934,18
2406.68,851,16
2407.97,723,14
2409.26,591,11
2410.55,527,10
2411.84,461,9
2413.12,383,8
2414.41,327,7
2415.70,277,7
2416.99,235,6
2418.28,212,6
2419.57,202,6
2420.86,204,7
2422.15,217,7
2423.44,238,8
2424.73,278,9
2426.02,320,11
2427.30,384,12
2428.59,462,14
2429.88,542,16
2431.17,643,19
2432.46,746,21
2433.75,858,23
2435.04,977,26
2436.33,1134,29
2437.62,1256,33
2438.91,1405,36
2440.20,1594,40
2441.48,1763,44
2442.77,1962,48
2444.06,2177,52
2445.35,2358,56
2446.64,2536,60
2447.93,2783,65
2449.22,3019,69
2450.51,3243,75
2451.80,3528,81
2453.09,3743,85
2454.37,4003,91
2455.66,4316,97
2456.95,4609,103
2458.24,4834,108
2459.53,5091,114
2460.82,5401,120
2462.11,5696,125
2463.40,5949,131
2464.69,6272,138
2465.98,6604,144
2467.27,6934,151
2468.55,7190,156
2469.84,7462,161
2471.13,7767,168
2472.42,8028,172
2473.71,8364,179
2475.00,8611,185
2476.29,8872,190
2477.58,9114,194
2478.87,9410,200
2480.16,9657,205
2481.45,9876,209
2482.73,10128,214
2484.02,10352,218
2485.31,10562,223
2486.60,10764,226
2487.89,10973,230
2489.18,11201,235
2490.47,11393,239
2491.76,11578,241
2493.05,11746,245
2494.34,11871,247
2495.62,12008,249
2496.91,12171,253
2498.20,12278,254
2499.49,12380,256
2500.78,12455,257
2502.07,12545,259
2503.36,12630,260
2504.65,12683,261
2505.94,12718,262
2507.23,12750,262
2508.52,12764,261
2509.80,12782,262
2511.09,12760,261
2512.38,12748,261
2513.67,12728,259
2514.96,12676,258
2516.25,12621,256
2517.54,12559,255
2518.83,12480,253
2520.12,12408,251
2521.41,12320,249
2522.70,12215,246
2523.98,12077,243
2525.27,11952,240
2526.56,11807,237
2527.85,11657,233
2529.14,11484,230
2530.43,11323,226
2531.72,11152,222
2533.01,10925,218
2534.30,10740,214
2535.59,10540,210
2536.87,10349,206
2538.16,10130,201
2539.45,9904,196
2540.74,9710,192
2542.03,9447,186
2543.32,9203,182
2544.61,8936,176
2545.90,8688,171
2547.19,8403,164
2548.48,8145,159
2549.77,7912,154
2551.05,7611,148
2552.34,7344,143
2553.63,7043,137
2554.92,6813,132
2556.21,6560,127
2557.50,6254,120
2558.79,5967,115
2560.08,5645,108
2561.37,5405,103
2562.66,5078,97
2563.95,4773,91
2565.23,4481,85
2566.52,4233,80
2567.81,3976,75
2569.10,3701,70
2570.39,3434,64
2571.68,3185,60
2572.97,2923,54
2574.26,2698,50
2575.55,2417,45
2576.84,2222,41
2578.12,2060,38
2579.41,1825,34
2580.70,1619,30
2581.99,1454,27
2583.28,1272,24
2584.57,1126,21
2585.86,976,18
2587.15,857,16
2588.44,734,14
2589.73,623,12
2591.02,516,11
2592.30,432,9
2593.59,365,8
2594.88,309,7
2596.17,267,6
2597.46,230,6
2598.75,212,6
2600.04,210,7
2601.33,221,8
2602.62,243,8
2603.91,281,10
2605.20,334,11
2606.48,401,13
2607.77,472,14
2609.06,556,16
2610.35,661,19
2611.64,788,21
2612.93,911,24
2614.22,1038,27
2615.51,1175,31
2616.80,1347,34
2618.09,1541,39
2619.37,1707,42
2620.66,1863,45
2621.95,2089,50
2623.24,2251,54
2624.53,2485,59
2625.82,2710,64
2627.11,2899,68
2628.40,3174,74
2629.69,3435,78
2630.98,3657,84
2632.27,3937,89
2633.55,4229,96
2634.84,4469,100
2636.13,4744,106
2637.42,5045,112
2638.71,5335,118
2640.00,5579,123
2641.29,5883,129
2642.58,6179,135
2643.87,6389,140
2645.16,6675,146
2646.45,6969,151
2647.73,7258,156
2649.02,7511,163
2650.31,7759,168
2651.60,8054,173
2652.89,8346,179
2654.18,8579,183
2655.47,8849,189
2656.76,9049,193
2658.05,9285,198
2659.34,9557,204
2660.62,9792,208
2661.91,10003,212
2663.20,10281,217
2664.49,10541,223
2665.78,10749,227
2667.07,10933,229
2668.36,11187,235
2669.65,11361,238
2670.94,11538,241
2672.23,11738,245
2673.52,11912,249
2674.80,12082,251
2676.09,12208,254
2677.38,12369,256
2678.67,12491,258
2679.96,12607,260
2681.25,12704,262
2682.54,12792,264
2683.83,12883,265
2685.12,12955,266
2686.41,13016,267
2687.70,13015,266
2688.98,13050,266
2690.27,13105,268
2691.56,13038,266
2692.85,13034,266
2694.14,12997,264
2695.43,12952,262
2696.72,12892,261
2698.01,12824,260
2699.30,12765,258
2700.59,12657,255
2701.87,12531,254
2703.16,12408,250
2704.45,12244,247
2705.74,12109,243
2707.03,11939,240
2708.32,11766,236
2709.61,11582,232
2710.90,11382,228
2712.19,11143,222
2713.48,10959,218
2714.77,10728,213
2716.05,10503,208
2717.34,10257,203
2718.63,10038,199
2719.92,9791,194
2721.21,9530,188
2722.50,9263,182
2723.79,9013,177
2725.08,8721,171
2726.37,8482,166
2727.66,8195,160
2728.95,7917,154
2730.23,7596,148
2731.52,7400,144
2732.81,7121,138
2734.10,6756,131
2735.39,6416,124
2736.68,6234,120
2737.97,5985,115
2739.26,5643,109
2740.55,5364,102
2741.84,5124,97
2743.12,4853,92
2744.41,4596,87
2745.70,4288,81
2746.99,4063,77
2748.28,3803,72
2749.57,3547,67
2750.86,3297,62
2752.15,3069,57
2753.44,2856,53
2754.73,2625,49
2756.02,2399,44
2757.30,2188,41
2758.59,1991,37
2759.88,1797,33
2761.17,1611,30
2762.46,1460,27
2763.75,1310,24
2765.04,1144,21
2766.33,1028,19
2767.62,878,17
2768.91,745,14
2770.20,627,12
2771.48,554,11
2772.77,472,9
2774.06,387,8
2775.35,332,7
2776.64,269,7
2777.93,237,6
2779.22,213,6
2780.51,204,6
2781.80,209,7
2783.09,231,8
2784.37,261,9
2785.66,305,10
2786.95,370,12
2788.24,439,13
2789.53,520,15
2790.82,628,18
2792.11,747,21
2793.40,861,23
2794.69,984,27
2795.98,1121,29
2797.27,1275,33
2798.55,1442,36
2799.84,1603,40
2801.13,1782,44
2802.42,1996,49
2803.71,2201,53
2805.00,2408,58
2806.29,2638,62
2807.58,2889,67
2808.87,3084,72
2810.16,3329,76
2811.45,3622,83
2812.73,3903,89
2814.02,4170,94
2815.31,4454,100
2816.60,4762,107
2817.89,5086,113
2819.18,5300,118
2820.47,5596,123
2821.76,5870,129
2823.05,6203,136
2824.34,6448,141
2825.62,6738,147
2826.91,7001,153
2828.20,7345,159
2829.49,7578,164
2830.78,7841,169
2832.07,8140,175
2833.36,8394,180
2834.65,8631,185
2835.94,8884,189
2837.23,9090,194
2838.52,9362,199
2839.80,9621,204
2841.09,9849,208
2842.38,10046,212
2843.67,10283,217
2844.96,10541,222
2846.25,10692,225
2847.54,10883,229
2848.83,11099,232
2850.12,11275,236
2851.41,11462,239
2852.70,11662,244
2853.98,11815,246
2855.27,11925,248
2856.56,12048,250
2857.85,12204,253
2859.14,12305,254
2860.43,12408,256
2861.72,12471,258
2863.01,12563,259
2864.30,12645,260
2865.59,12702,261
2866.87,12725,261
2868.16,12754,262
2869.45,12783,262
2870.74,12798,261
2872.03,12794,262
2873.32,12770,261
2874.61,12759,259
2875.90,12705,259
2877.19,12652,257
2878.48,12594,256
2879.77,12511,253
2881.05,12422,251
2882.34,12326,249
2883.63,12228,247
2884.92,12097,244
2886.21,11951,240
2887.50,11816,238
2888.79,11635,233
2890.08,11442,230
2891.37,11269,225
2892.66,11060,221
2893.95,10854,216
2895.23,10660,212
2896.52,10456,208
2897.81,10200,203
2899.10,9970,197
2900.39,9702,191
2901.68,9480,187
2902.97,9235,182
2904.26,8979,177
2905.55,8676,170
2906.84,8409,165
2908.12,8148,159
2909.41,7868,154
2910.70,7549,147
2911.99,7274,141
2913.28,6980,135
2914.57,6716,130
2915.86,6366,123
2917.15,6063,117
2918.44,5781,111
2919.73,5490,105
2921.02,5169,99
2922.30,4909,94
2923.59,4592,87
2924.88,4328,82
2926.17,4071,77
2927.46,3809,72
2928.75,3538,66
2930.04,3335,63
2931.33,3034,57
2932.62,2824,53
2933.91,2609,49
2935.20,2413,45
2936.48,2176,40
2937.77,2006,37
2939.06,1816,34
2940.35,1631,30
2941.64,1458,27
2942.93,1330,25
2944.22,1153,21
2945.51,1026,19
2946.80,871,17
2948.09,735,14
2949.37,676,12
2950.66,569,11
2951.95,481,10
2953.24,413,9
2954.53,347,8
2955.82,295,7
2957.11,252,7
2958.40,225,7
2959.69,214,6
2960.98,213,6
2962.27,230,8
2963.55,251,8
2964.84,283,9
2966.13,343,11
2967.42,389,12
2968.71,471,14
2970.00,566,16
2971.29,648,18
2972.58,755,21
2973.87,882,24
2975.16,997,26
2976.45,1148,30
2977.73,1277,32
2979.02,1456,36
2980.31,1637,41
2981.60,1821,45
2982.89,2045,49
2984.18,2229,53
2985.47,2427,57
2986.76,2677,62
2988.05,2933,68
2989.34,3157,73
2990.62,3462,80
2991.91,3713,85
2993.20,4030,91
2994.49,4314,96
2995.78,4570,103
2997.07,4827,108
2998.36,5178,115
2999.65,5471,121
3000.94,5713,125
3002.23,6031,132
3003.52,6360,139
3004.80,6658,145
3006.09,6927,151
3007.38,7252,158
3008.67,7556,163
3009.96,7806,168
3011.25,8067,173
3012.54,8329,179
3013.83,8609,184
3015.12,8860,190
3016.41,9164,195
3017.70,9406,200
3018.98,9668,205
3020.27,9897,209
3021.56,10154,215
3022.85,10407,219
3024.14,10632,224
3025.43,10844,228
3026.72,11080,233
3028.01,11292,236
3029.30,11485,240
3030.59,11675,244
3031.87,11857,247
3033.16,12039,250
3034.45,12216,253
3035.74,12321,256
3037.03,12446,258
3038.32,12584,261
3039.61,12688,262
3040.90,12785,264
3042.19,12843,265
3043.48,12931,267
3044.77,12987,267
3046.05,13026,266
3047.34,13014,267
3048.63,13058,268
3049.92,13069,267
3051.21,13062,267
3052.50,13056,266
3053.79,13002,265
3055.08,12997,265
3056.37,12940,262
3057.66,12859,260
3058.95,12785,259
3060.23,12692,257
3061.52,12640,255
3062.81,12512,252
3064.10,12352,249
3065.39,12185,244
3066.68,12040,242
3067.97,11884,238
3069.26,11715,235
3070.55,11533,230
3071.84,11347,227
3073.12,11167,223
3074.41,10960,219
3075.70,10746,213
3076.99,10515,208
3078.28,10315,205
3079.57,10075,200
3080.86,9829,194
3082.15,9605,190
3083.44,9332,184
3084.73,9078,178
3086.02,8785,172
3087.30,8523,167
3088.59,8233,161
3089.88,7952,155
3091.17,7638,148
3092.46,7365,142
3093.75,7082,137
3095.04,6778,131
3096.33,6449,125
3097.62,6176,118
3098.91,5908,113
3100.20,5561,107
3101.48,5262,101
3102.77,4997,95
3104.06,4704,89
3105.35,4410,84
3106.64,4156,79
3107.93,3875,73
3109.22,3605,68
3110.51,3344,62
3111.80,3085,58
3113.09,2836,53
3114.37,2624,49
3115.66,2405,45
3116.95,2169,40
3118.24,1968,37
3119.53,1788,33
3120.82,1579,29
3122.11,1392,26
3123.40,1232,23
3124.69,1094,20
3125.98,947,17
3127.27,804,15
3128.55,684,13
3129.84,575,11
3131.13,486,10
3132.42,413,9
3133.71,340,8
3135.00,287,7
3136.29,246,7
3137.58,221,6
3138.87,207,6
3140.16,206,7
3141.45,219,7
3142.73,242,8
3144.02,278,9
3145.31,321,10
3146.60,381,11
3147.89,469,14
3149.18,543,16
3150.47,621,18
3151.76,734,21
3153.05,853,23
3154.34,958,26
3155.62,1108,29
3156.91,1252,32
3158.20,1402,35
3159.49,1566,39
3160.78,1725,42
3162.07,1908,47
3163.36,2164,52
3164.65,2325,56
3165.94,2522,60
3167.23,2767,65
3168.52,2999,69
3169.80,3256,75
3171.09,3459,80
3172.38,3707,85
3173.67,3988,91
3174.96,4262,96
3176.25,4508,101
3177.54,4750,107
3178.83,5052,113
3180.12,5304,118
3181.41,5601,124
3182.70,5860,129
3183.98,6108,134
3185.27,6385,140
3186.56,6655,145
3187.85,6952,151
3189.14,7225,156
3190.43,7497,163
3191.72,7835,169
3193.01,8102,174
3194.30,8362,179
3195.59,8632,185
3196.87,8894,190
3198.16,9111,194
3199.45,9385,200
3200.74,9654,205
3202.03,9860,209
3203.32,10118,214
3204.61,10364,219
3205.90,10623,224
3207.19,10834,228
3208.48,11008,231
3209.77,11261,236
3211.05,11431,239
3212.34,11611,243
3213.63,11769,245
3214.92,11918,248
3216.21,12036,250
3217.50,12184,253
3218.79,12299,255
3220.08,12417,257
3221.37,12492,258
3222.66,12590,260
3223.95,12659,260
3225.23,12725,262
3226.52,12772,262
3227.81,12788,262
3229.10,12817,261
3230.39,12820,262
3231.68,12811,261
3232.97,12802,261
3234.26,12760,260
3235.55,12708,257
3236.84,12654,257
3238.12,12577,255
3239.41,12498,253
3240.70,12378,250