1.29,20509
2.58,20031
3.87,19526
5.16,19000
6.45,18479
7.73,17947
9.02,17413
10.31,16833
11.60,16314
12.89,15681
14.18,15100
15.47,14510
16.76,13935
18.05,13326
19.34,12761
20.62,12188
21.91,11555
23.20,10823
24.49,10271
25.78,9708
27.07,9079
28.36,8475
29.65,7985
30.94,7487
32.23,6956
33.52,6486
34.80,6068
36.09,5658
37.38,5193
38.67,4761
39.96,4340
41.25,3964
42.54,3607
43.83,3216
45.12,2872
46.41,2521
47.70,2219
48.98,1924
50.27,1634
51.56,1370
52.85,1132
54.14,910
55.43,729
56.72,570
58.01,422
59.30,299
60.59,215
61.88,145
63.16,100
64.45,78
65.74,83
67.03,111
68.32,164
69.61,239
70.90,349
72.19,477
73.48,629
74.77,831
76.05,1041
77.34,1261
78.63,1514
79.92,1772
81.21,2088
82.50,2414
83.79,2777
85.08,3159
86.37,3536
87.66,3944
88.95,4409
90.23,4864
91.52,5291
92.81,5777
94.10,6268
95.39,6717
96.68,7231
97.97,7766
99.26,8317
100.55,8861
101.84,9396
103.12,9940
104.41,10455
105.70,11050
106.99,11608
108.28,12168
109.57,12836
110.86,13445
112.15,13987
113.44,14536
114.73,15180
116.02,15754
117.30,16352
118.59,17074
119.88,17597
121.17,18140
122.46,18707
123.75,19237
125.04,19787
126.33,20233
127.62,20666
128.91,21108
130.20,21523
131.48,21904
132.77,22302
134.06,22651
135.35,22982
136.64,23328
137.93,23611
139.22,23852
140.51,24123
141.80,24398
143.09,24591
144.38,24796
145.66,24958
146.95,25142
148.24,25247
149.53,25339
150.82,25433
152.11,25489
153.40,25530
154.69,25544
155.98,25533
157.27,25506
158.55,25442
159.84,25346
161.13,25248
162.42,25126
163.71,24974
165.00,24774
166.29,24573
167.58,24330
168.87,24070
170.16,23801
171.45,23478
172.73,23122
174.02,22780
175.31,22429
176.60,22014
177.89,21610
179.18,21212
180.47,20740
181.76,20256
183.05,19801
184.34,19361
185.63,18854
186.91,18348
188.20,17863
189.49,17337
190.78,16772
192.07,16213
193.36,15670
194.65,15048
195.94,14511
197.23,13960
198.52,13388
199.80,12837
201.09,12299
202.38,11682
203.67,11113
204.96,10516
206.25,9986
207.54,9410
208.83,8878
210.12,8379
211.41,7839
212.70,7313
213.98,6821
215.27,6292
216.56,5759
217.85,5295
219.14,4821
220.43,4385
221.72,3940
223.01,3535
224.30,3119
225.59,2729
226.88,2369
228.16,2016
229.45,1691
230.74,1423
232.03,1187
233.32,959
234.61,753
235.90,590
237.19,442
238.48,306
239.77,213
241.05,146
242.34,98
243.63,78
244.92,81
246.21,103
247.50,148
248.79,225
250.08,319
251.37,435
252.66,576
253.95,735
255.23,920
256.52,1132
257.81,1358
259.10,1619
260.39,1918
261.68,2236
262.97,2572
264.26,2955
265.55,3325
266.84,3723
268.13,4076
269.41,4517
270.70,4895
271.99,5320
273.28,5776
274.57,6285
275.86,6775
277.15,7260
278.44,7751
279.73,8263
281.02,8787
282.30,9331
283.59,9887
284.88,10509
286.17,11101
287.46,11679
288.75,12208
290.04,12805
291.33,13423
292.62,13983
293.91,14545
295.20,15142
296.48,15748
297.77,16317
299.06,16875
300.35,17430
301.64,17916
302.93,18418
304.22,18886
305.51,19339
306.80,19788
308.09,20281
309.38,20711
310.66,21095
311.95,21482
313.24,21902
314.53,22256
315.82,22616
317.11,22902
318.40,23193
319.69,23502
320.98,23829
322.27,24088
323.55,24297
324.84,24543
326.13,24765
327.42,24921
328.71,25032
330.00,25148
331.29,25211
332.58,25236
333.87,25258
335.16,25275
336.45,25254
337.73,25239
339.02,25201
340.31,25082
341.60,24963
342.89,24850
344.18,24696
345.47,24558
346.76,24357
348.05,24142
349.34,23878
350.63,23601
351.91,23272
353.20,22918
354.49,22568
355.78,22158
357.07,21718
358.36,21331
359.65,20979
360.94,20623
362.23,20152
363.52,19686
364.80,19296
366.09,18829
367.38,18287
368.67,17722
369.96,17141
371.25,16572
372.54,16018
373.83,15445
375.12,14844
376.41,14348
377.70,13797
378.98,13238
380.27,12622
381.56,12041
382.85,11455
384.14,10817
385.43,10281
386.72,9757
388.01,9175
389.30,8548
390.59,8147
391.88,7575
393.16,7015
394.45,6539
395.74,6054
397.03,5586
398.32,5098
399.61,4663
400.90,4226
402.19,3794
403.48,3394
404.77,2990
406.05,2621
407.34,2312
408.63,1998
409.92,1699
411.21,1432
412.50,1211
413.79,971
415.08,764
416.37,596
417.66,446
418.95,324
420.23,229
421.52,155
422.81,105
424.10,79
425.39,79
426.68,107
427.97,167
429.26,247
430.55,362
431.84,502
433.13,668
434.41,863
435.70,1116
436.99,1364
438.28,1621
439.57,1970
440.86,2306
442.15,2637
443.44,2980
444.73,3372
446.02,3774
447.30,4119
448.59,4573
449.88,4998
451.17,5418
452.46,5893
453.75,6363
455.04,6825
456.33,7292
457.62,7801
458.91,8339
460.20,8811
461.48,9316
462.77,9819
464.06,10345
465.35,10849
466.64,11380
467.93,11988
469.22,12530
470.51,13092
471.80,13697
473.09,14309
474.38,14866
475.66,15484
476.95,16039
478.24,16568
479.53,17138
480.82,17670
482.11,18175
483.40,18743
484.69,19157
485.98,19634
487.27,20158
488.55,20590
489.84,21015
491.13,21402
492.42,21850
493.71,22281
495.00,22619
496.29,22978
497.58,23337
498.87,23681
500.16,23900
501.45,24171
502.73,24426
504.02,24658
505.31,24834
506.60,25001
507.89,25176
509.18,25292
510.47,25401
511.76,25460
513.05,25527
514.34,25531
515.63,25533
516.91,25503
518.20,25460
519.49,25375
520.78,25269
522.07,25127
523.36,24976
524.65,24776
525.94,24601
527.23,24391
528.52,24079
529.80,23821
531.09,23536
532.38,23177
533.67,22774
534.96,22430
536.25,22040
537.54,21568
538.83,21103
540.12,20646
541.41,20114
542.70,19601
543.98,19090
545.27,18526
546.56,17954
547.85,17431
549.14,16932
550.43,16409
551.72,15884
553.01,15383
554.30,14794
555.59,14260
556.88,13714
558.16,13224
559.45,12669
560.74,12166
562.03,11690
563.32,11134
564.61,10589
565.90,10086
567.19,9547
568.48,8952
569.77,8395
571.05,7898
572.34,7400
573.63,6889
574.92,6386
576.21,5933
577.50,5444
578.79,4980
580.08,4556
581.37,4108
582.66,3714
583.95,3364
585.23,2998
586.52,2643
587.81,2323
589.10,2031
590.39,1744
591.68,1454
592.97,1212
594.26,984
595.55,788
596.84,641
598.13,492
599.41,354
600.70,247
601.99,171
603.28,108
604.57,79
605.86,79
607.15,104
608.44,154
609.73,242
611.02,347
612.30,479
613.59,642
614.88,828
616.17,1059
617.46,1298
618.75,1539
620.04,1830
621.33,2135
622.62,2448
623.91,2762
625.20,3152
626.48,3530
627.77,3936
629.06,4386
630.35,4828
631.64,5259
632.93,5703
634.22,6186
635.51,6685
636.80,7193
638.09,7731
639.38,8310
640.66,8855
641.95,9430
643.24,9992
644.53,10576
645.82,11222
647.11,11847
648.40,12422
649.69,12995
650.98,13702
652.27,14346
653.55,14918
654.84,15450
656.13,16016
657.42,16600
658.71,17124
660.00,17622
661.29,18184
662.58,18664
663.87,19100
665.16,19613
666.45,20033
667.73,20445
669.02,20853
670.31,21256
671.60,21609
672.89,21994
674.18,22378
675.47,22715
676.76,23046
678.05,23360
679.34,23629
680.63,23924
681.91,24193
683.20,24446
684.49,24647
685.78,24835
687.07,25030
688.36,25182
689.65,25275
690.94,25369
692.23,25448
693.52,25492
694.80,25513
696.09,25514
697.38,25476
698.67,25413
699.96,25324
701.25,25224
702.54,25122
703.83,24960
705.12,24780
706.41,24615
707.70,24455
708.98,24206
710.27,23936
711.56,23616
712.85,23240
714.14,22876
715.43,22529
716.72,22149
718.01,21659
719.30,21216
720.59,20770
721.88,20283
723.16,19737
724.45,19262
725.74,18773
727.03,18272
728.32,17779
729.61,17259
730.90,16694
732.19,16138
733.48,15572
734.77,14987
736.05,14444
737.34,13961
738.63,13415
739.92,12826
741.21,12258
742.50,11720
743.79,11093
745.08,10398
746.37,9843
747.66,9224
748.95,8577
750.23,8008
751.52,7427
752.81,6849
754.10,6297
755.39,5821
756.68,5315
757.97,4829
759.26,4401
760.55,3967
761.84,3562
763.13,3174
764.41,2824
765.70,2474
766.99,2148
768.28,1849
769.57,1585
770.86,1322
772.15,1106
773.44,930
774.73,727
776.02,564
777.30,438
778.59,325
779.88,220
781.17,153
782.46,111
783.75,82
785.04,78
786.33,97
787.62,139
788.91,213
790.20,309
791.48,433
792.77,578
794.06,746
795.35,921
796.64,1130
797.93,1377
799.22,1628
800.51,1901
801.80,2202
803.09,2565
804.38,2938
805.66,3292
806.95,3674
808.24,4028
809.53,4439
810.82,4876
812.11,5304
813.40,5808
814.69,6299
815.98,6867
817.27,7352
818.55,7877
819.84,8392
821.13,8943
822.42,9557
823.71,10162
825.00,10709
826.29,11318
827.58,11942
828.87,12557
830.16,13045
831.45,13621
832.73,14203
834.02,14751
835.31,15300
836.60,15845
837.89,16397
839.18,16943
840.47,17452
841.76,17969
843.05,18460
844.34,18962
845.63,19422
846.91,19927
848.20,20369
849.49,20798
850.78,21233
852.07,21644
853.36,22086
854.65,22524
855.94,22905
857.23,23311
858.52,23691
859.80,23979
861.09,24244
862.38,24522
863.67,24757
864.96,24915
866.25,25075
867.54,25212
868.83,25344
870.12,25398
871.41,25457
872.70,25497
873.98,25518
875.27,25495
876.56,25472
877.85,25426
879.14,25354
880.43,25237
881.72,25102
883.01,24983
884.30,24797
885.59,24583
886.88,24369
888.16,24105
889.45,23854
890.74,23582
892.03,23267
893.32,22884
894.61,22522
895.90,22160
897.19,21783
898.48,21348
899.77,20901
901.05,20494
902.34,20051
903.63,19531
904.92,19070
906.21,18597
907.50,18104
908.79,17554
910.08,16985
911.37,16444
912.66,15938
913.95,15431
915.23,14873
916.52,14311
917.81,13764
919.10,13208
920.39,12640
921.68,12035
922.97,11515
924.26,10922
925.55,10353
926.84,9797
928.13,9239
929.41,8659
930.70,8104
931.99,7583
933.28,7041
934.57,6494
935.86,6026
937.15,5573
938.44,5102
939.73,4667
941.02,4240
942.30,3822
943.59,3428
944.88,3051
946.17,2655
947.46,2322
948.75,2023
950.04,1719
951.33,1433
952.62,1189
953.91,980
955.20,770
956.48,570
957.77,447
959.06,315
960.35,213
961.64,142
962.93,96
964.22,78
965.51,90
966.80,132
968.09,203
969.38,303
970.66,420
971.95,574
973.24,748
974.53,943
975.82,1161
977.11,1411
978.40,1675
979.69,1947
980.98,2252
982.27,2586
983.55,2918
984.84,3226
986.13,3634
987.42,4044
988.71,4443
990.00,4839
991.29,5308
992.58,5775
993.87,6239
995.16,6720
996.45,7207
997.73,7680
999.02,8206
1000.31,8741
1001.60,9307
1002.89,9884
1004.18,10504
1005.47,11060
1006.76,11595
1008.05,12143
1009.34,12707
1010.63,13276
1011.91,13850
1013.20,14443
1014.49,15015
1015.78,15526
1017.07,16115
1018.36,16662
1019.65,17178
1020.94,17691
1022.23,18181
1023.52,18682
1024.80,19114
1026.09,19580
1027.38,20113
1028.67,20483
1029.96,20922
1031.25,21318
1032.54,21658
1033.83,22051
1035.12,22392
1036.41,22739
1037.70,23080
1038.98,23367
1040.27,23662
1041.56,23905
1042.85,24128
1044.14,24329
1045.43,24520
1046.72,24678
1048.01,24811
1049.30,24942
1050.59,25021
1051.88,25092
1053.16,25146
1054.45,25162
1055.74,25171
1057.03,25183
1058.32,25181
1059.61,25205
1060.90,25063
1062.19,24957
1063.48,24837
1064.77,24641
1066.05,24471
1067.34,24265
1068.63,23958
1069.92,23679
1071.21,23321
1072.50,22916
1073.79,22533
1075.08,22274
1076.37,21867
1077.66,21356
1078.95,20874
1080.23,20440
1081.52,20016
1082.81,19506
1084.10,18973
1085.39,18490
1086.68,18046
1087.97,17554
1089.26,17100
1090.55,16607
1091.84,16044
1093.13,15487
1094.41,14943
1095.70,14368
1096.99,13819
1098.28,13293
1099.57,12719
1100.86,12152
1102.15,11582
1103.44,10902
1104.73,10342
1106.02,9775
1107.30,9215
1108.59,8709
1109.88,8151
1111.17,7686
1112.46,7256
1113.75,6789
1115.04,6311
1116.33,5858
1117.62,5420
1118.91,4960
1120.20,4501
1121.48,4057
1122.77,3667
1124.06,3305
1125.35,2943
1126.64,2570
1127.93,2244
1129.22,1947
1130.51,1644
1131.80,1352
1133.09,1125
1134.38,904
1135.66,704
1136.95,538
1138.24,410
1139.53,290
1140.82,193
1142.11,129
1143.40,92
1144.69,80
1145.98,97
1147.27,137
1148.55,201
1149.84,291
1151.13,402
1152.42,547
1153.71,718
1155.00,904
1156.29,1126
1157.58,1372
1158.87,1618
1160.16,1869
1161.45,2177
1162.73,2523
1164.02,2865
1165.31,3232
1166.60,3663
1167.89,4079
1169.18,4511
1170.47,4976
1171.76,5472
1173.05,5969
1174.34,6495
1175.63,7067
1176.91,7647
1178.20,8217
1179.49,8815
1180.78,9356
1182.07,9914
1183.36,10467
1184.65,11052
1185.94,11578
1187.23,12193
1188.52,12796
1189.80,13419
1191.09,13946
1192.38,14516
1193.67,15062
1194.96,15493
1196.25,16040
1197.54,16567
1198.83,17110
1200.12,17551
1201.41,18055
1202.70,18546
1203.98,19029
1205.27,19496
1206.56,19941
1207.85,20403
1209.14,20835
1210.43,21300
1211.72,21710
1213.01,22073
1214.30,22451
1215.59,22804
1216.88,23104
1218.16,23438
1219.45,23708
1220.74,23997
1222.03,24290
1223.32,24550
1224.61,24766
1225.90,24929
1227.19,25093
1228.48,25225
1229.77,25340
1231.05,25407
1232.34,25472
1233.63,25516
1234.92,25536
1236.21,25503
1237.50,25480
1238.79,25425
1240.08,25332
1241.37,25223
1242.66,25090
1243.95,24923
1245.23,24735
1246.52,24507
1247.81,24248
1249.10,23976
1250.39,23679
1251.68,23346
1252.97,22999
1254.26,22607
1255.55,22232
1256.84,21920
1258.13,21505
1259.41,21045
1260.70,20624
1261.99,20172
1263.28,19685
1264.57,19201
1265.86,18772
1267.15,18244
1268.44,17737
1269.73,17171
1271.02,16630
1272.30,16087
1273.59,15508
1274.88,14957
1276.17,14354
1277.46,13744
1278.75,13209
1280.04,12549
1281.33,11925
1282.62,11326
1283.91,10722
1285.20,10082
1286.48,9506
1287.77,8971
1289.06,8415
1290.35,7827
1291.64,7335
1292.93,6815
1294.22,6347
1295.51,5835
1296.80,5402
1298.09,4962
1299.38,4566
1300.66,4211
1301.95,3806
1303.24,3442
1304.53,3080
1305.82,2732
1307.11,2380
1308.40,2062
1309.69,1788
1310.98,1515
1312.27,1267
1313.55,1038
1314.84,840
1316.13,657
1317.42,501
1318.71,375
1320.00,263
1321.29,175
1322.58,119
1323.87,87
1325.16,79
1326.45,94
1327.73,129
1329.02,192
1330.31,280
1331.60,391
1332.89,529
1334.18,687
1335.47,865
1336.76,1059
1338.05,1274
1339.34,1517
1340.63,1802
1341.91,2150
1343.20,2486
1344.49,2845
1345.78,3187
1347.07,3610
1348.36,4047
1349.65,4451
1350.94,4920
1352.23,5442
1353.52,5898
1354.80,6408
1356.09,6920
1357.38,7454
1358.67,7974
1359.96,8505
1361.25,9035
1362.54,9539
1363.83,10119
1365.12,10698
1366.41,11251
1367.70,11829
1368.98,12392
1370.27,12944
1371.56,13440
1372.85,14041
1374.14,14586
1375.43,15164
1376.72,15731
1378.01,16343
1379.30,16877
1380.59,17433
1381.88,18011
1383.16,18515
1384.45,19116
1385.74,19709
1387.03,20207
1388.32,20655
1389.61,21137
1390.90,21556
1392.19,21992
1393.48,22357
1394.77,22759
1396.05,23072
1397.34,23357
1398.63,23643
1399.92,23982
1401.21,24256
1402.50,24449
1403.79,24652
1405.08,24844
1406.37,24988
1407.66,25138
1408.95,25257
1410.23,25353
1411.52,25450
1412.81,25477
1414.10,25503
1415.39,25517
1416.68,25507
1417.97,25446
1419.26,25355
1420.55,25293
1421.84,25151
1423.13,25001
1424.41,24877
1425.70,24773
1426.99,24637
1428.28,24341
1429.57,24058
1430.86,23727
1432.15,23420
1433.44,23099
1434.73,22720
1436.02,22321
1437.30,21902
1438.59,21509
1439.88,21113
1441.17,20715
1442.46,20299
1443.75,19745
1445.04,19199
1446.33,18707
1447.62,18199
1448.91,17696
1450.20,17161
1451.48,16618
1452.77,16058
1454.06,15500
1455.35,14947
1456.64,14371
1457.93,13790
1459.22,13211
1460.51,12600
1461.80,11999
1463.09,11405
1464.38,10829
1465.66,10141
1466.95,9546
1468.24,9042
1469.53,8444
1470.82,7875
1472.11,7373
1473.40,6874
1474.69,6342
1475.98,5882
1477.27,5449
1478.55,4977
1479.84,4547
1481.13,4118
1482.42,3682
1483.71,3259
1485.00,2883
1486.29,2523
1487.58,2169
1488.87,1848
1490.16,1561
1491.45,1279
1492.73,1023
1494.02,812
1495.31,622
1496.60,451
1497.89,328
1499.18,228
1500.47,150
1501.76,102
1503.05,80
1504.34,82
1505.63,108
1506.91,161
1508.20,241
1509.49,329
1510.78,440
1512.07,564
1513.36,720
1514.65,917
1515.94,1108
1517.23,1317
1518.52,1573
1519.80,1834
1521.09,2109
1522.38,2417
1523.67,2782
1524.96,3146
1526.25,3463
1527.54,3872
1528.83,4309
1530.12,4715
1531.41,5167
1532.70,5677
1533.98,6135
1535.27,6571
1536.56,7075
1537.85,7554
1539.14,8064
1540.43,8630
1541.72,9215
1543.01,9813
1544.30,10360
1545.59,10886
1546.88,11461
1548.16,12071
1549.45,12691
1550.74,13293
1552.03,13844
1553.32,14433
1554.61,15045
1555.90,15537
1557.19,16105
1558.48,16643
1559.77,17195
1561.05,17668
1562.34,18190
1563.63,18753
1564.92,19274
1566.21,19762
1567.50,20236
1568.79,20646
1570.08,21100
1571.37,21537
1572.66,21944
1573.95,22314
1575.23,22690
1576.52,23050
1577.81,23318
1579.10,23662
1580.39,23958
1581.68,24176
1582.97,24401
1584.26,24654
1585.55,24805
1586.84,24971
1588.13,25135
1589.41,25251
1590.70,25341
1591.99,25417
1593.28,25461
1594.57,25491
1595.86,25492
1597.15,25450
1598.44,25373
1599.73,25277
1601.02,25135
1602.30,24979
1603.59,24807
1604.88,24601
1606.17,24366
1607.46,24093
1608.75,23847
1610.04,23546
1611.33,23243
1612.62,22908
1613.91,22559
1615.20,22169
1616.48,21829
1617.77,21412
1619.06,20998
1620.35,20530
1621.64,20114
1622.93,19715
1624.22,19223
1625.51,18695
1626.80,18277
1628.09,17784
1629.38,17246
1630.66,16729
1631.95,16200
1633.24,15648
1634.53,15109
1635.82,14538
1637.11,13949
1638.40,13407
1639.69,12885
1640.98,12346
1642.27,11722
1643.55,11267
1644.84,10744
1646.13,10177
1647.42,9604
1648.71,9041
1650.00,8504
1651.29,7977
1652.58,7509
1653.87,6973
1655.16,6509
1656.45,6001
1657.73,5530
1659.02,5003
1660.31,4558
1661.60,4156
1662.89,3727
1664.18,3328
1665.47,2973
1666.76,2602
1668.05,2273
1669.34,1942
1670.63,1646
1671.91,1367
1673.20,1112
1674.49,912
1675.78,729
1677.07,552
1678.36,399
1679.65,296
1680.94,201
1682.23,130
1683.52,91
1684.80,79
1686.09,93
1687.38,131
1688.67,198
1689.96,283
1691.25,400
1692.54,536
1693.83,716
1695.12,934
1696.41,1147
1697.70,1393
1698.98,1661
1700.27,1968
1701.56,2266
1702.85,2637
1704.14,3015
1705.43,3379
1706.72,3820
1708.01,4273
1709.30,4728
1710.59,5169
1711.88,5645
1713.16,6154
1714.45,6609
1715.74,7147
1717.03,7657
1718.32,8236
1719.61,8753
1720.90,9287
1722.19,9809
1723.48,10324
1724.77,10934
1726.05,11516
1727.34,12023
1728.63,12563
1729.92,13163
1731.21,13746
1732.50,14293
1733.79,14857
1735.08,15427
1736.37,15958
1737.66,16507
1738.95,17071
1740.23,17615
1741.52,18094
1742.81,18591
1744.10,19055
1745.39,19517
1746.68,19937
1747.97,20357
1749.26,20780
1750.55,21210
1751.84,21523
1753.13,21923
1754.41,22296
1755.70,22647
1756.99,22952
1758.28,23239
1759.57,23573
1760.86,23845
1762.15,24082
1763.44,24315
1764.73,24539
1766.02,24745
1767.30,24887
1768.59,25015
1769.88,25130
1771.17,25225
1772.46,25278
1773.75,25296
1775.04,25312
1776.33,25339
1777.62,25267
1778.91,25254
1780.20,25181
1781.48,25039
1782.77,24950
1784.06,24799
1785.35,24630
1786.64,24444
1787.93,24213
1789.22,23977
1790.51,23698
1791.80,23398
1793.09,23029
1794.38,22671
1795.66,22301
1796.95,22005
1798.24,21654
1799.53,21139
1800.82,20639