1.29,4043,944
2.58,3782,892
3.87,3513,839
5.16,3253,786
6.45,3002,734
7.73,2769,687
9.02,2514,635
10.31,2305,593
11.60,2099,550
12.89,1898,509
14.18,1696,468
15.47,1539,437
16.76,1378,404
18.05,1213,370
19.34,1080,343
20.62,965,318
21.91,847,295
23.20,734,272
24.49,652,255
25.78,572,239
27.07,506,226
28.36,446,213
29.65,400,204
30.94,359,195
32.23,331,189
33.52,319,187
34.80,319,186
36.09,329,189
37.38,349,193
38.67,388,201
39.96,430,210
41.25,490,222
42.54,560,236
43.83,660,257
45.12,769,279
46.41,857,297
47.70,963,319
48.98,1100,347
50.27,1230,373
51.56,1381,404
52.85,1525,434
54.14,1746,478
55.43,1885,508
56.72,2053,542
58.01,2267,585
59.30,2462,626
60.59,2669,668
61.88,2874,710
63.16,3091,755
64.45,3340,806
65.74,3575,853
67.03,3833,907
68.32,4101,961
69.61,4393,1021
70.90,4654,1076
72.19,4920,1130
73.48,5194,1186
74.77,5471,1243
76.05,5749,1300
77.34,6040,1360
78.63,6337,1422
79.92,6632,1483
81.21,6922,1542
82.50,7178,1595
83.79,7476,1657
85.08,7758,1715
86.37,8010,1766
87.66,8254,1816
88.95,8537,1874
90.23,8809,1930
91.52,9063,1984
92.81,9321,2038
94.10,9558,2086
95.39,9768,2129
96.68,10016,2181
97.97,10253,2229
99.26,10494,2280
100.55,10717,2324
101.84,10933,2369
103.12,11123,2409
104.41,11308,2447
105.70,11504,2488
106.99,11668,2520
108.28,11821,2553
109.57,11981,2586
110.86,12129,2617
112.15,12249,2642
113.44,12357,2664
114.73,12461,2684
116.02,12544,2701
117.30,12610,2715
118.59,12639,2722
119.88,12690,2735
121.17,12713,2739
122.46,12746,2745
123.75,12754,2745
125.04,12749,2747
126.33,12724,2741
127.62,12668,2731
128.91,12626,2721
130.20,12590,2713
131.48,12493,2694
132.77,12441,2682
134.06,12346,2663
135.35,12221,2638
136.64,12148,2622
137.93,11996,2591
139.22,11869,2565
140.51,11729,2535
141.80,11579,2503
143.09,11424,2471
144.38,11269,2439
145.66,11075,2399
146.95,10863,2356
148.24,10693,2320
149.53,10474,2276
150.82,10248,2228
152.11,10021,2181
153.40,9796,2135
154.69,9575,2090
155.98,9324,2038
157.27,9061,1983
158.55,8827,1934
159.84,8586,1885
161.13,8326,1830
162.42,8048,1774
163.71,7772,1716
165.00,7528,1665
166.29,7248,1609
167.58,6963,1550
168.87,6702,1497
170.16,6432,1439
171.45,6127,1378
172.73,5810,1312
174.02,5568,1262
175.31,5259,1199
176.60,5012,1148
177.89,4720,1088
179.18,4431,1030
180.47,4226,986
181.76,3947,929
183.05,3686,876
184.34,3443,826
185.63,3197,776
186.91,2952,726
188.20,2724,679
189.49,2516,637
190.78,2314,596
192.07,2120,555
193.36,1919,515
194.65,1727,475
195.94,1562,441
197.23,1398,408
198.52,1239,375
199.80,1100,347
201.09,980,322
202.38,859,297
203.67,745,274
204.96,652,256
206.25,566,238
207.54,487,222
208.83,427,209
210.12,382,200
211.41,346,192
212.70,325,188
213.98,317,187
215.27,322,188
216.56,343,192
217.85,377,199
219.14,424,208
220.43,489,221
221.72,561,236
223.01,641,253
224.30,743,273
225.59,851,296
226.88,963,318
228.16,1097,346
229.45,1237,375
230.74,1392,406
232.03,1549,438
233.32,1730,476
234.61,1914,513
235.90,2082,547
237.19,2252,583
238.48,2462,626
239.77,2694,673
241.05,2901,716
242.34,3100,757
243.63,3325,802
244.92,3573,854
246.21,3809,902
247.50,4041,950
248.79,4295,1003
250.08,4517,1049
251.37,4783,1103
252.66,5072,1162
253.95,5298,1208
255.23,5586,1269
256.52,5880,1329
257.81,6108,1376
259.10,6407,1439
260.39,6689,1495
261.68,6995,1559
262.97,7199,1603
264.26,7496,1663
265.55,7763,1717
266.84,8013,1770
268.13,8312,1832
269.41,8559,1882
270.70,8823,1937
271.99,9035,1981
273.28,9278,2030
274.57,9560,2088
275.86,9780,2133
277.15,9978,2175
278.44,10243,2231
279.73,10439,2271
281.02,10670,2320
282.30,10843,2354
283.59,11030,2395
284.88,11209,2432
286.17,11386,2466
287.46,11544,2500
288.75,11696,2533
290.04,11850,2565
291.33,11977,2591
292.62,12107,2617
293.91,12214,2640
295.20,12328,2664
296.48,12425,2683
297.77,12490,2696
299.06,12552,2709
300.35,12609,2720
301.64,12644,2727
302.93,12658,2730
304.22,12668,2734
305.51,12622,2725
306.80,12634,2727
308.09,12611,2722
309.38,12518,2703
310.66,12505,2700
311.95,12383,2674
313.24,12317,2660
314.53,12210,2640
315.82,12056,2606
317.11,11918,2580
318.40,11875,2570
319.69,11729,2541
320.98,11544,2502
322.27,11380,2466
323.55,11211,2430
324.84,11067,2401
326.13,10821,2350
327.42,10611,2305
328.71,10447,2273
330.00,10212,2223
331.29,9954,2169
332.58,9746,2126
333.87,9505,2077
335.16,9288,2032
336.45,8986,1968
337.73,8718,1912
339.02,8429,1854
340.31,8213,1808
341.60,7951,1754
342.89,7723,1706
344.18,7482,1657
345.47,7229,1605
346.76,6941,1546
348.05,6647,1486
349.34,6414,1438
350.63,6166,1386
351.91,5882,1329
353.20,5639,1277
354.49,5389,1225
355.78,5102,1167
357.07,4813,1107
358.36,4528,1048
359.65,4320,1007
360.94,4045,949
362.23,3793,898
363.52,3563,850
364.80,3316,800
366.09,3098,755
367.38,2883,711
368.67,2673,668
369.96,2473,627
371.25,2272,586
372.54,2072,545
373.83,1874,503
375.12,1712,471
376.41,1558,440
377.70,1399,405
378.98,1248,374
380.27,1116,348
381.56,1002,325
382.85,863,297
384.14,739,271
385.43,652,253
386.72,571,236
388.01,488,218
389.30,427,207
390.59,383,198
391.88,347,191
393.16,322,186
394.45,313,184
395.74,319,185
397.03,334,188
398.32,365,195
399.61,402,201
400.90,459,214
402.19,526,228
403.48,601,244
404.77,701,264
406.05,797,284
407.34,911,306
408.63,1040,333
409.92,1181,362
411.21,1327,392
412.50,1471,421
413.79,1644,456
415.08,1829,495
416.37,2007,531
417.66,2216,574
418.95,2438,621
420.23,2653,664
421.52,2873,709
422.81,3101,756
424.10,3350,807
425.39,3581,854
426.68,3838,907
427.97,4109,963
429.26,4390,1020
430.55,4664,1078
431.84,4939,1134
433.13,5210,1189
434.41,5476,1244
435.70,5760,1302
436.99,6029,1357
438.28,6270,1408
439.57,6548,1464
440.86,6882,1535
442.15,7173,1596
443.44,7439,1649
444.73,7722,1707
446.02,7971,1760
447.30,8263,1820
448.59,8450,1858
449.88,8719,1914
451.17,8915,1955
452.46,9145,2003
453.75,9465,2068
455.04,9619,2101
456.33,9814,2141
457.62,10011,2182
458.91,10209,2223
460.20,10398,2264
461.48,10576,2299
462.77,10812,2346
464.06,10953,2376
465.35,11111,2409
466.64,11260,2440
467.93,11380,2466
469.22,11371,2462
470.51,11544,2496
471.80,11818,2554
473.09,11959,2584
474.38,12076,2610
475.66,12167,2630
476.95,12252,2648
478.24,12321,2664
479.53,12337,2665
480.82,12394,2676
482.11,12406,2680
483.40,12409,2680
484.69,12431,2683
485.98,12430,2682
487.27,12387,2674
488.55,12359,2669
489.84,12301,2656
491.13,12229,2641
492.42,12145,2623
493.71,12069,2608
495.00,11966,2587
496.29,11886,2571
497.58,11706,2532
498.87,11585,2505
500.16,11461,2480
501.45,11230,2432
502.73,10904,2361
504.02,10750,2328
505.31,10570,2292
506.60,10415,2261
507.89,10253,2227
509.18,10040,2181
510.47,9901,2155
511.76,9659,2106
513.05,9441,2058
514.34,9201,2010
515.63,8957,1958
516.91,8698,1905
518.20,8490,1863
519.49,8237,1809
520.78,7968,1755
522.07,7695,1698
523.36,7453,1647
524.65,7113,1577
525.94,6898,1532
527.23,6628,1477
528.52,6378,1428
529.80,6104,1371
531.09,5835,1314
532.38,5523,1251
533.67,5225,1189
534.96,4976,1138
536.25,4725,1086
537.54,4424,1024
538.83,4166,972
540.12,3929,922
541.41,3666,869
542.70,3404,814
543.98,3202,773
545.27,2985,729
546.56,2751,680
547.85,2531,636
549.14,2314,591
550.43,2124,553
551.72,1953,517
553.01,1792,483
554.30,1621,448
555.59,1445,412
556.88,1300,384
558.16,1200,364
559.45,1040,332
560.74,926,307
562.03,828,288
563.32,731,268
564.61,621,245
565.90,573,235
567.19,506,222
568.48,440,207
569.77,386,196
571.05,351,189
572.34,324,183
573.63,308,180
574.92,304,179
576.21,312,180
577.50,330,183
578.79,365,191
580.08,417,203
581.37,460,212
582.66,526,225
583.95,608,242
585.23,715,264
586.52,793,280
587.81,895,301
589.10,1015,326
590.39,1170,358
591.68,1302,385
592.97,1461,417
594.26,1626,452
595.55,1827,493
596.84,1996,527
598.13,2184,567
599.41,2400,610
600.70,2615,654
601.99,2812,694
603.28,3036,742
604.57,3290,793
605.86,3521,840
607.15,3775,892
608.44,4031,945
609.73,4275,995
611.02,4534,1049
612.30,4779,1098
613.59,5016,1147
614.88,5245,1193
616.17,5491,1244
617.46,5793,1307
618.75,6135,1379
620.04,6411,1437
621.33,6686,1492
622.62,6953,1548
623.91,7202,1599
625.20,7478,1657
626.48,7730,1710
627.77,7983,1762
629.06,8254,1817
630.35,8537,1877
631.64,8787,1928
632.93,8999,1973
634.22,9221,2017
635.51,9405,2054
636.80,9568,2087
638.09,9924,2163
639.38,10127,2204
640.66,10335,2248
641.95,10577,2297
643.24,10771,2338
644.53,10902,2364
645.82,11068,2400
647.11,11224,2429
648.40,11348,2456
649.69,11440,2475
650.98,11636,2516
652.27,11740,2538
653.55,11792,2548
654.84,11926,2574
656.13,12005,2592
657.42,12061,2603
658.71,12068,2604
660.00,12095,2610
661.29,12256,2644
662.58,12256,2643
663.87,12262,2647
665.16,12263,2647
666.45,12225,2638
667.73,12173,2627
669.02,12100,2610
670.31,12043,2599
671.60,11981,2585
672.89,11881,2567
674.18,11803,2548
675.47,11840,2558
676.76,11731,2535
678.05,11590,2506
679.34,11429,2474
680.63,11309,2446
681.91,11143,2412
683.20,10974,2377
684.49,10838,2347
685.78,10584,2295
687.07,10551,2290
688.36,10326,2243
689.65,10142,2204
690.94,9918,2157
692.23,9735,2119
693.52,9510,2074
694.80,9275,2024
696.09,9015,1972
697.38,8774,1921
698.67,8505,1866
699.96,8192,1799
701.25,7921,1743
702.54,7796,1720
703.83,7556,1670
705.12,7304,1619
706.41,7049,1565
707.70,6768,1507
708.98,6496,1451
710.27,6199,1389
711.56,5927,1334
712.85,5642,1276
714.14,5348,1215
715.43,5078,1159
716.72,4818,1105
718.01,4543,1050
719.30,4260,989
720.59,4029,942
721.88,3762,887
723.16,3494,831
724.45,3287,791
725.74,3051,742
727.03,2835,699
728.32,2619,654
729.61,2412,612
730.90,2210,570
732.19,2016,531
733.48,1837,493
734.77,1650,455
736.05,1464,417
737.34,1313,385
738.63,1166,355
739.92,1027,328
741.21,896,300
742.50,794,278
743.79,680,255
745.08,583,235
746.37,503,218
747.66,446,209
748.95,390,197
750.23,347,188
751.52,325,184
752.81,308,179
754.10,307,179
755.39,316,181
756.68,335,185
757.97,369,191
759.26,417,201
760.55,464,211
761.84,544,226
763.13,623,244
764.41,699,260
765.70,814,283
766.99,886,298
768.28,1010,323
769.57,1139,351
770.86,1307,384
772.15,1454,415
773.44,1577,441
774.73,1748,476
776.02,1933,512
777.30,2101,547
778.59,2292,587
779.88,2537,639
781.17,2760,684
782.46,2968,727
783.75,3222,780
785.04,3463,829
786.33,3654,868
787.62,3909,920
788.91,4150,971
790.20,4395,1020
791.48,4674,1079
792.77,4882,1122
794.06,5170,1180
795.35,5418,1232
796.64,5738,1299
797.93,5969,1345
799.22,6220,1397
800.51,6513,1457
801.80,6801,1517
803.09,7053,1569
804.38,7296,1620
805.66,7584,1678
806.95,7857,1735
808.24,8089,1782
809.53,8335,1834
810.82,8597,1888
812.11,8838,1938
813.40,9068,1984
814.69,9298,2032
815.98,9535,2082
817.27,9748,2124
818.55,9981,2174
819.84,10177,2215
821.13,10361,2252
822.42,10563,2292
823.71,10787,2341
825.00,10895,2362
826.29,11170,2420
827.58,11340,2456
828.87,11485,2487
830.16,11625,2516
831.45,11754,2542
832.73,11864,2565
834.02,11967,2587
835.31,12040,2604
836.60,12130,2620
837.89,12187,2634
839.18,12266,2649
840.47,12301,2657
841.76,12332,2663
843.05,12350,2665
844.34,12370,2672
845.63,12364,2670
846.91,12332,2663
848.20,12301,2655
849.49,12239,2642
850.78,12170,2628
852.07,12084,2611
853.36,11983,2590
854.65,11902,2573
855.94,11782,2549
857.23,11663,2523
858.52,11505,2491
859.80,11353,2459
861.09,11243,2437
862.38,11067,2401
863.67,10883,2361
864.96,10701,2324
866.25,10511,2285
867.54,10294,2239
868.83,10119,2204
870.12,9920,2163
871.41,9748,2126
872.70,9510,2077
873.98,9283,2028
875.27,9053,1983
876.56,8780,1927
877.85,8591,1887
879.14,8342,1835
880.43,8108,1786
881.72,7838,1732
883.01,7642,1691
884.30,7345,1629
885.59,7097,1578
886.88,6847,1526
888.16,6563,1468
889.45,6235,1399
890.74,6032,1357
892.03,5769,1304
893.32,5496,1248
894.61,5222,1191
895.90,4988,1142
897.19,4751,1093
898.48,4507,1044
899.77,4216,983
901.05,3995,937
902.34,3723,881
903.63,3518,841
904.92,3273,789
906.21,3063,746
907.50,2839,701
908.79,2594,651
910.08,2396,609
911.37,2179,565
912.66,1998,527
913.95,1817,490
915.23,1610,448
916.52,1474,420
917.81,1318,389
919.10,1178,359
920.39,1033,330
921.68,906,303
922.97,799,281
924.26,690,259
925.55,588,237
926.84,520,224
928.13,456,210
929.41,400,198
930.70,361,192
931.99,334,187
933.28,316,184
934.57,310,182
935.86,317,184
937.15,336,187
938.44,368,194
939.73,410,202
941.02,465,214
942.30,535,228
943.59,610,244
944.88,697,262
946.17,807,284
947.46,932,309
948.75,1054,334
950.04,1197,364
951.33,1353,395
952.62,1511,427
953.91,1680,462
955.20,1878,504
956.48,2082,546
957.77,2275,585
959.06,2495,630
960.35,2736,679
961.64,2954,724
962.93,3167,768
964.22,3412,819
965.51,3661,869
966.80,3884,915
968.09,4134,967
969.38,4380,1019
970.66,4661,1076
971.95,4922,1130
973.24,5183,1183
974.53,5409,1229
975.82,5657,1282
977.11,5961,1344
978.40,6218,1395
979.69,6394,1432
980.98,6686,1492
982.27,6971,1553
983.55,7234,1606
984.84,7421,1645
986.13,7676,1698
987.42,7953,1755
988.71,8185,1803
990.00,8437,1853
991.29,8668,1902
992.58,8966,1966
993.87,9231,2020
995.16,9482,2072
996.45,9703,2120
997.73,9938,2168
999.02,10149,2212
1000.31,10338,2252
1001.60,10523,2289
1002.89,10722,2330
1004.18,10894,2367
1005.47,11066,2402
1006.76,11238,2437
1008.05,11404,2472
1009.34,11530,2497
1010.63,11655,2523
1011.91,11782,2550
1013.20,11908,2575
1014.49,12000,2595
1015.78,12085,2613
1017.07,12163,2629
1018.36,12237,2644
1019.65,12289,2656
1020.94,12321,2661
1022.23,12349,2666
1023.52,12368,2672
1024.80,12373,2671
1026.09,12377,2674
1027.38,12352,2668
1028.67,12321,2661
1029.96,12275,2651
1031.25,12222,2640
1032.54,12155,2626
1033.83,12070,2609
1035.12,11979,2591
1036.41,11877,2570
1037.70,11759,2544
1038.98,11646,2521
1040.27,11503,2491
1041.56,11359,2460
1042.85,11186,2424
1044.14,11016,2389
1045.43,10847,2353
1046.72,10660,2315
1048.01,10444,2270
1049.30,10223,2225
1050.59,10032,2185
1051.88,9802,2139
1053.16,9508,2077
1054.45,9265,2026
1055.74,9013,1973
1057.03,8774,1924
1058.32,8507,1870
1059.61,8229,1810
1060.90,7949,1754
1062.19,7687,1698
1063.48,7406,1641
1064.77,7110,1578
1066.05,6822,1519
1067.34,6546,1462
1068.63,6259,1402
1069.92,5992,1349
1071.21,5754,1299
1072.50,5523,1251
1073.79,5241,1194
1075.08,4939,1132
1076.37,4688,1080
1077.66,4431,1027
1078.95,4156,970
1080.23,3950,928
1081.52,3729,883
1082.81,3526,840
1084.10,3290,792
1085.39,3050,743
1086.68,2847,702
1087.97,2616,653
1089.26,2438,617
1090.55,2244,577
1091.84,2045,535
1093.13,1883,503
1094.41,1715,469
1095.70,1523,430
1096.99,1376,400
1098.28,1250,374
1099.57,1100,343
1100.86,964,315
1102.15,847,290
1103.44,752,271
1104.73,655,252
1106.02,575,236
1107.30,511,223
1108.59,448,210
1109.88,398,200
1111.17,357,191
1112.46,330,186
1113.75,314,183
1115.04,308,181
1116.33,313,183
1117.62,331,186
1118.91,363,192
1120.20,400,200
1121.48,455,211
1122.77,518,224
1124.06,602,241
1125.35,693,259
1126.64,789,280
1127.93,903,303
1129.22,1025,328
1130.51,1171,358
1131.80,1340,393
1133.09,1486,422
1134.38,1652,455
1135.66,1835,493
1136.95,2042,537
1138.24,2227,575
1139.53,2413,613
1140.82,2644,660
1142.11,2865,706
1143.40,3076,750
1144.69,3314,798
1145.98,3569,851
1147.27,3814,902
1148.55,4073,955
1149.84,4329,1008
1151.13,4561,1055
1152.42,4824,1110
1153.71,5093,1165
1155.00,5355,1219
1156.29,5632,1275
1157.58,5912,1334
1158.87,6198,1392
1160.16,6461,1446
1161.45,6752,1506
1162.73,7020,1562
1164.02,7300,1621
1165.31,7580,1679
1166.60,7842,1732
1167.89,8115,1788
1169.18,8366,1839
1170.47,8691,1908
1171.76,8954,1962
1173.05,9187,2011
1174.34,9400,2053
1175.63,9626,2103
1176.91,9852,2149
1178.20,10049,2188
1179.49,10247,2230
1180.78,10436,2269
1182.07,10629,2310
1183.36,10829,2351
1184.65,10991,2385
1185.94,11098,2408
1187.23,11254,2441
1188.52,11382,2466
1189.80,11539,2498
1191.09,11668,2526
1192.38,11796,2552
1193.67,11907,2575
1194.96,11975,2589
1196.25,12053,2605
1197.54,12090,2614
1198.83,12166,2630
1200.12,12190,2633
1201.41,12240,2645
1202.70,12244,2646
1203.98,12267,2650
1205.27,12249,2647
1206.56,12218,2641
1207.85,12190,2636
1209.14,12160,2629
1210.43,12120,2621
1211.72,12039,2603
1213.01,11958,2587
1214.30,11866,2567
1215.59,11791,2552
1216.88,11670,2527
1218.16,11573,2506
1219.45,11436,2476
1220.74,11274,2444
1222.03,11164,2421
1223.32,10995,2385
1224.61,10791,2342
1225.90,10623,2307
1227.19,10403,2262
1228.48,10215,2222
1229.77,10043,2188
1231.05,9847,2147
1232.34,9642,2104
1233.63,9408,2055
1234.92,9176,2009
1236.21,8929,1957
1237.50,8687,1906
1238.79,8418,1852
1240.08,8182,1801
1241.37,7911,1746
1242.66,7633,1687
1243.95,7381,1637
1245.23,7117,1582
1246.52,6853,1527
1247.81,6600,1474
1249.10,6316,1416
1250.39,6043,1360
1251.68,5765,1303
1252.97,5511,1250
1254.26,5226,1190
1255.55,4958,1135
1256.84,4724,1087
1258.13,4463,1034
1259.41,4185,976
1260.70,3928,923
1261.99,3691,874
1263.28,3477,832
1264.57,3218,778
1265.86,2996,732
1267.15,2756,683
1268.44,2528,636
1269.73,2315,592
1271.02,2106,550
1272.30,1903,507
1273.59,1715,469
1274.88,1546,435
1276.17,1370,398
1277.46,1219,367
1278.75,1086,340
1280.04,954,313
1281.33,833,287
1282.62,730,267
1283.91,644,249
1285.20,554,231
1286.48,479,216
1287.77,428,205
1289.06,376,194
1290.35,339,187
1291.64,320,183
1292.93,307,180
1294.22,304,178
1295.51,316,182
1296.80,337,186
1298.09,371,193
1299.38,415,202
1300.66,455,210
1301.95,521,223
1303.24,589,237
1304.53,673,254
1305.82,756,272
1307.11,868,295
1308.40,986,319
1309.69,1115,346
1310.98,1249,373
1312.27,1418,407
1313.55,1584,442
1314.84,1731,472
1316.13,1897,506
1317.42,2074,542
1318.71,2284,585
1320.00,2493,629
1321.29,2690,670
1322.58,2938,721
1323.87,3143,763
1325.16,3365,809
1326.45,3591,855
1327.73,3849,907
1329.02,4085,956
1330.31,4357,1013
1331.60,4587,1060
1332.89,4857,1115
1334.18,5126,1171
1335.47,5356,1217
1336.76,5590,1265
1338.05,5836,1317
1339.34,6153,1382
1340.63,6397,1432
1341.91,6677,1491
1343.20,6957,1550
1344.49,7210,1600
1345.78,7444,1649
1347.07,7742,1710
1348.36,8015,1767
1349.65,8253,1817
1350.94,8469,1860
1352.23,8786,1927
1353.52,9038,1978
1354.80,9276,2030
1356.09,9490,2073
1357.38,9688,2114
1358.67,9848,2146
1359.96,10017,2179
1361.25,10346,2250
1362.54,10510,2284
1363.83,10694,2321
1365.12,10895,2365
1366.41,11003,2387
1367.70,11173,2424
1368.98,11361,2461
1370.27,11478,2486
1371.56,11588,2509
1372.85,11672,2528
1374.14,11774,2548
1375.43,11906,2574
1376.72,11985,2590
1378.01,12045,2604
1379.30,12094,2611
1380.59,12085,2610
1381.88,12172,2628
1383.16,12198,2634
1384.45,12187,2633
1385.74,12174,2630
1387.03,12166,2628
1388.32,12137,2622
1389.61,12091,2612
1390.90,12038,2601
1392.19,11945,2581
1393.48,11858,2564
1394.77,11760,2543
1396.05,11629,2515
1397.34,11507,2490
1398.63,11399,2466
1399.92,11268,2440
1401.21,11119,2409
1402.50,10959,2377
1403.79,10794,2339
1405.08,10580,2296
1406.37,10389,2256
1407.66,10352,2251
1408.95,10125,2204
1410.23,9959,2169
1411.52,9774,2131
1412.81,9555,2085
1414.10,9322,2037
1415.39,9079,1984
1416.68,8859,1941
1417.97,8572,1881
1419.26,8345,1834
1420.55,8074,1778
1421.84,7854,1733
1423.13,7541,1667
1424.41,7377,1634
1425.70,7153,1587
1426.99,6862,1529
1428.28,6626,1479
1429.57,6341,1420
1430.86,6060,1363
1432.15,5823,1314
1433.44,5570,1263
1434.73,5298,1205
1436.02,5011,1146
1437.30,4777,1099
1438.59,4514,1044
1439.88,4217,983
1441.17,3978,933
switching colors
1442.46,7150,395
1443.75,6658,367
1445.04,6177,340
1446.33,5664,314
1447.62,5271,292
1448.91,4792,266
1450.20,4355,242
1451.48,3943,220
1452.77,3538,198
1454.06,3162,178
1455.35,2801,158
1456.64,2455,140
1457.93,2152,123
1459.22,1871,108
1460.51,1582,93
1461.80,1323,79
1463.09,1094,67
1464.38,901,56
1465.66,703,45
1466.95,548,37
1468.24,426,31
1469.53,323,25
1470.82,235,20
1472.11,178,17
1473.40,143,16
1474.69,138,15
1475.98,158,16
1477.27,206,19
1478.55,273,23
1479.84,370,27
1481.13,494,34
1482.42,680,44
1483.71,825,52
1485.00,1024,62
1486.29,1254,75
1487.58,1532,90
1488.87,1794,104
1490.16,2074,118
1491.45,2407,137
1492.73,2792,158
1494.02,3090,174
1495.31,3470,195
1496.60,3855,215
1497.89,4373,244
1499.18,4704,261
1500.47,5130,284
1501.76,5535,306
1503.05,5985,331
1504.34,6372,352
1505.63,6838,377
1506.91,7375,406
1508.20,7803,430
1509.49,8315,459
1510.78,8872,488
1512.07,9356,515
1513.36,9862,542
1514.65,10497,577
1515.94,10950,602
1517.23,11420,628
1518.52,12004,660
1519.80,12595,692
1521.09,13096,719
1522.38,13630,749
1523.67,14232,782
1524.96,14759,810
1526.25,15245,838
1527.54,15744,865
1528.83,16304,895
1530.12,16768,922
1531.41,17287,950
1532.70,17758,977
1533.98,18247,1003
1535.27,18714,1029
1536.56,19251,1058
1537.85,19612,1078
1539.14,20040,1102
1540.43,20426,1124
1541.72,20797,1145
1543.01,21180,1166
1544.30,21540,1185
1545.59,21893,1206
1546.88,22178,1221
1548.16,22502,1239
1549.45,22805,1256
1550.74,23053,1270
1552.03,23297,1283
1553.32,23533,1296
1554.61,23728,1306
1555.90,23894,1316
1557.19,24084,1325
1558.48,24203,1332
1559.77,24268,1336
1561.05,24359,1341
1562.34,24421,1345
1563.63,24463,1347
1564.92,24450,1345
1566.21,24448,1345
1567.50,24390,1342
1568.79,24295,1337
1570.08,24201,1331
1571.37,24078,1326
1572.66,23906,1316
1573.95,23771,1308
1575.23,23590,1298
1576.52,23345,1284
1577.81,23148,1273
1579.10,22843,1257
1580.39,22567,1242
1581.68,22257,1224
1582.97,21958,1208
1584.26,21553,1185
1585.55,21169,1164
1586.84,20788,1142
1588.13,20383,1120
1589.41,19902,1093
1590.70,19429,1067
1591.99,18988,1043
1593.28,18487,1015
1594.57,17993,988
1595.86,17479,960
1597.15,16982,931
1598.44,16401,900
1599.73,15973,876
1601.02,15445,848
1602.30,14906,817
1603.59,14352,787
1604.88,13783,756
1606.17,13216,725
1607.46,12713,699
1608.75,12305,675
1610.04,11848,650
1611.33,11188,614
1612.62,10721,589
1613.91,10186,558
1615.20,9697,533
1616.48,9109,500
1617.77,8745,481
1619.06,8226,453
1620.35,7682,423
1621.64,7184,396
1622.93,6813,374
1624.22,6316,349
1625.51,5819,321
1626.80,5377,298
1628.09,4946,275
1629.38,4508,250
1630.66,4127,230
1631.95,3734,209
1633.24,3371,189
1634.53,3013,170
1635.82,2711,154
1637.11,2353,135
1638.40,2068,119
1639.69,1804,105
1640.98,1506,89
1642.27,1278,76
1643.55,1058,65
1644.84,883,55
1646.13,706,45
1647.42,535,36
1648.71,428,31
1650.00,306,24
1651.29,231,20
1652.58,171,17
1653.87,143,15
1655.16,137,15
1656.45,156,16
1657.73,202,18
1659.02,275,23
1660.31,366,27
1661.60,498,34
1662.89,651,42
1664.18,812,51
1665.47,1004,62
1666.76,1217,73
1668.05,1470,86
1669.34,1718,100
1670.63,1966,113
1671.91,2285,130
1673.20,2633,149
1674.49,2983,168
1675.78,3335,187
1677.07,3733,208
1678.36,4145,231
1679.65,4516,251
1680.94,4964,275
1682.23,5428,300
1683.52,5881,325
1684.80,6379,352
1686.09,6896,381
1687.38,7436,410
1688.67,7930,437
1689.96,8493,467
1691.25,9045,498
1692.54,9564,526
1693.83,10177,559
1695.12,10756,592
1696.41,11316,622
1697.70,11901,654
1698.98,12524,688
1700.27,13043,718
1701.56,13587,747
1702.85,14193,780
1704.14,14743,810
1705.43,15243,837
1706.72,15749,865
1708.01,16319,897
1709.30,16924,931
1710.59,17316,952
1711.88,17805,979
1713.16,18329,1009
1714.45,18806,1034
1715.74,19193,1056
1717.03,19603,1079
1718.32,20011,1101
1719.61,20409,1123
1720.90,20769,1144
1722.19,21233,1169
1723.48,21529,1184
1724.77,21864,1203
1726.05,22190,1223
1727.34,22464,1237
1728.63,22783,1254
1729.92,23047,1270
1731.21,23339,1285
1732.50,23572,1298
1733.79,23738,1306
1735.08,23935,1317
1736.37,24099,1328
1737.66,24207,1333
1738.95,24350,1340
1740.23,24445,1347
1741.52,24495,1350
1742.81,24526,1350
1744.10,24571,1352
1745.39,24595,1353
1746.68,24588,1353
1747.97,24488,1349
1749.26,24465,1346
1750.55,24368,1340
1751.84,24201,1333
1753.13,24032,1323
1754.41,23893,1314
1755.70,23721,1305
1756.99,23511,1292
1758.28,23248,1278
1759.57,23020,1266
1760.86,22735,1250
1762.15,22425,1233
1763.44,22122,1215
1764.73,21785,1197
1766.02,21360,1173
1767.30,20959,1151
1768.59,20578,1131
1769.88,20147,1106
1771.17,19714,1082
1772.46,19275,1057
1773.75,18838,1033
1775.04,18391,1009
1776.33,17921,982
1777.62,17409,954
1778.91,16880,925
1780.20,16348,896
1781.48,15811,865
1782.77,15256,837
1784.06,14752,809
1785.35,14232,780
1786.64,13645,749
1787.93,13100,718
1789.22,12594,690
1790.51,11968,656
1791.80,11387,624
1793.09,10834,593
1794.38,10305,564
1795.66,9683,531
1796.95,9108,499
1798.24,8607,472
1799.53,8056,441
1800.82,7487,412
1802.11,6968,383
1803.40,6456,355
1804.69,5923,327
1805.98,5460,302
1807.27,5005,276
1808.55,4555,253
1809.84,4140,231
1811.13,3756,210
1812.42,3370,190
1813.71,2986,168
1815.00,2633,149
1816.29,2295,131
1817.58,2017,116
1818.87,1740,102
1820.16,1529,90
1821.45,1307,78
1822.73,1094,66
1824.02,873,55
1825.31,734,47
1826.60,559,38
1827.89,427,31
1829.18,319,25
1830.47,255,21
1831.76,192,18
1833.05,150,16
1834.34,138,15
1835.63,144,16
1836.91,177,17
1838.20,243,20
1839.49,325,25
1840.78,428,30
1842.07,549,36
1843.36,697,45
1844.65,883,54
1845.94,1075,65
1847.23,1263,75
1848.52,1536,90
1849.80,1765,102
1851.09,2038,117
1852.38,2368,135
1853.67,2686,152
1854.96,3038,171
1856.25,3298,185
1857.54,3697,207
1858.83,4093,228
1860.12,4526,251
1861.41,4996,277
1862.70,5446,302
1863.98,5943,329
1865.27,6349,351
1866.56,6882,380
1867.85,7356,405
1869.14,7909,435
1870.43,8427,465
1871.72,8949,492
1873.01,9496,522
1874.30,10056,553
1875.59,10622,583
1876.88,11152,614
1878.16,11694,644
1879.45,12298,676
1880.74,12826,704
1882.03,13285,730
1883.32,13846,760
1884.61,14440,793
1885.90,14966,822
1887.19,15489,851
1888.48,16008,880
1889.77,16476,904
1891.05,16938,931
1892.34,17428,958
1893.63,17901,984
1894.92,18387,1012
1896.21,18896,1039
1897.50,19424,1069
1898.79,19898,1094
1900.08,20385,1121
1901.37,20796,1145
1902.66,21219,1168
1903.95,21578,1187
1905.23,21962,1209
1906.52,22310,1228
1907.81,22628,1246
1909.10,22921,1262
1910.39,23211,1279
1911.68,23429,1290
1912.97,23619,1302
1914.26,23784,1310
1915.55,23954,1320
1916.84,24120,1329
1918.13,24223,1336
1919.41,24290,1339
1920.70,24381,1342
1921.99,24418,1345
1923.28,24431,1346
1924.57,24416,1346
1925.86,24379,1344
1927.15,24348,1341
1928.44,24240,1334
1929.73,24197,1333
1931.02,24091,1328
1932.30,23935,1318
1933.59,23773,1310
1934.88,23622,1300
1936.17,23420,1289
1937.46,23188,1275
1938.75,22944,1262
1940.04,22691,1248
1941.33,22392,1232
1942.62,22092,1214
1943.91,21744,1196
1945.20,21402,1176
1946.48,20964,1152
1947.77,20657,1135
1949.06,20293,1115
1950.35,19823,1090
1951.64,19403,1065
1952.93,18989,1043
1954.22,18610,1022
1955.51,18098,994
1956.80,17555,964
1958.09,17171,943
1959.38,16558,908
1960.66,16187,888
1961.95,15547,853
1963.24,15049,826
1964.53,14566,799
1965.82,14009,768
1967.11,13379,734
1968.40,12848,704
1969.69,12335,675
1970.98,11758,645
1972.27,11199,614
1973.55,10682,586
1974.84,10134,556
1976.13,9597,526
1977.42,9028,496
1978.71,8504,468
1980.00,7970,439
1981.29,7443,410
1982.58,6929,381
1983.87,6457,357
1985.16,5981,331
1986.45,5519,305
1987.73,5098,282
1989.02,4645,258
1990.31,4209,235
1991.60,3809,213
1992.89,3405,191
1994.18,3036,171
1995.47,2713,154
1996.76,2400,137
1998.05,2081,120
1999.34,1804,104
2000.63,1546,91
2001.91,1280,77
2003.20,1031,63
2004.49,839,53
2005.78,665,43
2007.07,505,35
2008.36,379,28
2009.65,282,22
2010.94,207,19
2012.23,158,16
2013.52,138,15
2014.80,147,16
2016.09,182,17
2017.38,243,21
2018.67,324,25
2019.96,437,31
2021.25,589,38
2022.54,720,46
2023.83,915,57
2025.12,1114,68
2026.41,1339,79
2027.70,1575,92
2028.98,1833,106
2030.27,2129,122
2031.56,2397,137
2032.85,2750,156
2034.14,3061,172
2035.43,3422,191
2036.72,3817,213
2038.01,4207,235
2039.30,4644,258
2040.59,5018,279
2041.88,5438,301
2043.16,5915,328
2044.45,6266,346
2045.74,6780,375
2047.03,7244,400
2048.32,7726,426
2049.61,8303,458
2050.90,8840,488
2052.19,9276,511
2053.48,9774,538
2054.77,10417,572
2056.05,11013,606
2057.34,11444,630
2058.63,11971,657
2059.92,12590,693
2061.21,13120,721
2062.50,13562,746
2063.79,14205,781
2065.08,14684,807
2066.37,15169,833
2067.66,15733,865
2068.95,16243,894
2070.23,16786,922
2071.52,17200,946
2072.81,17696,974
2074.10,18234,1004
2075.39,18695,1029
2076.68,19125,1053
2077.97,19558,1076
2079.26,19999,1101
2080.55,20465,1126
2081.84,20844,1147
2083.12,21228,1169
2084.41,21630,1191
2085.70,21969,1209
2086.99,22329,1228
2088.28,22595,1244
2089.57,22900,1260
2090.86,23207,1277
2092.15,23430,1289
2093.44,23592,1299
2094.73,23800,1310
2096.02,24011,1322
2097.30,24149,1330
2098.59,24274,1337
2099.88,24412,1344
2101.17,24439,1346
2102.46,24479,1346
2103.75,24539,1350
2105.04,24484,1348
2106.33,24373,1343
2107.62,24393,1344
2108.91,24365,1343
2110.20,24196,1334
2111.48,24090,1327
2112.77,23887,1317
2114.06,23702,1306
2115.35,23474,1294
2116.64,23337,1285
2117.93,23132,1273
2119.22,22860,1258
2120.51,22556,1240
2121.80,22198,1220
2123.09,21882,1202
2124.37,21562,1185
2125.66,21166,1162
2126.95,20706,1138
2128.24,20392,1119
2129.53,19912,1093
2130.82,19484,1069
2132.11,18996,1042
2133.40,18544,1018
2134.69,18065,991
2135.98,17607,965
2137.27,17081,937
2138.55,16738,917
2139.84,16270,891
2141.13,15734,862
2142.42,15172,833
2143.71,14663,804
2145.00,14160,776
2146.29,13656,749
2147.58,13074,717
2148.87,12581,689
2150.16,12122,664
2151.45,11574,635
2152.73,10948,600
2154.02,10434,573
2155.31,9911,544
2156.60,9328,512
2157.89,8816,484
2159.18,8340,458
2160.47,7850,432
2161.76,7333,404
2163.05,6880,379
2164.34,6447,355
2165.62,5988,331
2166.91,5499,303
2168.20,5081,282
2169.49,4663,259
2170.78,4287,239
2172.07,3852,215
2173.36,3502,197
2174.65,3132,176
2175.94,2761,156
2177.23,2478,141
2178.52,2049,118
2179.80,1817,106
2181.09,1580,92
2182.38,1306,78
2183.67,1057,64
2184.96,846,53
2186.25,688,45
2187.54,532,36
2188.83,398,29
2190.12,298,24
2191.41,219,20
2192.70,163,16
2193.98,140,15
2195.27,141,15
2196.56,165,16
2197.85,216,20
2199.14,285,23
2200.43,397,29
2201.72,516,35
2203.01,671,43
2204.30,856,54
2205.59,1052,64
2206.87,1261,75
2208.16,1499,88
2209.45,1781,103
2210.74,2062,118
2212.03,2352,134
2213.32,2715,154
2214.61,3120,175
2215.90,3455,193
2217.19,3857,215
2218.48,4274,238
2219.77,4714,262
2221.05,5158,286
2222.34,5644,313
2223.63,6140,340
2224.92,6625,366
2226.21,7160,395
2227.50,7711,424
2228.79,8219,453
2230.08,8740,481
2231.37,9277,511
2232.66,9811,540
2233.95,10311,567
2235.23,10901,600
2236.52,11450,629
2237.81,12042,662
2239.10,12557,689
2240.39,13131,722
2241.68,13579,747
2242.97,14125,776
2244.26,14591,801
2245.55,15165,833
2246.84,15601,857
2248.12,16133,887
2249.41,16678,917
2250.70,17197,945
2251.99,17568,966
2253.28,18092,994
2254.57,18570,1021
2255.86,19050,1048
2257.15,19399,1067
2258.44,19799,1090
2259.73,20237,1114
2261.02,20670,1138
2262.30,21061,1159
2263.59,21440,1181
2264.88,21700,1196
2266.17,22098,1217
2267.46,22377,1233
2268.75,22684,1251
2270.04,22942,1263
2271.33,23183,1277
2272.62,23408,1290
2273.91,23621,1302
2275.20,23792,1311
2276.48,23967,1321
2277.77,24121,1329
2279.06,24206,1334
2280.35,24262,1337
2281.64,24368,1342
2282.93,24386,1344
2284.22,24413,1345
2285.51,24418,1345
2286.80,24334,1340
2288.09,24316,1339
2289.37,24245,1336
2290.66,24139,1329
2291.95,23998,1322
2293.24,23858,1314
2294.53,23683,1303
2295.82,23464,1291
2297.11,23257,1281
2298.40,23021,1267
2299.69,22738,1251
2300.98,22436,1235
2302.27,22116,1217
2303.55,21816,1200
2304.84,21475,1180
2306.13,21087,1160
2307.42,20676,1137
2308.71,20288,1115
2310.00,19873,1092
2311.29,19400,1066
2312.58,18989,1043
2313.87,18564,1021
2315.16,18071,993
2316.45,17574,964
2317.73,17116,939
2319.02,16577,909
2320.31,16019,879
2321.60,15491,849
2322.89,14927,819
2324.18,14382,789
2325.47,13818,757
2326.76,13255,727
2328.05,12642,694
2329.34,12079,663
2330.62,11558,634
2331.91,10933,601
2333.20,10342,568
2334.49,9810,539
2335.78,9292,510
2337.07,8708,478
2338.36,8152,449
2339.65,7676,422
2340.94,7193,396
2342.23,6649,366
2343.52,6202,342
2344.80,5725,316
2346.09,5287,293
2347.38,4873,270
2348.67,4481,249
2349.96,4078,227
2351.25,3728,208
2352.54,3388,190
2353.83,3002,169
2355.12,2688,152
2356.41,2338,133
2357.70,2104,121
2358.98,1794,104
2360.27,1578,92
2361.56,1327,79
2362.85,1115,68
2364.14,915,57
2365.43,739,47
2366.72,591,39
2368.01,442,31
2369.30,323,25
2370.59,255,21
2371.87,194,18
2373.16,154,16
2374.45,137,15
2375.74,142,15
2377.03,172,16
2378.32,227,20
2379.61,323,25
2380.90,407,29
2382.19,538,36
2383.48,661,43
2384.77,852,53
2386.05,1040,63
2387.34,1243,74
2388.63,1485,87
2389.92,1785,103
2391.21,2075,119
2392.50,2397,136
2393.79,2730,154
2395.08,3105,175
2396.37,3435,193
2397.66,3808,212
2398.95,4237,236
2400.23,4692,259
2401.52,5107,283
2402.81,5577,309
2404.10,6078,336
2405.39,6527,361
2406.68,7023,388
2407.97,7538,415
2409.26,8035,444
2410.55,8558,471
2411.84,9078,499
2413.12,9628,530
2414.41,10178,559
2415.70,10744,590
2416.99,11272,620
2418.28,11750,647
2419.57,12313,676
2420.86,12867,708
2422.15,13394,736
2423.44,13927,766
2424.73,14529,799
2426.02,15106,831
2427.30,15632,860
2428.59,16220,891
2429.88,16698,920
2431.17,17303,952
2432.46,17800,979
2433.75,18310,1008
2435.04,18879,1039
2436.33,19332,1063
2437.62,19829,1091
2438.91,20269,1117
2440.20,20714,1140
2441.48,21129,1162
2442.77,21489,1183
2444.06,21851,1203
2445.35,22183,1222
2446.64,22527,1240
2447.93,22807,1255
2449.22,23081,1271
2450.51,23292,1283
2451.80,23519,1296
2453.09,23708,1306
2454.37,23843,1314
2455.66,24030,1324
2456.95,24165,1332
2458.24,24285,1338
2459.53,24411,1344
2460.82,24457,1347
2462.11,24507,1349
2463.40,24532,1351
2464.69,24550,1351
2465.98,24560,1352
2467.27,24515,1350
2468.55,24449,1346
2469.84,24342,1340
2471.13,24236,1334
2472.42,24134,1329
2473.71,23903,1315
2475.00,23765,1308
2476.29,23604,1298
2477.58,23311,1283
2478.87,23058,1268
2480.16,22838,1256
2481.45,22576,1242
2482.73,22275,1224
2484.02,21870,1202
2485.31,21541,1184
2486.60,21185,1164
2487.89,20758,1140
2489.18,20408,1120
2490.47,19988,1097
2491.76,19552,1074
2493.05,19092,1047
2494.34,18674,1025
2495.62,18188,997
2496.91,17674,969
2498.20,17169,942
2499.49,16677,915
2500.78,16134,884
2502.07,15673,858
2503.36,15103,828
2504.65,14528,796
2505.94,14009,767
2507.23,13416,735
2508.52,12843,704
2509.80,12259,672
2511.09,11777,645
2512.38,11196,614
2513.67,10643,584
2514.96,10099,553
2516.25,9589,525
2517.54,9023,496
2518.83,8473,465
2520.12,7960,437
2521.41,7436,409
2522.70,6933,381
2523.98,6480,357
2525.27,5986,331
2526.56,5520,305
2527.85,5056,280
2529.14,4599,254
2530.43,4190,233
2531.72,3760,210
2533.01,3391,190
2534.30,2994,168
2535.59,2659,151
2536.87,2332,133
2538.16,1997,115
2539.45,1686,98
2540.74,1408,83
2542.03,1197,72
2543.32,950,59
2544.61,752,48
2545.90,598,40
2547.19,460,32
2548.48,335,26
2549.77,250,21
2551.05,191,18
2552.34,149,16
2553.63,136,15
2554.92,147,16
2556.21,179,17
2557.50,238,20
2558.79,314,25
2560.08,420,30
2561.37,521,36
2562.66,664,43
2563.95,819,51
2565.23,1043,64
2566.52,1247,74
2567.81,1470,86
2569.10,1713,99
2570.39,2008,115
2571.68,2322,132
2572.97,2607,148
2574.26,2961,167
2575.55,3317,186
2576.84,3701,207
2578.12,4070,227
2579.41,4516,251
2580.70,5020,278
2581.99,5349,296
2583.28,5775,320
2584.57,6279,346
2585.86,6687,369
2587.15,7200,397
2588.44,7673,423
2589.73,8166,450
2591.02,8763,483
2592.30,9272,511
2593.59,9728,534
2594.88,10234,563
2596.17,10875,597
2597.46,11400,627
2598.75,11875,652
2600.04,12481,686
2601.33,13037,716
2602.62,13592,746
2603.91,14093,774
2605.20,14647,805
2606.48,15188,834
2607.77,15658,861
2609.06,16256,893
2610.35,16780,923
2611.64,17309,951
2612.93,17786,978
2614.22,18267,1004
2615.51,18716,1029
2616.80,19206,1056
2618.09,19604,1079
2619.37,20082,1104
2620.66,20456,1126
2621.95,20870,1148
2623.24,21244,1169
2624.53,21598,1189
2625.82,21933,1208
2627.11,22262,1226
2628.40,22545,1241
2629.69,22794,1255
2630.98,23035,1269
2632.27,23301,1284
2633.55,23528,1297
2634.84,23681,1305
2636.13,23881,1317
2637.42,24061,1326
2638.71,24172,1332
2640.00,24263,1336
2641.29,24330,1341
2642.58,24398,1344
2643.87,24414,1345
2645.16,24385,1343
2646.45,24374,1342
2647.73,24280,1338
2649.02,24181,1331
2650.31,24061,1326
2651.60,23889,1315
2652.89,23730,1308
2654.18,23535,1296
2655.47,23326,1284
2656.76,23129,1273
2658.05,22820,1256
2659.34,22591,1242
2660.62,22361,1230
2661.91,21997,1210
2663.20,21648,1191
2664.49,21367,1175
2665.78,21052,1156
2667.07,20682,1137
2668.36,20297,1114
2669.65,19964,1097
2670.94,19407,1065
2672.23,19051,1046
2673.52,18604,1021
2674.80,18133,995
2676.09,17711,972
2677.38,17278,949
2678.67,16781,921
2679.96,16254,892
2681.25,15721,862
2682.54,15267,837
2683.83,14699,806
2685.12,14093,773
2686.41,13639,748
2687.70,13108,718
2688.98,12539,688
2690.27,12020,660
2691.56,11557,635
2692.85,11009,605
2694.14,10474,576
2695.43,9923,545
2696.72,9404,517
2698.01,8861,487
2699.30,8342,458
2700.59,7768,426
2701.87,7379,406
2703.16,6835,376
2704.45,6333,350
2705.74,5832,323
2707.03,5346,296
2708.32,4900,271
2709.61,4457,248
2710.90,4105,229
2712.19,3714,208
2713.48,3325,187
2714.77,2959,167
2716.05,2608,148
2717.34,2282,130
2718.63,1977,114
2719.92,1686,99
2721.21,1423,84
2722.50,1198,72
2723.79,982,61
2725.08,789,50
2726.37,633,42
2727.66,494,34
2728.95,366,27
2730.23,271,22
2731.52,203,19
2732.81,158,16
2734.10,137,15
2735.39,142,16
2736.68,170,17
2737.97,226,20
2739.26,305,23
2740.55,414,30
2741.84,547,37
2743.12,705,45
2744.41,885,55
2745.70,1112,67
2746.99,1339,79
2748.28,1585,93
2749.57,1876,108
2750.86,2213,127
2752.15,2520,143
2753.44,2871,162
2754.73,3275,184
2756.02,3675,206
2757.30,4047,226
2758.59,4466,248
2759.88,4937,274
2761.17,5394,299
2762.46,5836,323
2763.75,6288,348
2765.04,6821,377
2766.33,7291,403
2767.62,7799,430
2768.91,8321,458
2770.20,8793,484
2771.48,9243,509
2772.77,9761,537
2774.06,10324,568
2775.35,10839,595
2776.64,11432,628
2777.93,11882,653
2779.22,12448,684
2780.51,12920,710
2781.80,13429,737
2783.09,13958,767
2784.37,14474,795
2785.66,15048,827
2786.95,15589,858
2788.24,16123,886
2789.53,16607,913
2790.82,17095,941
2792.11,17633,969
2793.40,18087,995
2794.69,18520,1019
2795.98,18970,1044
2797.27,19428,1068
2798.55,19841,1091
2799.84,20294,1117
2801.13,20690,1138
2802.42,21101,1161
2803.71,21427,1180
2805.00,21766,1199
2806.29,22070,1214
2807.58,22427,1235
2808.87,22729,1252
2810.16,22963,1265
2811.45,23204,1277
2812.73,23491,1294
2814.02,23682,1305
2815.31,23849,1313
2816.60,24000,1322
2817.89,24158,1329
2819.18,24283,1337
2820.47,24396,1343
2821.76,24488,1349
2823.05,24498,1349
2824.34,24540,1352
2825.62,24501,1349
2826.91,24526,1350
2828.20,24443,1346
2829.49,24382,1343
2830.78,24249,1335
2832.07,24143,1329
2833.36,23957,1319
2834.65,23794,1309
2835.94,23647,1300
2837.23,23390,1287
2838.52,23154,1275
2839.80,22859,1256
2841.09,22588,1242
2842.38,22267,1225
2843.67,21822,1201
2844.96,21574,1186
2846.25,21168,1164
2847.54,20775,1142
2848.83,20318,1116
2850.12,19865,1091
2851.41,19440,1067
2852.70,18938,1040
2853.98,18473,1014
2855.27,17965,986
2856.56,17438,956
2857.85,16919,927
2859.14,16385,900
2860.43,15818,867
2861.72,15292,838
2863.01,14789,809
2864.30,14199,777
2865.59,13603,746
2866.87,13144,721
2868.16,12602,690
2869.45,12006,659
2870.74,11399,624
2872.03,10889,596
2873.32,10422,571
2874.61,9789,536
2875.90,9453,518
2877.19,8917,489
2878.48,8430,463
2879.77,7874,433
2881.05,7430,409
2882.34,6979,385
switching colors
2883.63,3035,70
2884.92,2835,66
2886.21,2617,61
2887.50,2437,57
2888.79,2241,54
2890.08,2032,49
2891.37,1851,46
2892.66,1651,41
2893.95,1489,38
2895.23,1337,35
2896.52,1170,32
2897.81,1023,29
2899.10,890,26
2900.39,769,24
2901.68,658,22
2902.97,565,19
2904.26,473,18
2905.55,373,16
2906.84,305,14
2908.12,235,13
2909.41,186,12
2910.70,139,11
2911.99,110,10
2913.28,91,10
2914.57,79,10
2915.86,79,9
2917.15,93,10
2918.44,118,11
2919.73,152,11
2921.02,203,12
2922.30,265,13
2923.59,331,14
2924.88,418,16
2926.17,520,18
2927.46,633,21
2928.75,740,23
2930.04,869,25
2931.33,1015,28
2932.62,1172,32
2933.91,1319,35
2935.20,1486,38
2936.48,1668,41
2937.77,1835,45
2939.06,2032,49
2940.35,2239,54
2941.64,2447,57
2942.93,2656,62
2944.22,2876,66
2945.51,3099,70
2946.80,3304,74
2948.09,3550,80
2949.37,3793,85
2950.66,4035,89
2951.95,4299,95
2953.24,4560,100
2954.53,4830,106
2955.82,5093,111
2957.11,5376,117
2958.40,5650,123
2959.69,5899,127
2960.98,6180,133
2962.27,6461,139
2963.55,6737,144
2964.84,7005,150
2966.13,7274,155
2967.42,7527,160
2968.71,7756,165
2970.00,8002,169
2971.29,8245,175
2972.58,8459,179
2973.87,8693,184
2975.16,8913,188
2976.45,9139,193
2977.73,9347,198
2979.02,9542,202
2980.31,9704,204
2981.60,9860,207
2982.89,10042,212
2984.18,10187,214
2985.47,10386,218
2986.76,10483,221
2988.05,10635,224
2989.34,10749,226
2990.62,10852,227
2991.91,10963,231
2993.20,11087,233
2994.49,11151,234
2995.78,11213,235
2997.07,11306,238
2998.36,11368,238
2999.65,11376,239
3000.94,11433,241
3002.23,11447,241
3003.52,11465,241
3004.80,11475,241
3006.09,11468,241
3007.38,11448,240
3008.67,11412,239
3009.96,11365,239
3011.25,11316,238
3012.54,11243,236
3013.83,11174,235
3015.12,11091,232
3016.41,11003,231
3017.70,10898,229
3018.98,10761,226
3020.27,10657,223
3021.56,10510,221
3022.85,10355,218
3024.14,10169,214
3025.43,10016,212
3026.72,9869,208
3028.01,9669,205
3029.30,9476,200
3030.59,9297,197
3031.87,9084,192
3033.16,8855,187
3034.45,8618,183
3035.74,8402,179
3037.03,8169,173
3038.32,7919,169
3039.61,7685,164
3040.90,7448,159
3042.19,7207,154
3043.48,6969,149
3044.77,6710,144
3046.05,6447,138
3047.34,6192,133
3048.63,5935,127
3049.92,5665,123
3051.21,5417,118
3052.50,5192,113
3053.79,4926,108
3055.08,4667,102
3056.37,4425,97
3057.66,4163,92
3058.95,3896,87
3060.23,3651,81
3061.52,3420,76
3062.81,3169,72
3064.10,2927,66
3065.39,2707,63
3066.68,2472,58
3067.97,2260,53
3069.26,2047,49
3070.55,1845,45
3071.84,1648,41
3073.12,1473,37
3074.41,1310,35
3075.70,1145,31
3076.99,1003,28
3078.28,882,26
3079.57,751,23
3080.86,626,21
3082.15,523,18
3083.44,431,17
3084.73,331,14
3086.02,273,13
3087.30,220,13
3088.59,168,11
3089.88,134,11
3091.17,102,10
3092.46,85,10
3093.75,77,9
3095.04,82,10
3096.33,97,10
3097.62,113,10
3098.91,146,11
3100.20,197,12
3101.48,242,13
3102.77,312,14
3104.06,388,16
3105.35,470,17
3106.64,576,19
3107.93,680,22
3109.22,799,24
3110.51,920,26
3111.80,1074,29
3113.09,1209,32
3114.37,1363,35
3115.66,1521,39
3116.95,1699,41
3118.24,1875,45
3119.53,2121,51
3120.82,2277,53
3122.11,2481,58
3123.40,2666,62
3124.69,2893,66
3125.98,3119,71
3127.27,3356,76
3128.55,3614,81
3129.84,3865,85
3131.13,4100,91
3132.42,4343,96
3133.71,4608,100
3135.00,4826,105
3136.29,5077,110
3137.58,5332,116
3138.87,5601,121
3140.16,5861,126
3141.45,6126,131
3142.73,6396,138
3144.02,6641,142
3145.31,6885,147
3146.60,7140,152
3147.89,7378,157
3149.18,7615,162
3150.47,7862,167
3151.76,8119,172
3153.05,8356,178
3154.34,8583,182
3155.62,8803,186
3156.91,9010,190
3158.20,9209,194
3159.49,9387,198
3160.78,9588,202
3162.07,9785,206
3163.36,9997,211
3164.65,10165,214
3165.94,10315,217
3167.23,10466,221
3168.52,10662,224
3169.80,10795,227
3171.09,10920,230
3172.38,11030,232
3173.67,11157,234
3174.96,11244,236
3176.25,11327,238
3177.54,11398,239
3178.83,11442,240
3180.12,11475,241
3181.41,11503,241
3182.70,11520,242
3183.98,11528,242
3185.27,11514,242
3186.56,11480,241
3187.85,11449,240
3189.14,11403,239
3190.43,11352,238
3191.72,11285,237
3193.01,11227,235
3194.30,11151,234
3195.59,11045,232
3196.87,10952,230
3198.16,10836,227
3199.45,10707,225
3200.74,10570,222
3202.03,10450,220
3203.32,10295,217
3204.61,10138,214
3205.90,9977,210
3207.19,9807,206
3208.48,9627,203
3209.77,9430,199
3211.05,9254,195
3212.34,9040,192
3213.63,8809,187
3214.92,8589,181
3216.21,8397,178
3217.50,8139,173
3218.79,7933,169
3220.08,7677,163
3221.37,7461,159
3222.66,7226,154
3223.95,6958,149
3225.23,6694,144
3226.52,6457,138
3227.81,6224,134
3229.10,5970,129
3230.39,5684,122
3231.68,5457,118
3232.97,5181,113
3234.26,4931,108
3235.55,4626,102
3236.84,4410,97
3238.12,4190,93
3239.41,3927,87
3240.70,3683,82
3241.99,3452,78
3243.28,3219,73
3244.57,2962,68
3245.86,2739,63
3247.15,2519,59
3248.44,2304,54
3249.73,2100,50
3251.02,1904,46
3252.30,1722,43
3253.59,1547,39
3254.88,1382,36
3256.17,1210,33
3257.46,1060,30
3258.75,922,27
3260.04,786,24
3261.33,664,21
3262.62,559,19
3263.91,458,17
3265.20,373,15
3266.48,292,14
3267.77,233,12
3269.06,178,11
3270.35,131,10
3271.64,102,10
3272.93,84,10
3274.22,77,9
3275.51,84,10
3276.80,101,10
3278.09,132,11
3279.37,175,11
3280.66,230,12
3281.95,312,14
3283.24,390,16
3284.53,480,18
3285.82,576,19
3287.11,704,22
3288.40,820,24
3289.69,934,27
3290.98,1092,30
3292.27,1243,33
3293.55,1392,36
3294.84,1549,38
3296.13,1750,43
3297.42,1927,47
3298.71,2070,50
3300.00,2257,53
3301.29,2486,58
3302.58,2667,61
3303.87,2884,66
3305.16,3100,71
3306.45,3316,75
3307.73,3573,80
3309.02,3779,84
3310.31,4070,90
3311.60,4267,94
3312.89,4536,100
3314.18,4762,104
3315.47,5022,109
3316.76,5271,115
3318.05,5561,120
3319.34,5781,125
3320.62,6043,130
3321.91,6286,135
3323.20,6551,140
3324.49,6792,146
3325.78,7059,151
3327.07,7269,155
3328.36,7569,161
3329.65,7819,166
3330.94,8010,170
3332.23,8243,174
3333.52,8474,180
3334.80,8719,185
3336.09,8922,188
3337.38,9117,192
3338.67,9315,196
3339.96,9514,201
3341.25,9712,205
3342.54,9875,208
3343.83,10049,212
3345.12,10215,215
3346.41,10374,218
3347.70,10531,221
3348.98,10665,223
3350.27,10799,227
3351.56,10907,229
3352.85,11025,231
3354.14,11126,234
3355.43,11201,235
3356.72,11275,237
3358.01,11332,238
3359.30,11398,239
3360.59,11424,240
3361.87,11448,240
3363.16,11472,241
3364.45,11484,241
3365.74,11477,241
3367.03,11452,240
3368.32,11423,240
3369.61,11385,239
3370.90,11341,238
3372.19,11282,237
3373.48,11202,235
3374.77,11113,233
3376.05,11002,231
3377.34,10892,229
3378.63,10759,226
3379.92,10653,224
3381.21,10501,221
3382.50,10330,217
3383.79,10144,213
3385.08,9967,210
3386.37,9786,207
3387.66,9599,202
3388.95,9369,198
3390.23,9160,194
3391.52,8955,189
3392.81,8741,185
3394.10,8499,180
3395.39,8293,177
3396.68,8046,171
3397.97,7807,166
3399.26,7561,161
3400.55,7319,156
3401.84,7088,151
3403.12,6846,146
3404.41,6643,143
3405.70,6380,137
3406.99,6150,132
3408.28,5913,127
3409.57,5671,122
3410.86,5425,117
3412.15,5121,112
3413.44,4953,108
3414.73,4706,103
3416.02,4443,98
3417.30,4219,93
3418.59,3992,89
3419.88,3745,84
3421.17,3499,78
3422.46,3248,74
3423.75,3041,69
3425.04,2821,65
3426.33,2615,60
3427.62,2432,57
3428.91,2220,53
3430.20,2043,49
3431.48,1837,45
3432.77,1679,42
3434.06,1488,38
3435.35,1341,35
3436.64,1169,32
3437.93,1039,29
3439.22,920,26
3440.51,782,24
3441.80,657,22
3443.09,545,19
3444.37,462,17
3445.66,357,15
3446.95,288,14
3448.24,229,12
3449.53,170,11
3450.82,133,10
3452.11,101,10
3453.40,84,10
3454.69,77,9
3455.98,83,9
3457.27,102,10
3458.55,130,10
3459.84,172,11
3461.13,225,12
3462.42,292,14
3463.71,363,15
3465.00,450,17
3466.29,539,19
3467.58,655,21
3468.87,775,23
3470.16,899,26
3471.45,1045,29
3472.73,1189,32
3474.02,1339,34
3475.31,1496,38
3476.60,1683,42
3477.89,1867,46
3479.18,2043,49
3480.47,2256,54
3481.76,2491,58
3483.05,2707,62
3484.34,2942,67
3485.62,3184,72
3486.91,3441,77
3488.20,3674,82
3489.49,3940,87
3490.78,4195,93
3492.07,4449,98
3493.36,4748,104
3494.65,5006,110
3495.94,5242,114
3497.23,5494,119
3498.52,5782,125
3499.80,6029,130
3501.09,6254,135
3502.38,6525,140
3503.67,6802,146
3504.96,7046,151
3506.25,7271,155
3507.54,7553,161
3508.83,7767,165
3510.12,8026,171
3511.41,8196,174
3512.70,8437,179
3513.98,8684,184
3515.27,8846,187
3516.56,9064,192
3517.85,9301,197
3519.14,9438,199
3520.43,9635,203
3521.72,9807,207
3523.01,9974,210
3524.30,10132,213
3525.59,10305,217
3526.87,10432,219
3528.16,10595,224
3529.45,10728,226
3530.74,10845,228
3532.03,10949,230
3533.32,11063,233
3534.61,11158,235
3535.90,11218,236
3537.19,11299,238
3538.48,11363,238
3539.77,11423,239
3541.05,11463,241
3542.34,11478,241
3543.63,11502,242
3544.92,11517,242
3546.21,11510,241
3547.50,11486,241
3548.79,11461,241
3550.08,11421,240
3551.37,11375,238
3552.66,11302,237
3553.95,11244,237
3555.23,11161,233
3556.52,11060,233
3557.81,10947,230
3559.10,10840,228
3560.39,10708,226
3561.68,10565,223
3562.97,10422,219
3564.26,10253,216
3565.55,10068,212
3566.84,9904,209
3568.12,9729,205
3569.41,9531,201
3570.70,9338,197
3571.99,9153,194
3573.28,8931,189
3574.57,8704,184
3575.86,8480,180
3577.15,8241,174
3578.44,8003,170
3579.73,7776,165
3581.02,7532,160
3582.30,7281,155
3583.59,7032,150
3584.88,6787,145
3586.17,6501,140
3587.46,6230,134
3588.75,5964,128
3590.04,5693,123
3591.33,5417,117
3592.62,5153,112
3593.91,4900,106
3595.20,4600,101
3596.48,4336,95
3597.77,4087,91
3599.06,3813,84
3600.35,3548,79
3601.64,3303,75
3602.93,3092,71
3604.22,2807,65
3605.51,2615,61
3606.80,2401,56
3608.09,2209,52
3609.37,2019,49
3610.66,1821,45
3611.95,1599,40
3613.24,1465,37
3614.53,1324,35
3615.82,1193,32
3617.11,1032,29
3618.40,901,26
3619.69,794,24
3620.98,683,22
3622.27,568,19
3623.55,476,18
3624.84,390,16
3626.13,313,14
3627.42,249,13
3628.71,194,12
3630.00,151,11
3631.29,114,10
3632.58,89,10
3633.87,79,9
3635.16,79,9
3636.45,90,10
3637.73,113,10
3639.02,144,11
3640.31,189,12
3641.60,237,13
3642.89,300,14
3644.18,385,16
3645.47,463,17
3646.76,562,20
3648.05,672,21
3649.34,785,24
3650.62,902,25
3651.91,1037,29
3653.20,1186,31
3654.49,1335,35
3655.78,1485,38
3657.07,1677,41
3658.36,1888,46
3659.65,2075,50
3660.94,2251,53
3662.23,2474,58
3663.52,2709,62
3664.80,2928,67
3666.09,3167,72
3667.38,3403,76
3668.67,3656,82
3669.96,3896,87
3671.25,4144,92
3672.54,4381,96
3673.83,4639,101
3675.12,4890,107
3676.41,5134,112
3677.70,5380,117
3678.98,5642,122
3680.27,5910,128
3681.56,6154,132
3682.85,6424,137
3684.14,6670,143
3685.43,6898,148
3686.72,7138,152
3688.01,7402,158
3689.30,7640,162
3690.59,7880,167
3691.87,8133,173
3693.16,8392,178
3694.45,8630,182
3695.74,8880,188
3697.03,9107,191
3698.32,9336,197
3699.61,9570,202
3700.90,9770,206
3702.19,9957,210
3703.48,10127,213
3704.77,10315,217
3706.05,10475,220
3707.34,10608,223
3708.63,10733,225
3709.92,10864,228
3711.21,10967,231
3712.50,11075,233
3713.79,11158,234
3715.08,11251,236
3716.37,11316,238
3717.66,11371,239
3718.95,11404,239
3720.23,11456,240
3721.52,11460,240
3722.81,11475,240
3724.10,11494,241
3725.39,11477,241
3726.68,11462,241
3727.97,11431,240
3729.26,11380,239
3730.55,11331,238
3731.84,11287,237
3733.12,11211,236
3734.41,11128,233
3735.70,11032,232
3736.99,10932,229
3738.28,10817,227
3739.57,10702,225
3740.86,10559,223
3742.15,10424,219
3743.44,10271,217
3744.73,10103,213
3746.02,9926,210
3747.30,9786,207
3748.59,9631,204
3749.88,9415,199
3751.17,9204,194
3752.46,8990,190
3753.75,8795,186
3755.04,8586,182
3756.33,8345,177
3757.62,8119,173
3758.91,7902,169
3760.20,7636,162
3761.48,7391,158
3762.77,7128,153
3764.06,6871,147
3765.35,6631,143
3766.64,6389,138
3767.93,6115,131
3769.22,5872,127
3770.51,5623,122
3771.80,5340,116
3773.09,5094,110
3774.37,4843,106
3775.66,4567,100
3776.95,4310,95
3778.24,4072,90
3779.53,3827,85
3780.82,3580,81
3782.11,3359,76
3783.40,3133,72
3784.69,2911,66
3785.98,2678,62
3787.27,2460,58
3788.55,2251,54
3789.84,2061,50
3791.13,1882,46
3792.42,1692,42
3793.71,1516,39
3795.00,1350,36
3796.29,1197,32
3797.58,1040,29
3798.87,893,26
3800.16,768,24
3801.45,636,21
3802.73,528,19
3804.02,431,17
3805.31,343,15
3806.60,264,13
3807.89,203,12
3809.18,153,11
3810.47,115,10
3811.76,90,10
3813.05,79,10
3814.34,79,10
3815.62,92,10
3816.91,119,10
3818.20,152,11
3819.49,198,12
3820.78,258,13
3822.07,316,14
3823.36,406,16
3824.65,503,17
3825.94,581,20
3827.23,674,22
3828.52,808,24
3829.80,928,26
3831.09,1045,29
3832.38,1196,32
3833.67,1378,36
3834.96,1517,38
3836.25,1669,42
3837.54,1843,45
3838.83,2032,49
3840.12,2225,53
3841.41,2416,56
3842.70,2637,60
3843.98,2873,66
3845.27,3041,69
3846.56,3284,75
3847.85,3522,79
3849.14,3760,84
3850.43,3967,88
3851.72,4240,94
3853.01,4466,98
3854.30,4725,103
3855.59,4967,109
3856.87,5241,114
3858.16,5504,119
3859.45,5773,125
3860.74,5974,129
3862.03,6221,134
3863.32,6499,139
3864.61,6744,144
3865.90,6991,149
3867.19,7217,154
3868.48,7501,160
3869.77,7765,165
3871.05,7967,169
3872.34,8196,174
3873.63,8434,179
3874.92,8646,183
3876.21,8863,187
3877.50,9070,192
3878.79,9309,197
3880.08,9506,201
3881.37,9712,205
3882.66,9895,208
3883.95,10079,212
3885.23,10248,216
3886.52,10406,220
3887.81,10540,222
3889.10,10675,224
3890.39,10819,228
3891.68,10943,230
3892.97,11035,231
3894.26,11148,234
3895.55,11229,236
3896.84,11291,237
3898.12,11365,238
3899.41,11429,240
3900.70,11447,240
3901.99,11483,241
3903.28,11502,242
3904.57,11511,241
3905.86,11491,241
3907.15,11493,241
3908.44,11451,240
3909.73,11417,239
3911.02,11367,238
3912.30,11288,237
3913.59,11215,235
3914.88,11131,234
3916.17,11010,231
3917.46,10899,229
3918.75,10783,226
3920.04,10632,224
3921.33,10495,221
3922.62,10338,217
3923.91,10190,215
3925.20,10000,210
3926.48,9800,206
3927.77,9636,203
3929.06,9419,199
3930.35,9230,195
3931.64,9027,191
3932.93,8851,187
3934.22,8590,181
3935.51,8386,178
3936.80,8194,173
3938.09,7938,168
3939.37,7750,165
3940.66,7465,159
3941.95,7267,155
3943.24,7003,149
3944.53,6804,146
3945.82,6555,141
3947.11,6262,134
3948.40,6026,129
3949.69,5795,124
3950.98,5512,119
3952.27,5238,114
3953.55,5016,110
3954.84,4788,104
3956.13,4529,99
3957.42,4279,94
3958.71,4027,89
3960.00,3820,85
3961.29,3590,80
3962.58,3343,75
3963.87,3120,71
3965.16,2871,66
3966.45,2686,62
3967.73,2485,58
3969.02,2305,54
3970.31,2091,50
3971.60,1901,46
3972.89,1701,42
3974.18,1510,39
3975.47,1341,35
3976.76,1200,32
3978.05,1034,29
3979.34,902,26
3980.62,782,24
3981.91,652,22
3983.20,532,19
3984.49,432,16
3985.78,357,15
3987.07,275,13
3988.36,210,12
3989.65,162,11
3990.94,125,10
3992.23,97,10
3993.52,81,10
3994.80,77,9
3996.09,85,10
3997.38,107,10
3998.67,138,10
3999.96,183,12
4001.25,238,12
4002.54,304,14
4003.83,380,15
4005.12,473,17
4006.41,567,19
4007.70,675,21
4008.98,807,24
4010.27,939,26
4011.56,1080,30
4012.85,1245,33
4014.14,1409,37
4015.43,1575,39
4016.72,1755,43
4018.01,1965,47
4019.30,2171,51
4020.59,2381,56
4021.87,2615,60
4023.16,2849,65
4024.45,3073,70
4025.74,3296,74
4027.03,3537,80
4028.32,3780,84
4029.61,4023,89
4030.90,4264,94
4032.19,4513,99
4033.48,4774,104
4034.77,5033,110
4036.05,5347,116
4037.34,5500,119
4038.63,5746,124
4039.92,5992,129
4041.21,6255,135
4042.50,6473,139
4043.79,6764,145
4045.08,6992,150
4046.37,7261,155
4047.66,7445,159
4048.95,7724,165
4050.23,7931,169
4051.52,8131,173
4052.81,8367,177
4054.10,8613,183
4055.39,8842,187
4056.68,9038,191
4057.97,9237,195
4059.26,9448,200
4060.55,9637,202
4061.84,9812,207
4063.12,10000,211
4064.41,10144,213
4065.70,10317,217
4066.99,10469,220
4068.28,10616,224
4069.57,10748,226
4070.86,10876,228
4072.15,10975,230
4073.44,11081,233
4074.73,11161,235
4076.02,11247,236
4077.30,11315,238
4078.59,11353,239
4079.88,11400,239
4081.17,11454,241
4082.46,11463,241
4083.75,11484,241
4085.04,11500,241
4086.33,11491,241
4087.62,11462,241
4088.91,11415,240
4090.20,11377,239
4091.48,11318,238
4092.77,11229,236
4094.06,11164,235
4095.35,11074,233
4096.64,10964,231
4097.93,10854,228
4099.22,10725,226
4100.51,10608,223
4101.80,10460,220
4103.09,10319,217
4104.37,10142,214
4105.66,9965,211
4106.95,9802,207
4108.24,9642,203
4109.53,9442,200
4110.82,9226,195
4112.11,9022,191
4113.40,8814,187
4114.69,8573,181
4115.98,8326,177
4117.27,8106,172
4118.55,7851,167
4119.84,7607,162
4121.13,7355,157
4122.42,7074,151
4123.71,6802,146
4125.00,6543,141
4126.29,6280,135
4127.58,5977,129
4128.87,5721,123
4130.16,5479,118
4131.45,5211,113
4132.73,4928,107
4134.02,4696,103
4135.31,4468,98
4136.60,4199,93
4137.89,3926,87
4139.18,3696,83
4140.47,3456,78
4141.76,3229,73
4143.05,3053,69
4144.34,2852,66
4145.62,2638,61
4146.91,2439,57
4148.20,2210,52
4149.49,2040,49
4150.78,1866,46
4152.07,1705,42
4153.36,1534,39
4154.65,1348,34
4155.94,1197,32
4157.23,1062,29
4158.52,935,27
4159.80,790,23
4161.09,701,22
4162.38,579,20
4163.67,471,17
4164.96,388,15
4166.25,315,15
4167.54,250,13
4168.83,190,11
4170.12,149,11
4171.41,117,10
4172.70,93,10
4173.98,79,9
4175.27,78,9
4176.56,89,10
4177.85,106,10
4179.14,140,11
4180.43,182,12
4181.72,235,12
4183.01,295,14
4184.30,400,16
4185.59,475,17
4186.87,564,19
4188.16,681,22
4189.45,810,24
4190.74,945,26
4192.03,1073,30
4193.32,1225,33
4194.61,1406,36
4195.90,1568,39
4197.19,1748,43
4198.48,1949,47
4199.77,2151,51
4201.05,2341,55
4202.34,2550,59
4203.63,2775,64
4204.92,2975,68
4206.21,3209,72
4207.50,3449,78
4208.79,3691,83
4210.08,3932,88
4211.37,4181,92
4212.66,4425,98
4213.95,4656,102
4215.23,4913,107
4216.52,5177,112
4217.81,5431,118
4219.10,5707,123
4220.39,5978,128
4221.68,6247,134
4222.97,6501,140
4224.26,6795,145
4225.55,7071,151
4226.84,7317,156
4228.12,7583,162
4229.41,7854,167
4230.70,8113,172
4231.99,8329,177
4233.28,8591,182
4234.57,8811,187
4235.86,9025,190
4237.15,9265,196
4238.44,9456,199
4239.73,9625,203
4241.02,9833,207
4242.30,9994,210
4243.59,10192,215
4244.88,10312,217
4246.17,10500,221
4247.46,10624,223
4248.75,10746,226
4250.04,10841,228
4251.33,10948,230
4252.62,11076,232
4253.91,11164,235
4255.20,11235,236
4256.48,11318,238
4257.77,11363,239
4259.06,11411,240
4260.35,11453,241
4261.64,11481,241
4262.93,11493,242
4264.22,11507,242
4265.51,11507,242
4266.80,11490,241
4268.09,11474,240
4269.37,11442,240
4270.66,11389,239
4271.95,11335,238
4273.24,11263,237
4274.53,11197,235
4275.82,11107,234
4277.11,10993,231
4278.40,10895,229
4279.69,10777,227
4280.98,10634,224
4282.27,10486,220
4283.55,10339,217
4284.84,10195,215
4286.13,10024,211
4287.42,9851,208
4288.71,9677,204
4290.00,9475,200
4291.29,9268,196
4292.58,9057,192
4293.87,8852,187
4295.16,8629,182
4296.45,8399,178
4297.73,8175,173
4299.02,7934,168
4300.31,7681,163
4301.60,7425,158
4302.89,7171,153
4304.18,6911,147
4305.47,6653,142
4306.76,6399,137
4308.05,6131,131
4309.34,5882,127
4310.62,5650,122
4311.91,5373,116
4313.20,5103,111
4314.49,4839,105
4315.78,4586,100
4317.07,4322,95
4318.36,4075,90
4319.65,3849,86
4320.94,3606,80
4322.23,3350,75
4323.52,3127,71
switching colors
