
1.29,13112,3134
2.58,12771,3064
3.87,12481,3004
5.16,12188,2949
6.45,11905,2898
7.73,11639,2857
9.02,11409,2841
10.31,11154,2793
11.60,10841,2725
12.89,10471,2643
14.18,10144,2573
15.47,9832,2506
16.76,9458,2427
18.05,9117,2354
19.34,8818,2291
20.62,8449,2211
21.91,8099,2139
23.20,7824,2082
24.49,7432,1998
25.78,7125,1933
27.07,6805,1867
28.36,6470,1797
29.65,6193,1740
30.94,5899,1677
32.23,5593,1615
33.52,5261,1546
34.80,4965,1487
36.09,4678,1426
37.38,4418,1370
38.67,4144,1313
39.96,3882,1259
41.25,3674,1215
42.54,3409,1161
43.83,3212,1121
45.12,3007,1079
46.41,2745,1027
47.70,2648,1006
48.98,2471,971
50.27,2314,938
51.56,2154,905
52.85,2036,881
54.14,1921,858
55.43,1825,837
56.72,1728,817
58.01,1643,800
59.30,1575,785
60.59,1513,772
61.88,1469,762
63.16,1443,757
64.45,1426,752
65.74,1423,752
67.03,1432,753
68.32,1461,759
69.61,1500,768
70.90,1559,779
72.19,1627,793
73.48,1731,814
74.77,1816,832
76.05,1922,854
77.34,2039,877
78.63,2174,905
79.92,2334,938
81.21,2481,968
82.50,2633,1000
83.79,2845,1044
85.08,3059,1087
86.37,3262,1127
87.66,3458,1167
88.95,3678,1213
90.23,3889,1255
91.52,4151,1308
92.81,4375,1355
94.10,4638,1409
95.39,4972,1476
96.68,5254,1534
97.97,5530,1591
99.26,5856,1658
100.55,6130,1715
101.84,6493,1790
103.12,6774,1849
104.41,7089,1914
105.70,7472,1992
106.99,7813,2063
108.28,8102,2123
109.57,8503,2206
110.86,8869,2284
112.15,9160,2344
113.44,9496,2413
114.73,9867,2491
116.02,10131,2545
117.30,10522,2625
118.59,10810,2687
119.88,11136,2754
121.17,11460,2821
122.46,11776,2886
123.75,12058,2945
125.04,12314,2998
126.33,12618,3062
127.62,12839,3106
128.91,13071,3155
130.20,13353,3213
131.48,13619,3269
132.77,13880,3321
134.06,14035,3356
135.35,14256,3401
136.64,14467,3445
137.93,14660,3486
139.22,14817,3517
140.51,15004,3558
141.80,15180,3594
143.09,15287,3617
144.38,15415,3643
145.66,15545,3672
146.95,15612,3687
148.24,15680,3703
149.53,15772,3722
150.82,15805,3730
152.11,15847,3738
153.40,15852,3739
154.69,15861,3741
155.98,15840,3736
157.27,15830,3733
158.55,15784,3722
159.84,15743,3713
161.13,15664,3697
162.42,15601,3683
163.71,15503,3660
165.00,15395,3639
166.29,15258,3611
167.58,15106,3579
168.87,14990,3551
170.16,14802,3513
171.45,14626,3474
172.73,14426,3433
174.02,14240,3390
175.31,14058,3354
176.60,13874,3316
177.89,13676,3275
179.18,13440,3226
180.47,13205,3175
181.76,12951,3122
183.05,12710,3072
184.34,12454,3019
185.63,12173,2961
186.91,11865,2896
188.20,11630,2848
189.49,11299,2778
190.78,11031,2721
192.07,10701,2653
193.36,10404,2591
194.65,10103,2527
195.94,9823,2469
197.23,9463,2395
198.52,9183,2336
199.80,8843,2266
201.09,8535,2202
202.38,8165,2125
203.67,7826,2055
204.96,7530,1993
206.25,7173,1920
207.54,6837,1850
208.83,6536,1787
210.12,6223,1722
211.41,5902,1656
212.70,5542,1583
213.98,5260,1524
215.27,4934,1457
216.56,4662,1401
217.85,4397,1346
219.14,4095,1283
220.43,3845,1232
221.72,3653,1192
223.01,3413,1143
224.30,3165,1092
225.59,2951,1049
226.88,2759,1009
228.16,2549,965
229.45,2350,924
230.74,2235,902
232.03,2091,872
233.32,1953,844
234.61,1820,816
235.90,1714,794
237.19,1608,773
238.48,1537,759
239.77,1467,745
241.05,1426,737
242.34,1396,730
243.63,1377,728
244.92,1375,727
246.21,1389,732
247.50,1416,738
248.79,1464,748
250.08,1526,762
251.37,1595,775
252.66,1675,793
253.95,1784,815
255.23,1901,838
256.52,2024,863
257.81,2161,891
259.10,2295,918
260.39,2479,955
261.68,2627,985
262.97,2855,1032
264.26,3026,1068
265.55,3230,1109
266.84,3412,1147
268.13,3645,1196
269.41,3910,1250
270.70,4158,1301
271.99,4443,1361
273.28,4660,1405
274.57,4898,1453
275.86,5181,1513
277.15,5464,1571
278.44,5769,1634
279.73,6043,1691
281.02,6361,1757
282.30,6679,1822
283.59,6951,1879
284.88,7314,1955
286.17,7627,2020
287.46,7931,2084
288.75,8280,2156
290.04,8621,2227
291.33,8893,2284
292.62,9209,2349
293.91,9520,2415
295.20,9855,2485
296.48,10176,2551
297.77,10462,2611
299.06,10753,2672
300.35,11096,2745
301.64,11367,2802
302.93,11658,2862
304.22,11939,2921
305.51,12250,2986
306.80,12520,3041
308.09,12835,3109
309.38,13110,3167
310.66,13359,3218
311.95,13614,3271
313.24,13832,3318
314.53,14038,3361
315.82,14297,3414
317.11,14482,3455
318.40,14682,3495
319.69,14859,3532
320.98,15034,3566
322.27,15215,3605
323.55,15325,3629
324.84,15440,3652
326.13,15567,3679
327.42,15651,3696
328.71,15742,3718
330.00,15804,3730
331.29,15852,3741
332.58,15898,3753
333.87,15910,3756
335.16,15924,3760
336.45,15893,3754
337.73,15868,3750
339.02,15832,3741
340.31,15773,3731
341.60,15702,3714
342.89,15620,3696
344.18,15493,3669
345.47,15398,3649
346.76,15251,3618
348.05,15123,3592
349.34,14963,3556
350.63,14807,3524
351.91,14584,3477
353.20,14408,3441
354.49,14192,3396
355.78,13962,3347
357.07,13729,3300
358.36,13470,3246
359.65,13262,3202
360.94,12977,3141
362.23,12739,3089
363.52,12480,3035
364.80,12173,2970
366.09,11907,2913
367.38,11606,2851
368.67,11309,2789
369.96,10997,2724
371.25,10751,2672
372.54,10429,2604
373.83,10123,2541
375.12,9826,2478
376.41,9501,2410
377.70,9196,2346
378.98,8877,2280
380.27,8587,2219
381.56,8285,2157
382.85,7936,2085
384.14,7602,2015
385.43,7313,1956
386.72,7017,1894
388.01,6704,1828
389.30,6366,1759
390.59,6056,1694
391.88,5765,1634
393.16,5498,1579
394.45,5224,1521
395.74,4912,1457
397.03,4645,1402
398.32,4404,1352
399.61,4122,1294
400.90,3895,1248
402.19,3670,1202
403.48,3428,1153
404.77,3216,1109
406.05,3012,1068
407.34,2842,1032
408.63,2638,991
409.92,2464,955
411.21,2314,924
412.50,2157,893
413.79,2004,861
415.08,1877,834
416.37,1778,814
417.66,1680,794
418.95,1594,776
420.23,1510,760
421.52,1466,750
422.81,1422,742
424.10,1396,735
425.39,1386,733
426.68,1394,734
427.97,1417,738
429.26,1453,745
430.55,1508,755
431.84,1578,770
433.13,1651,785
434.41,1750,804
435.70,1912,837
436.99,2000,856
438.28,2131,881
439.57,2308,918
440.86,2470,951
442.15,2631,984
443.44,2861,1032
444.73,3064,1074
446.02,3270,1116
447.30,3497,1163
448.59,3727,1210
449.88,3992,1265
451.17,4285,1326
452.46,4518,1375
453.75,4803,1434
455.04,5069,1490
456.33,5390,1557
457.62,5690,1620
458.91,5996,1684
460.20,6393,1767
461.48,6684,1829
462.77,7010,1896
464.06,7282,1952
465.35,7631,2023
466.64,8059,2113
467.93,8296,2161
469.22,8576,2218
470.51,8922,2291
471.80,9236,2354
473.09,9563,2422
474.38,9854,2483
475.66,10175,2550
476.95,10461,2609
478.24,10754,2669
479.53,11075,2735
480.82,11304,2784
482.11,11628,2851
483.40,11954,2921
484.69,12223,2976
485.98,12452,3025
487.27,12730,3082
488.55,12991,3138
489.84,13237,3189
491.13,13486,3243
492.42,13732,3293
493.71,13957,3342
495.00,14133,3378
496.29,14387,3433
497.58,14582,3474
498.87,14748,3506
500.16,14940,3547
501.45,15079,3576
502.73,15226,3607
504.02,15335,3635
505.31,15465,3660
506.60,15569,3683
507.89,15677,3705
509.18,15734,3718
510.47,15801,3731
511.76,15841,3739
513.05,15892,3750
514.34,15912,3754
515.63,15927,3758
516.91,15910,3752
518.20,15894,3750
519.49,15851,3742
520.78,15814,3733
522.07,15728,3717
523.36,15658,3703
524.65,15560,3683
525.94,15438,3655
527.23,15296,3628
528.52,15120,3590
529.80,14956,3553
531.09,14767,3515
532.38,14535,3463
533.67,14350,3425
534.96,14202,3393
536.25,14009,3353
537.54,13782,3305
538.83,13518,3251
540.12,13258,3196
541.41,13001,3139
542.70,12778,3094
543.98,12472,3030
545.27,12175,2966
546.56,11919,2914
547.85,11641,2859
549.14,11333,2794
550.43,10994,2726
551.72,10715,2669
553.01,10402,2603
554.30,9974,2514
555.59,9735,2464
556.88,9362,2390
558.16,9078,2331
559.45,8731,2260
560.74,8396,2190
562.03,8070,2120
563.32,7708,2046
564.61,7360,1971
565.90,7023,1901
567.19,6709,1836
568.48,6351,1761
569.77,6068,1702
571.05,5755,1637
572.34,5460,1575
573.63,5196,1518
574.92,4831,1444
576.21,4631,1401
577.50,4384,1350
578.79,4104,1293
580.08,3827,1234
581.37,3634,1194
582.66,3440,1152
583.95,3207,1104
585.23,2984,1056
586.52,2815,1022
587.81,2637,985
589.10,2452,946
590.39,2291,913
591.68,2155,886
592.97,2016,858
594.26,1892,835
595.55,1786,812
596.84,1691,793
598.13,1600,776
599.41,1538,764
600.70,1477,752
601.99,1435,742
603.28,1400,736
604.57,1387,733
605.86,1387,733
607.15,1401,736
608.44,1424,741
609.73,1469,751
611.02,1521,761
612.30,1601,778
613.59,1669,791
614.88,1771,812
616.17,1885,835
617.46,1990,856
618.75,2107,880
620.04,2263,911
621.33,2423,942
622.62,2578,974
623.91,2773,1014
625.20,2993,1058
626.48,3211,1102
627.77,3400,1140
629.06,3672,1194
630.35,3912,1243
631.64,4157,1293
632.93,4464,1355
634.22,4754,1414
635.51,5003,1465
636.80,5340,1534
638.09,5694,1608
639.38,5937,1657
640.66,6253,1723
641.95,6653,1805
643.24,6899,1856
644.53,7197,1916
645.82,7570,1994
647.11,7919,2066
648.40,8250,2135
649.69,8652,2220
650.98,8912,2272
652.27,9263,2345
653.55,9550,2404
654.84,9878,2471
656.13,10212,2540
657.42,10522,2605
658.71,10898,2683
660.00,11197,2746
661.29,11500,2809
662.58,11857,2885
663.87,12120,2939
665.16,12393,2995
666.45,12677,3056
667.73,12945,3111
669.02,13222,3170
670.31,13477,3221
671.60,13762,3281
672.89,14013,3334
674.18,14230,3381
675.47,14419,3420
676.76,14588,3455
678.05,14823,3504
679.34,14926,3525
680.63,15089,3561
681.91,15224,3589
683.20,15395,3622
684.49,15472,3638
685.78,15579,3660
687.07,15658,3677
688.36,15738,3695
689.65,15791,3704
690.94,15843,3718
692.23,15868,3721
693.52,15893,3727
694.80,15895,3727
696.09,15885,3727
697.38,15855,3720
698.67,15838,3715
699.96,15784,3705
701.25,15735,3696
702.54,15654,3680
703.83,15569,3662
705.12,15467,3642
706.41,15369,3622
707.70,15214,3590
708.98,15067,3556
710.27,14940,3532
711.56,14776,3497
712.85,14549,3449
714.14,14388,3414
715.43,14198,3373
716.72,13997,3329
718.01,13719,3270
719.30,13503,3226
720.59,13259,3173
721.88,13000,3119
723.16,12756,3068
724.45,12514,3017
725.74,12167,2946
727.03,11942,2898
728.32,11685,2845
729.61,11342,2772
730.90,11022,2706
732.19,10754,2650
733.48,10415,2580
734.77,10083,2510
736.05,9770,2444
737.34,9453,2379
738.63,9095,2303
739.92,8738,2230
741.21,8412,2161
742.50,8048,2086
743.79,7672,2006
745.08,7364,1944
746.37,7020,1870
747.66,6695,1804
748.95,6373,1737
750.23,6042,1667
751.52,5770,1610
752.81,5457,1546
754.10,5155,1484
755.39,4823,1415
756.68,4563,1361
757.97,4296,1305
759.26,4042,1252
760.55,3775,1197
761.84,3533,1147
763.13,3305,1101
764.41,3086,1054
765.70,2858,1007
766.99,2622,959
768.28,2453,924
769.57,2296,892
770.86,2138,859
772.15,1988,828
773.44,1861,803
774.73,1734,776
776.02,1620,755
777.30,1534,736
778.59,1452,720
779.88,1397,707
781.17,1351,700
782.46,1323,695
783.75,1309,693
785.04,1307,691
786.33,1318,694
787.62,1348,699
788.91,1383,706
790.20,1442,718
791.48,1512,731
792.77,1602,750
794.06,1670,765
795.35,1783,787
796.64,1903,811
797.93,2017,833
799.22,2168,864
800.51,2346,901
801.80,2504,933
803.09,2693,973
804.38,2896,1015
805.66,3118,1060
806.95,3377,1115
808.24,3559,1154
809.53,3753,1193
810.82,4001,1244
812.11,4274,1300
813.40,4550,1357
814.69,4816,1413
815.98,5081,1468
817.27,5376,1530
818.55,5657,1588
819.84,5973,1653
821.13,6289,1717
822.42,6584,1779
823.71,6882,1840
825.00,7186,1903
826.29,7514,1972
827.58,7838,2036
828.87,8167,2105
830.16,8450,2162
831.45,8840,2243
832.73,9096,2296
834.02,9385,2356
835.31,9740,2429
836.60,10127,2509
837.89,10442,2574
839.18,10743,2638
840.47,11004,2691
841.76,11356,2767
843.05,11665,2829
844.34,11939,2888
845.63,12269,2955
846.91,12587,3022
848.20,12870,3081
849.49,13156,3140
850.78,13400,3190
852.07,13628,3238
853.36,13897,3297
854.65,14087,3335
855.94,14305,3382
857.23,14520,3424
858.52,14730,3469
859.80,14891,3504
861.09,15071,3540
862.38,15217,3571
863.67,15317,3593
864.96,15434,3617
866.25,15553,3644
867.54,15625,3658
868.83,15704,3674
870.12,15797,3694
871.41,15837,3703
872.70,15858,3706
873.98,15890,3714
875.27,15872,3708
876.56,15854,3704
877.85,15811,3694
879.14,15777,3684
880.43,15698,3668
881.72,15615,3647
883.01,15527,3628
884.30,15384,3598
885.59,15276,3572
886.88,15153,3547
888.16,14983,3511
889.45,14777,3468
890.74,14608,3432
892.03,14418,3392
893.32,14219,3351
894.61,14012,3309
895.90,13844,3271
897.19,13650,3233
898.48,13463,3193
899.77,13215,3140
901.05,12962,3090
902.34,12753,3044
903.63,12475,2984
904.92,12171,2921
906.21,11869,2857
907.50,11613,2805
908.79,11321,2743
910.08,11047,2687
911.37,10733,2620
912.66,10449,2561
913.95,10136,2495
915.23,9795,2423
916.52,9490,2361
917.81,9184,2296
919.10,8784,2214
920.39,8484,2150
921.68,8175,2086
922.97,7852,2019
924.26,7514,1950
925.55,7198,1883
926.84,6919,1826
928.13,6581,1754
929.41,6258,1688
930.70,5967,1628
931.99,5635,1559
933.28,5366,1503
934.57,5104,1449
935.86,4828,1392
937.15,4533,1331
938.44,4275,1277
939.73,3995,1220
941.02,3710,1161
942.30,3510,1119
943.59,3289,1073
944.88,3062,1027
946.17,2814,976
947.46,2625,937
948.75,2422,895
950.04,2263,861
951.33,2073,823
952.62,1937,793
953.91,1797,766
955.20,1660,737
956.48,1551,714
957.77,1450,694
959.06,1382,680
960.35,1314,665
961.64,1267,656
962.93,1234,650
964.22,1218,646
965.51,1216,645
966.80,1236,650
968.09,1259,653
969.38,1301,664
970.66,1353,674
971.95,1429,689
973.24,1521,708
974.53,1606,726
975.82,1736,752
977.11,1878,780
978.40,2016,809
979.69,2200,848
980.98,2352,879
982.27,2569,922
983.55,2782,967
984.84,2956,1002
986.13,3194,1052
987.42,3429,1101
988.71,3728,1162
990.00,3977,1213
991.29,4261,1273
992.58,4510,1323
993.87,4775,1378
995.16,5060,1437
996.45,5328,1493
997.73,5662,1562
999.02,5958,1622
1000.31,6236,1681
1001.60,6573,1751
1002.89,6891,1815
1004.18,7179,1877
1005.47,7492,1942
1006.76,7771,1998
1008.05,8158,2081
1009.34,8382,2125
1010.63,8738,2199
1011.91,9092,2272
1013.20,9414,2341
1014.49,9702,2400
1015.78,10009,2461
1017.07,10304,2525
1018.36,10621,2589
1019.65,10985,2665
1020.94,11222,2717
1022.23,11505,2775
1023.52,11823,2842
1024.80,12129,2907
1026.09,12391,2960
1027.38,12653,3014
1028.67,12906,3068
1029.96,13200,3127
1031.25,13398,3170
1032.54,13638,3219
1033.83,13897,3273
1035.12,14098,3312
1036.41,14326,3362
1037.70,14481,3394
1038.98,14692,3440
1040.27,14818,3467
1041.56,14967,3497
1042.85,15126,3531
1044.14,15290,3564
1045.43,15377,3582
1046.72,15519,3610
1048.01,15570,3621
1049.30,15674,3644
1050.59,15729,3655
1051.88,15767,3663
1053.16,15801,3672
1054.45,15825,3676
1055.74,15818,3674
1057.03,15807,3673
1058.32,15776,3663
1059.61,15730,3653
1060.90,15666,3642
1062.19,15601,3627
1063.48,15516,3609
1064.77,15401,3585
1066.05,15290,3561
1067.34,15128,3527
1068.63,14989,3499
1069.92,14848,3467
1071.21,14671,3432
1072.50,14466,3388
1073.79,14267,3347
1075.08,14066,3304
1076.37,13846,3259
1077.66,13601,3207
1078.95,13350,3153
1080.23,13130,3109
switching colors
1081.52,22650,1606
1082.81,22116,1576
1084.10,21625,1549
1085.39,21009,1516
1086.68,20544,1490
1087.97,19906,1454
1089.26,19349,1423
1090.55,18749,1389
1091.84,18092,1353
1093.13,17567,1324
1094.41,16916,1289
1095.70,16199,1249
1096.99,15651,1219
1098.28,15067,1186
1099.57,14458,1153
1100.86,13851,1121
1102.15,13287,1089
1103.44,12699,1057
1104.73,12005,1019
1106.02,11505,993
1107.30,10913,959
1108.59,10338,927
1109.88,9781,897
1111.17,9289,869
1112.46,8737,840
1113.75,8211,812
1115.04,7699,784
1116.33,7106,752
1117.62,6611,725
1118.91,6263,706
1120.20,5725,677
1121.48,5282,652
1122.77,4907,632
1124.06,4527,612
1125.35,4084,587
1126.64,3701,567
1127.93,3342,548
1129.22,3002,530
1130.51,2715,514
1131.80,2401,497
1133.09,2176,485
1134.38,1920,471
1135.66,1696,459
1136.95,1502,448
1138.24,1333,440
1139.53,1207,433
1140.82,1105,427
1142.11,1006,422
1143.40,948,418
1144.69,915,416
1145.98,908,416
1147.27,924,417
1148.55,964,419
1149.84,1045,423
1151.13,1142,428
1152.42,1289,436
1153.71,1433,444
1155.00,1601,454
1156.29,1862,467
1157.58,2071,478
1158.87,2322,493
1160.16,2628,509
1161.45,2930,524
1162.73,3292,543
1164.02,3726,566
1165.31,4159,591
1166.60,4565,613
1167.89,4990,635
1169.18,5472,661
1170.47,5922,686
1171.76,6431,713
1173.05,6910,739
1174.34,7476,771
1175.63,7963,797
1176.91,8512,827
1178.20,9259,867
1179.49,9705,892
1180.78,10304,925
1182.07,10880,956
1183.36,11529,991
1184.65,12160,1026
1185.94,12627,1051
1187.23,13328,1089
1188.52,14046,1130
1189.80,14557,1158
1191.09,15179,1191
1192.38,15771,1225
1193.67,16363,1257
1194.96,16991,1292
1196.25,17597,1325
1197.54,18247,1359
1198.83,18880,1396
1200.12,19458,1428
1201.41,20121,1464
1202.70,20590,1490
1203.98,21140,1521
1205.27,21667,1549
1206.56,22181,1578
1207.85,22631,1603
1209.14,23186,1633
1210.43,23644,1660
1211.72,24005,1680
1213.01,24509,1705
1214.30,24825,1724
1215.59,25230,1746
1216.88,25538,1764
1218.16,25839,1780
1219.45,26231,1802
1220.74,26411,1811
1222.03,26777,1832
1223.32,27000,1845
1224.61,27198,1857
1225.90,27378,1865
1227.19,27530,1874
1228.48,27721,1884
1229.77,27818,1891
1231.05,27917,1895
1232.34,28012,1902
1233.63,28041,1902
1234.92,28113,1906
1236.21,28056,1903
1237.50,28022,1903
1238.79,27978,1898
1240.08,27907,1895
1241.37,27778,1887
1242.66,27613,1877
1243.95,27491,1871
1245.23,27296,1859
1246.52,27127,1850
1247.81,26943,1838
1249.10,26735,1828
1250.39,26364,1807
1251.68,26048,1789
1252.97,25602,1764
1254.26,25235,1744
1255.55,24864,1723
1256.84,24561,1706
1258.13,24284,1692
1259.41,23788,1663
1260.70,23242,1633
1261.99,22770,1607
1263.28,22349,1583
1264.57,21809,1553
1265.86,21150,1516
1267.15,20671,1489
1268.44,20134,1460
1269.73,19512,1427
1271.02,18861,1390
1272.30,18262,1357
1273.59,17708,1326
1274.88,16946,1285
1276.17,16413,1255
1277.46,15795,1221
1278.75,15116,1184
1280.04,14529,1151
1281.33,13865,1115
1282.62,13233,1080
1283.91,12610,1046
1285.20,11952,1010
1286.48,11417,982
1287.77,10851,950
1289.06,10153,913
1290.35,9651,885
1291.64,8968,848
1292.93,8463,820
1294.22,7952,792
1295.51,7362,759
1296.80,6862,732
1298.09,6364,706
1299.38,5900,681
1300.66,5374,652
1301.95,4943,628
1303.24,4507,605
1304.53,4084,583
1305.82,3677,559
1307.11,3296,538
1308.40,2974,522
1309.69,2637,503
1310.98,2368,488
1312.27,2088,473
1313.55,1886,462
1314.84,1660,450
1316.13,1467,440
1317.42,1271,429
1318.71,1171,424
1320.00,1061,419
1321.29,987,413
1322.58,923,410
1323.87,894,408
1325.16,887,407
1326.45,905,408
1327.73,946,411
1329.02,1015,414
1330.31,1111,420
1331.60,1238,426
1332.89,1376,434
1334.18,1538,441
1335.47,1740,452
1336.76,1955,465
1338.05,2220,479
1339.34,2480,492
1340.63,2779,509
1341.91,3130,526
1343.20,3467,546
1344.49,3814,565
1345.78,4205,586
1347.07,4633,609
1348.36,5014,629
1349.65,5557,658
1350.94,5929,678
1352.23,6429,706
1353.52,6946,735
1354.80,7426,760
1356.09,7902,786
1357.38,8418,815
1358.67,9101,851
1359.96,9571,877
1361.25,10101,905
1362.54,10757,941
1363.83,11313,971
1365.12,11924,1004
1366.41,12560,1040
1367.70,13113,1070
1368.98,13769,1106
1370.27,14509,1146
1371.56,14995,1173
1372.85,15730,1213
1374.14,16333,1247
1375.43,16914,1279
1376.72,17633,1316
1378.01,18309,1355
1379.30,18915,1388
1380.59,19384,1414
1381.88,19982,1448
1383.16,20592,1480
1384.45,21170,1512
1385.74,21671,1540
1387.03,22239,1571
1388.32,22751,1599
1389.61,23310,1631
1390.90,23737,1653
1392.19,24133,1676
1393.48,24623,1704
1394.77,25051,1726
1396.05,25405,1746
1397.34,25775,1767
1398.63,26143,1788
1399.92,26439,1803
1401.21,26681,1817
1402.50,26950,1831
1403.79,27214,1847
1405.08,27427,1858
1406.37,27625,1868
1407.66,27839,1881
1408.95,27950,1887
1410.23,28042,1892
1411.52,28094,1895
1412.81,28137,1897
1414.10,28160,1897
1415.39,28138,1895
1416.68,28131,1895
1417.97,28074,1892
1419.26,27956,1885
1420.55,27851,1878
1421.84,27678,1868
1423.13,27517,1861
1424.41,27309,1848
1425.70,27108,1838
1426.99,26896,1825
1428.28,26641,1810
1429.57,26352,1795
1430.86,26075,1781
1432.15,25673,1756
1433.44,25388,1740
1434.73,24998,1719
1436.02,24611,1697
1437.30,24101,1668
1438.59,23721,1647
1439.88,23364,1628
1441.17,22897,1602
1442.46,22445,1578
1443.75,21931,1547
1445.04,21447,1521
1446.33,20852,1489
1447.62,20296,1457
1448.91,19817,1431
1450.20,19211,1396
1451.48,18691,1368
1452.77,18045,1332
1454.06,17555,1306
1455.35,16958,1273
1456.64,16321,1237
1457.93,15749,1205
1459.22,15140,1172
1460.51,14505,1138
1461.80,13988,1108
1463.09,13432,1078
1464.38,12770,1041
1465.66,12140,1007
1466.95,11616,978
1468.24,10920,940
1469.53,10414,914
1470.82,9776,878
1472.11,9256,851
1473.40,8679,820
1474.69,8155,790
1475.98,7560,757
1477.27,7028,728
1478.55,6504,700
1479.84,6012,674
1481.13,5489,644
1482.42,4984,618
1483.71,4500,591
1485.00,4115,571
1486.29,3727,549
1487.58,3296,526
1488.87,3028,512
1490.16,2703,493
1491.45,2382,475
1492.73,2048,458
1494.02,1838,447
1495.31,1611,434
1496.60,1427,424
1497.89,1269,416
1499.18,1115,408
1500.47,1008,401
1501.76,937,397
1503.05,880,394
1504.34,855,393
1505.63,859,394
1506.91,893,394
1508.20,954,398
1509.49,1035,402
1510.78,1148,408
1512.07,1292,416
1513.36,1484,426
1514.65,1699,438
1515.94,1905,448
1517.23,2179,463
1518.52,2462,478
1519.80,2750,494
1521.09,3082,511
1522.38,3467,531
1523.67,3834,552
1524.96,4228,573
1526.25,4717,600
1527.54,5081,619
1528.83,5444,638
1530.12,5949,666
1531.41,6383,689
1532.70,6836,713
1533.98,7337,741
1535.27,7857,770
1536.56,8296,793
1537.85,8871,824
1539.14,9509,860
1540.43,10017,887
1541.72,10487,912
1543.01,11136,948
1544.30,11723,980
1545.59,12238,1009
1546.88,12863,1042
1548.16,13474,1076
1549.45,14162,1114
1550.74,14695,1142
1552.03,15274,1175
1553.32,15882,1209
1554.61,16492,1241
1555.90,17195,1280
1557.19,17625,1304
1558.48,18181,1334
1559.77,18776,1366
1561.05,19274,1393
1562.34,19916,1430
1563.63,20463,1461
1564.92,21059,1492
1566.21,21507,1519
1567.50,22029,1546
1568.79,22421,1567
1570.08,22964,1597
1571.37,23375,1620
1572.66,23827,1646
1573.95,24295,1670
1575.23,24683,1693
1576.52,25136,1717
1577.81,25417,1731
1579.10,25777,1754
1580.39,26168,1773
1581.68,26392,1785
1582.97,26708,1804
1584.26,26941,1817
1585.55,27186,1830
1586.84,27396,1841
1588.13,27550,1849
1589.41,27745,1860
1590.70,27840,1867
1591.99,27942,1871
1593.28,27985,1872
1594.57,28051,1875
1595.86,28011,1874
1597.15,27939,1869
1598.44,27907,1867
1599.73,27827,1863
1601.02,27697,1855
1602.30,27520,1846
1603.59,27389,1838
1604.88,27184,1824
1606.17,27068,1818
1607.46,26787,1803
1608.75,26584,1789
1610.04,26139,1767
1611.33,25729,1743
1612.62,25354,1721
1613.91,24986,1702
1615.20,24638,1683
1616.48,24336,1665
1617.77,23959,1646
1619.06,23458,1616
1620.35,22853,1583
1621.64,22364,1555
1622.93,21810,1524
1624.22,21185,1490
1625.51,20790,1469
1626.80,20201,1435
1628.09,19689,1407
1629.38,19147,1376
1630.66,18488,1340
1631.95,17916,1309
1633.24,17388,1279
1634.53,16819,1248
1635.82,16106,1210
1637.11,15611,1181
1638.40,14985,1148
1639.69,14472,1119
1640.98,13880,1087
1642.27,13282,1054
1643.55,12707,1022
1644.84,12068,987
1646.13,11502,955
1647.42,10908,923
1648.71,10394,894
1650.00,9832,864
1651.29,9299,835
1652.58,8758,806
1653.87,8200,774
1655.16,7695,747
1656.45,7186,720
1657.73,6658,691
1659.02,6129,662
1660.31,5685,638
1661.60,5238,614
1662.89,4794,590
1664.18,4390,567
1665.47,4043,549
1666.76,3617,525
1668.05,3267,506
1669.34,2950,489
1670.63,2578,468
1671.91,2336,456
1673.20,2050,441
1674.49,1845,429
1675.78,1635,417
1677.07,1442,406
1678.36,1250,396
1679.65,1125,390
1680.94,998,383
1682.23,912,379
1683.52,844,374
1684.80,815,373
1686.09,807,372
1687.38,831,373
1688.67,882,376
1689.96,977,380
1691.25,1076,386
1692.54,1218,394
1693.83,1411,404
1695.12,1595,414
1696.41,1800,424
1697.70,2073,440
1698.98,2354,455
1700.27,2657,470
1701.56,2972,487
1702.85,3360,508
1704.14,3735,530
1705.43,4164,551
1706.72,4561,574
1708.01,5004,598
1709.30,5540,626
1710.59,5986,651
1711.88,6453,675
1713.16,6908,701
1714.45,7486,731
1715.74,8093,764
1717.03,8583,791
1718.32,9157,822
1719.61,9767,855
1720.90,10402,890
1722.19,10945,920
1723.48,11600,956
1724.77,12275,992
1726.05,12870,1025
1727.34,13448,1057
1728.63,14083,1092
1729.92,14803,1131
1731.21,15367,1162
1732.50,15973,1194
1733.79,16589,1228
1735.08,17266,1266
1736.37,17741,1292
1737.66,18374,1327
1738.95,19013,1362
1740.23,19521,1391
1741.52,20017,1417
1742.81,20577,1448
1744.10,21056,1475
1745.39,21593,1506
1746.68,22151,1535
1747.97,22533,1558
1749.26,23062,1586
1750.55,23537,1612
1751.84,23975,1637
1753.13,24367,1658
1754.41,24775,1679
1755.70,25173,1702
1756.99,25487,1721
1758.28,25805,1738
1759.57,26171,1758
1760.86,26449,1773
1762.15,26749,1790
1763.44,26991,1804
1764.73,27215,1814
1766.02,27455,1828
1767.30,27558,1835
1768.59,27710,1842
1769.88,27849,1850
1771.17,27948,1855
1772.46,27997,1858
1773.75,28057,1861
1775.04,28081,1863
1776.33,28063,1861
1777.62,28060,1858
1778.91,28001,1856
1780.20,27891,1850
1781.48,27801,1845
1782.77,27656,1836
1784.06,27497,1828
1785.35,27298,1815
1786.64,27062,1805
1787.93,26823,1790
1789.22,26573,1777
1790.51,26273,1760
1791.80,25973,1743
1793.09,25531,1719
1794.38,25196,1698
1795.66,24760,1675
1796.95,24374,1653
1798.24,23898,1627
1799.53,23393,1598
1800.82,22961,1575
1802.11,22500,1549
1803.40,21929,1516
1804.69,21420,1489
1805.98,20882,1460
1807.27,20321,1428
1808.55,19680,1394
1809.84,19061,1357
1811.13,18507,1329
1812.42,17806,1290
1813.71,17338,1264
1815.00,16752,1231
1816.29,16077,1193
1817.58,15534,1164
1818.87,14929,1131
1820.16,14316,1097
1821.45,13581,1058
1822.73,13042,1026
1824.02,12307,986
1825.31,11837,961
1826.60,11235,929
1827.89,10525,889
1829.18,10018,861
1830.47,9393,827
1831.76,8814,795
1833.05,8166,760
1834.34,7599,730
1835.63,7151,705
1836.91,6601,674
1838.20,6138,650
1839.49,5572,618
1840.78,5204,600
1842.07,4799,578
1843.36,4329,552
1844.65,3920,530
1845.94,3593,512
1847.23,3188,489
1848.52,2852,472
1849.80,2630,460
1851.09,2334,443
1852.38,2063,429
1853.67,1817,416
1854.96,1629,405
1856.25,1424,394
1857.54,1244,384
1858.83,1096,375
1860.12,998,371
1861.41,899,365
1862.70,836,363
1863.98,795,361
1865.27,781,359
1866.56,790,359
1867.85,830,362
1869.14,910,366
1870.43,1015,371
1871.72,1130,378
1873.01,1254,384
1874.30,1427,394
1875.59,1599,403
1876.88,1806,414
1878.16,2056,427
1879.45,2388,446
1880.74,2668,460
1882.03,2960,476
1883.32,3298,495
1884.61,3687,516
1885.90,4068,536
1887.19,4437,555
1888.48,4931,582
1889.77,5275,601
1891.05,5775,629
1892.34,6235,653
1893.63,6740,681
1894.92,7324,712
1896.21,7764,736
1897.50,8317,766
1898.79,8892,798
1900.08,9526,833
1901.37,10170,867
1902.66,10706,897
1903.95,11378,933
1905.23,12134,975
1906.52,12690,1005
1907.81,13317,1039
1909.10,13906,1073
1910.39,14668,1114
1911.68,15223,1146
1912.97,15744,1173
1914.26,16409,1210
1915.55,17101,1248
1916.84,17700,1282
1918.13,18293,1315
1919.41,18866,1345
1920.70,19438,1377
1921.99,19993,1407
1923.28,20535,1437
1924.57,21018,1463
1925.86,21612,1497
1927.15,22123,1525
1928.44,22606,1551
1929.73,23133,1581
1931.02,23602,1606
1932.30,24083,1634
1933.59,24439,1653
1934.88,24854,1676
1936.17,25240,1697
1937.46,25581,1716
1938.75,25975,1739
1940.04,26273,1754
1941.33,26666,1777
1942.62,26853,1788
1943.91,27054,1798
1945.20,27234,1809
1946.48,27388,1815
1947.77,27562,1827
1949.06,27667,1832
1950.35,27777,1838
1951.64,27865,1842
1952.93,27898,1845
1954.22,27973,1846
1955.51,27931,1845
1956.80,27878,1841
1958.09,27834,1840
1959.38,27777,1837
1960.66,27658,1830
1961.95,27478,1819
1963.24,27339,1812
1964.53,27191,1804
1965.82,27028,1795
1967.11,26829,1782
1968.40,26618,1770
1969.69,26334,1753
1970.98,25962,1732
1972.27,25587,1713
1973.55,25214,1691
1974.84,24811,1668
1976.13,24464,1648
1977.42,24182,1633
1978.71,23788,1612
1980.00,23321,1585
1981.29,22827,1558
1982.58,22394,1535
1983.87,21933,1508
1985.16,21170,1465
1986.45,20774,1443
1987.73,20326,1419
1989.02,19741,1385
1990.31,19283,1360
1991.60,18677,1327
1992.89,18056,1293
1994.18,17519,1262
1995.47,16801,1223
1996.76,16295,1195
1998.05,15611,1157
1999.34,15001,1123
2000.63,14472,1094
2001.91,13821,1059
2003.20,13103,1018
2004.49,12546,987
2005.78,11941,954
2007.07,11316,919
2008.36,10692,886
2009.65,10026,848
2010.94,9381,813
2012.23,8872,785
2013.52,8292,753
2014.80,7745,724
2016.09,7196,694
2017.38,6696,667
2018.67,6083,633
2019.96,5650,609
2021.25,5158,583
2022.54,4699,557
2023.83,4261,534
2025.12,3909,515
2026.41,3525,495
2027.70,3149,473
2028.98,2765,452
2030.27,2483,436
2031.56,2183,421
2032.85,1907,406
2034.14,1672,392
2035.43,1468,381
2036.72,1285,371
2038.01,1117,363
2039.30,987,355
2040.59,880,349
2041.88,803,345
2043.16,762,342
2044.45,743,341
2045.74,756,342
2047.03,799,343
2048.32,866,347
2049.61,968,351
2050.90,1097,359
2052.19,1210,366
2053.48,1396,375
2054.77,1610,386
2056.05,1819,397
2057.34,2070,410
2058.63,2373,427
2059.92,2680,444
2061.21,2921,455
2062.50,3286,475
2063.79,3624,494
2065.08,4031,515
2066.37,4387,536
2067.66,4771,556
2068.95,5345,586
2070.23,5677,605
2071.52,6105,627
2072.81,6653,658
2074.10,7141,684
2075.39,7641,711
2076.68,8181,739
2077.97,8738,769
2079.26,9247,799
2080.55,9909,833
2081.84,10550,868
2083.12,11017,894
2084.41,11619,927
2085.70,12319,964
2086.99,12801,991
2088.28,13355,1022
2089.57,13939,1054
2090.86,14651,1092
2092.15,15178,1121
2093.44,15938,1163
2094.73,16335,1186
2096.02,16958,1219
2097.30,17530,1250
2098.59,18216,1289
2099.88,18802,1320
2101.17,19243,1344
2102.46,19872,1380
2103.75,20447,1410
2105.04,20957,1440
2106.33,21508,1469
2107.62,22049,1500
2108.91,22529,1525
2110.20,23081,1555
2111.48,23572,1584
2112.77,24004,1607
2114.06,24494,1633
2115.35,24945,1657
2116.64,25330,1678
2117.93,25637,1696
2119.22,26016,1717
2120.51,26296,1733
2121.80,26647,1753
2123.09,26839,1763
2124.37,27116,1778
2125.66,27336,1790
2126.95,27490,1799
2128.24,27647,1806
2129.53,27780,1814
2130.82,27879,1819
2132.11,27937,1823
2133.40,27976,1824
2134.69,27992,1825
2135.98,27966,1823
2137.27,27964,1821
2138.55,27871,1816
2139.84,27773,1810
2141.13,27656,1803
2142.42,27470,1793
2143.71,27284,1783
2145.00,27092,1772
2146.29,26851,1758
2147.58,26607,1746
2148.87,26315,1727
2150.16,26002,1710
2151.45,25593,1688
2152.73,25259,1669
2154.02,24893,1648
2155.31,24416,1622
2156.60,24021,1600
2157.89,23564,1574
2159.18,23226,1555
2160.47,22743,1529
switching colors
2161.76,10290,519
2163.05,10044,513
2164.34,9816,509
2165.62,9614,504
2166.91,9377,499
2168.20,9127,493
2169.49,8897,488
2170.78,8683,485
2172.07,8416,478
2173.36,8140,473
2174.65,7869,467
2175.94,7628,461
2177.23,7388,457
2178.52,7124,452
2179.80,6832,445
2181.09,6585,439
2182.38,6308,434
2183.67,6045,429
2184.96,5792,424
2186.25,5475,417
2187.54,5220,412
2188.83,4982,406
2190.12,4716,401
2191.41,4474,396
2192.70,4253,392
2193.98,4001,386
2195.27,3777,381
2196.56,3540,376
2197.85,3300,371
2199.14,3105,368
2200.43,2893,363
2201.72,2711,358
2203.01,2497,354
2204.30,2295,350
2205.59,2114,346
2206.87,1975,343
2208.16,1774,339
2209.45,1598,336
2210.74,1498,334
2212.03,1353,330
2213.32,1241,328
2214.61,1125,326
2215.90,1025,323
2217.19,932,322
2218.48,855,320
2219.77,792,318
2221.05,738,317
2222.34,701,316
2223.63,679,316
2224.92,669,316
2226.21,673,315
2227.50,690,315
2228.79,715,316
2230.08,768,316
2231.37,829,318
2232.66,880,318
2233.95,966,320
2235.23,1079,323
2236.52,1152,324
2237.81,1262,326
2239.10,1388,328
2240.39,1531,331
2241.68,1663,333
2242.97,1840,337
2244.26,2038,341
2245.55,2231,344
2246.84,2412,348
2248.12,2587,351
2249.41,2784,355
2250.70,3008,360
2251.99,3220,364
2253.28,3438,369
2254.57,3700,374
2255.86,3945,379
2257.15,4238,385
2258.44,4460,389
2259.73,4725,395
2261.02,4998,400
2262.30,5256,405
2263.59,5493,410
2264.88,5762,415
2266.17,6050,421
2267.46,6344,427
2268.75,6609,431
2270.04,6870,437
2271.33,7121,442
2272.62,7390,448
2273.91,7639,452
2275.20,7914,458
2276.48,8140,462
2277.77,8366,466
2279.06,8647,472
2280.35,8877,477
2281.64,9131,482
2282.93,9349,486
2284.22,9596,491
2285.51,9858,497
2286.80,10108,502
2288.09,10296,506
2289.37,10494,508
2290.66,10696,513
2291.95,10933,518
2293.24,11129,521
2294.53,11302,524
2295.82,11461,528
2297.11,11656,531
2298.40,11769,533
2299.69,11910,536
2300.98,12065,541
2302.27,12202,542
2303.55,12290,545
2304.84,12423,547
2306.13,12496,548
2307.42,12584,550
2308.71,12663,551
2310.00,12708,552
2311.29,12749,553
2312.58,12787,554
2313.87,12819,554
2315.16,12826,554
2316.45,12818,553
2317.73,12821,552
2319.02,12780,552
2320.31,12745,552
2321.60,12684,551
2322.89,12612,548
2324.18,12535,547
2325.47,12447,545
2326.76,12337,542
2328.05,12222,540
2329.34,12092,537
2330.62,11931,533
2331.91,11738,530
2333.20,11572,526
2334.49,11419,523
2335.78,11264,521
2337.07,11083,516
2338.36,10895,513
2339.65,10679,507
2340.94,10453,503
2342.23,10271,499
2343.52,10038,494
2344.80,9773,489
2346.09,9562,484
2347.38,9333,479
2348.67,9058,472
2349.96,8786,468
2351.25,8529,463
2352.54,8233,456
2353.83,8007,451
2355.12,7741,447
2356.41,7450,439
2357.70,7157,434
2358.98,6845,427
2360.27,6590,422
2361.56,6311,416
2362.85,5996,409
2364.14,5713,404
2365.43,5436,398
2366.72,5190,393
2368.01,4901,387
2369.30,4679,382
2370.59,4416,376
2371.87,4159,372
2373.16,3943,367
2374.45,3693,362
2375.74,3464,356
2377.03,3272,353
2378.32,3038,348
2379.61,2839,344
2380.90,2646,340
2382.19,2467,335
2383.48,2275,332
2384.77,2096,329
2386.05,1903,324
2387.34,1773,321
2388.63,1622,318
2389.92,1471,316
2391.21,1357,313
2392.50,1236,311
2393.79,1120,308
2395.08,1015,305
2396.37,933,303
2397.66,835,301
2398.95,783,300
2400.23,724,300
2401.52,690,299
2402.81,658,297
2404.10,642,297
2405.39,632,297
2406.68,636,297
2407.97,651,297
2409.26,683,298
2410.55,726,298
2411.84,772,299
2413.12,831,300
2414.41,903,302
2415.70,987,303
2416.99,1086,306
2418.28,1216,307
2419.57,1320,310
2420.86,1466,313
2422.15,1601,315
2423.44,1759,319
2424.73,1938,321
2426.02,2102,326
2427.30,2313,330
2428.59,2492,333
2429.88,2737,338
2431.17,2971,342
2432.46,3206,348
2433.75,3472,352
2435.04,3643,356
2436.33,3896,361
2437.62,4180,366
2438.91,4406,372
2440.20,4701,378
2441.48,5025,383
2442.77,5260,389
2444.06,5488,394
2445.35,5849,400
2446.64,6064,405
2447.93,6330,411
2449.22,6588,416
2450.51,6878,420
2451.80,7177,427
2453.09,7434,432
2454.37,7760,438
2455.66,7999,444
2456.95,8269,450
2458.24,8520,454
2459.53,8849,461
2460.82,9049,465
2462.11,9284,470
2463.40,9610,475
2464.69,9824,481
2465.98,10050,485
2467.27,10297,490
2468.55,10532,495
2469.84,10731,498
2471.13,10926,503
2472.42,11131,507
2473.71,11320,511
2475.00,11463,514
2476.29,11627,517
2477.58,11790,520
2478.87,11942,523
2480.16,12081,526
2481.45,12224,528
2482.73,12324,531
2484.02,12395,532
2485.31,12494,534
2486.60,12567,535
2487.89,12654,536
2489.18,12683,537
2490.47,12748,539
2491.76,12762,540
2493.05,12788,540
2494.34,12782,540
2495.62,12798,540
2496.91,12785,539
2498.20,12754,538
2499.49,12723,538
2500.78,12674,536
2502.07,12615,536
2503.36,12551,534
2504.65,12461,532
2505.94,12386,530
2507.23,12275,528
2508.52,12167,525
2509.80,12026,523
2511.09,11886,520
2512.38,11755,516
2513.67,11605,513
2514.96,11436,510
2516.25,11264,506
2517.54,11088,502
2518.83,10914,499
2520.12,10707,494
2521.41,10520,490
2522.70,10291,487
2523.98,10028,480
2525.27,9767,474
2526.56,9589,471
2527.85,9330,465
2529.14,9074,460
2530.43,8840,455
2531.72,8589,449
2533.01,8284,443
2534.30,8008,438
2535.59,7743,432
2536.87,7447,426
2538.16,7116,420
2539.45,6846,414
2540.74,6586,409
2542.03,6291,402
2543.32,6031,397
2544.61,5755,390
2545.90,5463,385
2547.19,5219,380
2548.48,4923,374
2549.77,4659,368
2551.05,4388,362
2552.34,4137,357
2553.63,3895,353
2554.92,3642,347
2556.21,3426,343
2557.50,3172,337
2558.79,2994,333
2560.08,2757,328
2561.37,2511,323
2562.66,2332,319
2563.95,2140,316
2565.23,1980,312
2566.52,1795,308
2567.81,1648,305
2569.10,1486,301
2570.39,1342,298
2571.68,1216,296
2572.97,1105,293
2574.26,986,291
2575.55,901,289
2576.84,822,288
2578.12,757,286
2579.41,700,285
2580.70,657,283
2581.99,627,283
2583.28,608,283
2584.57,602,282
2585.86,606,282
2587.15,624,282
2588.44,647,282
2589.73,698,284
2591.02,750,285
2592.30,800,286
2593.59,873,287
2594.88,961,289
2596.17,1050,290
2597.46,1151,292
2598.75,1263,294
2600.04,1398,297
2601.33,1527,300
2602.62,1673,302
2603.91,1857,306
2605.20,2053,310
2606.48,2235,313
2607.77,2392,317
2609.06,2570,321
2610.35,2785,325
2611.64,3006,328
2612.93,3194,332
2614.22,3430,337
2615.51,3641,341
2616.80,3872,345
2618.09,4160,352
2619.37,4390,356
2620.66,4614,361
2621.95,4895,367
2623.24,5130,371
2624.53,5382,376
2625.82,5681,382
2627.11,5936,388
2628.40,6191,393
2629.69,6469,398
2630.98,6764,404
2632.27,7036,410
2633.55,7297,414
2634.84,7580,420
2636.13,7888,426
2637.42,8161,432
2638.71,8384,437
2640.00,8686,443
2641.29,8920,448
2642.58,9204,453
2643.87,9469,459
2645.16,9765,464
2646.45,9980,468
2647.73,10216,474
2649.02,10438,478
2650.31,10642,482
2651.60,10855,487
2652.89,11084,491
2654.18,11265,494
2655.47,11430,497
2656.76,11607,502
2658.05,11778,505
2659.34,11896,507
2660.62,12025,511
2661.91,12161,513
2663.20,12266,514
2664.49,12373,516
2665.78,12482,520
2667.07,12563,521
2668.36,12623,522
2669.65,12684,523
2670.94,12717,524
2672.23,12750,523
2673.52,12762,524
2674.80,12764,524
2676.09,12756,523
2677.38,12749,524
2678.67,12710,523
2679.96,12655,521
2681.25,12594,519
2682.54,12517,519
2683.83,12442,517
2685.12,12358,514
2686.41,12254,513
2687.70,12141,511
2688.98,11970,507
2690.27,11819,504
2691.56,11665,500
2692.85,11486,496
2694.14,11342,493
2695.43,11189,490
2696.72,11047,486
2698.01,10909,484
2699.30,10712,479
2700.59,10475,475
2701.87,10290,471
2703.16,10067,467
2704.45,9847,462
2705.74,9616,457
2707.03,9409,453
2708.32,9175,447
2709.61,8922,443
2710.90,8646,436
2712.19,8397,431
2713.48,8124,425
2714.77,7785,419
2716.05,7587,415
2717.34,7345,409
2718.63,7051,403
2719.92,6761,397
2721.21,6532,392
2722.50,6286,387
2723.79,5987,381
2725.08,5738,377
2726.37,5435,369
2727.66,5172,364
2728.95,4926,359
2730.23,4683,354
2731.52,4439,349
2732.81,4178,344
2734.10,3940,339
2735.39,3703,333
2736.68,3431,328
2737.97,3231,324
2739.26,2974,318
2740.55,2774,314
2741.84,2570,310
2743.12,2378,306
2744.41,2175,302
2745.70,1990,298
2746.99,1807,294
2748.28,1642,290
2749.57,1467,287
2750.86,1317,283
2752.15,1200,281
2753.44,1078,278
2754.73,968,276
2756.02,882,274
2757.30,799,272
2758.59,730,271
2759.88,663,269
2761.17,618,269
2762.46,594,268
2763.75,575,268
2765.04,568,267
2766.33,576,267
2767.62,595,268
2768.91,623,267
2770.20,670,269
2771.48,735,269
2772.77,797,271
2774.06,877,272
2775.35,979,275
2776.64,1078,276
2777.93,1205,279
2779.22,1331,281
2780.51,1476,283
2781.80,1640,286
2783.09,1813,291
2784.37,2008,294
2785.66,2188,298
2786.95,2347,301
2788.24,2630,307
2789.53,2780,309
2790.82,2961,313
2792.11,3219,318
2793.40,3426,323
2794.69,3662,327
2795.98,3907,331
2797.27,4243,339
2798.55,4397,342
2799.84,4643,346
2801.13,4907,352
2802.42,5159,357
2803.71,5406,361
2805.00,5623,366
2806.29,5923,372
2807.58,6224,378
2808.87,6439,383
2810.16,6746,388
2811.45,6955,393
2812.73,7219,397
2814.02,7491,404
2815.31,7738,408
2816.60,8032,414
2817.89,8298,420
2819.18,8554,424
2820.47,8822,429
2821.76,9051,435
2823.05,9353,441
2824.34,9553,445
2825.62,9749,448
2826.91,9970,454
2828.20,10212,458
2829.49,10444,463
2830.78,10618,466
2832.07,10834,470
2833.36,11037,474
2834.65,11200,478
2835.94,11370,481
2837.23,11526,483
2838.52,11704,488
2839.80,11831,491
2841.09,11970,493
2842.38,12136,496
2843.67,12247,499
2844.96,12334,501
2846.25,12428,501
2847.54,12504,503
2848.83,12596,505
2850.12,12623,506
2851.41,12693,507
2852.70,12708,507
2853.98,12737,508
2855.27,12737,508
2856.56,12729,507
2857.85,12697,507
2859.14,12676,506
2860.43,12625,505
2861.72,12575,504
2863.01,12503,503
2864.30,12409,501
2865.59,12324,498
2866.87,12208,496
2868.16,12073,495
2869.45,11945,491
2870.74,11821,488
2872.03,11671,484
2873.32,11516,481
2874.61,11339,478
2875.90,11147,474
2877.19,10957,470
2878.48,10720,465
2879.77,10533,461
2881.05,10317,456
2882.34,10073,452
2883.63,9848,447
2884.92,9608,442
2886.21,9366,436
2887.50,9116,431
2888.79,8831,426
2890.08,8564,420
2891.37,8298,413
2892.66,8063,409
2893.95,7781,404
2895.23,7498,398
2896.52,7247,392
2897.81,7000,387
2899.10,6712,382
2900.39,6438,376
2901.68,6181,370
2902.97,5899,365
2904.26,5640,359
2905.55,5358,354
2906.84,5173,349
2908.12,4896,344
2909.41,4666,340
2910.70,4402,334
2911.99,4117,328
2913.28,3897,323
2914.57,3677,319
2915.86,3466,314
2917.15,3245,310
2918.44,3034,305
2919.73,2827,301
2921.02,2601,297
2922.30,2395,292
2923.59,2215,289
2924.88,2038,285
2926.17,1853,282
2927.46,1650,277
2928.75,1553,274
2930.04,1404,271
2931.33,1268,269
2932.62,1150,266
2933.91,1049,264
2935.20,937,262
2936.48,842,260
2937.77,767,259
2939.06,705,257
2940.35,648,256
2941.64,607,254
2942.93,570,254
2944.22,549,253
2945.51,540,254
2946.80,544,253
2948.09,558,253
2949.37,585,254
2950.66,628,254
2951.95,696,256
2953.24,750,257
2954.53,821,258
2955.82,917,260
2957.11,1023,262
2958.40,1139,265
2959.69,1267,267
2960.98,1428,271
2962.27,1577,273
2963.55,1752,277
2964.84,1935,281
2966.13,2134,284
2967.42,2324,288
2968.71,2488,291
2970.00,2727,297
2971.29,2934,300
2972.58,3152,305
2973.87,3432,311
2975.16,3634,314
2976.45,3844,319
2977.73,4145,325
2979.02,4368,330
2980.31,4622,334
2981.60,4904,340
2982.89,5250,347
2984.18,5500,351
2985.47,5698,356
2986.76,6018,363
2988.05,6316,369
2989.34,6555,374
2990.62,6842,380
2991.91,7118,385
2993.20,7416,391
2994.49,7671,396
2995.78,7971,402
2997.07,8231,408
2998.36,8539,414
2999.65,8763,419
3000.94,9015,423
3002.23,9227,428
3003.52,9468,433
3004.80,9743,439
3006.09,10014,443
3007.38,10153,447
3008.67,10451,453
3009.96,10583,456
3011.25,10767,458
3012.54,10991,463
3013.83,11157,466
3015.12,11329,471
3016.41,11477,473
3017.70,11642,476
3018.98,11818,480
3020.27,11920,483
3021.56,12025,485
3022.85,12154,486
3024.14,12282,489
3025.43,12357,491
3026.72,12460,493
3028.01,12524,494
3029.30,12583,495
3030.59,12639,497
3031.87,12674,497
3033.16,12698,497
3034.45,12712,498
3035.74,12709,497
3037.03,12711,497
3038.32,12687,497
3039.61,12651,496
3040.90,12609,495
3042.19,12551,494
3043.48,12483,492
3044.77,12397,491
3046.05,12321,489
3047.34,12229,487
3048.63,12117,486
3049.92,11980,482
3051.21,11831,479
3052.50,11663,475
3053.79,11468,471
3055.08,11302,468
3056.37,11152,465
3057.66,10973,462
3058.95,10830,458
3060.23,10601,453
3061.52,10380,449
3062.81,10160,444
3064.10,9924,439
3065.39,9667,433
3066.68,9393,427
3067.97,9174,423
3069.26,8899,418
3070.55,8645,413
3071.84,8376,407
3073.12,8101,401
3074.41,7851,397
3075.70,7528,390
3076.99,7238,383
3078.28,6997,379
3079.57,6696,372
3080.86,6434,367
3082.15,6123,361
3083.44,5883,356
3084.73,5592,349
3086.02,5326,344
3087.30,5041,338
3088.59,4764,332
3089.88,4505,327
3091.17,4235,321
3092.46,3982,316
3093.75,3759,312
3095.04,3499,307
3096.33,3265,302
3097.62,3047,297
3098.91,2819,293
3100.20,2571,288
3101.48,2363,283
3102.77,2182,280
3104.06,2016,276
3105.35,1832,273
3106.64,1655,268
3107.93,1519,265
3109.22,1350,262
3110.51,1240,260
3111.80,1115,258
3113.09,995,255
3114.37,902,252
3115.66,817,251
3116.95,735,250
3118.24,683,247
3119.53,629,247
3120.82,583,246
3122.11,549,245
3123.40,532,245
3124.69,522,244
3125.98,524,245
3127.27,540,245
3128.55,567,245
3129.84,599,246
3131.13,644,247
3132.42,704,248
3133.71,781,249
3135.00,860,251
3136.29,959,253
3137.58,1101,256
3138.87,1187,257
3140.16,1298,260
3141.45,1457,263
3142.73,1599,266
3144.02,1757,269
3145.31,1916,272
3146.60,2107,275
3147.89,2288,280
3149.18,2555,285
3150.47,2695,288
3151.76,2873,291
3153.05,3139,297
3154.34,3358,301
3155.62,3549,305
3156.91,3797,310
3158.20,4037,314
3159.49,4306,319
3160.78,4591,326
3162.07,4871,331
3163.36,5130,336
3164.65,5360,342
3165.94,5634,347
3167.23,5931,353
3168.52,6288,360
3169.80,6498,365
3171.09,6798,371
3172.38,7105,377
3173.67,7395,382
3174.96,7662,388
3176.25,7925,392
3177.54,8211,398
3178.83,8468,404
3180.12,8758,409
3181.41,8988,415
3182.70,9268,420
3183.98,9539,426
3185.27,9783,430
3186.56,9965,435
3187.85,10188,439
3189.14,10429,444
3190.43,10631,447
3191.72,10819,452
3193.01,11045,456
3194.30,11233,460
3195.59,11440,465
3196.87,11586,467
3198.16,11767,471
3199.45,11888,473
3200.74,12033,476
3202.03,12127,478
3203.32,12260,481
3204.61,12357,483
3205.90,12439,485
3207.19,12524,486
3208.48,12574,487
3209.77,12653,488
3211.05,12659,489
3212.34,12682,490
3213.63,12688,489
3214.92,12699,489
3216.21,12691,489
3217.50,12657,488
3218.79,12623,488
3220.08,12579,487
3221.37,12528,485
3222.66,12466,484
3223.95,12371,483
3225.23,12287,481
3226.52,12185,478
3227.81,12078,476
3229.10,11948,472
3230.39,11800,470
3231.68,11677,466
3232.97,11537,465
3234.26,11362,461
3235.55,11217,457
3236.84,11031,454
3238.12,10852,450
3239.41,10636,446
3240.70,10440,441
