
1.29,4254,1179
2.58,3974,1123
3.87,3744,1076
5.16,3497,1025
6.45,3217,969
7.73,2979,919
9.02,2765,875
10.31,2579,837
11.60,2375,797
12.89,2202,765
14.18,2048,739
15.47,1888,709
16.76,1735,683
18.05,1607,657
19.34,1469,629
20.62,1350,605
21.91,1247,584
23.20,1158,567
24.49,1081,551
25.78,1024,542
27.07,970,530
28.36,916,515
29.65,897,513
30.94,878,508
32.23,875,504
33.52,902,513
34.80,944,525
36.09,1000,541
37.38,1069,556
38.67,1138,570
39.96,1226,586
41.25,1323,606
42.54,1438,630
43.83,1562,653
45.12,1697,681
46.41,1847,712
47.70,2016,746
48.98,2206,786
50.27,2398,825
51.56,2586,862
52.85,2797,906
54.14,3051,959
55.43,3303,1010
56.72,3496,1050
58.01,3752,1102
59.30,4019,1157
60.59,4255,1207
61.88,4511,1259
63.16,4808,1321
64.45,5114,1383
65.74,5365,1436
67.03,5634,1492
68.32,5942,1555
69.61,6215,1610
70.90,6443,1659
72.19,6774,1726
73.48,7060,1786
74.77,7375,1851
76.05,7611,1898
77.34,7947,1969
78.63,8203,2022
79.92,8490,2083
81.21,8809,2147
82.50,9138,2213
83.79,9327,2255
85.08,9665,2323
86.37,9986,2392
87.66,10241,2445
88.95,10492,2496
90.23,10786,2557
91.52,11060,2615
92.81,11319,2669
94.10,11588,2727
95.39,11899,2791
96.68,12077,2828
97.97,12281,2869
99.26,12526,2922
100.55,12737,2963
101.84,12942,3008
103.12,13107,3041
104.41,13308,3085
105.70,13457,3114
106.99,13573,3137
108.28,13715,3166
109.57,13856,3196
110.86,14006,3229
112.15,14108,3250
113.44,14203,3268
114.73,14286,3287
116.02,14345,3299
117.30,14379,3306
118.59,14431,3316
119.88,14457,3324
121.17,14455,3320
122.46,14454,3323
123.75,14455,3322
125.04,14108,3245
126.33,14025,3229
127.62,14023,3230
128.91,13957,3216
130.20,13865,3196
131.48,13798,3182
132.77,13675,3154
134.06,13539,3127
135.35,13402,3100
136.64,13294,3078
137.93,13125,3043
139.22,12962,3007
140.51,12802,2973
141.80,12618,2937
143.09,12395,2892
144.38,12192,2850
145.66,11951,2799
146.95,11716,2752
148.24,11470,2700
149.53,11234,2651
150.82,10957,2593
152.11,10689,2537
153.40,10419,2482
154.69,10138,2423
155.98,9825,2359
157.27,9532,2296
158.55,9235,2235
159.84,8916,2169
161.13,8606,2106
162.42,8317,2047
163.71,7990,1979
165.00,7689,1916
166.29,7401,1857
167.58,7093,1792
168.87,6806,1735
170.16,6497,1670
171.45,6184,1606
172.73,5898,1549
174.02,5590,1486
175.31,5382,1440
176.60,5091,1374
177.89,4771,1301
179.18,4481,1237
180.47,4289,1204
181.76,4025,1146
183.05,3737,1084
184.34,3518,1039
185.63,3295,992
186.91,3099,953
188.20,2887,909
189.49,2705,872
190.78,2488,828
192.07,2295,788
193.36,2113,749
194.65,1950,714
195.94,1790,682
197.23,1630,648
198.52,1498,621
199.80,1384,599
201.09,1276,578
202.38,1186,559
203.67,1092,541
204.96,1021,526
206.25,966,514
207.54,909,501
208.83,872,495
210.12,853,490
211.41,845,489
212.70,847,489
213.98,867,493
215.27,896,499
216.56,948,511
217.85,1005,523
219.14,1078,537
220.43,1160,553
221.72,1259,574
223.01,1367,595
224.30,1491,620
225.59,1626,648
226.88,1782,681
228.16,1947,716
229.45,2135,754
230.74,2322,793
232.03,2518,834
233.32,2718,874
234.61,2939,919
235.90,3159,964
237.19,3367,1009
238.48,3629,1064
239.77,3890,1116
241.05,4154,1173
242.34,4445,1242
243.63,4735,1304
244.92,5021,1364
246.21,5272,1416
247.50,5565,1475
248.79,5860,1532
250.08,6122,1576
251.37,6354,1596
252.66,6621,1640
253.95,6939,1702
255.23,7256,1775
256.52,7661,1884
257.81,8039,1979
259.10,8344,2048
260.39,8692,2122
261.68,9018,2189
262.97,9322,2251
264.26,9633,2313
265.55,9949,2378
266.84,10226,2432
268.13,10489,2486
269.41,10784,2552
270.70,11083,2618
271.99,11333,2673
273.28,11586,2725
274.57,11849,2780
275.86,12101,2833
277.15,12327,2879
278.44,12522,2922
279.73,12748,2971
281.02,12603,2935
282.30,12759,2968
283.59,12899,2997
284.88,13071,3031
286.17,13248,3067
287.46,13372,3093
288.75,13466,3112
290.04,13551,3131
291.33,13675,3158
292.62,13747,3172
293.91,13824,3189
295.20,13884,3204
296.48,13967,3220
297.77,14005,3228
299.06,14020,3228
300.35,14016,3223
301.64,14015,3218
302.93,13971,3211
304.22,13958,3208
305.51,13934,3202
306.80,13886,3194
308.09,13835,3183
309.38,13765,3167
310.66,13663,3146
311.95,13568,3125
313.24,13448,3097
314.53,13305,3068
315.82,13177,3041
317.11,13046,3014
318.40,12886,2978
319.69,12699,2935
320.98,12459,2861
322.27,12217,2795
323.55,12001,2747
324.84,11799,2709
326.13,11623,2686
327.42,11480,2682
328.71,11279,2647
330.00,11040,2597
331.29,10774,2541
332.58,10487,2480
333.87,10240,2429
335.16,9941,2367
336.45,9659,2311
337.73,9345,2246
339.02,9083,2192
340.31,8809,2134
341.60,8503,2071
342.89,8240,2017
344.18,7924,1950
345.47,7614,1887
346.76,7303,1824
348.05,7012,1763
349.34,6717,1701
350.63,6430,1642
351.91,6139,1583
353.20,5842,1521
354.49,5558,1464
355.78,5285,1407
357.07,4994,1349
358.36,4697,1287
359.65,4433,1234
360.94,4186,1184
362.23,3906,1127
363.52,3654,1075
364.80,3432,1030
366.09,3184,979
367.38,2935,925
368.67,2702,877
369.96,2507,836
371.25,2293,791
372.54,2108,753
373.83,1941,718
375.12,1777,685
376.41,1631,655
377.70,1506,631
378.98,1381,605
380.27,1252,578
381.56,1176,562
382.85,1095,546
384.14,1025,532
385.43,968,521
386.72,923,510
388.01,888,502
389.30,866,497
390.59,857,494
391.88,855,493
393.16,867,494
394.45,896,500
395.74,934,508
397.03,974,514
398.32,1045,531
399.61,1129,549
400.90,1211,566
402.19,1299,579
403.48,1425,609
404.77,1576,647
406.05,1725,683
407.34,1873,713
408.63,2044,747
409.92,2213,781
411.21,2399,818
412.50,2549,847
413.79,2744,888
415.08,2958,930
416.37,3153,967
417.66,3387,1014
418.95,3624,1064
420.23,3865,1115
421.52,4105,1163
422.81,4313,1204
424.10,4576,1255
425.39,4859,1314
426.68,5137,1373
427.97,5455,1438
429.26,5742,1497
430.55,6042,1559
431.84,6309,1612
433.13,6601,1674
434.41,6889,1735
435.70,7187,1797
436.99,7479,1856
438.28,7795,1923
439.57,8105,1989
440.86,8415,2053
442.15,8716,2116
443.44,8995,2173
444.73,9260,2229
446.02,9560,2291
447.30,9816,2345
448.59,10059,2394
449.88,10340,2453
451.17,10599,2508
452.46,10842,2558
453.75,11084,2609
455.04,11334,2662
456.33,11565,2711
457.62,11776,2753
458.91,11996,2799
460.20,12186,2839
461.48,12371,2878
462.77,12582,2921
464.06,12757,2957
465.35,12933,2993
466.64,13108,3030
467.93,13243,3059
469.22,13365,3080
470.51,13468,3096
471.80,13579,3121
473.09,13678,3143
474.38,13746,3158
475.66,13787,3166
476.95,13839,3178
478.24,13871,3183
479.53,13885,3186
480.82,13878,3184
482.11,13845,3179
483.40,13833,3176
484.69,13797,3168
485.98,13747,3157
487.27,13672,3143
488.55,13585,3124
489.84,13506,3107
491.13,13395,3084
492.42,13300,3066
493.71,13189,3041
495.00,13033,3009
496.29,12911,2983
497.58,12721,2946
498.87,12597,2919
500.16,12416,2879
501.45,12236,2843
502.73,12059,2806
504.02,11815,2756
505.31,11662,2723
506.60,11443,2676
507.89,11207,2628
509.18,10986,2584
510.47,10751,2539
511.76,10492,2484
513.05,10219,2428
514.34,9969,2376
515.63,9750,2331
516.91,9437,2265
518.20,9201,2216
519.49,8916,2157
520.78,8662,2104
522.07,8373,2044
523.36,8084,1985
524.65,7760,1916
525.94,7515,1867
527.23,7254,1811
528.52,6935,1749
529.80,6677,1696
531.09,6405,1637
532.38,6099,1575
533.67,5776,1508
534.96,5468,1445
536.25,5196,1388
537.54,4933,1334
538.83,4664,1279
540.12,4402,1225
541.41,4157,1175
542.70,3896,1122
543.98,3635,1067
545.27,3402,1020
546.56,3168,971
547.85,2934,923
549.14,2728,883
550.43,2528,841
551.72,2330,800
553.01,2153,763
554.30,1996,731
555.59,1834,698
556.88,1677,666
558.16,1541,637
559.45,1414,611
560.74,1300,588
562.03,1204,568
563.32,1119,551
564.61,1043,536
565.90,982,523
567.19,936,514
568.48,897,505
569.77,872,500
571.05,865,499
572.34,872,500
573.63,893,504
574.92,929,511
576.21,976,521
577.50,1039,534
578.79,1124,552
580.08,1210,570
581.37,1322,593
582.66,1443,617
583.95,1574,645
585.23,1708,672
586.52,1862,704
587.81,2029,738
589.10,2184,769
590.39,2377,808
591.68,2569,849
592.97,2778,892
594.26,2999,937
595.55,3222,983
596.84,3449,1029
598.13,3711,1083
599.41,3892,1120
600.70,4138,1170
601.99,4367,1217
603.28,4635,1273
604.57,4923,1331
605.86,5215,1392
607.15,5462,1443
608.44,5660,1484
609.73,5957,1544
611.02,6231,1602
612.30,6504,1658
613.59,6782,1715
614.88,7064,1773
616.17,7333,1830
617.46,7672,1901
618.75,7972,1963
620.04,8226,2015
621.33,8552,2083
622.62,8839,2140
623.91,9077,2190
625.20,9359,2248
626.48,9647,2309
627.77,9950,2372
629.06,10176,2418
630.35,10464,2479
631.64,10692,2524
632.93,10917,2571
634.22,11157,2621
635.51,11410,2674
636.80,11648,2723
638.09,11852,2766
639.38,12038,2805
640.66,12269,2852
641.95,12458,2893
643.24,12623,2926
644.53,12789,2961
645.82,12948,2995
647.11,13112,3030
648.40,13238,3055
649.69,13369,3082
650.98,13497,3108
652.27,13597,3128
653.55,13667,3144
654.84,13751,3161
656.13,13829,3176
657.42,13883,3187
658.71,13930,3198
660.00,13934,3198
661.29,13953,3202
662.58,13959,3202
663.87,13939,3197
665.16,13901,3189
666.45,13837,3177
667.73,13784,3163
669.02,13707,3149
670.31,13603,3129
671.60,13477,3104
672.89,13364,3079
674.18,13233,3054
675.47,13086,3023
676.76,12932,2990
678.05,12746,2953
679.34,12611,2925
680.63,12390,2879
681.91,12232,2845
683.20,12003,2801
684.49,11789,2753
685.78,11562,2708
687.07,11304,2651
688.36,11065,2603
689.65,10795,2545
690.94,10551,2496
692.23,10296,2442
693.52,10019,2384
694.80,9774,2334
696.09,9485,2272
697.38,9199,2213
698.67,8879,2148
699.96,8629,2096
701.25,8326,2034
702.54,8035,1973
703.83,7764,1917
705.12,7520,1866
706.41,7236,1807
707.70,6958,1748
708.98,6691,1694
710.27,6421,1637
711.56,6109,1574
712.85,5847,1519
714.14,5588,1466
715.43,5277,1401
716.72,5070,1358
718.01,4795,1303
719.30,4519,1247
720.59,4242,1188
721.88,4012,1140
723.16,3730,1082
724.45,3504,1034
725.74,3310,994
727.03,3060,943
728.32,2854,900
729.61,2644,856
730.90,2477,821
732.19,2303,786
733.48,2110,746
734.77,1918,707
736.05,1788,679
737.34,1654,652
738.63,1529,627
739.92,1405,603
741.21,1299,580
742.50,1200,559
743.79,1109,541
745.08,1024,523
746.37,962,510
747.66,917,502
748.95,875,493
750.23,852,489
751.52,844,488
752.81,847,487
754.10,868,491
755.39,902,498
756.68,944,506
757.97,1008,519
759.26,1084,534
760.55,1166,550
761.84,1263,571
763.13,1371,594
764.41,1498,619
765.70,1624,645
766.99,1786,681
768.28,1955,716
769.57,2101,738
770.86,2278,770
772.15,2462,808
773.44,2658,850
774.73,2875,896
776.02,3128,953
777.30,3365,1009
778.59,3603,1061
779.88,3873,1117
781.17,4149,1174
782.46,4399,1227
783.75,4671,1284
785.04,4964,1343
786.33,5251,1402
787.62,5529,1461
788.91,5837,1522
790.20,6138,1586
791.48,6446,1652
792.77,6786,1721
794.06,7080,1781
795.35,7377,1842
796.64,7658,1899
797.93,7957,1962
799.22,8256,2025
800.51,8519,2078
801.80,8827,2143
803.09,9104,2200
804.38,9387,2260
805.66,9647,2314
806.95,9968,2379
808.24,10186,2425
809.53,10416,2472
810.82,10691,2528
812.11,10934,2579
813.40,11151,2624
814.69,11416,2680
815.98,11569,2713
817.27,11809,2763
818.55,11978,2796
819.84,12164,2833
821.13,12339,2871
822.42,12526,2912
823.71,12681,2943
825.00,12822,2972
826.29,12987,3008
827.58,13120,3037
828.87,13267,3067
830.16,13364,3087
831.45,13456,3107
832.73,13560,3127
834.02,13646,3145
835.31,13705,3157
836.60,13737,3163
837.89,13798,3176
839.18,13816,3182
840.47,13844,3186
841.76,13843,3186
843.05,13819,3180
844.34,13808,3177
845.63,13771,3170
846.91,13727,3160
848.20,13674,3149
849.49,13600,3135
850.78,13510,3116
852.07,13389,3090
853.36,13277,3067
854.65,13169,3044
855.94,13011,3012
857.23,12869,2983
858.52,12717,2952
859.80,12546,2916
861.09,12361,2877
862.38,12165,2837
863.67,11948,2791
864.96,11733,2746
866.25,11525,2702
867.54,11294,2655
868.83,11054,2606
870.12,10819,2556
871.41,10585,2509
872.70,10308,2450
873.98,10042,2395
875.27,9777,2341
876.56,9500,2282
877.85,9211,2223
879.14,8952,2170
880.43,8673,2110
881.72,8384,2052
883.01,8092,1990
884.30,7815,1934
885.59,7505,1868
886.88,7188,1803
888.16,6889,1742
889.45,6580,1678
890.74,6285,1618
892.03,5995,1559
893.32,5700,1498
894.61,5389,1432
895.90,5103,1373
897.19,4838,1318
898.48,4539,1257
899.77,4245,1197
901.05,4004,1148
902.34,3762,1098
903.63,3507,1046
904.92,3266,996
906.21,3063,955
907.50,2845,909
908.79,2629,864
910.08,2425,822
911.37,2242,786
912.66,2073,751
913.95,1905,716
915.23,1792,692
916.52,1657,664
917.81,1512,634
919.10,1405,613
920.39,1283,587
921.68,1163,553
922.97,1081,534
924.26,976,503
925.55,915,487
926.84,859,475
928.13,839,473
929.41,862,492
930.70,862,496
931.99,868,499
933.28,877,499
934.57,903,504
935.86,946,513
937.15,991,524
938.44,1064,539
939.73,1140,554
941.02,1218,570
942.30,1308,589
943.59,1411,609
944.88,1550,638
946.17,1707,671
947.46,1823,695
948.75,1983,727
950.04,2134,758
951.33,2334,800
952.62,2525,840
953.91,2713,877
955.20,2934,924
956.48,3183,975
957.77,3415,1023
959.06,3643,1070
960.35,3874,1118
961.64,4143,1172
962.93,4371,1220
964.22,4624,1272
965.51,4908,1331
966.80,5207,1392
968.09,5465,1446
969.38,5767,1507
970.66,6070,1573
971.95,6335,1628
973.24,6631,1687
974.53,6916,1746
975.82,7202,1806
977.11,7496,1865
978.40,7781,1925
979.69,8086,1988
980.98,8375,2048
982.27,8685,2114
983.55,8970,2171
984.84,9226,2226
986.13,9509,2284
987.42,9765,2338
988.71,10062,2399
990.00,10285,2445
991.29,10607,2513
992.58,10851,2564
993.87,11132,2623
995.16,11355,2668
996.45,11592,2715
997.73,11843,2770
999.02,12060,2814
1000.31,12280,2858
1001.60,12477,2899
1002.89,12666,2937
1004.18,12854,2975
1005.47,13014,3009
1006.76,13157,3039
1008.05,13235,3056
1009.34,13394,3089
1010.63,13512,3114
1011.91,13596,3129
1013.20,13680,3147
1014.49,13749,3162
1015.78,13802,3173
1017.07,13834,3177
1018.36,13858,3184
1019.65,13879,3187
1020.94,13887,3189
1022.23,13882,3186
1023.52,13850,3181
1024.80,13825,3175
1026.09,13756,3160
1027.38,13704,3151
1028.67,13639,3138
1029.96,13555,3117
1031.25,13462,3098
1032.54,13367,3078
1033.83,13268,3058
1035.12,13128,3029
1036.41,12976,2998
1037.70,12840,2969
1038.98,12670,2934
1040.27,12455,2890
1041.56,12317,2863
1042.85,12108,2818
1044.14,11896,2772
1045.43,11684,2729
1046.72,11520,2696
1048.01,11270,2643
1049.30,11055,2599
1050.59,10788,2543
1051.88,10538,2491
1053.16,10296,2443
1054.45,10035,2387
1055.74,9798,2338
1057.03,9526,2281
1058.32,9224,2222
1059.61,8938,2158
1060.90,8673,2104
1062.19,8383,2045
1063.48,8055,1978
1064.77,7799,1925
1066.05,7513,1867
1067.34,7219,1806
1068.63,6914,1743
1069.92,6624,1683
1071.21,6324,1621
1072.50,6025,1560
1073.79,5735,1499
1075.08,5436,1439
1076.37,5141,1378
1077.66,4894,1326
1078.95,4599,1266
1080.23,4332,1210
switching colors
1081.52,7104,658
1082.81,6625,632
1084.10,6123,604
1085.39,5612,576
1086.68,5173,553
1087.97,4736,530
1089.26,4321,507
1090.55,3943,486
1091.84,3574,467
1093.13,3215,448
1094.41,2862,430
1095.70,2531,411
1096.99,2251,397
1098.28,1959,381
1099.57,1723,368
1100.86,1489,355
1102.15,1292,345
1103.44,1127,336
1104.73,976,328
1106.02,855,321
1107.30,769,316
1108.59,709,314
1109.88,675,313
1111.17,674,313
1112.46,698,314
1113.75,748,317
1115.04,829,321
1116.33,936,327
1117.62,1057,333
1118.91,1226,342
1120.20,1404,351
1121.48,1606,362
1122.77,1818,374
1124.06,2073,387
1125.35,2313,401
1126.64,2608,416
1127.93,2892,432
1129.22,3250,450
1130.51,3521,465
1131.80,3899,485
1133.09,4284,506
1134.38,4681,528
1135.66,5113,551
1136.95,5566,576
1138.24,5983,597
1139.53,6438,623
1140.82,6975,651
1142.11,7529,681
1143.40,7956,704
1144.69,8520,735
1145.98,9075,766
1147.27,9657,797
1148.55,10153,823
1149.84,10690,854
1151.13,11244,884
1152.42,11855,917
1153.71,12382,945
1155.00,12932,976
1156.29,13505,1008
1157.58,14171,1043
1158.87,14778,1077
1160.16,15273,1104
1161.45,15847,1135
1162.73,16413,1165
1164.02,16968,1196
1165.31,17484,1224
1166.60,17997,1253
1167.89,18580,1284
1169.18,19084,1313
1170.47,19568,1340
1171.76,20088,1368
1173.05,20612,1397
1174.34,21052,1421
1175.63,21537,1447
1176.91,22002,1472
1178.20,22419,1493
1179.49,22840,1517
1180.78,23245,1536
1182.07,23596,1555
1183.36,23983,1576
1184.65,24259,1593
1185.94,24574,1609
1187.23,24854,1626
1188.52,25127,1641
1189.80,25344,1652
1191.09,25573,1665
1192.38,25745,1678
1193.67,25960,1692
1194.96,26080,1698
1196.25,26193,1704
1197.54,26217,1706
1198.83,26302,1710
1200.12,26358,1713
1201.41,26360,1713
1202.70,26441,1717
1203.98,26337,1711
1205.27,26285,1708
1206.56,26177,1702
1207.85,26040,1696
1209.14,25900,1687
1210.43,25703,1676
1211.72,25459,1664
1213.01,25216,1651
1214.30,24949,1636
1215.59,24650,1618
1216.88,24349,1602
1218.16,24029,1583
1219.45,23665,1564
1220.74,23287,1543
1222.03,22898,1522
1223.32,22509,1499
1224.61,22069,1477
1225.90,21625,1452
1227.19,21196,1427
1228.48,20691,1399
1229.77,20160,1371
1231.05,19728,1346
1232.34,19236,1318
1233.63,18787,1293
1234.92,18304,1267
1236.21,17837,1241
1237.50,17341,1213
1238.79,16756,1183
1240.08,16209,1151
1241.37,15597,1120
1242.66,15058,1089
1243.95,14560,1061
1245.23,14058,1034
1246.52,13383,997
1247.81,12880,970
1249.10,12267,937
1250.39,11687,905
1251.68,11112,874
1252.97,10606,847
1254.26,10051,817
1255.55,9458,784
1256.84,8973,758
1258.13,8514,732
1259.41,7933,702
1260.70,7407,673
1261.99,6979,649
1263.28,6445,621
1264.57,6002,597
1265.86,5533,570
1267.15,5102,547
1268.44,4680,522
1269.73,4253,494
1271.02,3861,465
1272.30,3488,440
1273.59,3074,418
1274.88,2757,401
1276.17,2427,382
1277.46,2140,366
1278.75,1904,354
1280.04,1656,341
1281.33,1441,331
1282.62,1253,328
1283.91,1107,328
1285.20,968,322
1286.48,847,314
1287.77,764,313
1289.06,705,309
1290.35,668,306
1291.64,660,306
1292.93,676,306
1294.22,718,308
1295.51,794,312
1296.80,894,317
1298.09,1014,325
1299.38,1170,332
1300.66,1342,342
1301.95,1530,353
1303.24,1744,363
1304.53,1999,377
1305.82,2275,392
1307.11,2576,407
1308.40,2910,425
1309.69,3256,444
1310.98,3622,463
1312.27,4042,486
1313.55,4464,509
1314.84,4879,532
1316.13,5346,556
1317.42,5886,587
1318.71,6364,611
1320.00,6864,639
1321.29,7438,670
1322.58,7968,699
1323.87,8498,728
1325.16,9015,757
1326.45,9625,789
1327.73,10185,821
1329.02,10733,850
1330.31,11301,880
1331.60,11900,914
1332.89,12500,946
1334.18,13041,976
1335.47,13653,1008
1336.76,14196,1039
1338.05,14747,1068
1339.34,15343,1103
1340.63,15891,1134
1341.91,16470,1166
1343.20,17116,1201
1344.49,17647,1229
1345.78,18077,1254
1347.07,18644,1283
1348.36,19161,1311
1349.65,19674,1339
1350.94,20092,1362
1352.23,20576,1388
1353.52,21074,1416
1354.80,21500,1439
1356.09,21969,1465
1357.38,22425,1490
1358.67,22816,1511
1359.96,23219,1533
1361.25,23536,1551
1362.54,23954,1574
1363.83,24274,1591
1365.12,24587,1609
1366.41,24862,1625
1367.70,25169,1640
1368.98,25511,1660
1370.27,25657,1669
1371.56,25871,1678
1372.85,26065,1689
1374.14,26222,1698
1375.43,26331,1704
1376.72,26474,1712
1378.01,26563,1715
1379.30,26622,1718
1380.59,26622,1720
1381.88,26642,1720
1383.16,26667,1722
1384.45,26622,1719
1385.74,26532,1714
1387.03,26442,1709
1388.32,26312,1702
1389.61,26195,1696
1390.90,25932,1683
1392.19,25784,1673
1393.48,25570,1661
1394.77,25279,1645
1396.05,25065,1632
1397.34,24773,1613
1398.63,24445,1593
1399.92,24089,1572
1401.21,23748,1557
1402.50,23376,1535
1403.79,22919,1512
1405.08,22463,1486
1406.37,22055,1467
1407.66,21683,1446
1408.95,21132,1417
1410.23,20590,1388
1411.52,20060,1361
1412.81,19534,1331
1414.10,18967,1300
1415.39,18411,1271
1416.68,17866,1241
1417.97,17280,1208
1419.26,16676,1176
1420.55,16105,1144
1421.84,15502,1110
1423.13,14865,1076
1424.41,14246,1041
1425.70,13646,1008
1426.99,13023,974
1428.28,12423,941
1429.57,11860,910
1430.86,11163,873
1432.15,10633,845
1433.44,10109,816
1434.73,9543,785
1436.02,8926,751
1437.30,8389,722
1438.59,7902,695
1439.88,7406,670
1441.17,6948,643
1442.46,6529,622
1443.75,6117,600
1445.04,5675,576
1446.33,5213,551
1447.62,4783,527
1448.91,4387,506
1450.20,3981,484
1451.48,3632,465
1452.77,3263,446
1454.06,2867,425
1455.35,2652,413
1456.64,2359,398
1457.93,2092,382
1459.22,1793,366
1460.51,1605,357
1461.80,1370,344
1463.09,1191,335
1464.38,1058,327
1465.66,930,320
1466.95,822,314
1468.24,749,310
1469.53,695,308
1470.82,668,307
1472.11,662,306
1473.40,680,307
1474.69,726,310
1475.98,798,314
1477.27,896,319
1478.55,993,324
1479.84,1131,331
1481.13,1317,341
1482.42,1510,352
1483.71,1755,365
1485.00,1985,376
1486.29,2260,392
1487.58,2588,410
1488.87,2886,426
1490.16,3242,445
1491.45,3571,462
1492.73,4004,486
1494.02,4433,509
1495.31,4866,531
1496.60,5343,557
1497.89,5812,582
1499.18,6294,609
1500.47,6759,634
1501.76,7276,662
1503.05,7819,692
1504.34,8297,718
1505.63,8860,748
1506.91,9473,781
1508.20,9995,810
1509.49,10528,839
1510.78,11115,871
1512.07,11684,902
1513.36,12215,930
1514.65,12820,963
1515.94,13368,994
1517.23,13968,1027
1518.52,14573,1061
1519.80,15195,1094
1521.09,15804,1128
1522.38,16391,1159
1523.67,17028,1194
1524.96,17627,1227
1526.25,18201,1258
1527.54,18872,1293
1528.83,19408,1325
1530.12,19931,1352
1531.41,20439,1381
1532.70,20988,1411
1533.98,21412,1437
1535.27,21837,1460
1536.56,22298,1485
1537.85,22717,1508
1539.14,23102,1530
1540.43,23452,1550
1541.72,23843,1570
1543.01,24187,1589
1544.30,24542,1608
1545.59,24829,1625
1546.88,25073,1637
1548.16,25294,1649
1549.45,25551,1664
1550.74,25741,1674
1552.03,25887,1682
1553.32,26060,1693
1554.61,26218,1700
1555.90,26251,1703
1557.19,26364,1708
1558.48,26422,1712
1559.77,26464,1713
1561.05,26470,1715
1562.34,26484,1714
1563.63,26450,1713
1564.92,26393,1710
1566.21,26290,1704
1567.50,26187,1698
1568.79,26032,1689
1570.08,25898,1682
1571.37,25721,1671
1572.66,25512,1660
1573.95,25300,1648
1575.23,25042,1634
1576.52,24794,1620
1577.81,24471,1603
1579.10,24149,1585
1580.39,23807,1566
1581.68,23431,1546
1582.97,23055,1524
1584.26,22704,1506
1585.55,22214,1476
1586.84,21785,1454
1588.13,21367,1431
1589.41,20858,1403
1590.70,20353,1375
1591.99,19855,1346
1593.28,19378,1320
1594.57,18846,1291
1595.86,18286,1260
1597.15,17805,1233
1598.44,17236,1202
1599.73,16632,1170
1601.02,16032,1137
1602.30,15458,1104
1603.59,14874,1073
1604.88,14261,1039
1606.17,13681,1008
1607.46,13112,977
1608.75,12531,945
1610.04,12011,916
1611.33,11401,883
1612.62,10790,850
1613.91,10240,820
1615.20,9660,788
1616.48,9105,758
1617.77,8567,728
1619.06,8070,700
1620.35,7507,668
1621.64,6997,641
1622.93,6508,615
1624.22,6002,588
1625.51,5498,560
1626.80,5035,536
1628.09,4611,514
1629.38,4179,491
1630.66,3754,468
1631.95,3390,448
1633.24,3025,429
1634.53,2674,409
1635.82,2358,392
1637.11,2060,377
1638.40,1786,362
1639.69,1556,350
1640.98,1359,338
1642.27,1167,328
1643.55,1015,322
1644.84,903,315
1646.13,799,309
1647.42,719,305
1648.71,672,303
1650.00,654,302
1651.29,661,302
1652.58,691,303
1653.87,737,307
1655.16,811,311
1656.45,911,316
1657.73,1039,323
1659.02,1156,329
1660.31,1325,338
1661.60,1541,349
1662.89,1775,362
1664.18,1968,372
1665.47,2263,389
1666.76,2493,401
1668.05,2778,417
1669.34,3142,436
1670.63,3487,455
1671.91,3820,471
1673.20,4251,495
1674.49,4648,516
1675.78,5104,541
1677.07,5525,563
1678.36,6015,590
1679.65,6429,613
1680.94,6904,638
1682.23,7413,666
1683.52,8043,698
1684.80,8562,727
1686.09,9056,753
1687.38,9700,789
1688.67,10195,815
1689.96,10674,840
1691.25,11286,869
1692.54,11850,901
1693.83,12441,935
1695.12,13063,968
1696.41,13644,1002
1697.70,14220,1034
1698.98,14779,1064
1700.27,15377,1096
1701.56,15927,1126
1702.85,16487,1154
1704.14,17069,1185
1705.43,17662,1215
1706.72,18235,1245
1708.01,18805,1276
1709.30,19352,1306
1710.59,19854,1332
1711.88,20389,1359
1713.16,20912,1382
1714.45,21375,1413
1715.74,21826,1439
1717.03,22299,1459
1718.32,22773,1485
1719.61,23181,1505
1720.90,23583,1530
1722.19,23957,1553
1723.48,24298,1578
1724.77,24465,1583
1726.05,24917,1606
1727.34,25139,1618
1728.63,25446,1634
1729.92,25696,1649
1731.21,25971,1662
1732.50,26118,1673
1733.79,26280,1680
1735.08,26486,1687
1736.37,26614,1690
1737.66,26676,1692
1738.95,26737,1696
1740.23,26850,1701
1741.52,26816,1700
1742.81,26774,1697
1744.10,26768,1698
1745.39,26647,1690
1746.68,26558,1686
1747.97,26419,1677
1749.26,26216,1667
1750.55,26091,1664
1751.84,25956,1659
1753.13,25679,1645
1754.41,25371,1629
1755.70,25089,1609
1756.99,24761,1586
1758.28,24504,1569
1759.57,24147,1548
1760.86,23840,1529
1762.15,23405,1506
1763.44,23013,1483
1764.73,22658,1462
1766.02,22201,1437
1767.30,21721,1411
1768.59,21342,1391
1769.88,20912,1368
1771.17,20256,1332
1772.46,19915,1313
1773.75,19408,1285
1775.04,18808,1253
1776.33,18251,1224
1777.62,17713,1193
1778.91,17201,1164
1780.20,16626,1133
1781.48,16065,1101
1782.77,15575,1074
1784.06,14975,1042
1785.35,14424,1011
1786.64,13825,979
1787.93,13272,950
1789.22,12677,917
1790.51,12084,886
1791.80,11489,855
1793.09,10908,824
1794.38,10423,796
1795.66,9892,766
1796.95,9298,736
1798.24,8790,709
1799.53,8271,680
1800.82,7689,649
1802.11,7083,617
1803.40,6674,593
1804.69,6190,567
1805.98,5669,539
1807.27,5175,512
1808.55,4747,491
1809.84,4324,468
1811.13,3875,444
1812.42,3472,423
1813.71,3109,400
1815.00,2748,381
1816.29,2434,363
1817.58,2112,346
1818.87,1865,333
1820.16,1622,319
1821.45,1416,309
1822.73,1194,297
1824.02,1027,288
1825.31,883,280
1826.60,768,273
1827.89,674,268
1829.18,617,265
1830.47,588,265
1831.76,583,265
1833.05,606,266
1834.34,654,268
1835.63,732,273
1836.91,849,279
1838.20,980,286
1839.49,1145,295
1840.78,1330,304
1842.07,1554,316
1843.36,1793,329
1844.65,2067,343
1845.94,2371,361
1847.23,2693,377
1848.52,3097,400
1849.80,3460,420
1851.09,3833,443
1852.38,4230,464
1853.67,4697,488
1854.96,5141,513
1856.25,5538,533
1857.54,6029,560
1858.83,6556,589
1860.12,7084,616
1861.41,7557,642
1862.70,8109,672
1863.98,8633,700
1865.27,9084,725
1866.56,9678,758
1867.85,10243,788
1869.14,10806,818
1870.43,11344,847
1871.72,11884,877
1873.01,12467,907
1874.30,13055,939
1875.59,13626,972
1876.88,14252,1004
1878.16,14778,1034
1879.45,15404,1068
1880.74,15961,1097
1882.03,16534,1129
1883.32,17074,1158
1884.61,17716,1195
1885.90,18235,1221
1887.19,18823,1254
1888.48,19333,1282
1889.77,19946,1316
1891.05,20386,1340
1892.34,20878,1367
1893.63,21377,1394
1894.92,21887,1423
1896.21,22280,1444
1897.50,22738,1469
1898.79,23079,1487
1900.08,23527,1512
1901.37,23920,1534
1902.66,24294,1556
1903.95,24682,1576
1905.23,24886,1587
1906.52,25128,1603
1907.81,25250,1609
1909.10,25440,1619
1910.39,25771,1637
1911.68,25901,1644
1912.97,25994,1649
1914.26,26146,1659
1915.55,26286,1666
1916.84,26348,1671
1918.13,26436,1675
1919.41,26529,1678
1920.70,26555,1680
1921.99,26555,1681
1923.28,26499,1677
1924.57,26447,1675
1925.86,26381,1671
1927.15,26261,1664
1928.44,26128,1657
1929.73,25945,1646
1931.02,25751,1635
1932.30,25557,1626
1933.59,25305,1612
1934.88,25068,1598
1936.17,24782,1582
1937.46,24475,1564
1938.75,24179,1548
1940.04,23849,1531
1941.33,23455,1508
1942.62,23016,1484
1943.91,22612,1462
1945.20,22177,1438
1946.48,21703,1411
1947.77,21209,1383
1949.06,20731,1357
1950.35,20159,1328
1951.64,19636,1298
1952.93,19109,1269
1954.22,18539,1237
1955.51,17945,1202
1956.80,17394,1171
1958.09,16836,1142
1959.38,16260,1109
1960.66,15634,1076
1961.95,15119,1048
1963.24,14540,1018
1964.53,13934,985
1965.82,13311,951
1967.11,12748,919
1968.40,12170,888
1969.69,11613,857
1970.98,11144,833
1972.27,10559,802
1973.55,10027,772
1974.84,9530,744
1976.13,9019,717
1977.42,8445,687
1978.71,7870,654
1980.00,7504,634
1981.29,6981,607
1982.58,6494,580
1983.87,6055,557
1985.16,5615,533
1986.45,5124,506
1987.73,4690,483
1989.02,4313,463
1990.31,3927,442
1991.60,3515,419
1992.89,3153,400
1994.18,2791,380
1995.47,2512,367
1996.76,2253,353
1998.05,2006,341
1999.34,1744,330
2000.63,1499,318
2001.91,1308,307
2003.20,1124,296
2004.49,990,288
2005.78,868,281
2007.07,763,277
2008.36,670,272
2009.65,620,269
2010.94,591,268
2012.23,589,267
2013.52,612,268
2014.80,663,271
2016.09,750,276
2017.38,841,279
2018.67,970,286
2019.96,1139,296
2021.25,1303,304
2022.54,1532,317
2023.83,1771,329
2025.12,2031,344
2026.41,2315,359
2027.70,2613,374
2028.98,2940,392
2030.27,3288,411
2031.56,3662,431
2032.85,4023,451
2034.14,4462,474
2035.43,4912,498
2036.72,5336,520
2038.01,5822,547
2039.30,6315,578
2040.59,6787,604
2041.88,7257,632
2043.16,7815,663
2044.45,8361,693
2045.74,8857,718
2047.03,9467,750
2048.32,10086,781
2049.61,10675,813
2050.90,11303,845
2052.19,11910,877
2053.48,12543,912
2054.77,13129,943
2056.05,13766,977
2057.34,14365,1008
2058.63,14965,1040
2059.92,15653,1078
2061.21,16244,1111
2062.50,16778,1140
2063.79,17321,1171
2065.08,17936,1205
2066.37,18512,1236
2067.66,19007,1262
2068.95,19584,1294
2070.23,20087,1322
2071.52,20624,1351
2072.81,21025,1373
2074.10,21534,1402
2075.39,21970,1425
2076.68,22362,1447
2077.97,22818,1471
2079.26,23145,1490
2080.55,23536,1510
2081.84,23867,1528
2083.12,24219,1548
2084.41,24548,1567
2085.70,24806,1580
2086.99,25099,1596
2088.28,25313,1607
2089.57,25513,1617
2090.86,25764,1632
2092.15,25935,1641
2093.44,26105,1650
2094.73,26209,1655
2096.02,26391,1665
2097.30,26475,1669
2098.59,26540,1673
2099.88,26569,1674
2101.17,26614,1675
2102.46,26601,1677
2103.75,26546,1673
2105.04,26504,1670
2106.33,26448,1666
2107.62,26321,1661
2108.91,26219,1653
2110.20,26026,1643
2111.48,25839,1631
2112.77,25703,1624
2114.06,25454,1610
2115.35,25136,1592
2116.64,24925,1581
2117.93,24519,1558
2119.22,24229,1541
2120.51,23902,1524
2121.80,23575,1506
2123.09,23133,1481
2124.37,22735,1459
2125.66,22313,1435
2126.95,21911,1413
2128.24,21392,1385
2129.53,20902,1358
2130.82,20406,1331
2132.11,19993,1308
2133.40,19398,1275
2134.69,18794,1242
2135.98,18256,1213
2137.27,17680,1181
2138.55,17188,1154
2139.84,16583,1121
2141.13,16003,1089
2142.42,15431,1057
2143.71,14810,1023
2145.00,14234,992
2146.29,13673,961
2147.58,13093,931
2148.87,12488,898
2150.16,11932,866
2151.45,11375,835
2152.73,10742,802
2154.02,10107,767
2155.31,9562,737
2156.60,8972,705
2157.89,8412,674
2159.18,7857,644
2160.47,7338,616
switching colors
2161.76,3289,304
2163.05,3052,298
2164.34,2841,294
2165.62,2609,290
2166.91,2384,285
2168.20,2188,280
2169.49,2020,278
2170.78,1835,274
2172.07,1671,271
2173.36,1522,267
2174.65,1375,264
2175.94,1240,262
2177.23,1109,258
2178.52,1006,256
2179.80,905,255
2181.09,823,252
2182.38,749,250
2183.67,679,249
2184.96,617,248
2186.25,574,247
2187.54,538,246
2188.83,504,244
2190.12,493,245
2191.41,487,244
2192.70,493,243
2193.98,511,243
2195.27,541,243
2196.56,584,244
2197.85,637,244
2199.14,698,244
2200.43,772,245
2201.72,864,248
2203.01,976,250
2204.30,1061,251
2205.59,1182,253
2206.87,1315,253
2208.16,1440,257
2209.45,1580,258
2210.74,1741,261
2212.03,1894,263
2213.32,2072,266
2214.61,2270,271
2215.90,2449,275
2217.19,2641,279
2218.48,2852,283
2219.77,3065,288
2221.05,3289,293
2222.34,3499,297
2223.63,3747,302
2224.92,4026,308
2226.21,4272,313
2227.50,4526,318
2228.79,4779,323
2230.08,5050,329
2231.37,5284,334
2232.66,5553,339
2233.95,5826,345
2235.23,6096,351
2236.52,6378,356
2237.81,6643,362
2239.10,6903,367
2240.39,7172,374
2241.68,7427,378
2242.97,7680,383
2244.26,7915,389
2245.55,8181,394
2246.84,8434,400
2248.12,8667,404
2249.41,8921,410
2250.70,9154,414
2251.99,9368,418
2253.28,9585,423
2254.57,9816,428
2255.86,10027,433
2257.15,10225,436
2258.44,10433,441
2259.73,10632,445
2261.02,10820,449
2262.30,11002,453
2263.59,11171,457
2264.88,11326,461
2266.17,11486,464
2267.46,11616,468
2268.75,11730,470
2270.04,11830,472
2271.33,11938,474
2272.62,12016,474
2273.91,12085,478
2275.20,12143,477
2276.48,12183,480
2277.77,12208,480
2279.06,12229,481
2280.35,12234,481
2281.64,12237,482
2282.93,12203,480
2284.22,12177,480
2285.51,12127,478
2286.80,12074,477
2288.09,11991,475
2289.37,11939,475
2290.66,11849,473
2291.95,11761,470
2293.24,11652,469
2294.53,11543,466
2295.82,11412,463
2297.11,11293,460
2298.40,11156,457
2299.69,11006,455
2300.98,10846,451
2302.27,10674,448
2303.55,10490,444
2304.84,10323,440
2306.13,10120,437
2307.42,9887,432
2308.71,9675,428
2310.00,9509,424
2311.29,9290,419
2312.58,9023,415
2313.87,8831,412
2315.16,8623,407
2316.45,8365,402
2317.73,8116,397
2319.02,7872,392
2320.31,7624,386
2321.60,7370,380
2322.89,7124,376
2324.18,6876,370
2325.47,6591,364
2326.76,6346,359
2328.05,6066,353
2329.34,5795,347
2330.62,5526,341
2331.91,5275,336
2333.20,5023,330
2334.49,4753,326
2335.78,4515,320
2337.07,4266,317
2338.36,4002,312
2339.65,3765,308
2340.94,3533,304
2342.23,3282,298
2343.52,3040,293
2344.80,2850,289
2346.09,2640,286
2347.38,2430,281
2348.67,2239,277
2349.96,2062,274
2351.25,1885,269
2352.54,1707,266
2353.83,1556,263
2355.12,1400,260
2356.41,1268,257
2357.70,1148,255
2358.98,1029,252
2360.27,921,249
2361.56,827,247
2362.85,743,245
2364.14,667,245
2365.43,603,244
2366.72,557,243
2368.01,515,241
2369.30,492,240
2370.59,484,241
2371.87,487,241
2373.16,503,242
2374.45,535,243
2375.74,571,241
2377.03,626,241
2378.32,698,242
2379.61,773,244
2380.90,859,246
2382.19,961,247
2383.48,1077,249
2384.77,1197,252
2386.05,1322,256
2387.34,1478,262
2388.63,1635,268
2389.92,1795,269
2391.21,1971,273
2392.50,2128,275
2393.79,2306,278
2395.08,2487,283
2396.37,2682,287
2397.66,2873,291
2398.95,3077,296
2400.23,3302,299
2401.52,3514,303
2402.81,3715,308
2404.10,3977,313
2405.39,4255,319
2406.68,4407,321
2407.97,4659,326
2409.26,4931,331
2410.55,5166,336
2411.84,5425,341
2413.12,5674,346
2414.41,5933,351
2415.70,6186,356
2416.99,6460,362
2418.28,6744,367
2419.57,6967,372
2420.86,7240,377
2422.15,7470,382
2423.44,7746,387
2424.73,8019,393
2426.02,8287,399
2427.30,8509,403
2428.59,8712,408
2429.88,8953,412
2431.17,9245,417
2432.46,9413,420
2433.75,9625,424
2435.04,9884,429
2436.33,10090,433
2437.62,10262,438
2438.91,10476,442
2440.20,10661,446
2441.48,10826,450
2442.77,10983,453
2444.06,11156,457
2445.35,11310,461
2446.64,11454,464
2447.93,11588,467
2449.22,11695,469
2450.51,11810,471
2451.80,11919,473
2453.09,11984,475
2454.37,12054,475
2455.66,12120,478
2456.95,12168,479
2458.24,12207,478
2459.53,12224,479
2460.82,12239,479
2462.11,12250,478
2463.40,12229,478
2464.69,12210,480
2465.98,12169,480
2467.27,12124,478
2468.55,12111,479
2469.84,12030,477
2471.13,11910,475
2472.42,11815,472
2473.71,11691,469
2475.00,11562,467
2476.29,11439,463
2477.58,11285,461
2478.87,11127,456
2480.16,10957,453
2481.45,10779,449
2482.73,10566,444
2484.02,10370,440
2485.31,10175,435
2486.60,9955,431
2487.89,9742,426
2489.18,9521,422
2490.47,9311,417
2491.76,9057,413
2493.05,8805,407
2494.34,8558,403
2495.62,8293,397
2496.91,8066,391
2498.20,7855,388
2499.49,7573,382
2500.78,7392,379
2502.07,7116,373
2503.36,6881,367
2504.65,6615,363
2505.94,6368,357
2507.23,6107,352
2508.52,5856,346
2509.80,5608,342
2511.09,5369,337
2512.38,5130,332
2513.67,4797,325
2514.96,4594,321
2516.25,4369,318
2517.54,4119,313
2518.83,3835,307
2520.12,3636,302
2521.41,3439,298
2522.70,3176,292
2523.98,2976,288
2525.27,2773,285
2526.56,2595,279
2527.85,2407,276
2529.14,2198,271
2530.43,2022,268
2531.72,1853,264
2533.01,1699,262
2534.30,1552,260
2535.59,1399,256
2536.87,1268,254
2538.16,1151,251
2539.45,1017,250
2540.74,905,247
2542.03,818,244
2543.32,729,243
2544.61,654,241
2545.90,596,240
2547.19,553,238
2548.48,514,238
2549.77,487,237
2551.05,476,237
2552.34,476,237
2553.63,490,237
2554.92,519,238
2556.21,553,238
2557.50,605,239
2558.79,666,240
2560.08,741,242
2561.37,821,243
2562.66,916,244
2563.95,1030,246
2565.23,1150,250
2566.52,1282,252
2567.81,1422,253
2569.10,1568,257
2570.39,1721,259
2571.68,1901,264
2572.97,2074,267
2574.26,2266,270
2575.55,2476,274
2576.84,2680,278
2578.12,2885,283
2579.41,3124,287
2580.70,3357,291
2581.99,3581,294
2583.28,3821,300
2584.57,4099,306
2585.86,4359,311
2587.15,4618,315
2588.44,4895,319
2589.73,5162,322
2591.02,5424,328
2592.30,5691,334
2593.59,5953,340
2594.88,6220,345
2596.17,6486,349
2597.46,6752,356
2598.75,7016,360
2600.04,7284,366
2601.33,7544,372
2602.62,7798,376
2603.91,8018,381
2605.20,8247,386
2606.48,8524,390
2607.77,8719,394
2609.06,8936,399
2610.35,9163,406
2611.64,9451,412
2612.93,9636,416
2614.22,9829,418
2615.51,10004,423
2616.80,10216,428
2618.09,10358,430
2619.37,10533,434
2620.66,10728,438
2621.95,10885,440
2623.24,11050,444
2624.53,11182,447
2625.82,11338,450
2627.11,11472,453
2628.40,11584,454
2629.69,11690,455
2630.98,11795,456
2632.27,11887,458
2633.55,11975,461
2634.84,12039,462
2636.13,12090,463
2637.42,12117,463
2638.71,12142,464
2640.00,12162,463
2641.29,12184,462
2642.58,12179,465
2643.87,12153,464
2645.16,12128,463
2646.45,12077,462
2647.73,12038,460
2649.02,11953,459
2650.31,11890,458
2651.60,11800,456
2652.89,11703,454
2654.18,11598,452
2655.47,11457,448
2656.76,11334,446
2658.05,11192,443
2659.34,11031,440
2660.62,10880,436
2661.91,10698,432
2663.20,10529,429
2664.49,10344,425
2665.78,10153,421
2667.07,9946,417
2668.36,9728,412
2669.65,9514,408
2670.94,9296,403
2672.23,9053,399
2673.52,8815,393
2674.80,8595,388
2676.09,8363,383
2677.38,8098,377
2678.67,7849,373
2679.96,7592,368
2681.25,7318,362
2682.54,7043,356
2683.83,6789,351
2685.12,6508,345
2686.41,6236,340
2687.70,5966,334
2688.98,5678,328
2690.27,5397,322
2691.56,5130,316
2692.85,4859,311
2694.14,4573,304
2695.43,4305,299
2696.72,4084,295
2698.01,3829,289
2699.30,3555,283
2700.59,3357,279
2701.87,3140,274
2703.16,2900,270
2704.45,2676,264
2705.74,2494,260
2707.03,2296,256
2708.32,2095,253
2709.61,1948,249
2710.90,1806,246
2712.19,1628,242
2713.48,1472,239
2714.77,1336,236
2716.05,1208,233
2717.34,1095,231
2718.63,977,228
2719.92,872,226
2721.21,780,224
2722.50,708,222
2723.79,644,221
2725.08,575,220
2726.37,533,221
2727.66,495,220
2728.95,467,219
2730.23,447,219
2731.52,443,218
2732.81,447,218
2734.10,467,217
2735.39,497,218
2736.68,531,218
2737.97,574,219
2739.26,639,220
2740.55,707,221
2741.84,803,222
2743.12,895,224
2744.41,986,225
2745.70,1108,227
2746.99,1235,228
2748.28,1367,232
2749.57,1525,235
2750.86,1705,239
2752.15,1879,242
2753.44,2040,245
2754.73,2239,249
2756.02,2432,253
2757.30,2625,258
2758.59,2837,263
2759.88,3055,268
2761.17,3311,272
2762.46,3527,276
2763.75,3768,281
2765.04,4031,287
2766.33,4284,292
2767.62,4533,298
2768.91,4773,303
2770.20,5030,309
2771.48,5274,313
2772.77,5547,318
2774.06,5807,325
2775.35,6091,331
2776.64,6367,336
2777.93,6630,341
2779.22,6899,346
2780.51,7134,351
2781.80,7426,356
2783.09,7680,359
2784.37,7932,366
2785.66,8213,371
2786.95,8490,377
2788.24,8750,382
2789.53,8988,388
2790.82,9259,394
2792.11,9478,397
2793.40,9702,400
2794.69,9935,405
2795.98,10166,409
2797.27,10380,414
2798.55,10562,416
2799.84,10744,416
2801.13,10912,412
2802.42,11073,414
2803.71,11215,418
2805.00,11371,426
2806.29,11511,434
2807.58,11630,439
2808.87,11734,442
2810.16,11831,443
2811.45,11915,447
2812.73,11998,449
2814.02,12045,449
2815.31,12090,450
2816.60,12132,451
2817.89,12166,451
2819.18,12190,452
2820.47,12204,453
2821.76,12187,453
2823.05,12148,453
2824.34,12112,452
2825.62,12087,451
2826.91,12048,451
2828.20,11996,450
2829.49,11934,447
2830.78,11855,445
2832.07,11755,444
2833.36,11671,444
2834.65,11547,441
2835.94,11416,440
2837.23,11291,436
2838.52,11163,434
2839.80,11009,430
2841.09,10850,427
2842.38,10704,425
2843.67,10508,421
2844.96,10323,418
2846.25,10136,413
2847.54,9916,409
2848.83,9716,405
2850.12,9502,401
2851.41,9311,397
2852.70,9093,393
2853.98,8844,388
2855.27,8624,383
2856.56,8376,379
2857.85,8101,373
2859.14,7856,367
2860.43,7611,363
2861.72,7346,357
2863.01,7075,353
2864.30,6829,347
2865.59,6557,341
2866.87,6277,335
2868.16,5995,329
2869.45,5727,324
2870.74,5462,320
2872.03,5184,314
2873.32,4927,309
2874.61,4671,304
2875.90,4413,298
2877.19,4192,294
2878.48,3927,289
2879.77,3663,284
2881.05,3432,278
2882.34,3205,274
2883.63,2968,270
2884.92,2757,265
2886.21,2569,262
2887.50,2365,258
2888.79,2163,255
2890.08,1983,251
2891.37,1810,247
2892.66,1639,243
2893.95,1477,240
2895.23,1331,238
2896.52,1193,235
2897.81,1060,233
2899.10,951,231
2900.39,840,229
2901.68,748,228
2902.97,667,226
2904.26,599,226
2905.55,541,224
2906.84,500,225
2908.12,476,225
2909.41,457,225
2910.70,452,224
2911.99,458,224
2913.28,480,225
2914.57,510,225
2915.86,560,227
2917.15,605,227
2918.44,671,229
2919.73,742,230
2921.02,831,232
2922.30,914,235
2923.59,1011,236
2924.88,1125,239
2926.17,1261,241
2927.46,1419,245
2928.75,1544,247
2930.04,1681,250
2931.33,1851,254
2932.62,2019,258
2933.91,2180,261
2935.20,2383,265
2936.48,2579,269
2937.77,2827,273
2939.06,2996,277
2940.35,3246,282
2941.64,3472,287
2942.93,3681,290
2944.22,3902,293
2945.51,4155,301
2946.80,4437,306
2948.09,4640,311
2949.37,4905,315
2950.66,5144,321
2951.95,5453,327
2953.24,5689,330
2954.53,5954,337
2955.82,6205,341
2957.11,6476,347
2958.40,6738,352
2959.69,6991,357
2960.98,7260,362
2962.27,7558,369
2963.55,7794,373
2964.84,8030,378
2966.13,8274,384
2967.42,8537,389
2968.71,8777,393
2970.00,8997,398
2971.29,9241,403
2972.58,9479,408
2973.87,9699,413
2975.16,9914,417
2976.45,10130,422
2977.73,10342,427
2979.02,10517,431
2980.31,10703,434
2981.60,10871,438
2982.89,11026,441
2984.18,11185,443
2985.47,11333,445
2986.76,11474,448
2988.05,11595,451
2989.34,11707,453
2990.62,11808,456
2991.91,11894,458
2993.20,11982,461
2994.49,12050,462
2995.78,12115,464
2997.07,12150,465
2998.36,12202,466
2999.65,12219,466
3000.94,12232,466
3002.23,12223,466
3003.52,12208,465
3004.80,12172,466
3006.09,12116,464
3007.38,12057,464
3008.67,11986,463
3009.96,11906,461
3011.25,11803,457
3012.54,11684,456
3013.83,11569,454
3015.12,11424,450
3016.41,11296,448
3017.70,11157,446
3018.98,11002,442
3020.27,10818,440
3021.56,10646,436
3022.85,10504,431
3024.14,10300,427
3025.43,10136,424
3026.72,9931,421
3028.01,9740,416
3029.30,9518,412
3030.59,9329,408
3031.87,9061,403
3033.16,8827,398
3034.45,8624,393
3035.74,8346,387
3037.03,8172,383
3038.32,7870,378
3039.61,7627,372
3040.90,7411,369
3042.19,7167,364
3043.48,6889,359
3044.77,6651,354
3046.05,6375,349
3047.34,6122,343
3048.63,5861,338
3049.92,5591,333
3051.21,5355,329
3052.50,5109,324
3053.79,4854,318
3055.08,4603,314
3056.37,4373,309
3057.66,4086,303
3058.95,3876,299
3060.23,3637,294
3061.52,3425,290
3062.81,3209,285
3064.10,2983,280
3065.39,2758,276
3066.68,2559,272
3067.97,2346,268
3069.26,2144,264
3070.55,1965,261
3071.84,1801,257
3073.12,1637,254
3074.41,1483,251
3075.70,1344,247
3076.99,1212,244
3078.28,1082,242
3079.57,964,240
3080.86,860,237
3082.15,764,236
3083.44,688,234
3084.73,620,233
3086.02,562,232
3087.30,521,231
3088.59,492,231
3089.88,469,230
3091.17,461,230
3092.46,465,230
3093.75,480,230
3095.04,510,231
3096.33,549,232
3097.62,598,232
3098.91,663,234
3100.20,738,235
3101.48,820,238
3102.77,922,239
3104.06,1041,241
3105.35,1164,244
3106.64,1300,247
3107.93,1451,250
3109.22,1612,256
3110.51,1781,259
3111.80,1966,263
3113.09,2168,267
3114.37,2361,272
3115.66,2570,275
3116.95,2813,280
3118.24,3012,284
3119.53,3222,288
3120.82,3470,293
3122.11,3720,297
3123.40,3926,301
3124.69,4164,305
3125.98,4417,310
3127.27,4692,315
3128.55,4916,318
3129.84,5177,325
3131.13,5435,330
3132.42,5658,334
3133.71,5902,339
3135.00,6189,345
3136.29,6415,350
3137.58,6701,356
3138.87,6948,360
3140.16,7194,366
3141.45,7422,371
3142.73,7656,375
3144.02,7983,383
3145.31,8176,386
3146.60,8388,390
3147.89,8638,396
3149.18,8866,400
3150.47,9069,404
3151.76,9291,409
3153.05,9563,414
3154.34,9782,419
3155.62,9935,422
3156.91,10154,426
3158.20,10349,432
3159.49,10530,435
3160.78,10711,438
3162.07,10888,442
3163.36,11050,446
3164.65,11198,448
3165.94,11353,450
3167.23,11473,454
3168.52,11614,457
3169.80,11710,459
3171.09,11811,461
3172.38,11907,463
3173.67,11989,464
3174.96,12056,466
3176.25,12104,467
3177.54,12150,467
3178.83,12185,468
3180.12,12210,468
3181.41,12218,468
3182.70,12251,468
3183.98,12224,469
3185.27,12192,469
3186.56,12149,467
3187.85,12095,466
3189.14,12025,465
3190.43,11959,464
3191.72,11869,462
3193.01,11763,460
3194.30,11667,458
3195.59,11548,455
3196.87,11422,453
3198.16,11277,449
3199.45,11125,447
3200.74,10956,443
3202.03,10795,439
3203.32,10623,436
3204.61,10430,432
3205.90,10230,428
3207.19,10035,424
3208.48,9801,420
3209.77,9562,414
3211.05,9326,410
3212.34,9091,405
3213.63,8835,399
3214.92,8575,395
3216.21,8318,389
3217.50,8045,384
3218.79,7762,378
3220.08,7497,373
3221.37,7207,367
3222.66,6931,361
3223.95,6658,354
3225.23,6400,350
3226.52,6123,345
3227.81,5846,340
3229.10,5612,333
3230.39,5330,328
3231.68,5061,323
3232.97,4794,318
3234.26,4582,313
3235.55,4276,306
3236.84,4066,302
3238.12,3900,298
3239.41,3665,292
3240.70,3427,288
switching colors
