0, 57.91992187, 29.50,39.50,37.50
0, 57.91992187, 35.50,39.00,37.00
0, 57.91992187, 35.50,32.50,37.00
1, 57.54550552, 33.50,36.50,35.00
2, 57.04101562, 32.00,34.50,33.50
3, 56.42753983, 31.50,34.00,27.50
4, 55.81406021, 32.50,29.00,28.50
5, 55.19531250, 34.50,38.50,37.50
6, 54.59062576, 38.00,37.00,41.50
7, 54.05273437, 42.50,43.50,47.00
8, 53.53417587, 47.00,56.00,52.50
9, 53.17382812, 51.50,56.50,58.00
10, 52.82577896, 55.50,68.00,63.00
11, 52.57617187, 59.00,67.50,67.50
12, 52.37754059, 62.00,77.50,66.00
13, 52.11914062, 66.00,77.50,70.50
14, 51.76757812, 71.00,90.50,82.50
15, 51.32812500, 78.50,101.00,91.50
16, 50.80781555, 88.50,114.50,103.50
17, 50.26465225, 101.00,127.50,118.50
18, 49.65820312, 115.00,151.50,135.00
19, 49.04296875, 129.50,172.50,153.00
20, 48.45410156, 145.00,194.50,172.00
21, 47.96542740, 160.50,216.00,190.50
22, 47.54882812, 173.50,234.50,206.00
23, 47.10937500, 187.50,254.00,220.00
24, 46.84570312, 197.00,267.50,234.00
25, 46.58203125, 204.50,278.00,241.00
26, 46.40625000, 212.00,286.00,252.50
27, 46.14257812, 220.00,300.50,260.00
28, 45.77168274, 234.50,320.00,277.00
29, 45.26367187, 253.50,346.50,302.00
30, 44.72929764, 276.00,378.50,329.00
31, 44.09296799, 301.00,413.00,358.00
32, 43.50585937, 327.50,450.00,392.00
33, 42.89062500, 356.00,490.00,425.50
34, 42.27539062, 382.50,527.00,458.00
35, 41.83417892, 407.00,562.00,487.00
36, 41.38945389, 430.00,593.50,514.00
37, 41.04492187, 447.00,617.50,534.50
38, 40.77949142, 462.00,638.50,552.50
39, 40.51757812, 473.50,654.50,566.00
40, 40.34179687, 486.50,670.50,580.50
41, 40.02011871, 502.00,693.00,599.00
42, 39.62461090, 525.50,726.50,628.00
43, 39.11132812, 555.50,767.00,663.00
44, 38.49609375, 590.00,816.00,704.50
45, 37.88085937, 626.00,866.50,748.00
46, 37.26738358, 664.00,919.00,793.50
47, 36.65917969, 702.50,974.00,839.50
48, 36.12831879, 738.00,1022.50,881.00
49, 35.70820236, 767.00,1065.50,917.00
50, 35.41992187, 796.50,1106.50,952.50
51, 35.06835937, 813.00,1134.00,976.50
52, 34.97343826, 819.00,1138.00,981.00
53, 34.71503830, 841.00,1172.50,1011.00
54, 34.27734375, 866.50,1203.50,1035.50
55, 33.92578125, 894.50,1241.50,1067.00
56, 33.46171951, 927.50,1288.50,1107.00
57, 32.90625000, 968.50,1345.50,1155.00
58, 32.29804611, 1014.00,1409.50,1209.00
59, 31.66347694, 1062.00,1476.00,1266.00
60, 31.11328125, 1110.50,1543.00,1324.50
61, 30.66855431, 1149.50,1604.50,1379.00
62, 30.23437500, 1180.00,1639.00,1408.00
63, 29.87929535, 1208.00,1679.00,1442.00
64, 29.54355621, 1234.50,1716.00,1474.00
65, 29.17968750, 1262.50,1755.50,1508.00
66, 28.93886757, 1284.00,1785.00,1532.50
67, 28.58027267, 1314.50,1830.00,1572.50
68, 28.16015625, 1355.00,1882.00,1616.00
69, 27.76464844, 1387.50,1926.50,1653.50
70, 27.24609375, 1430.50,1987.50,1704.00
71, 26.71875000, 1478.50,2054.50,1760.00
72, 26.10351563, 1532.00,2128.50,1823.50
73, 25.48828125, 1586.00,2204.50,1887.50
74, 24.97500038, 1635.50,2275.50,1950.00
75, 24.60937500, 1669.00,2318.00,1984.50
76, 24.16992188, 1708.50,2371.50,2031.50
77, 23.81835938, 1742.50,2417.50,2070.00
78, 23.55468750, 1771.00,2458.50,2103.00
79, 23.20312500, 1800.50,2498.50,2136.00
80, 22.93945313, 1827.50,2538.00,2170.50
81, 22.58789063, 1863.50,2588.00,2213.50
82, 22.08164024, 1907.50,2651.50,2266.50
83, 21.62812424, 1949.50,2707.50,2315.50
84, 21.09375000, 2000.00,2777.50,2373.50
85, 20.53652382, 2052.50,2855.00,2438.00
86, 19.95117188, 2111.50,2936.00,2506.00
87, 19.33769608, 2170.00,3019.50,2577.00
88, 18.89648438, 2220.50,3087.50,2634.50
89, 18.39199257, 2267.00,3149.50,2687.00
90, 18.01757813, 2304.50,3202.00,2732.50
91, 17.72050667, 2338.50,3243.50,2768.00
92, 17.40234375, 2366.50,3283.50,2805.00
93, 17.13867188, 2397.00,3325.50,2837.50
94, 16.78710938, 2431.50,3374.00,2878.50
95, 16.34765625, 2473.50,3432.50,2928.00
96, 15.99609375, 2513.50,3489.00,2972.50
97, 15.47226524, 2559.50,3553.50,3027.50
98, 14.94140625, 2616.50,3632.50,3093.50
99, 14.32793045, 2678.00,3719.00,3165.50
100, 13.71093750, 2740.50,3805.00,3239.00
101, 13.19062519, 2796.50,3880.50,3304.50
102, 12.74414063, 2846.00,3947.50,3360.50
103, 12.30468750, 2889.00,4008.00,3411.00
104, 11.95312500, 2926.00,4060.50,3456.00
105, 11.60859394, 2960.50,4108.50,3494.00
106, 11.31679630, 2991.50,4152.00,3530.00
107, 11.07246113, 3021.50,4191.50,3562.50
108, 10.66640663, 3056.50,4241.00,3605.00
109, 10.28144550, 3101.00,4300.50,3658.00
110, 9.84375000, 3141.50,4355.50,3708.00
111, 9.31640625, 3192.00,4425.00,3768.00
112, 8.78906250, 3252.50,4504.50,3837.00
113, 8.17382813, 3312.50,4588.50,3912.00
114, 7.55859375, 3375.00,4675.50,3985.00
115, 7.05585909, 3423.50,4748.50,4042.50
116, 6.59179688, 3476.50,4818.00,4099.00
117, 6.15234375, 3518.50,4875.00,4147.00
118, 5.83769512, 3553.50,4922.50,4185.00
119, 5.53710938, 3586.00,4963.50,4216.50
120, 5.21015596, 3615.50,5010.50,4255.00
121, 4.92187500, 3645.00,5047.50,4288.00
122, 4.56328106, 3684.50,5102.50,4332.00
123, 4.12558603, 3729.00,5167.50,4385.00
124, 3.68789053, 3774.00,5228.50,4434.50
125, 3.15703106, 3823.50,5301.00,4493.50
126, 2.54882812, 3882.50,5378.00,4560.00
127, 1.94765627, 3942.50,5458.50,4626.50
128, 1.40625000, 3997.50,5535.00,4693.00
129, 0.96503901, 4041.00,5598.00,4744.00
130, 0.44999999, 4089.50,5665.00,4799.00
131, 0.08613282, 4125.50,5710.00,4838.00
132, 359.79785156, 4156.50,5752.00,4872.50
133, 359.46914673, 4183.50,5793.00,4907.00
134, 359.20547485, 4210.00,5829.50,4935.50
135, 358.85742188, 4242.00,5870.00,4974.50
136, 358.41796875, 4282.00,5924.50,5019.50
137, 357.97851563, 4323.00,5982.00,5066.00
138, 357.53555298, 4361.50,6036.00,5113.50
139, 356.95370483, 4411.50,6102.50,5170.50
140, 356.33319092, 4468.50,6181.50,5234.00
141, 355.73730469, 4522.00,6258.00,5296.00
142, 355.25390625, 4565.00,6313.50,5348.00
143, 354.72656250, 4612.50,6375.50,5398.50
144, 354.28710938, 4647.00,6425.00,5440.50
145, 353.93554688, 4677.50,6465.00,5473.50
146, 353.65252686, 4702.50,6500.50,5500.00
147, 353.32031250, 4732.50,6537.50,5531.50
148, 353.05664063, 4755.00,6567.50,5554.50
149, 352.68048096, 4784.00,6609.50,5589.00
150, 352.23046875, 4820.00,6660.00,5627.50
151, 351.82617188, 4853.50,6702.50,5664.50
152, 351.29882813, 4890.00,6757.50,5715.00
153, 350.70996094, 4938.50,6818.50,5765.50
154, 350.15447998, 4988.50,6881.00,5818.00
155, 349.54101563, 5032.00,6941.00,5868.50
156, 349.08221436, 5067.50,6989.50,5908.00
157, 348.57421875, 5103.00,7041.50,5947.00
158, 348.13476563, 5133.00,7082.50,5981.00
159, 347.87109375, 5151.50,7116.50,6011.00
160, 347.51953125, 5176.00,7147.00,6037.00
161, 347.25585938, 5195.00,7171.50,6061.00
162, 346.90429688, 5215.50,7200.50,6084.00
163, 346.47891235, 5242.50,7237.00,6115.50
164, 346.11328125, 5271.00,7278.50,6148.00
165, 345.67031860, 5295.50,7318.50,6180.50
166, 345.13241577, 5331.50,7362.00,6219.00
167, 344.53125000, 5371.50,7411.00,6260.50
168, 343.91073608, 5410.00,7458.50,6300.00
169, 343.34649658, 5443.00,7505.00,6334.00
170, 342.89120483, 5468.50,7541.00,6364.00
171, 342.42187500, 5497.00,7578.00,6392.00
172, 342.00350952, 5519.00,7606.00,6411.50
173, 341.71875000, 5535.50,7627.50,6427.00
174, 341.45507813, 5548.50,7652.00,6443.50
175, 341.11230469, 5561.00,7673.00,6463.50
176, 340.77832031, 5577.00,7693.50,6487.50
177, 340.40039063, 5597.00,7725.50,6512.50
178, 339.96093750, 5618.50,7750.50,6536.00
179, 339.43359375, 5638.00,7782.00,6561.50
180, 338.90625000, 5662.00,7818.50,6588.50
181, 338.29101563, 5691.50,7856.50,6616.00
182, 337.67755127, 5715.00,7890.50,6643.50
183, 337.15020752, 5731.00,7916.50,6663.50
184, 336.70721436, 5752.50,7942.50,6686.50
185, 336.26953125, 5766.50,7964.50,6702.50
186, 335.91796875, 5780.00,7979.50,6713.50
187, 335.64724731, 5790.00,7991.50,6727.50
188, 335.30273438, 5799.50,8005.50,6739.00
189, 335.03906250, 5812.50,8018.50,6748.00
190, 334.68750000, 5823.50,8029.00,6757.50
191, 334.23925781, 5833.50,8045.00,6769.00
192, 333.80331421, 5842.00,8064.00,6781.00
193, 333.27947998, 5852.50,8082.50,6793.00
194, 332.66952515, 5866.00,8101.00,6805.00
195, 332.07714844, 5878.00,8119.50,6820.00
196, 331.52343750, 5890.00,8135.00,6831.00
197, 331.02423096, 5897.50,8146.00,6839.00
198, 330.55664063, 5907.50,8157.00,6845.50
199, 330.11718750, 5910.00,8168.00,6849.50
200, 329.85351563, 5914.50,8172.50,6856.00
201, 329.50195313, 5919.00,8177.00,6859.00
202, 329.23828125, 5922.00,8180.50,6861.50
203, 328.88671875, 5927.50,8184.50,6863.50
204, 328.53515625, 5930.50,8190.00,6865.00
205, 328.09570313, 5931.00,8200.00,6870.00
206, 327.59823608, 5933.50,8206.00,6869.50
207, 327.04101563, 5933.00,8205.50,6870.50
208, 326.42578125, 5933.50,8211.00,6867.50
209, 325.81054688, 5929.00,8204.00,6863.00
210, 325.33065796, 5929.00,8204.00,6861.50
211, 324.84375000, 5925.00,8204.00,6855.00
212, 324.40429688, 5921.00,8203.50,6848.50
213, 324.05273438, 5918.50,8194.00,6845.00
214, 323.70468140, 5913.50,8190.50,6846.00
215, 323.37774658, 5908.50,8178.50,6840.00
216, 323.16152954, 5902.50,8175.00,6835.00
217, 322.78887939, 5899.00,8165.50,6827.00
218, 322.31951904, 5891.50,8155.00,6819.50
219, 321.93984985, 5882.50,8145.50,6809.50
220, 321.41601563, 5877.00,8139.00,6797.00
221, 320.80078125, 5866.50,8126.00,6783.50
222, 320.18554688, 5853.00,8117.00,6768.00
223, 319.64239502, 5840.50,8096.50,6749.50
224, 319.13085938, 5825.00,8081.50,6730.50
225, 318.61932373, 5810.50,8067.00,6714.50
226, 318.25018311, 5800.00,8046.50,6696.00
227, 317.90039063, 5788.00,8033.00,6684.50
228, 317.56289673, 5778.50,8022.00,6677.00
229, 317.27459717, 5768.00,8008.00,6666.50
230, 316.99862671, 5759.50,7994.50,6654.00
231, 316.58203125, 5742.00,7973.00,6639.50
232, 316.14257813, 5730.50,7952.00,6617.00
233, 315.70312500, 5711.00,7928.00,6599.50
234, 315.17578125, 5691.50,7899.50,6576.50
235, 314.56054688, 5669.00,7869.00,6547.00
236, 313.98220825, 5638.00,7834.00,6515.00
237, 313.41796875, 5615.50,7801.50,6486.00
238, 312.92401123, 5590.00,7770.50,6455.50
239, 312.45117188, 5566.50,7740.50,6431.00
240, 312.09432983, 5549.00,7714.00,6404.50
241, 311.74804688, 5532.50,7692.50,6387.00
242, 311.40176392, 5512.00,7669.50,6363.00
243, 311.13281250, 5496.50,7649.00,6346.50
244, 310.84805298, 5480.00,7622.00,6326.50
245, 310.42089844, 5459.00,7596.00,6299.50
246, 309.99023438, 5432.50,7557.50,6270.50
247, 309.52090454, 5405.00,7526.00,6239.50
248, 308.93905640, 5376.50,7484.50,6203.00
249, 308.38183594, 5336.00,7436.50,6159.50
250, 307.79296875, 5301.50,7388.00,6115.00
251, 307.23748779, 5266.00,7341.00,6073.00
252, 306.73828125, 5232.00,7297.00,6038.00
253, 306.29882813, 5202.00,7257.50,6004.00
254, 305.94726563, 5177.00,7223.50,5976.00
255, 305.68359375, 5155.50,7191.00,5947.50
256, 305.29336548, 5131.00,7159.00,5921.50
257, 305.05780029, 5114.50,7133.50,5896.50
258, 304.70800781, 5090.00,7102.00,5868.50
259, 304.27734375, 5058.50,7061.50,5833.00
260, 303.83438110, 5026.00,7012.00,5793.00
261, 303.31054688, 4988.50,6963.50,5752.50
262, 302.78320313, 4945.00,6903.00,5700.00
263, 302.16091919, 4898.00,6838.50,5646.50
264, 301.55273438, 4851.50,6774.00,5591.00
265, 301.03244019, 4811.50,6721.50,5546.50
266, 300.67205811, 4777.00,6671.00,5509.00
267, 300.23437500, 4742.50,6624.50,5469.50
268, 299.83535767, 4712.00,6580.00,5432.50
269, 299.53125000, 4683.50,6542.50,5401.00
270, 299.23593140, 4656.50,6508.50,5373.50
271, 298.91601563, 4632.50,6473.00,5341.50
272, 298.55566406, 4601.00,6430.50,5304.50
273, 298.12500000, 4566.50,6380.00,5262.00
274, 297.68554688, 4524.00,6327.00,5214.50
275, 297.15115356, 4477.00,6262.50,5160.00
276, 296.54296875, 4422.00,6188.50,5097.50
277, 295.92773438, 4365.00,6113.50,5036.00
278, 295.35293579, 4315.50,6039.00,4976.00
279, 294.87304688, 4269.00,5978.50,4924.50
280, 294.43182373, 4223.00,5914.50,4870.00
281, 293.99414063, 4186.50,5865.50,4827.00
282, 293.73046875, 4158.00,5827.50,4794.50
283, 293.37890625, 4130.00,5788.50,4763.50
284, 293.11523438, 4100.50,5747.00,4734.50
285, 292.76367188, 4067.50,5707.00,4696.50
286, 292.39981079, 4030.00,5651.00,4651.50
287, 291.96737671, 3989.00,5595.00,4603.50
288, 291.44531250, 3940.50,5530.50,4549.00
289, 290.91796875, 3885.50,5452.50,4483.50
290, 290.30273438, 3829.50,5374.50,4419.00
291, 289.68750000, 3770.00,5294.00,4349.00
292, 289.16015625, 3717.50,5220.00,4290.00
293, 288.72070313, 3670.00,5160.50,4237.50
294, 288.28125000, 3627.50,5094.50,4184.00
295, 287.91210938, 3589.50,5042.50,4143.50
296, 287.59042358, 3560.50,5001.50,4110.50
297, 287.24942017, 3528.50,4956.00,4072.50
298, 287.04199219, 3501.00,4921.00,4041.50
299, 286.68515015, 3466.50,4870.50,3998.00
300, 286.17892456, 3421.00,4805.50,3941.00
301, 285.81152344, 3377.50,4744.50,3892.50
302, 285.29296875, 3323.00,4670.00,3828.50
303, 284.67773438, 3267.50,4588.00,3761.50
304, 284.06250000, 3205.50,4501.00,3689.50
305, 283.51406860, 3145.00,4419.50,3619.50
306, 283.05880737, 3097.50,4353.50,3565.50
307, 282.59649658, 3049.00,4290.00,3516.00
308, 282.21679688, 3007.00,4230.50,3468.00
309, 281.86523438, 2969.00,4180.50,3426.50
310, 281.56466675, 2939.00,4137.00,3391.00
311, 281.19024658, 2907.50,4085.00,3353.00
312, 280.91073608, 2878.50,4043.00,3319.00
313, 280.55038452, 2844.50,3993.00,3278.00
314, 280.10742188, 2797.50,3924.50,3222.00
315, 279.66796875, 2751.00,3864.50,3171.00
316, 279.14062500, 2695.00,3787.50,3106.50
317, 278.52539063, 2635.00,3701.50,3036.00
318, 277.91015625, 2573.00,3616.00,2963.50
319, 277.38281250, 2519.50,3541.00,2902.50
320, 276.93106079, 2470.50,3470.50,2842.50
321, 276.49334717, 2423.00,3406.50,2790.00
322, 275.98361206, 2380.00,3348.00,2742.50
323, 275.71289063, 2346.50,3301.00,2702.50
324, 275.36132813, 2315.00,3258.00,2666.50
325, 275.09765625, 2286.00,3217.00,2631.50
326, 274.74609375, 2254.50,3172.00,2594.00
327, 274.39453125, 2216.50,3118.50,2551.00
328, 273.95507813, 2168.50,3052.50,2499.00
329, 273.43478394, 2123.00,2986.50,2445.00
330, 272.90039063, 2070.00,2910.50,2384.50
331, 272.28692627, 2012.50,2827.50,2316.50
332, 271.66992188, 1951.50,2744.50,2248.50
333, 271.14257813, 1901.50,2671.00,2190.50
334, 270.70312500, 1856.50,2607.00,2137.50
335, 270.26367188, 1814.50,2546.00,2089.50
336, 269.90682983, 1781.00,2501.00,2053.00
337, 269.58340454, 1754.50,2461.00,2020.50
338, 269.27227783, 1725.50,2418.50,1985.50
339, 269.01913452, 1698.00,2382.00,1956.00
340, 268.67987061, 1667.50,2337.50,1920.00
341, 268.24218750, 1627.00,2279.50,1874.00
342, 267.80273438, 1586.50,2222.00,1826.00
343, 267.27539063, 1539.50,2156.00,1771.50
344, 266.66015625, 1488.50,2083.00,1713.00
345, 266.04492188, 1436.00,2009.00,1652.50
346, 265.51757813, 1389.00,1941.00,1596.50
347, 265.07812500, 1348.00,1883.50,1550.50
348, 264.63162231, 1309.00,1830.50,1505.50
349, 264.19921875, 1274.00,1782.50,1466.00
350, 263.84765625, 1244.50,1740.00,1432.00
351, 263.51016235, 1216.50,1701.50,1400.00
352, 263.22537231, 1190.50,1663.50,1369.50
353, 262.92129517, 1166.00,1631.00,1343.00
354, 262.54510498, 1138.50,1590.50,1311.00
355, 262.11972046, 1103.00,1540.50,1269.50
356, 261.65039063, 1065.50,1487.00,1226.00
357, 261.04571533, 1022.50,1426.50,1176.00
358, 260.50781250, 978.50,1364.00,1125.00
359, 259.89257813, 933.50,1299.50,1073.00
360, 259.36523438, 894.00,1245.00,1028.00
361, 258.92227173, 859.50,1196.00,988.50
362, 258.47927856, 828.50,1151.50,952.50
363, 258.04864502, 802.50,1114.50,922.00
364, 257.77792358, 779.50,1082.50,897.00
365, 257.42459106, 756.50,1050.50,870.00
366, 257.10293579, 736.50,1023.00,847.50
367, 256.81640625, 717.00,994.00,824.00
368, 256.37695313, 689.00,955.00,792.50
369, 256.02539063, 662.50,917.50,762.00
370, 255.49804688, 630.50,873.00,724.50
371, 254.88281250, 595.00,823.00,684.50
372, 254.26757813, 559.50,771.50,642.50
373, 253.71562195, 526.50,725.50,604.50
374, 253.21289063, 498.00,685.00,571.00
375, 252.77343750, 471.50,649.00,541.50
376, 252.33398438, 448.50,616.50,514.50
377, 251.95077515, 429.00,590.00,492.50
378, 251.63085938, 414.50,569.00,475.00
379, 251.28457642, 398.00,545.50,455.50
380, 251.06132507, 383.50,526.50,440.00
381, 250.73437500, 369.00,505.00,422.00
382, 250.31250000, 348.00,475.50,397.50
383, 249.86248779, 326.50,445.50,374.50
384, 249.25781250, 303.50,413.00,345.50
385, 248.70761108, 279.00,379.50,319.50
386, 248.11523438, 256.00,346.00,292.00
387, 247.58789063, 234.50,316.50,267.50
388, 247.06758118, 217.50,289.50,244.00
389, 246.62109375, 200.50,266.00,227.50
390, 246.18164063, 187.00,247.00,213.00
391, 245.86346436, 175.50,234.00,199.50
392, 245.56640625, 165.50,216.00,187.50
393, 245.21484375, 156.50,203.50,177.00
394, 244.95117188, 148.00,191.50,167.00
395, 244.57147217, 137.50,176.50,151.00
396, 244.16015625, 126.00,165.00,137.50
397, 243.63456726, 114.50,144.00,128.00
398, 243.10546875, 101.50,130.50,114.00
399, 242.54121399, 89.50,113.50,99.50
400, 241.96289063, 78.50,98.00,86.50
401, 241.43554688, 69.00,85.50,70.50
402, 240.96444702, 62.00,75.50,62.50
403, 240.51622009, 55.50,66.00,60.50
404, 240.11718750, 51.00,60.00,49.50
405, 239.76562500, 47.00,55.00,51.00
406, 239.42286682, 44.00,50.00,41.50
407, 239.15039063, 41.00,47.00,44.00
408, 238.88496399, 38.50,38.00,35.50
409, 238.44726563, 36.50,40.00,33.00
410, 238.01133728, 34.00,31.50,36.50
411, 237.48046875, 32.50,35.50,28.50
412, 236.95840454, 31.50,34.00,33.50
413, 236.34141541, 32.00,34.50,28.50
414, 235.80702209, 33.50,37.00,30.50
415, 235.27967834, 36.00,34.50,33.50
416, 234.84375000, 38.50,44.50,42.50
417, 234.35859680, 42.00,49.00,46.50
418, 233.97364807, 46.00,48.50,45.50
419, 233.70117188, 49.00,58.50,55.00
420, 233.39355469, 52.50,58.50,59.50
421, 233.08593750, 55.50,63.00,63.50
422, 232.73789978, 60.50,75.00,68.50
423, 232.35467529, 67.00,84.50,76.50
424, 231.85546875, 75.00,95.50,85.50
425, 231.33515930, 84.00,108.00,91.50
426, 230.80078125, 95.00,119.50,109.50
427, 230.19082642, 108.00,137.50,125.00
428, 229.65292358, 122.50,158.00,137.50
429, 229.13085938, 135.00,180.00,157.00
430, 228.69140625, 147.50,194.50,172.00
431, 228.25723267, 159.00,214.00,186.00
432, 227.96191406, 169.50,225.50,198.00
433, 227.57344055, 180.00,243.00,210.00
434, 227.28515625, 190.00,257.00,218.50
435, 226.99862671, 200.00,271.50,234.00
436, 226.66992188, 212.00,288.00,248.00
437, 226.23046875, 228.00,310.50,266.50
438, 225.74531555, 244.00,333.50,286.00
439, 225.26367188, 265.00,362.00,307.50
440, 224.65547180, 287.50,393.00,337.50
441, 224.11405945, 313.00,429.00,365.50
442, 223.50585938, 338.00,466.00,398.00
443, 223.06640625, 360.50,496.50,423.50
444, 222.58125305, 381.50,525.50,447.50
445, 222.21211243, 399.00,550.00,469.00
446, 221.92382813, 415.50,572.50,488.00
447, 221.57226563, 432.50,597.00,508.00
448, 221.30859375, 445.50,615.00,523.50
449, 220.95703125, 463.50,640.00,544.50
450, 220.54043579, 485.50,670.50,570.00
451, 220.07812500, 510.00,705.50,600.00
452, 219.63163757, 537.00,744.00,632.00
453, 219.11132813, 566.00,784.50,666.50
454, 218.49609375, 601.50,833.50,707.50
455, 217.93360901, 636.50,882.50,749.00
456, 217.44140625, 670.00,930.50,789.50
457, 216.91406250, 700.50,972.50,824.50
458, 216.47460938, 728.00,1011.00,857.00
459, 216.12657166, 751.00,1043.00,884.50
460, 215.85937500, 770.00,1070.00,908.50
461, 215.50781250, 793.00,1101.00,935.50
462, 215.18438721, 814.00,1130.00,960.00
463, 214.88554382, 837.00,1163.50,988.00
464, 214.45312500, 866.00,1205.50,1023.00
465, 214.01367188, 896.00,1246.00,1057.50
466, 213.52146912, 930.50,1294.00,1098.50
467, 212.95898438, 973.50,1352.50,1149.00
468, 212.34902954, 1016.50,1415.00,1200.50
469, 211.81640625, 1062.00,1480.50,1254.50
470, 211.28906250, 1102.50,1535.00,1302.00
471, 210.75115967, 1141.00,1590.50,1349.00
472, 210.32226563, 1174.00,1635.50,1387.00
473, 210.05859375, 1197.50,1669.00,1415.50
474, 209.70703125, 1224.00,1707.50,1448.50
475, 209.44335938, 1245.50,1739.00,1474.50
476, 209.09355164, 1271.50,1776.00,1505.00
477, 208.74023438, 1302.00,1819.00,1542.50
478, 208.29725647, 1340.50,1873.50,1587.00
479, 207.86132813, 1374.50,1922.50,1628.00
480, 207.34454346, 1418.00,1984.00,1679.50
481, 206.80664063, 1468.50,2054.50,1738.00
482, 206.19140625, 1519.00,2128.00,1800.00
483, 205.57617188, 1571.00,2201.00,1861.50
484, 205.13671875, 1614.50,2260.00,1913.50
485, 204.68145752, 1652.50,2315.00,1957.00
486, 204.25781250, 1689.00,2366.50,2001.50
487, 203.90625000, 1719.50,2408.00,2036.50
488, 203.61621094, 1748.00,2448.50,2071.00
489, 203.29101563, 1773.50,2484.50,2101.00
490, 202.94297791, 1805.50,2529.00,2139.00
491, 202.58789063, 1840.50,2577.50,2181.00
492, 202.14843750, 1879.00,2634.00,2227.50
493, 201.70898438, 1922.50,2692.50,2279.50
494, 201.17460632, 1973.00,2762.50,2338.00
495, 200.56640625, 2028.50,2841.50,2405.50
496, 199.96173096, 2084.50,2920.00,2471.00
497, 199.42382813, 2140.00,3000.00,2536.50
498, 198.89648438, 2191.00,3070.50,2596.00
499, 198.44473267, 2234.00,3130.00,2644.50
500, 198.10546875, 2266.00,3175.00,2683.00
501, 197.75743103, 2296.00,3215.50,2718.00
502, 197.48670959, 2329.50,3261.00,2757.00
503, 197.21250916, 2356.00,3301.00,2787.50
504, 196.87324524, 2390.00,3348.50,2826.50
505, 196.43554688, 2429.50,3401.00,2876.00
506, 195.99609375, 2466.50,3456.00,2922.00
507, 195.53202820, 2516.50,3523.00,2978.00
508, 194.94140625, 2573.00,3598.50,3044.00
509, 194.41230774, 2630.50,3678.50,3112.50
510, 193.79882813, 2692.00,3763.50,3183.00
511, 193.27148438, 2740.50,3832.50,3242.00
512, 192.83203125, 2787.50,3899.00,3297.00
513, 192.39257813, 2825.50,3951.50,3342.00
514, 192.12538147, 2855.50,3995.50,3380.00
515, 191.77734375, 2887.50,4040.50,3418.00
516, 191.47500610, 2915.00,4077.00,3452.00
517, 191.16210938, 2947.50,4119.00,3490.50
518, 190.79473877, 2986.50,4174.50,3537.00
519, 190.33242798, 3031.00,4236.00,3587.00
520, 189.89649963, 3072.50,4294.00,3639.00
521, 189.40254211, 3125.00,4365.50,3701.00
522, 188.78906250, 3182.00,4448.50,3768.00
523, 188.17910767, 3239.50,4529.50,3838.50
524, 187.62890625, 3296.00,4607.50,3907.00
525, 187.11914063, 3346.50,4676.50,3969.00
526, 186.65682983, 3389.00,4738.00,4021.00
527, 186.31756592, 3425.00,4791.50,4061.00
528, 185.97656250, 3456.50,4837.50,4097.00
529, 185.63380432, 3484.50,4876.50,4132.00
530, 185.35780334, 3513.50,4922.50,4167.00
531, 185.00976563, 3547.00,4968.00,4207.50
532, 184.61778259, 3580.00,5018.00,4248.50
533, 184.20645142, 3622.00,5077.50,4299.00
534, 183.72479248, 3664.50,5137.00,4352.00
535, 183.16406250, 3716.50,5210.50,4412.50
536, 182.57519531, 3773.50,5288.00,4482.00
537, 181.98983765, 3832.00,5365.50,4549.50
538, 181.40625000, 3883.50,5442.00,4613.00
539, 180.87890625, 3931.00,5511.50,4672.00
540, 180.43945313, 3968.00,5566.00,4715.00
541, 180.08964539, 3999.50,5607.50,4751.00
542, 179.80136108, 4025.00,5646.50,4785.50
543, 179.47265625, 4055.50,5685.50,4820.50
544, 179.20545959, 4081.00,5716.00,4853.00
545, 178.81700134, 4114.00,5762.00,4891.00
546, 178.41268921, 4150.00,5810.00,4930.50
547, 177.97851563, 4184.50,5858.00,4971.00
548, 177.49511719, 4228.00,5916.50,5023.50
549, 176.92382813, 4276.00,5985.50,5083.00
550, 176.30859375, 4323.50,6055.50,5146.00
551, 175.69335938, 4373.00,6122.00,5205.50
552, 175.25215149, 4412.00,6177.00,5253.50
553, 174.72656250, 4453.50,6232.50,5301.00
554, 174.37324524, 4482.00,6277.00,5337.00
555, 174.02343750, 4506.50,6315.00,5367.00
556, 173.67187500, 4529.00,6356.50,5396.50
557, 173.40820313, 4553.00,6388.00,5424.00
558, 173.05664063, 4579.00,6427.50,5455.50
559, 172.70507813, 4610.00,6469.00,5490.50
560, 172.26562500, 4640.00,6508.00,5521.50
561, 171.82617188, 4670.50,6551.00,5561.50
562, 171.29882813, 4708.00,6608.50,5611.00
563, 170.68359375, 4751.00,6666.50,5664.00
564, 170.08418274, 4793.50,6722.00,5720.00
565, 169.53749084, 4832.50,6780.00,5767.50
566, 169.01367188, 4864.50,6827.50,5809.50
567, 168.57421875, 4902.00,6869.00,5846.00
568, 168.22265625, 4927.00,6905.00,5873.50
569, 167.87109375, 4945.50,6935.50,5896.50
570, 167.53007507, 4970.00,6964.50,5922.00
571, 167.25585938, 4987.50,6990.50,5941.50
572, 166.91659546, 5009.50,7018.00,5968.00
573, 166.50175476, 5037.50,7057.50,6003.00
574, 166.11328125, 5059.00,7087.00,6031.00
575, 165.60879517, 5085.00,7127.00,6065.00
576, 165.06387329, 5116.50,7169.00,6105.50
577, 164.46444702, 5151.00,7220.50,6147.50
578, 163.87734985, 5187.50,7267.00,6186.00
579, 163.30253601, 5221.00,7314.50,6221.00
580, 162.80683899, 5250.50,7359.50,6258.00
581, 162.42012024, 5269.00,7382.00,6284.00
582, 162.07031250, 5283.00,7408.00,6305.00
583, 161.73457336, 5295.50,7425.50,6323.50
584, 161.45507813, 5313.50,7445.00,6343.50
585, 161.15274048, 5327.50,7462.00,6357.00
586, 160.75195313, 5350.00,7495.50,6382.50
587, 160.31250000, 5365.00,7511.50,6397.50
588, 159.95741272, 5382.50,7536.50,6423.00
589, 159.43359375, 5405.00,7563.00,6447.50
590, 158.82714844, 5431.00,7597.00,6479.50
591, 158.22949219, 5455.00,7631.00,6505.50
592, 157.67578125, 5480.50,7662.50,6530.00
593, 157.13613892, 5502.00,7691.50,6552.50
594, 156.62461853, 5518.50,7711.00,6577.50
595, 156.26953125, 5531.50,7721.00,6587.00
596, 155.99356079, 5541.00,7737.00,6600.50
597, 155.57344055, 5547.50,7752.00,6609.50
598, 155.30273438, 5557.50,7764.00,6616.50
599, 154.97050476, 5566.00,7780.50,6626.50
600, 154.56620789, 5583.00,7797.00,6643.00
601, 154.17070007, 5591.50,7810.00,6652.50
602, 153.72070313, 5602.00,7828.00,6670.50
603, 153.19335938, 5614.00,7840.00,6683.00
604, 152.58340454, 5629.00,7855.00,6699.50
605, 152.00331116, 5639.00,7867.50,6713.00
606, 151.43554688, 5651.50,7880.00,6720.50
607, 150.90820313, 5661.50,7888.00,6729.00
608, 150.46875000, 5667.50,7896.00,6732.00
609, 150.11718750, 5673.00,7896.50,6740.50
610, 149.76562500, 5677.50,7904.00,6745.00
611, 149.45800781, 5680.00,7908.00,6746.50
612, 149.15039063, 5680.50,7909.50,6745.50
613, 148.88671875, 5683.00,7915.50,6747.50
614, 148.44726563, 5685.00,7922.50,6752.50
615, 148.00781250, 5688.50,7927.00,6762.50
616, 147.56660461, 5689.50,7928.50,6765.50
617, 146.95312500, 5686.00,7927.50,6767.50
618, 146.33789063, 5687.50,7923.50,6769.50
619, 145.81054688, 5687.50,7918.50,6765.50
620, 145.19531250, 5687.50,7915.50,6763.00
621, 144.75585938, 5686.50,7907.00,6759.00
622, 144.31640625, 5680.50,7904.50,6757.50
623, 143.96484375, 5679.50,7901.50,6755.00
624, 143.67831421, 5676.50,7899.50,6752.00
625, 143.34960938, 5674.50,7894.50,6744.50
626, 143.07011414, 5671.50,7897.50,6739.00
627, 142.65176392, 5665.50,7892.50,6733.50
628, 142.24569702, 5660.00,7883.50,6726.50
629, 141.84140015, 5654.50,7874.50,6724.00
630, 141.32812500, 5643.00,7864.00,6714.50
631, 140.71289063, 5634.00,7847.50,6702.50
632, 140.10118103, 5620.00,7826.50,6688.50
633, 139.51582336, 5604.50,7802.00,6667.50
634, 139.04296875, 5595.00,7785.00,6650.00
635, 138.57539368, 5585.50,7766.50,6636.00
636, 138.16406250, 5574.50,7750.50,6625.00
637, 137.89863586, 5565.00,7737.50,6615.50
638, 137.54707336, 5553.50,7725.00,6600.50
639, 137.21133423, 5543.00,7711.50,6588.50
640, 136.93359375, 5535.00,7698.00,6573.50
641, 136.49414063, 5523.50,7674.50,6558.50
642, 136.05468750, 5508.50,7653.50,6540.50
643, 135.61523438, 5491.00,7626.50,6521.50
644, 135.05448914, 5470.50,7598.50,6498.00
645, 134.47090149, 5444.50,7565.00,6471.00
646, 133.85742188, 5417.00,7533.00,6439.50
647, 133.24218750, 5391.50,7504.50,6407.00
648, 132.80273438, 5365.00,7471.00,6379.50
649, 132.36328125, 5349.50,7443.50,6356.00
650, 132.01171875, 5335.00,7418.50,6339.00
651, 131.68652344, 5316.50,7395.00,6320.50
652, 131.31387329, 5298.00,7367.00,6300.00
653, 131.06953430, 5284.50,7348.00,6286.50
654, 130.74960327, 5268.00,7322.00,6268.00
655, 130.33651733, 5247.50,7290.50,6239.50
656, 129.89355469, 5224.00,7260.50,6213.50
657, 129.37500000, 5199.00,7224.00,6181.00
658, 128.75976563, 5167.50,7175.50,6144.00
659, 128.18672180, 5134.50,7128.50,6099.50
660, 127.61718750, 5097.50,7078.00,6055.50
661, 127.06699371, 5063.50,7032.50,6014.50
662, 126.57128906, 5034.50,6989.50,5981.00
663, 126.15116882, 5011.50,6954.50,5951.50
664, 125.85585785, 4982.00,6921.50,5922.00
665, 125.50781250, 4961.50,6890.50,5898.50
666, 125.15801239, 4940.50,6859.00,5874.50
667, 124.89257813, 4925.00,6833.50,5851.50
668, 124.54101563, 4898.50,6795.50,5819.00
669, 124.10156250, 4868.50,6754.00,5783.50
670, 123.66210938, 4837.00,6711.50,5750.50
671, 123.11367035, 4800.50,6660.50,5705.00
672, 122.51953125, 4756.50,6594.50,5657.00
673, 121.90429688, 4714.00,6541.00,5602.00
674, 121.28906250, 4670.00,6477.50,5548.50
675, 120.84960938, 4633.50,6428.00,5505.00
676, 120.40839386, 4598.00,6378.00,5467.50
677, 119.97422028, 4568.50,6332.00,5433.00
678, 119.69648743, 4541.50,6299.00,5404.00
679, 119.30976105, 4512.00,6258.00,5367.00
680, 119.05136871, 4492.50,6232.00,5336.50
681, 118.73320770, 4465.00,6195.00,5306.50
682, 118.30254364, 4435.00,6153.50,5266.50
683, 117.86660767, 4400.50,6105.50,5226.00
684, 117.42187500, 4358.50,6050.50,5182.00
685, 116.88750458, 4309.00,5983.50,5128.50
686, 116.26875305, 4259.50,5911.50,5067.50
687, 115.66406250, 4207.50,5835.00,5006.50
688, 115.12969208, 4158.00,5770.50,4947.00
689, 114.60937500, 4117.00,5711.00,4897.00
690, 114.17343903, 4078.00,5658.50,4850.50
691, 113.81835938, 4046.50,5610.00,4811.50
692, 113.53359222, 4019.50,5572.50,4775.50
693, 113.12226105, 3989.50,5529.50,4739.00
694, 112.88496399, 3966.00,5496.50,4709.50
695, 112.50702667, 3932.50,5451.00,4673.00
696, 112.09746552, 3890.50,5397.50,4628.00
697, 111.68965149, 3849.50,5340.00,4581.00
698, 111.18164063, 3803.50,5277.00,4524.50
699, 110.56640625, 3749.50,5202.50,4463.50
700, 109.97226715, 3695.50,5123.00,4396.50
701, 109.40975952, 3637.50,5043.50,4328.00
702, 108.80859375, 3583.50,4969.00,4263.50
703, 108.28301239, 3535.50,4900.00,4204.00
704, 107.91211700, 3494.50,4843.50,4156.50
705, 107.49375153, 3460.50,4795.50,4115.00
706, 107.22656250, 3429.50,4752.50,4077.50
707, 106.88378906, 3403.00,4713.50,4047.50
708, 106.61132813, 3367.50,4669.50,4008.00
709, 106.25976563, 3331.00,4622.00,3967.50
710, 105.74296570, 3288.00,4558.00,3916.00
711, 105.37031555, 3247.00,4498.50,3868.00
712, 104.85351563, 3198.50,4434.00,3809.00
713, 104.30155945, 3142.50,4358.00,3743.50
714, 103.71093750, 3086.00,4274.50,3673.50
715, 103.09570313, 3026.50,4192.00,3601.50
716, 102.50508118, 2975.00,4118.50,3537.00
717, 102.04101563, 2927.50,4055.50,3481.50
718, 101.68945313, 2889.00,4002.50,3436.50
719, 101.33789063, 2857.00,3961.00,3401.50
720, 101.07245636, 2828.00,3919.00,3364.50
721, 100.73847961, 2799.50,3879.00,3332.00
722, 100.37812042, 2763.50,3828.50,3290.00
723, 100.01953125, 2726.00,3773.00,3244.50
724, 99.66796875, 2689.50,3723.50,3204.00
725, 99.22499847, 2646.00,3661.00,3152.00
726, 98.64492035, 2592.50,3588.00,3088.00
727, 98.02792358, 2532.00,3502.50,3017.00
728, 97.46894073, 2473.50,3425.00,2947.00
729, 96.85546875, 2418.50,3345.50,2875.50
730, 96.34394836, 2371.00,3283.50,2820.50
731, 95.89569855, 2327.00,3225.00,2767.50
732, 95.59687805, 2293.50,3176.50,2725.00
733, 95.27343750, 2265.50,3138.00,2690.00
734, 94.92363739, 2235.00,3094.50,2654.00
735, 94.65820313, 2207.00,3057.50,2622.50
736, 94.30664063, 2171.50,3007.50,2581.50
737, 93.86718750, 2131.00,2951.00,2533.00
738, 93.42773438, 2090.00,2895.00,2484.50
739, 92.96543121, 2044.00,2828.00,2429.00
740, 92.37304688, 1993.00,2757.00,2367.50
741, 91.76309204, 1937.00,2678.50,2302.50
742, 91.19882965, 1881.50,2601.50,2237.00
743, 90.70312500, 1835.50,2534.50,2180.50
744, 90.17578125, 1791.50,2472.50,2127.00
745, 89.76972961, 1752.50,2419.00,2082.50
746, 89.47265625, 1724.50,2379.00,2048.50
747, 89.12109375, 1696.00,2340.00,2014.50
748, 88.85742188, 1671.50,2307.50,1983.50
749, 88.50585938, 1643.50,2267.50,1949.00
750, 88.15429688, 1607.50,2218.50,1908.50
751, 87.71484375, 1570.50,2168.50,1864.00
752, 87.27539063, 1533.50,2117.50,1819.00
753, 86.75859070, 1488.50,2055.50,1766.50
754, 86.19081879, 1438.00,1985.00,1704.50
755, 85.60546875, 1385.50,1915.00,1643.50
756, 84.99023438, 1336.50,1845.50,1584.50
757, 84.46465302, 1298.00,1790.00,1537.00
758, 84.02343750, 1257.50,1736.00,1490.50
759, 83.67187500, 1228.00,1695.00,1454.50
760, 83.35195160, 1203.50,1662.00,1426.00
761, 83.05664063, 1178.50,1628.00,1395.50
762, 82.75078583, 1158.00,1599.00,1370.50
763, 82.43613434, 1129.00,1559.00,1337.50
764, 82.00195313, 1097.50,1514.00,1299.50
765, 81.56250000, 1065.00,1469.50,1260.50
766, 81.11601257, 1027.50,1417.00,1215.50
767, 80.53945160, 988.00,1363.50,1169.50
768, 79.97870636, 944.50,1303.00,1117.50
769, 79.36875153, 902.50,1243.50,1066.50
770, 78.83789063, 862.00,1188.50,1018.50
771, 78.31054688, 829.00,1141.50,979.50
772, 77.87109375, 798.00,1098.00,942.50
773, 77.59159851, 776.00,1068.50,916.00
774, 77.25585938, 756.00,1040.00,892.50
775, 76.90429688, 734.50,1010.00,867.00
776, 76.64062500, 717.00,985.00,846.00
777, 76.29082489, 695.00,954.50,820.00
778, 75.84960938, 667.50,916.00,786.50
779, 75.41367340, 642.50,880.50,756.00
780, 74.97070313, 612.00,840.50,722.00
781, 74.38710785, 579.50,794.00,682.00
782, 73.81933594, 543.50,746.00,640.00
783, 73.20234680, 510.00,698.00,599.50
784, 72.68554688, 484.50,663.00,569.50
785, 72.28125000, 461.00,631.00,542.00
786, 71.89453125, 439.50,601.00,517.00
787, 71.52363586, 421.50,576.50,495.00
788, 71.19140625, 406.50,554.50,476.50
789, 70.90488434, 391.00,534.00,458.50
790, 70.63066101, 378.00,515.50,443.00
791, 70.22460938, 360.50,490.50,422.00
792, 69.78339386, 339.00,460.50,395.50
793, 69.34570313, 318.50,432.50,371.50
794, 68.81484222, 296.50,401.50,344.50
795, 68.20312500, 272.50,367.00,315.00
796, 67.58789063, 249.00,334.00,289.00
797, 67.05527496, 227.00,304.50,263.50
798, 66.53320313, 210.00,279.00,243.00
799, 66.09375000, 195.00,260.50,224.50
800, 65.72460938, 182.50,240.00,206.50
801, 65.39238739, 173.00,230.50,196.00
802, 65.12695313, 163.50,213.00,184.00
803, 64.83866882, 155.50,206.00,178.50
804, 64.49414063, 145.00,191.00,166.50
805, 63.98613358, 133.50,171.00,152.00
806, 63.63281250, 123.00,156.50,140.50
807, 63.18281174, 111.00,140.50,127.00
808, 62.57812500, 99.50,127.50,112.00
809, 62.01387024, 87.00,110.50,97.50
810, 61.43554687, 75.50,90.00,84.00
811, 60.82207108, 67.00,77.00,74.00
812, 60.38085937, 59.50,72.50,65.50
813, 59.94140625, 54.50,65.00,53.50
814, 59.58984375, 50.50,54.00,54.00
815, 59.33495712, 47.00,49.50,50.50
816, 58.98164368, 44.00,45.00,47.00
817, 58.71620941, 41.00,47.00,38.50
818, 58.35937500, 38.50,44.00,35.50
819, 58.35937500, 39.00,43.50,41.50
819, 58.35937500, 33.00,43.50,41.50
819, 58.35937500, 39.00,43.50,41.00
819, 58.35937500, 33.00,44.00,41.00
819, 58.35937500, 33.00,38.00,41.50
819, 58.35937500, 33.50,44.00,41.50
819, 58.35937500, 39.00,43.50,41.00
819, 58.35937500, 33.00,43.50,41.50
819, 58.35937500, 39.00,43.50,41.00
819, 58.35937500, 39.00,37.50,41.50
819, 58.35937500, 39.00,38.00,35.50
819, 58.35937500, 33.50,43.50,41.00
