0, 58.35937500, 33.50,44.50,41.50
0, 58.35937500, 39.50,44.50,35.00
1, 58.71093750, 42.00,48.00,44.50
2, 58.97460937, 38.00,46.00,41.50
3, 59.32089996, 47.50,49.00,44.00
4, 59.58984375, 50.50,59.50,54.00
5, 59.93613434, 55.00,65.00,53.00
6, 60.34746170, 54.00,68.50,65.00
7, 60.82031250, 67.00,82.00,73.00
8, 61.34765625, 76.00,94.50,83.50
9, 61.96289062, 81.50,110.00,96.50
10, 62.57812500, 100.00,122.00,110.50
11, 63.10546875, 112.00,139.00,119.50
12, 63.60292816, 123.50,159.50,138.00
13, 63.98437500, 133.50,174.00,150.00
14, 64.42382813, 140.00,186.00,158.50
15, 64.77539063, 155.00,204.00,170.00
16, 65.04960632, 158.00,215.00,184.50
17, 65.39062500, 172.50,224.00,195.00
18, 65.65429688, 182.00,237.00,205.50
19, 66.02870941, 189.50,257.50,220.00
20, 66.44531250, 209.00,275.00,237.50
21, 66.97265625, 223.00,302.00,257.50
22, 67.57910156, 248.00,330.50,283.50
23, 68.15039063, 268.50,365.50,308.00
24, 68.73046875, 296.00,398.50,336.50
25, 69.25781250, 318.00,429.00,365.00
26, 69.69726563, 337.50,456.50,388.00
27, 70.18066406, 356.50,485.50,411.00
28, 70.57617188, 377.00,510.50,433.00
29, 70.83984375, 388.00,528.50,448.50
30, 71.19140625, 405.00,549.50,466.00
31, 71.45684052, 420.50,570.50,484.50
32, 71.80840302, 436.50,595.50,505.00
33, 72.24433136, 458.50,624.50,529.50
34, 72.68554688, 480.50,655.00,555.50
35, 73.12500000, 507.50,691.00,586.50
36, 73.74023438, 541.00,738.00,626.50
37, 74.35546875, 576.50,787.00,668.00
38, 74.94081879, 610.00,834.50,707.50
39, 75.41015625, 639.50,874.50,741.50
40, 75.83730316, 664.50,909.50,771.00
41, 76.28554535, 691.50,948.00,802.50
42, 76.55625153, 713.00,976.50,827.00
43, 76.89550781, 731.50,1001.00,847.50
44, 77.16796875, 752.00,1030.50,872.00
45, 77.51953125, 772.50,1058.50,896.50
46, 77.78320313, 793.00,1088.00,921.50
47, 78.23144531, 824.00,1131.00,958.00
48, 78.75000000, 857.50,1177.50,997.00
49, 79.34238434, 897.50,1233.50,1045.00
50, 79.89434052, 940.00,1292.50,1093.50
51, 80.50781250, 983.00,1352.50,1145.50
52, 81.03515625, 1021.00,1406.50,1189.50
53, 81.47460938, 1055.00,1455.50,1232.50
54, 81.82617188, 1079.00,1488.50,1261.00
55, 82.08808136, 1097.50,1513.00,1282.50
56, 82.34472656, 1118.00,1541.50,1306.00
57, 82.60136414, 1135.50,1567.00,1327.00
58, 82.88085938, 1162.00,1604.50,1358.00
59, 83.27109528, 1193.50,1648.00,1396.50
60, 83.81777191, 1231.50,1701.00,1442.00
61, 84.37500000, 1277.00,1764.00,1493.00
62, 84.98671722, 1325.00,1831.50,1549.50
63, 85.52109528, 1375.00,1899.50,1607.50
64, 86.13281250, 1425.00,1970.00,1666.00
65, 86.74804688, 1476.00,2038.50,1725.50
66, 87.27539063, 1519.00,2100.50,1779.00
67, 87.64980316, 1555.00,2151.50,1821.50
68, 87.97851563, 1581.00,2186.50,1852.50
69, 88.18945313, 1601.50,2215.50,1878.00
70, 88.41796875, 1619.00,2240.50,1898.00
71, 88.68164063, 1643.50,2273.50,1927.00
72, 89.03320313, 1673.00,2319.00,1964.00
73, 89.47265625, 1711.00,2372.00,2008.50
74, 90.00000000, 1756.50,2437.50,2062.50
75, 90.60820770, 1808.00,2510.00,2125.00
76, 91.14257813, 1862.50,2585.50,2187.50
77, 91.75781250, 1917.50,2664.50,2253.00
78, 92.37304688, 1973.00,2741.00,2318.50
79, 92.90039063, 2025.00,2811.50,2379.00
80, 93.40312195, 2070.50,2876.50,2432.50
81, 93.77929688, 2101.00,2920.50,2469.50
82, 94.04296875, 2129.00,2959.50,2502.50
83, 94.27851868, 2151.50,2986.50,2528.00
84, 94.49121094, 2177.00,3024.50,2559.50
85, 94.84980774, 2208.50,3067.50,2595.50
86, 95.18554688, 2241.00,3114.00,2634.00
87, 95.68827820, 2284.50,3177.00,2686.00
88, 96.23495483, 2336.50,3248.50,2747.50
89, 96.82031250, 2391.50,3327.50,2814.00
90, 97.38281250, 2450.50,3408.50,2883.00
91, 97.99628448, 2508.50,3490.00,2951.50
92, 98.58164215, 2567.00,3573.50,3019.50
93, 99.14062500, 2618.50,3648.50,3083.00
94, 99.58007813, 2663.00,3709.50,3133.50
95, 100.01776886, 2698.00,3759.50,3175.00
96, 100.19531250, 2717.00,3790.00,3202.00
97, 100.43086243, 2736.50,3818.00,3226.00
98, 100.64530945, 2765.50,3856.50,3257.00
99, 100.98632813, 2793.50,3896.50,3291.50
100, 101.42578125, 2832.50,3956.00,3342.50
101, 101.86523438, 2881.00,4017.00,3394.50
102, 102.48046875, 2934.00,4091.50,3458.00
103, 103.02538300, 2992.00,4170.50,3526.50
104, 103.62304688, 3052.00,4249.00,3594.50
105, 104.23828125, 3109.50,4330.50,3663.50
106, 104.80254364, 3162.50,4403.50,3726.00
107, 105.29296875, 3210.00,4471.50,3784.00
108, 105.73242188, 3248.00,4530.00,3834.00
109, 106.05760956, 3278.50,4573.50,3869.50
110, 106.25976563, 3297.00,4600.50,3890.50
111, 106.52343750, 3320.50,4639.00,3920.50
112, 106.86972046, 3350.50,4680.50,3956.00
113, 107.22480011, 3386.00,4727.50,3997.00
114, 107.57812500, 3423.00,4782.50,4042.00
115, 108.10546875, 3472.50,4853.00,4100.50
116, 108.72070313, 3528.00,4932.50,4163.00
117, 109.33593750, 3588.00,5015.50,4233.00
118, 109.95117188, 3648.00,5095.00,4303.50
119, 110.56640625, 3701.00,5174.00,4366.50
120, 111.15526581, 3750.50,5245.50,4426.50
121, 111.62109375, 3796.00,5306.00,4479.00
122, 111.97265625, 3825.50,5353.00,4517.00
123, 112.23632813, 3849.00,5383.00,4540.50
124, 112.44726563, 3870.50,5414.00,4565.50
125, 112.74082184, 3893.00,5446.00,4593.00
126, 113.02734375, 3917.00,5483.50,4621.50
127, 113.43339539, 3953.50,5536.50,4664.50
128, 113.83592987, 3994.00,5590.50,4709.50
129, 114.42656708, 4038.00,5658.00,4766.00
130, 115.03828430, 4093.50,5733.00,4832.50
131, 115.58145142, 4144.00,5806.50,4892.50
132, 116.19140625, 4195.50,5880.00,4954.00
133, 116.80664063, 4244.50,5948.00,5012.50
134, 117.39550018, 4289.00,6011.00,5065.50
135, 117.79804993, 4320.50,6063.00,5104.50
136, 118.12500000, 4342.00,6098.00,5137.50
137, 118.38690948, 4360.50,6124.50,5160.50
138, 118.64179993, 4382.00,6147.50,5184.50
139, 118.89668274, 4404.50,6178.00,5211.50
140, 119.17968750, 4428.50,6213.00,5236.00
141, 119.61914063, 4463.00,6259.50,5273.50
142, 120.09375000, 4502.00,6312.00,5320.50
143, 120.67382813, 4546.50,6373.00,5370.00
144, 121.28906250, 4590.00,6438.50,5421.00
145, 121.82695007, 4633.00,6498.50,5472.50
146, 122.45273590, 4679.00,6561.50,5525.50
147, 123.04687500, 4718.00,6620.50,5574.50
148, 123.57598114, 4753.00,6673.50,5618.50
149, 124.01367188, 4783.50,6716.00,5654.50
150, 124.27734375, 4802.00,6741.50,5677.00
151, 124.54101563, 4815.00,6764.00,5698.00
152, 124.78711700, 4828.50,6784.50,5715.00
153, 125.06835938, 4848.00,6813.00,5739.00
154, 125.41992188, 4870.50,6845.50,5768.00
155, 125.85937500, 4900.00,6883.00,5798.50
156, 126.38671875, 4936.50,6930.00,5838.00
157, 126.91406250, 4973.50,6982.50,5881.00
158, 127.52929688, 5012.50,7033.00,5917.50
159, 128.14453125, 5047.00,7082.50,5959.50
160, 128.75448608, 5077.50,7129.00,6001.50
161, 129.30293274, 5111.00,7180.00,6037.50
162, 129.81445313, 5135.00,7219.00,6069.00
163, 130.17304993, 5153.50,7250.00,6092.50
164, 130.44023132, 5168.00,7269.00,6107.00
165, 130.69335938, 5176.50,7286.00,6115.50
166, 130.95703125, 5189.50,7306.00,6130.50
167, 131.21015930, 5208.00,7326.50,6150.00
168, 131.66015625, 5229.00,7356.50,6175.50
169, 132.09960938, 5249.00,7385.00,6200.50
170, 132.62695313, 5270.50,7423.50,6229.00
171, 133.24218750, 5295.50,7457.50,6262.00
172, 133.77481079, 5317.00,7496.00,6289.00
173, 134.38476563, 5341.50,7531.00,6316.00
174, 135.00000000, 5365.50,7562.00,6349.00
175, 135.52734375, 5386.00,7591.50,6373.00
176, 136.04765320, 5405.00,7615.50,6393.00
177, 136.40272522, 5412.50,7635.00,6406.50
178, 136.58203125, 5419.50,7642.00,6410.50
179, 136.75781250, 5427.50,7652.00,6415.50
180, 137.08828735, 5436.50,7669.50,6427.50
181, 137.37304688, 5443.00,7684.50,6440.50
182, 137.81250000, 5459.00,7709.50,6456.50
183, 138.33984375, 5470.50,7728.00,6474.50
184, 138.86718750, 5487.50,7752.50,6493.00
185, 139.48242188, 5498.50,7770.00,6512.00
186, 140.09765625, 5512.50,7790.00,6528.00
187, 140.67070007, 5526.00,7810.50,6547.00
188, 141.24726868, 5538.50,7825.00,6559.50
189, 141.76757813, 5541.50,7837.00,6571.50
190, 142.20703125, 5549.00,7844.50,6577.50
191, 142.47070313, 5550.50,7848.50,6581.50
192, 142.67109680, 5554.00,7851.00,6585.00
193, 142.91015625, 5556.50,7855.50,6587.00
194, 143.18789673, 5567.00,7859.50,6587.00
195, 143.58340454, 5570.50,7869.50,6593.50
196, 144.05273438, 5576.00,7878.00,6597.50
197, 144.57655334, 5580.50,7886.50,6603.00
198, 145.12149048, 5585.50,7892.50,6606.50
199, 145.72265625, 5586.50,7898.50,6606.50
200, 146.33613586, 5593.00,7900.00,6614.00
201, 146.91270447, 5592.00,7904.00,6611.00
202, 147.48046875, 5590.50,7905.00,6610.50
203, 147.98847961, 5587.50,7902.50,6608.50
204, 148.37870789, 5582.00,7902.00,6608.00
205, 148.62304688, 5579.00,7896.50,6605.00
206, 148.80058289, 5580.00,7891.00,6603.00
207, 149.08535767, 5578.50,7884.00,6602.00
208, 149.40527344, 5574.00,7878.00,6604.50
209, 149.79550171, 5573.50,7881.50,6596.50
210, 150.29296875, 5565.50,7876.00,6590.50
211, 150.81503296, 5557.00,7871.00,6581.50
212, 151.34941101, 5547.00,7866.50,6570.50
213, 151.96289063, 5533.50,7855.00,6556.00
214, 152.53417969, 5522.00,7843.00,6546.00
215, 153.13711548, 5510.50,7826.00,6534.00
216, 153.64688110, 5502.00,7808.00,6520.00
217, 154.14961243, 5488.50,7790.00,6509.00
218, 154.46777344, 5480.50,7774.00,6497.00
219, 154.69628906, 5477.00,7769.50,6491.00
220, 154.93534851, 5468.50,7762.00,6484.00
221, 155.21484375, 5459.50,7753.50,6475.50
222, 155.56288147, 5451.50,7740.50,6466.00
223, 156.00585938, 5437.50,7722.00,6451.00
224, 156.44531250, 5421.00,7703.00,6433.00
225, 156.99726868, 5403.50,7679.50,6414.50
226, 157.58789063, 5378.50,7647.50,6392.00
227, 158.20312500, 5359.00,7616.50,6370.50
228, 158.79727173, 5338.50,7580.50,6344.00
229, 159.35977173, 5317.50,7549.00,6317.00
230, 159.87304688, 5295.00,7522.50,6293.00
231, 160.31250000, 5277.50,7493.00,6269.00
232, 160.57617188, 5267.50,7474.00,6253.50
233, 160.83984375, 5256.50,7456.00,6237.50
234, 161.03848267, 5244.50,7439.50,6226.50
235, 161.36718750, 5233.00,7428.00,6207.00
236, 161.71875000, 5212.00,7405.50,6188.00
237, 162.15820313, 5189.50,7376.50,6162.50
238, 162.68554688, 5166.50,7342.00,6130.50
239, 163.29902649, 5140.00,7300.00,6093.50
240, 163.82812500, 5104.50,7257.50,6060.00
241, 164.44335938, 5073.00,7206.50,6018.00
242, 165.05859375, 5039.50,7158.00,5979.00
243, 165.58593750, 5005.50,7113.50,5938.50
244, 166.05526733, 4980.50,7076.50,5903.00
245, 166.46308899, 4958.50,7046.50,5876.50
246, 166.68281555, 4941.00,7024.00,5860.00
247, 166.90429688, 4926.00,7009.00,5846.50
248, 167.16796875, 4916.50,6981.50,5827.00
249, 167.43867493, 4896.50,6955.00,5807.00
250, 167.87284851, 4870.50,6916.50,5773.50
251, 168.36503601, 4838.50,6871.50,5736.00
252, 168.85897827, 4806.00,6822.50,5694.00
253, 169.45312500, 4764.50,6769.00,5647.50
254, 170.06835938, 4726.50,6712.00,5598.00
255, 170.64317322, 4685.50,6654.00,5549.50
256, 171.22148132, 4637.50,6592.00,5497.00
257, 171.74531555, 4603.00,6541.00,5452.00
258, 172.17773438, 4569.50,6496.00,5411.00
259, 172.52929688, 4545.50,6464.00,5383.00
260, 172.78944397, 4526.50,6437.00,5360.00
261, 172.96875000, 4515.00,6413.50,5341.50
262, 173.23594666, 4497.50,6377.50,5319.00
263, 173.58398438, 4472.00,6344.50,5290.00
264, 174.02343750, 4439.50,6292.50,5250.50
265, 174.55078125, 4405.00,6237.50,5203.00
266, 175.07812500, 4360.00,6175.50,5148.50
267, 175.60546875, 4315.00,6107.50,5093.50
268, 176.22070313, 4265.00,6038.50,5033.00
269, 176.83593750, 4217.50,5967.00,4977.50
270, 177.37031555, 4167.50,5897.50,4916.00
271, 177.89062500, 4123.50,5838.00,4864.50
272, 178.33007813, 4095.00,5792.00,4824.00
273, 178.59375000, 4072.00,5760.50,4795.00
274, 178.85742188, 4049.50,5729.50,4772.00
275, 179.03320313, 4028.00,5701.50,4748.50
276, 179.38476563, 4002.50,5664.50,4714.00
277, 179.73632813, 3971.50,5621.00,4676.50
278, 180.17578125, 3929.50,5567.00,4633.00
279, 180.70312500, 3884.00,5499.00,4576.00
280, 181.31660461, 3834.00,5426.00,4516.50
281, 181.84745789, 3780.50,5349.00,4453.50
282, 182.46093750, 3728.50,5273.00,4386.50
283, 183.07617188, 3674.50,5194.00,4322.50
284, 183.60351563, 3624.50,5120.50,4260.50
285, 184.08515930, 3582.50,5059.50,4212.00
286, 184.48242188, 3547.00,5008.50,4171.00
287, 184.70390320, 3527.50,4979.00,4147.50
288, 184.92187500, 3507.00,4952.00,4123.50
289, 185.18554688, 3481.50,4916.00,4094.00
290, 185.53710938, 3453.00,4872.50,4061.50
291, 185.97128296, 3413.50,4814.50,4012.50
292, 186.41601563, 3370.00,4752.00,3959.00
293, 186.94335938, 3324.00,4683.50,3900.00
294, 187.55859375, 3265.50,4601.00,3832.00
295, 188.10174561, 3207.50,4519.50,3764.50
296, 188.70997620, 3150.50,4439.50,3694.50
297, 189.31640625, 3093.00,4358.00,3627.00
298, 189.84375000, 3045.50,4286.50,3569.50
299, 190.27439880, 3004.50,4227.50,3521.00
300, 190.54687500, 2977.50,4188.50,3490.50
301, 190.81054688, 2950.50,4155.00,3458.00
302, 191.00038147, 2931.00,4125.00,3433.00
303, 191.33789063, 2902.50,4085.50,3398.50
304, 191.65078735, 2868.00,4038.50,3358.50
305, 192.05506897, 2828.50,3979.50,3309.00
306, 192.57011414, 2779.50,3914.50,3255.50
307, 193.18359375, 2724.00,3831.50,3190.00
308, 193.71093750, 2668.00,3752.00,3124.00
309, 194.32617188, 2605.00,3665.50,3055.00
310, 194.91854858, 2549.00,3588.00,2990.00
311, 195.46875000, 2494.00,3509.50,2923.00
312, 195.99433899, 2444.50,3442.00,2866.50
313, 196.43554688, 2408.00,3388.50,2821.50
314, 196.69041443, 2380.00,3350.50,2790.00
315, 196.93652344, 2356.50,3317.00,2762.00
316, 197.13867188, 2338.00,3286.00,2738.50
317, 197.40234375, 2311.50,3249.00,2708.00
318, 197.75390625, 2274.00,3194.50,2663.50
319, 198.28125000, 2231.00,3134.00,2613.50
320, 198.73828125, 2183.50,3066.00,2555.00
321, 199.33593750, 2129.50,2988.00,2490.50
322, 199.95117188, 2072.50,2909.00,2423.00
323, 200.47851563, 2017.50,2831.50,2359.00
324, 201.09375000, 1961.50,2755.00,2294.50
325, 201.62109375, 1913.00,2684.00,2236.00
326, 202.08868408, 1869.50,2626.00,2186.50
327, 202.50000000, 1836.50,2578.50,2147.50
328, 202.67753601, 1815.50,2550.00,2125.00
329, 202.93064880, 1796.00,2523.50,2102.50
330, 203.20312500, 1770.00,2485.50,2072.00
331, 203.48612976, 1743.00,2445.00,2038.00
332, 203.90625000, 1707.00,2392.50,1995.00
333, 204.42303467, 1665.00,2331.50,1943.50
334, 204.95918274, 1617.50,2265.50,1888.00
335, 205.56211853, 1564.50,2191.50,1827.00
336, 206.10351563, 1512.50,2118.50,1766.50
337, 206.71875000, 1461.00,2046.50,1706.00
338, 207.31640625, 1412.50,1976.00,1648.50
339, 207.81034851, 1370.50,1915.00,1597.50
340, 208.21289063, 1336.50,1867.50,1557.50
341, 208.48008728, 1315.50,1836.50,1531.50
342, 208.74023438, 1295.00,1808.50,1508.00
343, 208.97576904, 1275.50,1782.00,1486.00
344, 209.26757813, 1253.50,1749.50,1458.50
345, 209.61738586, 1228.00,1711.00,1426.00
346, 210.05859375, 1193.50,1664.00,1386.00
347, 210.54023743, 1154.50,1608.50,1339.00
348, 211.11328125, 1109.50,1545.50,1287.00
349, 211.72499084, 1062.50,1479.00,1233.00
350, 212.32969666, 1016.50,1414.50,1180.00
351, 212.87109375, 974.50,1353.50,1128.00
352, 213.48632813, 932.50,1295.50,1081.00
353, 213.92578125, 898.00,1247.00,1040.00
354, 214.36523438, 870.50,1208.50,1008.00
355, 214.56915283, 854.50,1186.00,989.00
356, 214.80644226, 838.00,1162.50,969.50
357, 215.06835938, 822.50,1141.00,952.50
358, 215.33203125, 803.50,1114.50,930.50
359, 215.74334717, 775.00,1074.50,896.50
360, 216.21093750, 746.00,1033.50,862.00
361, 216.73828125, 712.50,987.00,824.00
362, 217.28671265, 674.50,933.50,779.00
363, 217.88085938, 638.50,883.50,738.00
364, 218.40820313, 604.50,835.00,697.00
365, 219.02343750, 569.50,786.00,657.00
366, 219.55078125, 540.00,745.50,623.00
367, 219.99023438, 515.50,712.00,595.00
368, 220.25390625, 499.50,689.00,576.50
369, 220.55976868, 485.50,669.00,559.50
370, 220.78125000, 473.00,651.00,545.00
371, 221.04492188, 458.50,631.50,527.50
372, 221.39648438, 440.50,607.00,507.00
373, 221.82363892, 420.00,578.50,483.50
374, 222.27539063, 396.50,544.50,455.50
375, 222.80273438, 370.00,508.00,426.00
376, 223.41796875, 341.50,468.50,392.50
377, 224.03320313, 315.50,430.50,361.50
378, 224.64491272, 287.50,396.50,331.50
379, 225.17578125, 267.00,364.00,306.00
380, 225.70312500, 242.50,336.00,283.50
381, 226.14257813, 230.50,315.00,266.50
382, 226.39569092, 220.50,301.00,252.50
383, 226.65411377, 211.50,286.00,245.00
384, 226.84570313, 204.00,278.00,233.00
385, 227.10937500, 192.00,261.50,225.00
386, 227.46093750, 180.50,248.00,212.50
387, 227.90039063, 172.50,229.50,196.50
388, 228.37322998, 156.00,208.50,180.00
389, 228.95507813, 140.50,181.50,157.50
390, 229.57031250, 119.50,164.00,142.00
391, 230.18554688, 110.00,142.00,120.00
392, 230.72694397, 97.00,121.50,105.00
393, 231.32460022, 86.00,104.50,93.00
394, 231.84666443, 70.50,97.50,86.50
395, 232.17889404, 70.50,89.00,79.50
396, 232.44433594, 60.50,83.50,75.00
397, 232.64472961, 63.50,73.50,71.50
398, 232.88026428, 54.00,74.50,67.50
399, 233.17382813, 50.00,68.50,63.00
400, 233.55352783, 47.50,62.00,54.50
401, 234.03515625, 46.50,48.50,45.50
402, 234.51152039, 42.00,48.50,46.00
403, 235.10742188, 38.00,38.00,41.00
404, 235.72265625, 28.50,38.50,37.50
405, 236.30274963, 28.00,36.00,35.50
406, 236.90214539, 33.00,35.50,34.50
407, 237.48046875, 33.50,29.50,35.50
408, 237.84259033, 28.50,32.00,33.50
409, 238.18359375, 36.00,33.00,33.00
410, 238.44726563, 31.00,41.50,40.00
411, 238.70213318, 38.50,37.00,37.00
412, 238.94296265, 34.00,45.50,43.00
413, 239.23828125, 42.50,43.00,43.50
414, 239.67773438, 40.50,54.00,50.00
415, 240.11718750, 52.00,61.50,56.00
416, 240.64453125, 54.00,71.00,63.50
417, 241.25976563, 62.00,83.00,68.50
418, 241.87500000, 78.50,97.50,85.50
419, 242.49023438, 90.00,113.50,98.00
420, 243.01757813, 101.50,129.50,111.50
421, 243.59590149, 107.50,145.50,119.50
422, 243.94218445, 122.50,158.50,133.00
423, 244.19354248, 129.00,162.50,142.00
424, 244.42382813, 135.50,172.50,149.50
425, 244.68750000, 137.00,184.50,156.50
426, 244.95117188, 147.00,194.00,162.00
427, 245.30273438, 160.00,207.00,177.50
428, 245.74043274, 173.00,225.00,187.00
429, 246.26953125, 185.50,250.00,211.00
430, 246.79687500, 209.00,278.50,232.50
431, 247.42440796, 232.50,310.50,259.00
432, 248.03262329, 253.50,340.50,281.50
433, 248.64257813, 278.50,375.50,310.50
434, 249.25428772, 302.50,408.50,335.00
435, 249.69726563, 322.50,436.00,360.50
436, 250.04707336, 338.00,457.50,377.50
437, 250.25274658, 348.50,472.50,389.00
438, 250.48828125, 360.00,488.00,402.00
439, 250.75195313, 371.00,503.00,414.50
440, 251.02792358, 385.00,523.50,431.00
441, 251.45507813, 406.50,551.50,453.50
442, 251.89453125, 429.00,583.00,480.00
443, 252.42187500, 456.50,621.50,511.00
444, 253.03710938, 489.00,667.00,547.00
445, 253.65234375, 525.00,716.50,588.00
446, 254.26757813, 559.00,764.00,626.50
447, 254.87577820, 594.50,814.00,667.00
448, 255.41015625, 628.00,860.50,703.50
449, 255.76347351, 653.00,895.50,732.00
450, 256.11328125, 673.50,924.50,755.00
451, 256.31192017, 688.00,944.50,770.50
452, 256.55273438, 701.50,963.50,786.00
453, 256.81640625, 721.00,989.50,807.00
454, 257.16619873, 742.50,1018.00,830.50
455, 257.54412842, 770.50,1057.00,861.50
456, 258.04336548, 803.50,1103.00,899.50
457, 258.57421875, 843.50,1158.50,943.50
458, 259.18945313, 888.50,1221.00,993.50
459, 259.82226563, 935.00,1286.00,1046.00
460, 260.41992188, 980.00,1349.00,1096.50
461, 261.03515625, 1025.50,1411.50,1146.50
462, 261.56250000, 1064.50,1467.00,1191.50
463, 261.91406250, 1095.00,1509.50,1224.50
464, 262.17773438, 1113.50,1534.00,1246.00
465, 262.38867188, 1133.50,1562.50,1268.00
466, 262.61718750, 1152.50,1587.00,1288.50
467, 262.95819092, 1176.00,1619.50,1315.00
468, 263.23242188, 1203.50,1657.50,1346.50
469, 263.67010498, 1238.50,1707.50,1385.00
470, 264.19921875, 1283.50,1770.00,1436.00
471, 264.81445313, 1332.50,1840.00,1492.00
472, 265.42968750, 1389.50,1918.50,1553.50
473, 266.04492188, 1442.50,1991.50,1613.00
474, 266.65487671, 1495.00,2065.50,1672.50
475, 267.18750000, 1546.50,2135.50,1729.50
476, 267.62872314, 1588.50,2194.50,1777.00
477, 268.04354858, 1623.00,2242.00,1813.50
478, 268.24218750, 1643.00,2268.50,1836.00
479, 268.44784546, 1661.50,2293.50,1856.00
480, 268.68164063, 1683.50,2325.50,1881.00
481, 269.03320313, 1715.50,2369.50,1915.50
482, 269.38827515, 1751.50,2420.50,1957.50
483, 269.84530640, 1794.00,2479.50,2005.50
484, 270.43945313, 1844.50,2550.50,2063.00
485, 271.05291748, 1904.00,2631.00,2126.50
486, 271.66815186, 1965.00,2715.00,2193.50
487, 272.28338623, 2025.00,2799.00,2262.50
488, 272.87579346, 2083.00,2881.50,2327.50
489, 273.36093140, 2134.00,2952.50,2384.00
490, 273.77929688, 2174.00,3006.50,2428.50
491, 274.06405640, 2205.50,3051.00,2465.00
492, 274.30313110, 2226.00,3079.50,2489.00
493, 274.48242188, 2248.50,3111.50,2514.00
494, 274.74786377, 2275.00,3148.50,2545.00
495, 275.11523438, 2312.00,3197.50,2585.50
496, 275.53887939, 2356.50,3255.00,2634.00
497, 276.04159546, 2405.00,3324.00,2690.00
498, 276.59179688, 2461.00,3399.00,2750.50
499, 277.22460938, 2528.00,3489.50,2824.50
500, 277.89959717, 2593.50,3577.50,2898.00
501, 278.50781250, 2656.00,3659.50,2966.50
502, 279.05273438, 2715.50,3744.50,3032.50
503, 279.50625610, 2765.00,3814.00,3088.50
504, 279.92813110, 2804.00,3869.50,3132.00
505, 280.19354248, 2831.50,3907.00,3163.00
506, 280.37109375, 2855.00,3934.00,3187.00
507, 280.63125610, 2879.50,3968.50,3214.50
508, 280.92831421, 2911.00,4015.50,3250.00
509, 281.26229858, 2945.00,4064.50,3291.00
510, 281.68945313, 2986.50,4127.00,3340.00
511, 282.21679688, 3040.50,4202.50,3400.00
512, 282.83203125, 3103.00,4288.00,3470.00
513, 283.44726563, 3172.00,4378.00,3544.00
514, 284.04315186, 3232.00,4460.50,3611.50
515, 284.62149048, 3294.50,4545.50,3680.00
516, 285.20507813, 3352.00,4623.00,3744.50
517, 285.72714233, 3403.00,4693.00,3800.50
518, 285.99960327, 3441.00,4740.00,3840.00
519, 286.25976563, 3459.00,4769.50,3863.00
520, 286.43554688, 3480.00,4799.00,3888.00
521, 286.77655029, 3510.50,4841.00,3922.00
522, 287.05078125, 3541.00,4884.00,3957.50
523, 287.48672485, 3584.50,4943.50,4006.00
524, 287.89630127, 3627.50,5004.50,4054.00
525, 288.45175171, 3678.50,5078.00,4113.50
526, 289.06521606, 3742.00,5162.50,4181.00
527, 289.62246704, 3801.50,5245.50,4248.50
528, 290.21484375, 3862.00,5328.00,4314.00
529, 290.83007813, 3919.00,5407.00,4380.50
530, 291.33282471, 3965.50,5471.00,4434.50
531, 291.70898438, 4005.00,5523.00,4480.00
532, 292.04296875, 4035.50,5566.50,4514.50
533, 292.23632813, 4056.50,5596.00,4539.00
534, 292.50177002, 4079.00,5629.00,4568.50
535, 292.80761719, 4110.00,5669.50,4599.00
536, 293.11874390, 4142.50,5712.50,4632.50
537, 293.55468750, 4186.00,5770.50,4678.00
538, 294.08203125, 4237.00,5835.00,4729.00
539, 294.61465454, 4287.50,5905.00,4788.00
540, 295.23516846, 4347.00,5984.50,4854.00
541, 295.88027954, 4406.00,6065.50,4917.00
542, 296.45507813, 4464.00,6138.00,4976.50
543, 297.00527954, 4516.50,6202.50,5029.00
544, 297.45175171, 4551.50,6256.50,5074.50
545, 297.86132813, 4586.00,6305.50,5113.50
546, 298.15838623, 4616.50,6342.00,5144.50
547, 298.38867188, 4633.50,6365.00,5169.50
548, 298.65234375, 4655.00,6395.50,5195.00
549, 298.91601563, 4684.50,6430.00,5223.00
550, 299.34667969, 4715.00,6476.00,5258.50
551, 299.70703125, 4751.50,6527.00,5300.00
552, 300.23437500, 4798.50,6584.50,5348.00
553, 300.84960938, 4848.00,6651.50,5403.50
554, 301.46484375, 4897.00,6721.50,5466.50
555, 302.08007813, 4950.00,6788.50,5521.50
556, 302.69531250, 4998.00,6851.50,5572.00
557, 303.25430298, 5041.00,6909.50,5617.50
558, 303.75000000, 5074.50,6958.50,5658.50
559, 304.10156250, 5102.00,6997.50,5689.50
560, 304.34765625, 5119.50,7022.00,5707.50
561, 304.54101563, 5132.50,7040.00,5724.50
562, 304.80468750, 5150.00,7065.50,5752.00
563, 305.13690186, 5172.00,7090.50,5775.00
564, 305.50781250, 5200.50,7137.00,5807.00
565, 305.96484375, 5235.50,7179.00,5843.00
566, 306.47811890, 5271.50,7227.00,5884.50
567, 307.08984375, 5314.00,7278.50,5929.50
568, 307.70507813, 5352.50,7328.00,5971.50
569, 308.32031250, 5394.50,7381.00,6012.50
570, 308.93554688, 5432.50,7428.50,6051.00
571, 309.46289063, 5466.00,7468.00,6084.00
572, 309.89529419, 5495.50,7502.00,6111.50
573, 310.16778564, 5509.00,7527.50,6135.00
574, 310.34530640, 5524.50,7543.00,6151.50
575, 310.60723877, 5535.50,7560.00,6161.50
576, 310.86914063, 5550.00,7580.50,6180.00
577, 311.22421265, 5567.00,7609.50,6202.00
578, 311.66015625, 5591.00,7633.50,6227.00
579, 312.11541748, 5618.00,7675.50,6256.00
580, 312.71484375, 5644.50,7713.50,6291.50
581, 313.33184814, 5675.00,7751.50,6325.50
582, 313.94531250, 5701.50,7785.00,6360.50
583, 314.56054688, 5723.50,7826.50,6391.00
584, 315.17578125, 5745.00,7860.50,6418.50
585, 315.61523438, 5765.00,7887.50,6437.00
586, 316.05468750, 5777.00,7907.00,6452.50
587, 316.31835938, 5792.00,7921.00,6463.50
588, 316.49414063, 5796.00,7932.50,6475.50
589, 316.75076294, 5799.50,7943.00,6483.50
590, 317.02148438, 5820.00,7957.00,6496.50
591, 317.45388794, 5833.00,7971.50,6518.50
592, 317.81954956, 5846.00,7983.00,6535.00
593, 318.33984375, 5855.00,7997.50,6552.00
594, 318.95507813, 5876.50,8018.00,6570.00
595, 319.57031250, 5894.50,8034.50,6591.00
596, 320.18554688, 5917.50,8057.00,6611.00
597, 320.80078125, 5931.50,8078.50,6621.00
598, 321.31933594, 5942.00,8097.00,6638.00
599, 321.70254517, 5955.50,8111.50,6644.50
600, 322.03125000, 5963.50,8120.50,6653.50
601, 322.29843140, 5968.50,8125.50,6655.50
602, 322.55859375, 5967.50,8128.50,6657.50
603, 322.80117798, 5972.50,8131.50,6657.50
604, 323.17382813, 5972.50,8136.50,6663.50
605, 323.52539063, 5977.00,8142.50,6669.00
606, 323.96835327, 5980.00,8150.50,6677.00
607, 324.49218750, 5987.00,8160.00,6682.00
608, 325.11093140, 5994.00,8169.00,6687.50
609, 325.79998779, 5993.50,8173.00,6689.50
610, 326.33789063, 5994.00,8176.00,6693.00
611, 326.95312500, 5988.00,8176.00,6694.00
612, 327.48046875, 5991.50,8166.50,6692.50
613, 327.83203125, 5989.50,8166.50,6695.00
614, 328.18359375, 5985.50,8164.50,6692.50
615, 328.44726563, 5982.50,8164.00,6691.50
616, 328.66876221, 5982.00,8164.00,6692.00
617, 328.97109985, 5977.50,8158.00,6691.00
618, 329.32617188, 5976.50,8153.50,6686.50
619, 329.67773438, 5972.00,8144.50,6678.00
620, 330.21386719, 5970.00,8133.00,6669.00
621, 330.73770142, 5959.00,8122.00,6662.00
622, 331.39160156, 5942.00,8107.50,6652.50
623, 332.05078125, 5931.50,8088.00,6642.00
624, 332.65722656, 5923.50,8068.50,6628.00
625, 333.19335938, 5909.50,8049.50,6617.00
626, 333.72070313, 5900.50,8033.50,6602.50
627, 334.07226563, 5887.00,8022.50,6597.00
628, 334.33593750, 5881.50,8010.50,6592.50
629, 334.59609985, 5873.00,8001.00,6581.00
630, 334.78768921, 5868.00,7990.00,6579.00
631, 335.12695313, 5861.50,7978.50,6569.50
632, 335.47851563, 5849.00,7966.00,6558.00
633, 335.89337158, 5827.50,7945.00,6542.50
634, 336.44180298, 5803.00,7923.50,6522.50
635, 337.04296875, 5782.50,7892.50,6501.50
636, 337.64413452, 5759.50,7857.00,6477.00
637, 338.20840454, 5744.50,7825.00,6453.00
638, 338.81835938, 5719.50,7790.00,6424.50
639, 339.43359375, 5690.50,7755.00,6402.00
640, 339.87304688, 5670.50,7727.50,6379.50
641, 340.22460938, 5656.00,7709.50,6362.50
642, 340.48828125, 5646.00,7694.00,6350.50
643, 340.66406250, 5632.50,7682.50,6339.00
644, 340.97344971, 5619.00,7664.00,6323.50
645, 341.27929688, 5606.50,7651.00,6310.50
646, 341.71875000, 5584.00,7618.50,6282.00
647, 342.12304688, 5563.00,7585.50,6255.00
648, 342.62225342, 5533.50,7548.50,6224.00
649, 343.21640015, 5498.50,7502.50,6186.00
650, 343.82812500, 5461.00,7452.00,6148.50
651, 344.44335938, 5424.50,7398.00,6108.00
652, 345.05859375, 5387.00,7350.00,6069.00
653, 345.58593750, 5356.00,7307.00,6029.50
654, 346.02539063, 5323.00,7266.00,5999.50
655, 346.28906250, 5307.00,7243.50,5983.00
656, 346.55273438, 5289.00,7224.00,5963.50
657, 346.73028564, 5276.50,7203.00,5947.00
658, 346.99923706, 5255.50,7175.00,5927.00
659, 347.34375000, 5231.50,7145.50,5902.50
660, 347.78320313, 5200.50,7105.50,5870.50
661, 348.26483154, 5166.50,7060.00,5833.50
662, 348.82559204, 5123.00,7003.00,5787.50
663, 349.45312500, 5077.50,6941.00,5737.50
664, 350.06835938, 5028.50,6874.50,5684.00
665, 350.68182373, 4979.50,6812.50,5633.50
666, 351.21093750, 4933.00,6749.00,5584.00
667, 351.75234985, 4893.50,6689.50,5537.50
668, 352.14785767, 4865.50,6651.00,5503.00
669, 352.41152954, 4842.00,6624.00,5480.00
670, 352.61718750, 4822.00,6601.00,5460.50
671, 352.86679077, 4804.50,6576.50,5441.50
672, 353.14453125, 4777.50,6546.50,5415.00
673, 353.49609375, 4751.50,6506.50,5381.00
674, 353.93554688, 4713.00,6455.50,5341.50
675, 354.46289063, 4664.50,6397.00,5295.00
676, 355.04824829, 4613.00,6324.50,5236.00
677, 355.68630981, 4562.50,6250.50,5174.00
678, 356.22070313, 4510.00,6176.00,5116.00
679, 356.84298706, 4451.00,6099.50,5054.50
680, 357.45117188, 4401.50,6030.00,4997.00
681, 357.89062500, 4363.00,5973.00,4949.50
682, 358.24218750, 4330.00,5929.50,4909.50
683, 358.47949219, 4309.00,5903.50,4887.50
684, 358.68164063, 4288.50,5877.50,4866.50
685, 358.94531250, 4263.50,5842.50,4834.50
686, 359.28106689, 4235.00,5803.00,4804.50
687, 359.65371704, 4192.50,5747.00,4766.00
688, 0.09667969, 4148.50,5689.00,4725.50
689, 0.63457030, 4096.50,5617.50,4670.50
690, 1.23046875, 4039.00,5536.50,4606.00
691, 1.84570313, 3980.50,5455.00,4537.50
692, 2.46093750, 3922.50,5376.50,4471.00
693, 3.07617187, 3862.50,5297.00,4407.50
694, 3.57363272, 3810.50,5229.00,4352.00
695, 3.95507813, 3771.50,5178.00,4309.00
696, 4.30664063, 3737.00,5131.00,4269.50
697, 4.48242188, 3714.50,5100.00,4241.00
698, 4.74609375, 3688.50,5071.00,4213.50
699, 5.00976563, 3661.00,5033.00,4182.00
700, 5.36835957, 3622.50,4984.50,4140.00
701, 5.80078125, 3581.50,4928.50,4094.50
702, 6.30703163, 3529.00,4856.00,4038.50
703, 6.85546875, 3471.50,4779.50,3973.00
704, 7.47070313, 3408.50,4689.50,3900.50
705, 8.08593750, 3346.00,4605.00,3831.50
706, 8.70117188, 3283.00,4517.00,3761.50
707, 9.31640625, 3221.00,4436.00,3693.00
708, 9.78222656, 3169.50,4365.50,3634.50
709, 10.19531250, 3130.50,4314.00,3589.00
710, 10.45722675, 3104.00,4276.00,3558.00
711, 10.63476563, 3078.50,4242.50,3529.50
712, 10.89843750, 3054.50,4207.50,3502.50
713, 11.16210938, 3021.00,4165.00,3469.50
714, 11.53828144, 2985.00,4114.50,3425.00
715, 11.96191502, 2938.00,4051.50,3374.00
716, 12.48046875, 2887.00,3977.50,3313.00
717, 13.09570313, 2826.50,3894.00,3247.00
718, 13.70566463, 2762.00,3807.50,3174.50
719, 14.23828125, 2697.00,3722.50,3104.00
720, 14.85351563, 2631.00,3636.50,3031.50
721, 15.46875000, 2576.50,3559.00,2965.50
722, 15.90820313, 2528.00,3492.50,2914.00
723, 16.27558517, 2492.00,3440.50,2868.00
724, 16.52343750, 2470.00,3411.00,2843.00
725, 16.69921875, 2451.00,3385.00,2820.00
726, 16.96289063, 2425.50,3347.00,2788.00
727, 17.26523399, 2394.00,3304.50,2754.00
728, 17.66601563, 2349.00,3245.50,2704.50
729, 18.11953163, 2303.00,3181.00,2652.00
730, 18.63281250, 2249.00,3107.50,2593.00
731, 19.24804688, 2189.00,3024.00,2524.00
732, 19.86328125, 2128.00,2940.50,2454.00
733, 20.47851563, 2070.50,2858.00,2388.00
734, 21.08320427, 2015.00,2782.50,2322.50
735, 21.53320313, 1967.50,2714.00,2269.00
736, 21.96914101, 1926.50,2660.00,2224.50
737, 22.31718826, 1896.50,2617.50,2189.50
738, 22.50000000, 1875.50,2587.00,2159.50
739, 22.76367188, 1851.50,2556.00,2133.00
740, 23.02382660, 1826.50,2520.50,2103.50
741, 23.35429764, 1795.50,2478.00,2068.00
742, 23.73046875, 1756.50,2425.50,2025.00
743, 24.25605583, 1708.00,2359.50,1970.00
744, 24.80449295, 1655.50,2285.50,1910.00
745, 25.45312500, 1598.00,2207.50,1845.50
746, 26.01562500, 1542.50,2132.00,1784.00
747, 26.63085938, 1489.50,2058.00,1720.50
748, 27.15820313, 1441.00,1993.00,1665.00
749, 27.68554688, 1399.50,1934.50,1616.50
750, 28.03710938, 1366.50,1888.00,1579.50
751, 28.32363319, 1342.50,1855.50,1552.50
752, 28.56445313, 1321.50,1827.50,1530.50
753, 28.82812500, 1298.00,1795.50,1504.00
754, 29.10234261, 1273.50,1762.50,1477.00
755, 29.45742226, 1242.50,1721.00,1440.50
756, 29.88281250, 1207.50,1673.50,1400.50
757, 30.41015625, 1164.00,1614.00,1351.00
758, 31.02539063, 1117.00,1548.00,1296.50
759, 31.63710785, 1066.50,1478.00,1240.00
760, 32.25585937, 1019.50,1412.00,1183.50
761, 32.86054611, 974.50,1347.50,1130.00
762, 33.39843750, 933.50,1291.50,1083.50
763, 33.83789062, 900.00,1245.50,1044.50
764, 34.19121170, 873.00,1208.00,1013.00
765, 34.45312500, 857.00,1185.50,994.50
766, 34.62890625, 843.50,1167.00,979.50
767, 34.89257812, 824.50,1139.50,956.50
768, 35.24414062, 803.50,1111.00,933.50
769, 35.61152267, 773.00,1069.50,899.00
770, 36.10722733, 742.50,1027.50,863.50
771, 36.65039062, 707.00,978.00,822.50
772, 37.26386642, 668.50,924.00,776.00
773, 37.81933594, 630.50,871.00,732.50
774, 38.41523361, 593.50,820.00,690.00
775, 39.02343750, 558.50,771.00,649.00
776, 39.55078125, 529.00,729.50,615.00
777, 39.98320389, 505.00,696.00,587.00
778, 40.25390625, 489.00,676.00,569.50
779, 40.42968750, 477.50,659.00,555.50
780, 40.68808746, 467.00,643.50,542.00
781, 40.95703125, 451.00,622.00,525.00
782, 41.30859375, 433.00,597.50,503.50
783, 41.68301010, 411.00,566.50,478.50
784, 42.25605392, 386.50,532.00,448.50
785, 42.80273437, 359.00,493.50,417.50
786, 43.41796875, 328.50,453.50,384.50
787, 44.02968597, 303.00,415.50,351.00
788, 44.59570312, 276.00,381.50,321.50
789, 45.17578125, 256.00,347.00,293.50
790, 45.64863205, 233.50,323.50,274.00
791, 46.05468750, 219.00,302.00,258.50
792, 46.31835937, 211.00,290.50,248.50
793, 46.49414062, 203.50,281.50,236.00
794, 46.75781250, 196.00,270.50,231.00
795, 47.02148437, 186.00,257.00,219.50
796, 47.46093750, 176.00,234.50,203.00
797, 47.90039062, 158.00,218.50,187.00
798, 48.42773437, 143.50,198.00,169.50
799, 48.95507812, 132.00,175.00,150.50
800, 49.57031250, 117.00,150.00,128.00
801, 50.18203354, 103.00,135.00,112.50
802, 50.74277496, 84.50,117.00,102.00
803, 51.32812500, 74.50,103.00,86.00
804, 51.67968750, 67.00,93.00,81.50
805, 52.03125000, 62.00,79.00,69.00
806, 52.29492187, 57.50,80.00,70.50
807, 52.52870941, 60.50,70.00,66.50
808, 52.74316025, 51.50,70.00,62.50
809, 53.09297180, 46.50,64.50,57.50
810, 53.50781250, 42.00,58.00,48.00
811, 53.96484375, 37.00,51.00,46.50
812, 54.58007812, 39.00,38.50,41.50
813, 55.19531250, 29.00,40.00,37.00
814, 55.72265625, 33.50,33.00,34.00
815, 56.33789062, 26.00,29.50,28.50
816, 56.95312500, 26.50,29.50,33.50
817, 57.45937729, 28.00,37.50,34.50
818, 57.83730316, 36.50,39.50,30.00
819, 57.83378983, 36.00,33.00,30.00
819, 57.83554459, 30.50,33.50,36.50
819, 57.83554459, 30.00,40.00,30.00
819, 57.84609222, 36.50,34.00,36.50
819, 57.84960937, 36.50,40.00,36.50

