0, 57.85839844, 37.00,41.50,32.00
0, 57.84785080, 37.50,41.00,32.00
0, 57.85136414, 31.00,41.00,39.00
0, 57.85664368, 37.50,41.00,38.50
1, 57.48046875, 35.50,39.00,37.00
2, 56.95312500, 34.50,30.50,29.00
3, 56.41699600, 27.50,30.50,29.00
4, 55.80703354, 35.00,32.00,36.50
5, 55.19531250, 31.00,41.50,39.50
6, 54.58007812, 40.00,46.50,37.00
7, 54.05273437, 38.00,52.50,48.00
8, 53.52539062, 49.00,53.00,54.00
9, 53.17382812, 53.50,65.00,59.00
10, 52.80820465, 57.50,70.50,64.00
11, 52.55859375, 55.50,76.00,68.00
12, 52.29492187, 58.00,80.50,66.00
13, 52.11562729, 62.00,79.50,70.00
14, 51.76230621, 73.50,93.00,76.50
15, 51.32812500, 80.50,98.00,91.00
16, 50.80078125, 90.00,111.50,102.00
17, 50.18554687, 102.00,129.50,111.50
18, 49.62831879, 116.00,154.00,132.50
19, 49.04296875, 130.50,169.00,144.50
20, 48.51562500, 139.50,196.00,168.00
21, 48.08671951, 155.00,209.50,179.00
22, 47.80546570, 164.50,223.00,190.50
23, 47.46093750, 170.50,237.50,202.00
24, 47.10937500, 180.00,251.00,213.50
25, 46.84570312, 189.50,264.00,221.00
26, 46.49414062, 201.50,281.00,239.00
27, 46.05468750, 220.00,300.50,254.50
28, 45.70312500, 230.00,320.00,270.50
29, 45.18984222, 249.00,346.00,292.00
30, 44.64843750, 274.50,376.00,315.50
31, 44.03320312, 297.00,412.50,345.00
32, 43.41796875, 325.50,448.00,375.50
33, 42.89062500, 347.00,482.50,405.50
34, 42.36679840, 371.00,516.00,431.50
35, 42.00820160, 392.00,544.50,456.50
36, 41.66015625, 408.50,567.50,475.50
37, 41.39121246, 423.50,587.50,492.50
38, 41.02910233, 441.00,610.50,511.00
39, 40.78125000, 455.50,630.50,527.50
40, 40.34179687, 474.50,658.50,551.00
41, 39.99023437, 497.00,687.50,576.00
42, 39.55078125, 521.00,720.50,603.00
43, 39.02343750, 550.00,761.00,637.00
44, 38.48730469, 584.50,808.50,676.50
45, 37.88085937, 621.00,858.50,719.00
46, 37.26562500, 658.00,910.50,761.50
47, 36.74003983, 688.50,953.00,797.00
48, 36.28828049, 720.50,999.00,834.50
49, 35.88398361, 746.00,1033.00,863.00
50, 35.51308441, 767.50,1064.50,889.00
51, 35.24414062, 789.00,1094.50,913.00
52, 34.98046875, 807.50,1119.00,933.50
53, 34.62890625, 832.00,1153.00,962.50
54, 34.23691559, 859.00,1190.00,993.00
55, 33.83789062, 886.00,1228.00,1023.50
56, 33.39843750, 919.00,1274.50,1062.50
57, 32.87109375, 959.50,1329.00,1108.00
58, 32.25585937, 1004.00,1391.50,1160.50
59, 31.64062500, 1052.00,1456.50,1213.50
60, 31.11328125, 1095.50,1516.50,1263.00
61, 30.58769417, 1133.00,1570.50,1308.00
62, 30.15527344, 1167.50,1619.00,1348.50
63, 29.79492188, 1195.50,1658.50,1379.00
64, 29.53125000, 1219.50,1692.50,1408.00
65, 29.17968750, 1247.50,1732.00,1440.00
66, 28.91601563, 1269.50,1761.50,1465.00
67, 28.56445313, 1298.00,1799.50,1498.00
68, 28.12500000, 1335.00,1852.00,1540.50
69, 27.68554688, 1371.00,1903.50,1581.00
70, 27.19863129, 1414.50,1961.00,1630.50
71, 26.63085938, 1463.00,2026.00,1684.00
72, 26.08066368, 1516.50,2098.50,1744.50
73, 25.47949219, 1571.00,2172.00,1805.50
74, 24.96093750, 1614.00,2231.50,1856.00
75, 24.54784966, 1651.00,2282.50,1898.00
76, 24.16992188, 1689.00,2335.00,1942.00
77, 23.81660271, 1720.50,2379.00,1979.50
78, 23.47382736, 1749.00,2416.00,2013.00
79, 23.13105392, 1780.00,2455.50,2046.00
80, 22.86738205, 1807.50,2494.00,2077.00
81, 22.50000000, 1841.00,2540.50,2114.00
82, 22.06054688, 1888.00,2604.00,2166.00
83, 21.62109375, 1929.50,2662.00,2214.00
84, 21.09375000, 1981.50,2731.50,2272.50
85, 20.47851563, 2035.50,2806.50,2334.50
86, 19.86328125, 2095.00,2887.50,2400.00
87, 19.32363319, 2151.50,2965.50,2465.00
88, 18.80859375, 2201.00,3032.00,2520.50
89, 18.36914063, 2247.00,3096.00,2571.50
90, 18.00703239, 2285.50,3147.00,2615.00
91, 17.66601563, 2315.50,3190.00,2649.50
92, 17.40234375, 2345.50,3232.50,2683.00
93, 17.05253983, 2374.00,3272.50,2716.50
94, 16.77832031, 2408.50,3320.50,2754.00
95, 16.30546951, 2451.50,3379.50,2802.50
96, 15.90820313, 2488.50,3432.00,2846.50
97, 15.46875000, 2535.50,3494.50,2898.00
98, 14.88164139, 2592.50,3573.00,2962.00
99, 14.25585938, 2658.00,3658.50,3030.00
100, 13.71093750, 2719.00,3739.50,3099.00
101, 13.18359375, 2773.00,3815.00,3161.50
102, 12.70371056, 2821.50,3879.00,3215.00
103, 12.28710938, 2866.50,3939.50,3264.50
104, 11.89511681, 2903.00,3989.00,3304.00
105, 11.60156250, 2935.00,4033.00,3342.50
106, 11.25000000, 2967.00,4075.00,3379.50
107, 10.98632813, 2995.00,4116.50,3413.00
108, 10.63476563, 3030.50,4165.00,3453.00
109, 10.19531250, 3076.00,4226.50,3503.00
110, 9.84375000, 3117.50,4284.00,3550.00
111, 9.31640625, 3166.50,4353.00,3606.00
112, 8.70117188, 3223.00,4435.00,3673.00
113, 8.15625000, 3287.00,4515.50,3741.00
114, 7.55332041, 3346.00,4598.50,3810.50
115, 7.03125000, 3394.50,4668.50,3865.50
116, 6.52499962, 3447.00,4736.00,3921.00
117, 6.15234375, 3485.50,4792.50,3965.00
118, 5.80078125, 3520.00,4835.50,4004.00
119, 5.53710938, 3550.50,4877.00,4037.00
120, 5.18554688, 3583.00,4920.50,4075.00
121, 4.92187500, 3607.50,4956.50,4103.00
122, 4.48417950, 3647.50,5012.50,4149.00
123, 4.04472637, 3692.50,5073.00,4200.50
124, 3.61230445, 3736.50,5132.00,4249.50
125, 3.07617187, 3786.50,5201.00,4306.50
126, 2.52949214, 3843.00,5279.00,4369.00
127, 1.93359375, 3901.50,5354.00,4429.00
128, 1.32714844, 3955.50,5428.00,4491.50
129, 0.88417971, 3999.50,5486.50,4539.50
130, 0.43945313, 4047.50,5548.00,4591.50
131, 0.00000000, 4078.50,5595.50,4631.00
132, 359.73632813, 4107.00,5634.50,4665.50
133, 359.38827515, 4135.00,5674.00,4700.50
134, 359.12109375, 4161.00,5707.00,4729.00
135, 358.76953125, 4192.00,5746.00,4762.00
136, 358.40216064, 4230.50,5800.50,4805.50
137, 357.90118408, 4272.50,5854.00,4850.00
138, 357.45117188, 4312.00,5909.50,4894.50
139, 356.92382813, 4358.50,5977.50,4949.50
140, 356.30859375, 4414.00,6049.50,5009.00
141, 355.69335938, 4467.50,6123.50,5067.50
142, 355.17306519, 4511.00,6183.50,5115.00
143, 354.67205811, 4556.00,6245.00,5162.00
144, 354.28359985, 4593.00,6294.00,5201.50
145, 353.93203735, 4619.50,6337.50,5235.50
146, 353.58398438, 4646.00,6372.50,5264.00
147, 353.23242188, 4675.00,6409.50,5294.50
148, 352.97930908, 4695.50,6442.50,5318.50
149, 352.61718750, 4725.50,6484.00,5350.00
150, 352.17773438, 4761.50,6531.50,5388.50
151, 351.73828125, 4792.00,6578.50,5427.00
152, 351.21270752, 4832.00,6629.50,5468.50
153, 350.68359375, 4876.00,6687.50,5517.00
154, 350.06835938, 4921.00,6749.50,5566.00
155, 349.48828125, 4966.00,6809.50,5613.00
156, 349.01367188, 5003.00,6860.00,5655.00
157, 348.50039673, 5037.50,6903.00,5694.50
158, 348.13476563, 5066.50,6938.00,5723.00
159, 347.78320313, 5091.00,6967.50,5744.50
160, 347.44219971, 5116.00,7000.00,5771.50
161, 347.16796875, 5136.50,7023.50,5790.50
162, 346.89022827, 5158.00,7056.00,5812.00
163, 346.46484375, 5177.00,7090.50,5841.00
164, 346.02716064, 5210.50,7125.50,5870.00
165, 345.58593750, 5242.50,7169.00,5902.50
166, 345.05859375, 5272.50,7212.00,5936.00
167, 344.44335938, 5303.00,7259.00,5974.00
168, 343.84042358, 5348.00,7309.00,6013.00
169, 343.30078125, 5383.00,7348.50,6051.50
170, 342.86132813, 5410.00,7384.00,6082.50
171, 342.33398438, 5440.50,7418.50,6114.00
172, 341.98242188, 5460.00,7450.00,6135.00
173, 341.71875000, 5477.50,7476.50,6151.50
174, 341.37246704, 5491.00,7493.50,6166.00
175, 341.10351563, 5509.00,7515.50,6181.00
176, 340.75018311, 5523.50,7539.50,6197.00
177, 340.31954956, 5544.50,7569.50,6223.00
178, 339.88009644, 5568.50,7599.50,6243.50
179, 339.43359375, 5587.00,7634.00,6266.50
180, 338.82714844, 5608.00,7665.00,6290.50
181, 338.23126221, 5634.50,7703.50,6320.00
182, 337.67578125, 5661.00,7737.50,6344.00
183, 337.14843750, 5681.00,7765.00,6366.50
184, 336.62109375, 5691.50,7782.50,6384.00
185, 336.19744873, 5710.50,7803.00,6401.00
186, 335.83886719, 5723.50,7818.50,6413.50
187, 335.56640625, 5732.50,7833.00,6420.50
188, 335.21484375, 5739.50,7850.50,6429.50
189, 334.95117188, 5746.00,7860.00,6433.50
190, 334.63299561, 5751.50,7876.00,6443.00
191, 334.16015625, 5763.50,7899.00,6457.50
192, 333.72070313, 5774.50,7914.50,6468.50
193, 333.19335938, 5784.50,7935.50,6480.50
194, 332.66601563, 5797.50,7953.00,6492.00
195, 332.05078125, 5807.00,7970.50,6503.00
196, 331.44259644, 5819.50,7985.00,6514.50
197, 330.99609375, 5829.00,7997.00,6521.50
198, 330.48983765, 5835.50,8014.50,6526.00
199, 330.11718750, 5847.00,8021.50,6530.00
200, 329.76739502, 5849.00,8028.00,6535.00
201, 329.50195313, 5851.00,8039.50,6536.50
202, 329.15216064, 5854.50,8041.50,6541.50
203, 328.88671875, 5859.50,8049.00,6542.50
204, 328.44726563, 5863.50,8051.50,6542.00
205, 328.02362061, 5860.50,8048.50,6539.50
206, 327.56835938, 5862.50,8049.50,6540.50
207, 327.04101563, 5864.00,8055.00,6541.50
208, 326.34140015, 5859.50,8053.50,6538.50
209, 325.80703735, 5858.00,8055.50,6533.50
210, 325.28320313, 5854.00,8050.00,6529.00
211, 324.83670044, 5851.50,8048.50,6525.50
212, 324.32345581, 5847.50,8045.50,6520.50
213, 323.96484375, 5840.00,8041.50,6521.50
214, 323.70117188, 5837.50,8040.00,6519.00
215, 323.34960938, 5830.50,8031.00,6517.50
216, 323.08593750, 5826.00,8032.50,6513.00
217, 322.73437500, 5823.00,8026.00,6506.50
218, 322.29492188, 5828.50,8011.00,6499.50
219, 321.85546875, 5811.00,8005.50,6489.50
220, 321.32812500, 5794.50,7994.00,6478.50
221, 320.80078125, 5793.00,7980.00,6462.00
222, 320.18554688, 5775.00,7964.50,6448.00
223, 319.57031250, 5765.00,7942.00,6430.50
224, 319.10977173, 5749.00,7929.50,6418.00
225, 318.60351563, 5737.00,7911.00,6403.50
226, 318.16406250, 5723.50,7893.00,6390.50
227, 317.81954956, 5714.50,7877.50,6377.50
228, 317.54882813, 5706.00,7863.50,6366.50
229, 317.19726563, 5697.00,7849.00,6352.50
230, 316.93359375, 5685.50,7834.50,6345.00
231, 316.58203125, 5677.00,7817.00,6333.00
232, 316.13027954, 5662.50,7795.50,6311.50
233, 315.69607544, 5643.00,7774.00,6294.00
234, 315.17578125, 5624.50,7748.50,6273.50
235, 314.56054688, 5598.50,7714.00,6244.50
236, 313.94531250, 5574.00,7681.50,6216.50
237, 313.41619873, 5548.50,7645.00,6187.00
238, 312.89062500, 5525.50,7610.00,6160.50
239, 312.44238281, 5501.50,7581.00,6135.50
240, 312.01171875, 5480.50,7556.00,6113.00
241, 311.66015625, 5460.00,7532.00,6093.00
242, 311.39648438, 5446.00,7508.50,6073.50
243, 311.08181763, 5431.00,7489.00,6058.00
244, 310.78125000, 5412.50,7467.50,6039.00
245, 310.34179688, 5388.50,7440.00,6015.50
246, 309.90234375, 5362.00,7404.50,5986.00
247, 309.46289063, 5332.00,7369.50,5955.50
248, 308.93554688, 5299.00,7327.00,5923.50
249, 308.32031250, 5263.00,7278.00,5885.00
250, 307.72616577, 5226.00,7227.50,5845.00
251, 307.17773438, 5189.00,7175.50,5804.50
252, 306.73123169, 5155.50,7132.00,5771.00
253, 306.22500610, 5121.50,7091.50,5736.00
254, 305.85937500, 5101.00,7061.00,5708.00
255, 305.59570313, 5079.50,7028.50,5685.50
256, 305.24414063, 5052.00,6993.50,5657.50
257, 304.98046875, 5035.00,6969.00,5634.00
258, 304.62890625, 5012.50,6936.00,5608.50
259, 304.19650269, 4982.00,6896.00,5573.00
260, 303.75000000, 4948.00,6851.00,5535.50
261, 303.30877686, 4910.00,6801.00,5496.50
262, 302.70059204, 4873.00,6740.50,5446.50
263, 302.08007813, 4825.50,6680.00,5396.00
264, 301.48770142, 4779.00,6615.50,5341.00
265, 301.02362061, 4739.00,6558.00,5296.00
266, 300.59121704, 4704.50,6512.50,5260.00
267, 300.22909546, 4673.00,6467.00,5222.50
268, 299.79492188, 4639.00,6424.50,5189.50
269, 299.51367188, 4614.50,6386.50,5158.00
270, 299.17968750, 4592.00,6353.50,5128.50
271, 298.87207031, 4563.50,6319.00,5100.00
272, 298.48184204, 4528.50,6279.50,5066.50
273, 298.08984375, 4494.00,6230.00,5026.50
274, 297.59942627, 4450.50,6175.50,4981.50
275, 297.07208252, 4396.50,6112.50,4927.50
276, 296.51132202, 4346.00,6043.00,4871.50
277, 295.92773438, 4291.50,5969.50,4810.00
278, 295.31250000, 4240.50,5894.50,4753.50
279, 294.86953735, 4194.50,5837.00,4707.00
280, 294.35098267, 4145.50,5776.50,4656.50
281, 293.99414063, 4106.50,5727.00,4615.00
282, 293.64257813, 4078.00,5690.00,4585.50
283, 293.37890625, 4050.00,5647.50,4550.00
284, 293.03262329, 4022.00,5607.50,4520.50
285, 292.76367188, 3988.00,5563.00,4486.00
286, 292.32421875, 3948.00,5517.00,4441.00
287, 291.88476563, 3907.00,5464.00,4398.00
288, 291.40136719, 3861.50,5400.50,4345.00
289, 290.83886719, 3807.50,5325.00,4285.50
290, 290.29394531, 3748.00,5248.50,4219.50
291, 289.68750000, 3689.00,5166.50,4153.00
292, 289.10916138, 3637.00,5095.00,4094.50
293, 288.64160156, 3594.50,5032.50,4042.00
294, 288.19335938, 3551.50,4970.00,3993.50
295, 287.84179688, 3514.00,4920.50,3953.50
296, 287.57812500, 3483.00,4881.50,3919.00
297, 287.22656250, 3449.00,4834.50,3883.00
298, 286.96289063, 3422.50,4798.00,3851.50
299, 286.61132813, 3389.50,4751.00,3812.00
300, 286.17187500, 3342.50,4686.00,3762.00
301, 285.73242188, 3301.50,4628.50,3713.50
302, 285.22616577, 3250.50,4557.50,3655.00
303, 284.67773438, 3191.50,4479.50,3590.00
304, 284.06250000, 3134.00,4395.00,3523.00
305, 283.44726563, 3076.00,4313.00,3456.00
306, 283.00781250, 3028.50,4248.00,3402.50
307, 282.56835938, 2982.50,4183.50,3352.00
308, 282.13769531, 2943.00,4127.00,3307.00
309, 281.80020142, 2910.00,4081.00,3268.50
310, 281.51367188, 2879.50,4035.50,3233.50
311, 281.16210938, 2847.00,3988.00,3193.00
312, 280.89843750, 2818.50,3947.00,3159.50
313, 280.54687500, 2784.00,3899.50,3121.50
314, 280.07577515, 2735.00,3833.00,3067.50
315, 279.66796875, 2691.50,3771.00,3017.50
316, 279.14062500, 2635.50,3693.00,2955.00
317, 278.52539063, 2576.50,3611.00,2888.00
318, 277.91015625, 2514.50,3526.50,2820.00
319, 277.37930298, 2459.50,3453.00,2761.50
320, 276.85546875, 2412.00,3384.00,2707.50
321, 276.41601563, 2367.00,3322.00,2656.50
322, 275.97656250, 2325.50,3265.00,2610.50
323, 275.66366577, 2292.00,3216.00,2573.00
324, 275.36132813, 2262.00,3173.00,2537.50
325, 275.01855469, 2234.50,3131.00,2506.00
326, 274.74609375, 2202.00,3088.00,2472.50
327, 274.36465454, 2165.50,3037.50,2431.50
328, 273.86895752, 2120.50,2971.50,2379.00
329, 273.42773438, 2074.50,2908.50,2328.50
330, 272.90039063, 2021.50,2835.00,2270.50
331, 272.28515625, 1964.00,2754.00,2206.50
332, 271.66992188, 1905.50,2674.00,2141.00
333, 271.14257813, 1855.50,2603.50,2085.50
334, 270.65917969, 1811.50,2539.50,2034.00
335, 270.17578125, 1768.50,2481.00,1986.00
336, 269.82421875, 1736.50,2435.00,1950.50
337, 269.56054688, 1710.00,2398.00,1921.00
338, 269.20898438, 1680.00,2357.00,1889.50
339, 268.95059204, 1654.00,2323.00,1861.50
340, 268.59375000, 1625.00,2280.00,1828.50
341, 268.15429688, 1584.00,2223.50,1783.50
342, 267.71835327, 1545.00,2166.00,1738.00
343, 267.22793579, 1499.50,2101.00,1688.50
344, 266.66015625, 1449.00,2030.50,1632.50
345, 266.04492188, 1397.50,1957.50,1575.00
346, 265.47891235, 1348.50,1888.50,1521.50
347, 264.99374390, 1310.00,1836.00,1478.00
348, 264.55078125, 1272.50,1783.00,1434.50
349, 264.19921875, 1239.00,1735.00,1398.50
350, 263.83709717, 1209.50,1694.00,1364.50
351, 263.49609375, 1183.50,1657.00,1335.00
352, 263.14630127, 1158.00,1620.50,1306.50
353, 262.88085938, 1135.00,1588.00,1280.00
354, 262.52929688, 1107.50,1549.00,1249.50
355, 262.08984375, 1073.50,1499.50,1210.50
356, 261.65039063, 1036.50,1447.00,1169.00
357, 261.03515625, 995.00,1389.00,1122.50
358, 260.43048096, 951.00,1326.00,1072.50
359, 259.88552856, 908.00,1264.50,1023.00
360, 259.35293579, 869.50,1210.00,979.50
361, 258.83789063, 835.00,1161.50,941.50
362, 258.40020752, 804.50,1119.00,907.00
363, 258.04510498, 778.50,1082.50,878.00
364, 257.69882202, 757.00,1052.00,853.50
365, 257.34375000, 734.50,1021.00,829.00
366, 257.08007813, 716.50,995.00,807.00
367, 256.73379517, 695.50,966.00,785.00
368, 256.37344360, 669.00,929.00,754.50
369, 255.94630432, 643.00,893.50,725.50
370, 255.42071533, 612.00,849.00,690.50
371, 254.88281250, 578.00,801.00,652.50
372, 254.26757813, 544.00,752.50,613.50
373, 253.65234375, 511.50,706.50,576.00
374, 253.16894531, 483.50,667.50,544.50
375, 252.70663452, 458.50,632.50,516.00
376, 252.26542664, 435.00,600.50,491.00
377, 251.89453125, 418.00,575.00,470.00
378, 251.63085938, 403.50,554.50,452.50
379, 251.27929688, 387.50,531.50,435.00
380, 251.01562500, 374.00,513.00,420.50
381, 250.66406250, 359.50,492.00,404.00
382, 250.22460938, 338.50,463.00,378.50
383, 249.78515625, 319.00,435.00,357.50
384, 249.25781250, 296.00,403.00,332.00
385, 248.64257813, 272.50,369.00,303.00
386, 248.10995483, 250.00,338.50,280.00
387, 247.51757813, 229.50,306.50,256.50
388, 247.06054688, 212.00,285.50,233.50
389, 246.56834412, 196.00,262.50,215.50
390, 246.18164063, 183.50,241.50,200.50
391, 245.83007813, 172.00,230.00,191.50
392, 245.47851563, 157.50,215.00,176.00
393, 245.21484375, 148.50,203.50,171.00
394, 244.94941711, 145.00,188.00,161.50
395, 244.51171875, 135.00,178.00,150.00
396, 244.07929993, 124.50,163.00,137.50
397, 243.63281250, 108.00,146.50,124.50
398, 243.10371399, 101.50,130.00,111.00
399, 242.49198914, 83.50,113.50,98.00
400, 241.94708252, 78.50,98.00,79.50
401, 241.35995483, 70.50,86.00,69.50
402, 240.90820313, 62.50,76.00,67.50
403, 240.46875000, 56.50,68.00,60.50
404, 240.10488892, 52.00,55.50,56.00
405, 239.76562500, 48.50,51.00,45.50
406, 239.41406250, 45.50,52.00,42.00
407, 239.14335632, 43.00,42.50,45.50
408, 238.80058289, 41.50,46.00,43.00
409, 238.44551086, 38.00,42.50,40.50
410, 238.00781250, 36.50,34.00,38.00
411, 237.48046875, 35.00,37.50,30.50
412, 236.95312500, 34.50,37.00,36.00
413, 236.33789063, 34.50,37.50,30.50
414, 235.72265625, 36.00,40.00,38.50
415, 235.19531250, 38.50,37.00,41.00
416, 234.77166748, 41.00,47.50,44.50
417, 234.31640625, 45.00,52.00,48.50
418, 233.96484375, 48.00,57.00,46.50
419, 233.70117188, 51.50,61.50,56.50
420, 233.34960938, 48.50,67.00,60.50
421, 233.08593750, 58.50,71.50,64.50
422, 232.73437500, 57.00,72.00,70.00
423, 232.29492188, 63.50,87.00,77.50
424, 231.85546875, 76.00,97.50,86.00
425, 231.32812500, 79.50,110.00,91.00
426, 230.80078125, 96.00,120.50,104.00
427, 230.18554688, 103.50,144.00,123.50
428, 229.57383728, 117.00,163.50,135.00
429, 229.13085938, 135.00,180.50,149.00
430, 228.69140625, 147.00,198.50,168.50
431, 228.25195313, 153.50,209.50,177.50
432, 227.90039063, 168.00,228.50,193.50
433, 227.54882813, 174.00,242.00,205.00
434, 227.28515625, 187.50,256.00,216.50
435, 226.93359375, 193.00,270.00,227.50
436, 226.60488892, 205.00,286.50,241.00
437, 226.22343445, 220.00,308.00,258.50
438, 225.70312500, 239.50,331.00,277.50
439, 225.18106079, 259.00,358.00,297.50
440, 224.64843750, 278.50,389.50,326.00
441, 224.03320313, 306.00,423.00,354.50
442, 223.50585938, 331.00,459.50,384.00
443, 222.98907471, 352.00,489.00,407.00
444, 222.53906250, 372.00,517.50,430.00
445, 222.18750000, 389.50,542.00,450.50
446, 221.92382813, 404.50,564.00,468.50
447, 221.57226563, 421.00,587.50,488.50
448, 221.30859375, 433.50,605.00,503.50
449, 220.95703125, 451.00,629.50,523.50
450, 220.51757813, 472.00,659.00,549.00
451, 220.07812500, 496.50,692.50,576.00
452, 219.55078125, 523.00,731.50,608.00
453, 219.10957336, 551.50,770.50,641.00
454, 218.49609375, 585.50,818.50,680.00
455, 217.88085938, 619.50,866.50,719.00
456, 217.35351563, 651.50,913.00,758.00
457, 216.88945007, 680.50,954.50,792.00
458, 216.47460938, 706.00,991.50,823.00
459, 216.12304688, 728.50,1023.00,849.00
460, 215.78553772, 747.50,1051.00,871.50
461, 215.50781250, 769.00,1082.00,897.00
462, 215.15625000, 789.00,1109.50,920.50
463, 214.80468750, 811.50,1143.00,947.00
464, 214.37579346, 840.50,1184.00,981.00
465, 214.01367188, 868.00,1223.50,1014.00
466, 213.48632813, 902.00,1270.50,1053.00
467, 212.93437195, 940.50,1327.50,1099.50
468, 212.34375000, 983.00,1388.00,1148.50
469, 211.73204041, 1027.00,1450.00,1201.00
470, 211.20117188, 1064.50,1506.00,1246.50
471, 210.67382813, 1102.50,1560.00,1291.50
472, 210.32226563, 1132.50,1604.00,1328.50
473, 210.05859375, 1155.50,1635.00,1355.50
474, 209.64375305, 1179.50,1672.00,1386.50
475, 209.37480164, 1201.50,1702.00,1412.00
476, 209.09179688, 1225.00,1737.00,1440.00
477, 208.74023438, 1255.00,1779.00,1475.50
478, 208.22169495, 1291.50,1831.50,1519.00
479, 207.84727478, 1325.50,1879.00,1557.00
480, 207.33398438, 1366.00,1938.00,1605.50
481, 206.72050476, 1413.50,2005.50,1662.00
482, 206.10704041, 1462.50,2076.00,1722.00
483, 205.57617188, 1511.50,2147.00,1780.50
484, 205.09452820, 1553.50,2206.50,1830.00
485, 204.60937500, 1589.50,2258.50,1872.50
486, 204.25781250, 1623.50,2309.00,1913.50
487, 203.90625000, 1652.00,2351.00,1948.00
488, 203.55468750, 1679.50,2391.50,1981.50
489, 203.28926086, 1703.50,2427.00,2010.00
490, 202.93945313, 1732.50,2470.00,2044.50
491, 202.58789063, 1766.00,2517.50,2082.50
492, 202.12734985, 1803.50,2573.50,2129.00
493, 201.63690186, 1845.50,2633.00,2176.00
494, 201.09902954, 1893.00,2703.00,2232.00
495, 200.51365662, 1947.00,2780.50,2296.50
496, 199.95117188, 2000.50,2857.50,2360.00
497, 199.38340759, 2052.00,2935.50,2421.00
498, 198.87715149, 2100.00,3003.50,2478.00
499, 198.38143921, 2140.00,3060.50,2524.50
500, 198.09843445, 2171.50,3104.00,2562.50
501, 197.75390625, 2200.50,3144.00,2595.50
502, 197.41815186, 2229.00,3188.50,2631.50
503, 197.14395142, 2256.50,3223.50,2661.50
504, 196.79063416, 2288.00,3270.50,2701.50
505, 196.43379211, 2329.00,3327.00,2746.50
506, 195.99609375, 2366.50,3382.50,2791.50
507, 195.46875000, 2413.50,3446.00,2846.50
508, 194.93788147, 2465.00,3521.50,2910.00
509, 194.32617188, 2520.00,3600.50,2974.50
510, 193.71269226, 2575.00,3680.00,3043.50
511, 193.25918579, 2621.00,3747.50,3100.00
512, 192.75294495, 2665.00,3810.50,3151.00
513, 192.39257813, 2702.00,3860.00,3194.50
514, 192.04101563, 2730.50,3899.50,3231.00
515, 191.77734375, 2762.00,3942.50,3267.00
516, 191.42578125, 2787.00,3980.00,3299.00
517, 191.16210938, 2816.50,4026.50,3335.50
518, 190.72618103, 2853.50,4077.00,3381.50
519, 190.28320313, 2892.00,4133.00,3430.00
520, 189.84375000, 2932.50,4194.50,3481.00
521, 189.31993103, 2980.00,4264.00,3539.00
522, 188.73631287, 3034.50,4347.00,3605.50
523, 188.17382813, 3090.50,4425.00,3671.00
524, 187.55859375, 3146.50,4504.00,3736.50
525, 187.04530334, 3192.50,4573.00,3791.50
526, 186.59179688, 3231.50,4630.00,3839.50
527, 186.24023438, 3263.50,4678.00,3881.50
528, 185.88867188, 3294.00,4721.50,3918.00
529, 185.62500000, 3318.50,4762.50,3951.00
530, 185.27343750, 3345.00,4802.00,3983.50
531, 184.92187500, 3377.50,4847.50,4022.00
532, 184.57031250, 3407.00,4896.00,4063.50
533, 184.13085938, 3448.50,4953.50,4107.50
534, 183.68788147, 3489.50,5016.00,4156.50
535, 183.15525818, 3533.00,5087.50,4213.50
536, 182.54882813, 3588.50,5162.00,4279.50
537, 181.93359375, 3636.00,5241.00,4344.00
538, 181.36758423, 3686.50,5316.00,4404.00
539, 180.86132813, 3732.00,5383.50,4460.50
540, 180.37442017, 3768.00,5437.50,4505.00
541, 180.08789063, 3793.50,5477.00,4538.00
542, 179.73632813, 3819.50,5516.00,4572.00
543, 179.40762329, 3847.00,5556.00,4601.50
544, 179.12461853, 3872.50,5589.00,4630.50
545, 178.76953125, 3902.50,5632.00,4668.00
546, 178.33007813, 3935.00,5682.50,4706.50
547, 177.97851563, 3969.50,5732.00,4746.50
548, 177.45117188, 4013.50,5794.50,4798.50
549, 176.84823608, 4061.00,5863.00,4853.00
550, 176.30859375, 4110.50,5929.00,4909.00
551, 175.69335938, 4156.00,5999.50,4963.00
552, 175.16601563, 4193.00,6055.50,5011.00
553, 174.69668579, 4228.00,6106.50,5054.00
554, 174.28710938, 4256.00,6150.00,5087.00
555, 174.00585938, 4279.00,6184.00,5117.50
556, 173.67187500, 4301.00,6218.50,5146.50
557, 173.40820313, 4327.00,6250.00,5170.00
558, 173.04257202, 4355.00,6287.00,5201.50
559, 172.65937805, 4381.00,6329.00,5238.00
560, 172.19355774, 4408.00,6373.50,5273.50
561, 171.81210327, 4439.00,6418.50,5315.00
562, 171.26718140, 4477.00,6471.00,5358.00
563, 170.68183899, 4518.50,6527.50,5409.50
564, 170.06835938, 4559.00,6587.50,5459.50
565, 169.45312500, 4595.50,6644.50,5502.00
566, 169.01367188, 4628.00,6691.00,5539.00
567, 168.49336243, 4658.50,6738.00,5574.00
568, 168.13829041, 4680.50,6772.00,5604.00
569, 167.84121704, 4699.00,6797.00,5627.50
570, 167.51953125, 4721.50,6825.50,5649.00
571, 167.25585938, 4735.50,6849.50,5672.50
572, 166.90429688, 4756.50,6877.00,5697.50
573, 166.46484375, 4782.00,6915.50,5730.50
574, 166.06230164, 4803.00,6950.00,5758.00
575, 165.58593750, 4828.00,6988.50,5790.50
576, 165.05506897, 4860.00,7035.50,5831.00
577, 164.44335938, 4894.50,7085.50,5867.00
578, 163.82812500, 4925.00,7129.00,5910.50
579, 163.30078125, 4958.50,7173.00,5945.00
580, 162.77343750, 4983.50,7205.00,5973.50
581, 162.33573914, 5003.50,7237.00,5996.50
582, 162.05624390, 5018.00,7258.50,6016.00
583, 161.71875000, 5033.50,7282.50,6029.00
584, 161.38125610, 5046.50,7303.50,6048.00
585, 161.10351563, 5060.00,7321.50,6061.50
586, 160.75195313, 5074.00,7343.50,6083.00
587, 160.31250000, 5088.50,7369.50,6103.50
588, 159.88711548, 5109.00,7391.50,6125.00
589, 159.42304993, 5125.50,7420.50,6150.50
590, 158.81835938, 5155.50,7453.00,6178.50
591, 158.20312500, 5177.00,7483.00,6206.00
592, 157.61953735, 5199.50,7519.00,6230.50
593, 157.08866882, 5218.50,7544.00,6252.00
594, 156.62109375, 5237.00,7564.50,6269.50
595, 156.19921875, 5250.00,7576.00,6280.00
596, 155.91796875, 5259.00,7590.00,6288.00
597, 155.56640625, 5268.00,7604.00,6298.50
598, 155.30097961, 5276.00,7620.50,6312.50
599, 154.95117188, 5285.50,7632.00,6322.00
600, 154.52578735, 5296.00,7650.50,6335.50
601, 154.16015625, 5303.00,7663.00,6346.00
602, 153.69784546, 5310.50,7676.50,6360.50
603, 153.17227173, 5327.50,7689.00,6372.00
604, 152.57812500, 5340.50,7706.00,6389.00
605, 151.96289063, 5349.00,7723.00,6401.50
606, 151.35644531, 5358.50,7740.50,6409.00
607, 150.86073303, 5362.00,7751.50,6417.00
608, 150.46699524, 5366.50,7756.50,6421.50
609, 150.02929688, 5372.00,7762.00,6426.00
610, 149.76562500, 5374.50,7766.50,6431.00
611, 149.41406250, 5378.50,7770.50,6436.50
612, 149.15039063, 5378.00,7774.00,6442.50
613, 148.86738586, 5379.50,7773.00,6448.50
614, 148.41561890, 5381.50,7777.50,6452.00
615, 148.00781250, 5380.50,7774.00,6450.50
616, 147.48046875, 5381.00,7776.50,6454.50
617, 146.95312500, 5386.00,7774.50,6454.00
618, 146.33789063, 5388.00,7775.50,6451.50
619, 145.72265625, 5385.00,7771.00,6447.50
620, 145.19531250, 5381.00,7770.00,6442.50
621, 144.69609070, 5378.00,7762.50,6439.50
622, 144.24609375, 5376.50,7758.00,6436.00
623, 143.96484375, 5376.00,7754.00,6431.50
624, 143.61328125, 5376.00,7750.50,6427.50
625, 143.33378601, 5371.00,7742.00,6422.00
626, 143.00157166, 5370.00,7740.00,6418.50
627, 142.64648438, 5365.00,7731.00,6407.50
628, 142.20703125, 5360.00,7730.00,6405.00
629, 141.76757813, 5354.00,7722.50,6399.00
630, 141.26484680, 5345.50,7711.00,6388.00
631, 140.71113586, 5336.00,7692.50,6378.00
632, 140.09765625, 5322.00,7672.00,6359.50
633, 139.48417664, 5309.00,7652.00,6343.50
634, 138.95507813, 5294.50,7628.50,6329.00
635, 138.51914978, 5282.50,7612.50,6313.50
636, 138.10078430, 5271.50,7602.00,6303.00
637, 137.81602478, 5263.00,7594.00,6295.50
638, 137.46093750, 5252.00,7573.50,6283.00
639, 137.19726563, 5240.50,7562.50,6273.00
640, 136.84570313, 5232.00,7552.00,6260.00
641, 136.43789673, 5221.50,7532.00,6246.50
642, 136.05468750, 5208.50,7518.50,6233.50
643, 135.57656860, 5193.00,7494.50,6210.50
644, 135.00000000, 5180.00,7466.50,6190.00
645, 134.38652039, 5158.50,7433.50,6161.00
646, 133.83105469, 5136.00,7400.00,6132.50
647, 133.24218750, 5115.50,7366.00,6104.00
648, 132.71484375, 5092.00,7332.00,6075.00
649, 132.29472351, 5074.00,7309.00,6053.00
650, 131.97305298, 5059.00,7286.50,6035.50
651, 131.66015625, 5048.50,7264.50,6016.50
652, 131.30859375, 5032.00,7240.50,5997.50
653, 131.04492188, 5018.00,7226.50,5984.00
654, 130.69335938, 5000.50,7198.00,5963.50
655, 130.25390625, 4977.00,7162.50,5936.50
656, 129.81797791, 4958.00,7131.50,5913.50
657, 129.36621094, 4935.50,7095.50,5885.00
658, 128.75976563, 4903.00,7053.50,5850.00
659, 128.14453125, 4869.50,7004.00,5811.50
660, 127.53808594, 4838.00,6958.50,5770.00
661, 127.00897980, 4807.00,6906.50,5721.50
662, 126.56250000, 4782.50,6864.50,5687.50
663, 126.12304688, 4761.50,6829.50,5660.50
664, 125.77148438, 4740.50,6802.00,5633.00
665, 125.50605011, 4717.00,6777.00,5608.00
666, 125.15625000, 4696.50,6745.50,5582.50
667, 124.89257813, 4681.50,6717.50,5562.00
668, 124.47422028, 4651.50,6680.00,5530.00
669, 124.05059052, 4624.00,6641.00,5503.00
670, 123.66034698, 4595.50,6599.00,5471.50
671, 123.05039215, 4564.50,6549.50,5431.00
672, 122.49491882, 4528.00,6492.00,5383.50
673, 121.90429688, 4486.50,6430.50,5331.00
674, 121.28906250, 4444.50,6371.50,5279.00
675, 120.83554077, 4409.00,6317.00,5231.50
676, 120.34336090, 4377.00,6272.00,5197.00
677, 119.97070313, 4349.00,6226.50,5161.50
678, 119.61914063, 4325.00,6188.00,5133.00
679, 119.26757813, 4301.00,6149.00,5103.50
680, 119.00918579, 4281.50,6123.00,5084.00
681, 118.65234375, 4257.00,6086.00,5051.00
682, 118.30078125, 4227.50,6037.50,5012.50
683, 117.86132813, 4197.00,5989.50,4976.50
684, 117.42187500, 4162.00,5935.00,4933.50
685, 116.80664063, 4118.50,5871.00,4879.00
686, 116.20019531, 4070.00,5798.50,4821.50
687, 115.62539673, 4022.00,5726.00,4765.00
688, 115.05234528, 3974.00,5659.50,4705.50
689, 114.56894684, 3932.00,5603.50,4656.50
690, 114.16992188, 3894.00,5550.00,4616.00
691, 113.81835938, 3867.50,5510.50,4582.00
692, 113.47207642, 3838.50,5470.50,4547.50
693, 113.11523438, 3809.50,5430.50,4512.50
694, 112.85156250, 3785.00,5402.00,4486.00
695, 112.50000000, 3755.50,5359.00,4448.00
696, 112.06054688, 3716.00,5306.00,4404.50
697, 111.64218903, 3677.00,5249.00,4360.50
698, 111.17987823, 3633.00,5188.00,4309.00
699, 110.56640625, 3583.00,5114.00,4251.00
700, 109.95293427, 3528.50,5038.00,4187.50
701, 109.33593750, 3473.50,4961.00,4123.50
702, 108.80859375, 3424.50,4884.50,4059.50
703, 108.28125000, 3378.50,4820.00,4004.50
704, 107.84179688, 3342.50,4766.00,3957.00
705, 107.49023438, 3307.00,4718.00,3917.50
706, 107.18789673, 3278.50,4675.50,3881.00
707, 106.87500000, 3251.50,4634.50,3849.00
708, 106.61132813, 3221.00,4594.50,3814.00
709, 106.25976563, 3189.50,4548.00,3776.50
710, 105.73242188, 3143.50,4485.50,3726.50
711, 105.33163452, 3103.00,4427.50,3678.50
712, 104.85351563, 3057.00,4359.50,3625.00
713, 104.25058746, 3003.00,4287.00,3565.00
714, 103.63711548, 2948.50,4208.00,3496.00
715, 103.09218597, 2894.00,4127.50,3428.00
716, 102.48223114, 2841.50,4055.00,3367.00
717, 102.04101563, 2801.00,3993.50,3314.50
718, 101.68945313, 2761.50,3938.50,3273.00
719, 101.33789063, 2733.00,3897.00,3237.00
720, 101.01270294, 2703.50,3856.50,3204.00
721, 100.72265625, 2678.00,3818.00,3171.00
722, 100.37109375, 2643.50,3766.00,3127.00
723, 100.01953125, 2608.50,3717.00,3084.00
724, 99.64335632, 2576.50,3666.50,3043.50
725, 99.15644836, 2534.50,3607.50,2993.00
726, 98.61328125, 2483.00,3534.50,2933.50
727, 97.99804688, 2424.00,3453.50,2865.00
728, 97.40390778, 2369.00,3373.00,2802.00
729, 96.85546875, 2314.50,3293.00,2733.50
730, 96.32812500, 2271.50,3229.00,2681.00
731, 95.88867188, 2230.00,3167.00,2631.50
732, 95.53710938, 2198.00,3122.00,2593.50
733, 95.21718597, 2172.00,3082.00,2561.50
734, 94.92187500, 2143.00,3041.00,2526.00
735, 94.65292358, 2116.50,3002.00,2493.50
736, 94.29785156, 2084.00,2954.50,2454.50
737, 93.86718750, 2045.50,2899.00,2409.50
738, 93.42773438, 2006.50,2842.00,2362.50
739, 92.91621399, 1963.50,2780.50,2310.50
740, 92.37304688, 1915.00,2708.00,2253.00
741, 91.75781250, 1862.50,2631.50,2189.50
742, 91.15312195, 1807.50,2555.50,2124.50
743, 90.65215302, 1763.00,2490.50,2070.00
744, 90.17578125, 1720.00,2430.50,2021.50
745, 89.73984528, 1684.00,2378.00,1977.00
746, 89.46386719, 1655.50,2339.00,1944.50
747, 89.12109375, 1627.50,2300.00,1912.00
748, 88.85742188, 1604.00,2267.00,1884.50
749, 88.50585938, 1575.50,2227.00,1852.00
750, 88.15429688, 1542.50,2180.00,1812.00
751, 87.70429993, 1508.50,2129.50,1772.50
752, 87.27539063, 1472.00,2081.50,1731.50
753, 86.74804688, 1430.50,2021.00,1680.00
754, 86.15039063, 1382.50,1951.00,1623.00
755, 85.57031250, 1332.50,1880.00,1564.50
756, 84.99023438, 1285.50,1812.00,1507.50
757, 84.46289063, 1248.00,1757.50,1461.50
758, 84.02343750, 1211.00,1704.00,1417.50
759, 83.62265778, 1183.00,1664.00,1384.00
760, 83.32031250, 1159.50,1631.00,1356.50
761, 83.05487823, 1136.00,1595.00,1328.00
762, 82.71386719, 1116.00,1566.50,1303.50
763, 82.37461090, 1090.00,1528.00,1273.50
764, 82.00195313, 1059.50,1484.50,1236.50
765, 81.56250000, 1027.50,1438.50,1199.50
766, 81.05273438, 992.00,1388.50,1157.00
767, 80.50781250, 955.00,1336.50,1113.00
768, 79.91542816, 913.50,1277.00,1064.00
769, 79.36523438, 873.00,1220.00,1016.50
770, 78.82382965, 833.50,1165.50,971.00
771, 78.31054688, 801.50,1120.50,933.00
772, 77.87109375, 771.50,1078.00,898.50
773, 77.53359222, 750.50,1049.00,874.00
774, 77.21718597, 731.00,1021.50,850.00
775, 76.90429688, 710.50,992.00,826.00
776, 76.62831879, 693.00,968.00,805.50
777, 76.28906250, 672.50,938.00,781.50
778, 75.84960938, 646.00,901.00,749.50
779, 75.41015625, 622.00,867.00,721.50
780, 74.97070313, 593.50,826.50,688.00
781, 74.35898590, 561.50,780.50,650.00
782, 73.75254059, 527.50,732.00,610.00
783, 73.16894531, 494.00,685.50,572.00
784, 72.68554688, 469.50,651.50,543.00
785, 72.24609375, 447.00,620.00,517.00
786, 71.87168121, 426.00,591.50,493.00
787, 71.50254059, 410.00,566.50,472.50
788, 71.19140625, 394.50,546.00,455.00
789, 70.88202667, 380.50,525.50,437.50
790, 70.58144379, 367.50,507.00,423.50
791, 70.22460938, 348.50,483.00,403.00
792, 69.77285004, 327.50,453.50,377.50
793, 69.26308441, 308.50,426.50,356.50
794, 68.75331879, 289.50,394.50,331.50
795, 68.20312500, 266.50,363.50,302.00
796, 67.58789063, 243.50,331.50,278.00
797, 67.02539063, 219.00,301.50,253.00
798, 66.51914215, 206.00,278.00,230.00
799, 66.06738281, 191.00,257.50,216.50
800, 65.66484070, 179.50,241.00,203.00
801, 65.39062500, 170.00,228.00,192.50
802, 65.11991882, 157.00,211.00,181.50
803, 64.77539063, 148.50,200.00,168.50
804, 64.44316101, 143.50,190.00,161.00
805, 63.98964691, 132.00,174.00,143.50
806, 63.63281250, 122.00,155.50,136.50
807, 63.10722733, 111.00,145.00,123.50
808, 62.58339691, 99.50,128.00,110.00
809, 61.99980164, 81.50,111.00,96.00
810, 61.43378830, 71.00,95.50,78.00
811, 60.82031250, 68.00,83.50,73.50
812, 60.38085937, 61.50,74.00,66.00
813, 59.94140625, 55.50,67.00,60.00
814, 59.58984375, 52.00,61.00,55.00
815, 59.32617187, 49.00,57.00,52.00
816, 58.97460937, 45.50,53.00,48.00
817, 58.71093750, 37.50,50.00,39.50
818, 58.35937500, 41.00,46.50,43.00
819, 58.35937500, 41.00,46.00,42.50
819, 58.35937500, 35.00,40.00,42.50



