0, 4.03857422, 121.67
1, 3.86718750, 122.17
2, 3.69140625, 122.83
3, 3.51562500, 123.50
4, 3.25195312, 124.17
5, 3.07617187, 124.83
6, 2.82744122, 125.50
7, 2.57783198, 126.33
8, 2.37304687, 127.00
9, 2.10937500, 127.83
10, 1.84658206, 128.50
11, 1.64794922, 129.33
12, 1.40712893, 130.00
13, 1.23046875, 130.50
14, 1.05205083, 131.17
15, 0.87451172, 131.67
16, 0.61787111, 132.33
17, 0.43945313, 133.00
18, 0.26455078, 133.50
19, 0.15908203, 133.83
21, 359.91210938, 134.67
22, 359.74160767, 135.00
23, 359.64843750, 135.33
24, 359.49990845, 135.83
25, 359.38125610, 136.17
26, 359.28369141, 136.67
27, 359.15798950, 136.83
28, 359.03320313, 137.33
29, 358.92596436, 137.67
30, 358.76776123, 138.17
31, 358.59637451, 138.50
32, 358.41796875, 139.00
33, 358.24395752, 139.50
34, 358.06640625, 140.17
35, 357.89062500, 140.67
36, 357.71484375, 141.17
37, 357.53201294, 141.83
38, 357.36328125, 142.33
39, 357.09960938, 143.00
40, 356.86846924, 143.67
41, 356.66015625, 144.33
42, 356.39648438, 145.00
43, 356.13281250, 145.83
44, 355.87265015, 146.50
45, 355.61163330, 147.17
46, 355.42968750, 147.83
47, 355.25390625, 148.33
48, 354.99111938, 148.83
49, 354.83642578, 149.33
50, 354.63867188, 150.00
51, 354.46289063, 150.50
52, 354.28710938, 151.00
53, 354.11132813, 151.33
54, 354.02343750, 151.67
55, 353.84765625, 152.00
56, 353.75976563, 152.50
57, 353.60946655, 152.83
58, 353.49609375, 153.17
59, 353.33438110, 153.50
60, 353.23153687, 153.83
61, 353.14453125, 154.00
62, 353.02850342, 154.33
63, 352.88174438, 154.67
64, 352.70770264, 155.17
65, 352.53192139, 155.50
66, 352.44140625, 156.00
67, 352.26562500, 156.33
68, 352.03271484, 157.00
69, 351.91406250, 157.33
70, 351.73828125, 157.83
71, 351.54843140, 158.33
72, 351.29882813, 158.83
73, 351.12304688, 159.33
74, 350.85937500, 159.83
75, 350.59658813, 160.50
76, 350.39355469, 161.17
77, 350.15625000, 161.67
78, 349.89697266, 162.33
79, 349.62890625, 162.83
80, 349.45312500, 163.33
81, 349.26593018, 163.83
82, 349.08047485, 164.33
83, 348.85635376, 164.67
84, 348.66210938, 165.17
85, 348.48632813, 165.67
86, 348.31054688, 166.00
87, 348.13476563, 166.33
88, 348.04687500, 166.67
89, 347.87109375, 167.00
90, 347.78320313, 167.17
91, 347.60830688, 167.50
92, 347.51953125, 167.83
93, 347.39648438, 168.00
94, 347.25585938, 168.33
95, 347.16796875, 168.50
96, 347.02206421, 168.83
97, 346.90429688, 169.17
98, 346.81024170, 169.33
99, 346.63711548, 169.83
100, 346.43319702, 170.17
101, 346.28906250, 170.50
102, 346.11065674, 171.00
103, 345.93750000, 171.17
104, 345.74942017, 171.67
105, 345.57186890, 172.00
106, 345.32315063, 172.33
107, 345.14559937, 172.83
108, 344.88458252, 173.33
109, 344.65780640, 173.83
110, 344.44335938, 174.33
111, 344.17968750, 174.83
112, 343.91601563, 175.17
113, 343.73760986, 175.67
114, 343.47656250, 176.17
115, 343.28320313, 176.50
116, 343.08633423, 176.83
117, 342.86749268, 177.17
118, 342.68554688, 177.50
119, 342.50976563, 178.00
120, 342.33398438, 178.17
121, 342.15820313, 178.50
122, 342.03866577, 178.67
123, 341.89453125, 179.00
124, 341.80664063, 179.17
125, 341.64315796, 179.33
126, 341.54296875, 179.67
127, 341.37423706, 179.83
128, 341.27929688, 180.00
129, 341.19140625, 180.17
130, 341.09210205, 180.33
131, 340.92861938, 180.67
132, 340.76513672, 180.83
133, 340.66406250, 181.00
134, 340.48828125, 181.33
135, 340.31161499, 181.67
136, 340.05410767, 182.00
137, 339.96093750, 182.17
138, 339.78515625, 182.50
139, 339.57247925, 182.67
140, 339.36679077, 183.00
141, 339.16992188, 183.33
142, 338.90975952, 183.67
143, 338.72958374, 184.00
144, 338.46502686, 184.33
145, 338.20312500, 184.67
146, 337.96493530, 185.00
147, 337.75750732, 185.33
148, 337.50000000, 185.50
149, 337.32421875, 185.83
150, 337.07284546, 186.00
151, 336.96209717, 186.33
152, 336.70898438, 186.50
153, 336.53320313, 186.83
154, 336.35742188, 187.00
155, 336.18164063, 187.17
156, 336.08584595, 187.33
157, 335.91796875, 187.50
158, 335.74218750, 187.50
159, 335.66485596, 187.67
160, 335.56640625, 187.83
161, 335.39413452, 188.00
162, 335.29656982, 188.17
163, 335.20779419, 188.17
164, 335.11816406, 188.33
165, 334.95117188, 188.50
166, 334.79824829, 188.50
167, 334.68572998, 188.67
168, 334.45635986, 188.83
169, 334.33593750, 189.00
170, 334.07489014, 189.17
171, 333.98437500, 189.33
172, 333.80859375, 189.50
173, 333.60116577, 189.67
174, 333.36914063, 189.83
175, 333.19335938, 190.00
176, 332.96835327, 190.17
177, 332.72665405, 190.33
178, 332.49023438, 190.50
179, 332.22656250, 190.67
180, 332.00506592, 190.83
181, 331.77832031, 191.00
182, 331.52343750, 191.17
183, 331.34588623, 191.17
184, 331.17098999, 191.33
185, 330.91348267, 191.50
186, 330.73242188, 191.50
187, 330.55664063, 191.67
188, 330.38085938, 191.67
189, 330.20507813, 191.83
190, 330.11630249, 191.83
191, 329.94229126, 191.83
192, 329.79287720, 192.00
193, 329.68914795, 192.00
194, 329.58279419, 192.00
195, 329.41494751, 192.17
196, 329.32617188, 192.17
197, 329.23651123, 192.17
198, 329.08886719, 192.17
199, 328.97460938, 192.33
200, 328.86914063, 192.33
201, 328.71093750, 192.33
202, 328.53515625, 192.33
203, 328.35409546, 192.50
204, 328.18359375, 192.50
205, 328.00781250, 192.50
206, 327.82940674, 192.50
207, 327.61492920, 192.50
208, 327.39257813, 192.50
209, 327.18426514, 192.67
210, 326.95840454, 192.67
211, 326.69384766, 192.67
212, 326.43368530, 192.67
213, 326.24472046, 192.67
214, 325.98632813, 192.67
215, 325.72265625, 192.67
216, 325.54687500, 192.50
217, 325.36230469, 192.50
218, 325.11181641, 192.50
219, 324.93780518, 192.50
220, 324.75408936, 192.50
221, 324.57479858, 192.50
222, 324.40429688, 192.33
223, 324.22589111, 192.33
224, 324.05273438, 192.33
225, 323.96395874, 192.33
226, 323.79785156, 192.17
227, 323.70205688, 192.17
228, 323.59658813, 192.17
229, 323.43750000, 192.17
230, 323.34698486, 192.17
231, 323.25555420, 192.00
232, 323.14480591, 192.00
233, 322.99804688, 192.00
234, 322.82226563, 192.00
235, 322.68865967, 191.83
236, 322.50408936, 191.83
237, 322.35995483, 191.67
238, 322.14022827, 191.67
239, 321.98553467, 191.50
240, 321.84841919, 191.50
241, 321.59179688, 191.33
242, 321.41601563, 191.17
243, 321.20596313, 191.17
244, 320.97305298, 191.00
245, 320.72167969, 190.83
246, 320.50897217, 190.67
247, 320.26727295, 190.50
248, 320.01504517, 190.33
249, 319.76718140, 190.17
250, 319.57031250, 190.00
251, 319.30664063, 189.83
252, 319.13085938, 189.67
253, 318.95507813, 189.50
254, 318.77929688, 189.33
255, 318.51651001, 189.17
256, 318.34335327, 189.00
257, 318.25195313, 188.83
258, 318.07617188, 188.83
259, 317.98565674, 188.67
260, 317.81250000, 188.50
261, 317.72460938, 188.50
262, 317.60156250, 188.33
263, 317.46093750, 188.17
264, 317.31329346, 188.00
265, 317.19638062, 188.00
266, 317.02148438, 187.83
267, 316.96347046, 187.67
268, 316.84570313, 187.50
269, 316.66992188, 187.33
270, 316.49676514, 187.17
271, 316.40625000, 187.00
272, 316.23046875, 186.83
273, 315.96768188, 186.67
274, 315.79891968, 186.50
275, 315.61523438, 186.17
276, 315.43945313, 186.00
277, 315.21533203, 185.67
278, 315.00704956, 185.50
279, 314.74072266, 185.17
280, 314.56054688, 184.83
281, 314.29687500, 184.50
282, 314.03320313, 184.17
283, 313.80731201, 183.83
284, 313.56036377, 183.50
285, 313.33096313, 183.17
286, 313.15429688, 182.83
287, 312.95742798, 182.67
288, 312.75439453, 182.33
289, 312.53906250, 182.00
290, 312.36328125, 181.67
291, 312.18750000, 181.33
292, 312.08642578, 181.17
293, 311.92382813, 181.00
294, 311.76296997, 180.67
295, 311.66543579, 180.67
296, 311.57226563, 180.50
297, 311.48437500, 180.17
298, 311.30859375, 180.00
299, 311.13458252, 179.67
300, 311.07128906, 179.50
301, 310.95703125, 179.33
302, 310.86914063, 179.17
303, 310.69335938, 179.00
304, 310.53164673, 178.67
305, 310.34179688, 178.33
306, 310.16601563, 178.00
307, 309.99023438, 177.67
308, 309.81445313, 177.33
309, 309.56307983, 177.00
310, 309.46200562, 176.67
311, 309.20010376, 176.33
312, 309.02343750, 175.83
313, 308.82479858, 175.50
314, 308.58309937, 175.00
315, 308.32031250, 174.50
316, 308.05752563, 174.00
317, 307.79296875, 173.50
318, 307.61718750, 173.00
319, 307.35351563, 172.50
320, 307.17684937, 172.17
321, 307.00195313, 171.83
322, 306.80331421, 171.33
323, 306.56250000, 171.00
324, 306.39639282, 170.50
325, 306.21093750, 170.17
326, 306.03604126, 169.83
327, 305.94726563, 169.50
328, 305.78640747, 169.33
329, 305.68359375, 169.00
330, 305.59570313, 168.83
331, 305.45681763, 168.50
332, 305.33203125, 168.17
333, 305.15625000, 167.83
334, 305.07626343, 167.67
335, 304.98046875, 167.33
336, 304.81085205, 167.00
337, 304.71679688, 166.83
338, 304.57528687, 166.50
339, 304.36523438, 166.00
340, 304.18945313, 165.50
341, 304.01367188, 165.17
342, 303.84667969, 164.83
343, 303.66210938, 164.33
344, 303.44500732, 163.83
345, 303.22442627, 163.33
346, 303.04687500, 162.83
347, 302.78320313, 162.33
348, 302.56259155, 161.67
349, 302.32968140, 161.00
350, 302.08007813, 160.50
351, 301.82257080, 159.83
352, 301.55535889, 159.17
353, 301.37695313, 158.67
354, 301.19940186, 158.17
355, 300.97616577, 157.67
356, 300.84960938, 157.33
357, 300.67382813, 156.83
358, 300.49804688, 156.33
359, 300.31787109, 155.83
360, 300.14648438, 155.50
361, 299.97158813, 155.00
362, 299.80899048, 154.67
363, 299.70703125, 154.33
364, 299.61914063, 154.00
365, 299.44335938, 153.67
366, 299.35546875, 153.33
367, 299.20956421, 153.00
368, 299.09179688, 152.67
369, 299.00390625, 152.33
370, 298.82901001, 152.00
371, 298.73056030, 151.50
372, 298.56445313, 151.17
373, 298.39923096, 150.83
374, 298.29287720, 150.33
375, 298.06085205, 149.83
376, 297.86221313, 149.33
377, 297.68643188, 148.67
378, 297.50976563, 148.17
379, 297.24697876, 147.50
380, 297.07031250, 147.00
381, 296.80664063, 146.33
382, 296.54385376, 145.50
383, 296.36718750, 145.00
384, 296.10351563, 144.17
385, 295.87322998, 143.50
386, 295.66406250, 142.83
387, 295.40039063, 142.17
388, 295.22460938, 141.50
389, 294.99697876, 141.00
390, 294.81240845, 140.50
391, 294.60937500, 139.83
392, 294.43359375, 139.33
393, 294.25781250, 138.83
394, 294.08203125, 138.33
395, 293.99414063, 137.83
396, 293.81835938, 137.50
397, 293.72167969, 137.17
398, 293.55468750, 136.67
399, 293.46679688, 136.33
400, 293.37802124, 136.00
401, 293.20312500, 135.67
402, 293.10818481, 135.33
403, 292.93945313, 134.83
404, 292.85156250, 134.50
405, 292.75927734, 134.17
406, 292.58612061, 133.67
407, 292.41210938, 133.17
408, 292.23370361, 132.50
409, 292.06054688, 132.00
410, 291.88476563, 131.50
411, 291.65011597, 130.83
412, 291.52264404, 130.33
413, 291.26953125, 129.50
414, 291.00936890, 128.83
415, 290.83007813, 128.17
416, 290.56640625, 127.50
417, 290.36160278, 126.67
418, 290.12695313, 126.00
419, 289.86328125, 125.17
420, 289.60137939, 124.33
421, 289.42382813, 123.67
422, 289.22256470, 123.00
423, 288.99844360, 122.33
424, 288.81036377, 121.83
425, 288.63281250, 121.17
426, 288.45703125, 120.50
427, 288.28125000, 120.00
428, 288.10546875, 119.50
429, 287.93231201, 119.00
430, 287.84179688, 118.67
431, 287.71524048, 118.17
432, 287.58340454, 117.83
433, 287.48583984, 117.33
434, 287.31622314, 117.00
435, 287.22656250, 116.67
436, 287.12899780, 116.17
437, 287.01211548, 115.83
438, 286.87500000, 115.50
439, 286.70010376, 115.00
440, 286.61132813, 114.50
441, 286.43554688, 114.00
442, 286.25976563, 113.33
443, 286.08309937, 112.83
444, 285.90557861, 112.17
445, 285.72186279, 111.67
446, 285.46963501, 110.83
447, 285.29296875, 110.17
448, 285.07061768, 109.50
449, 284.85351563, 108.83
450, 284.61798096, 108.00
451, 284.41317749, 107.17
452, 284.14688110, 106.33
453, 283.89990234, 105.67
454, 283.69952393, 104.83
455, 283.44726563, 104.17
456, 283.27148438, 103.33
457, 283.09481812, 102.83
458, 282.91375732, 102.33
459, 282.74414063, 101.67
460, 282.56307983, 101.00
461, 282.39257813, 100.50
462, 282.21679688, 99.83
463, 282.04101563, 99.50
464, 281.95135498, 99.00
465, 281.77734375, 98.50
466, 281.61035156, 98.17
467, 281.56729126, 97.67
468, 281.42578125, 97.33
469, 281.27197266, 96.83
470, 281.16210938, 96.50
471, 280.98809814, 96.00
472, 280.92480469, 95.67
473, 280.81054688, 95.33
474, 280.64093018, 94.83
475, 280.54159546, 94.33
476, 280.37109375, 93.67
477, 280.19180298, 93.00
478, 280.01602173, 92.50
479, 279.81121826, 91.83
480, 279.62579346, 91.33
481, 279.40429688, 90.50
482, 279.14062500, 89.83
483, 278.96484375, 89.00
484, 278.70117188, 88.17
485, 278.47088623, 87.50
486, 278.22833252, 86.67
487, 277.99804688, 85.83
488, 277.73788452, 85.00
489, 277.55859375, 84.33
490, 277.32394409, 83.67
491, 277.11914063, 83.00
492, 276.94335938, 82.50
493, 276.76406860, 81.67
494, 276.58563232, 81.00
495, 276.41601563, 80.50
496, 276.16726685, 79.83
497, 276.04776001, 79.33
498, 275.89218140, 78.83
499, 275.80078125, 78.50
500, 275.62500000, 78.00
501, 275.49667358, 77.50
502, 275.36132813, 77.17
503, 275.27343750, 76.83
504, 275.17498779, 76.50
505, 275.00976563, 76.00
506, 274.91925049, 75.67
507, 274.74609375, 75.17
508, 274.65820313, 74.67
509, 274.48242188, 74.33
510, 274.30664063, 73.83
511, 274.13085938, 73.17
512, 273.96737671, 72.67
513, 273.77929688, 72.00
514, 273.60174561, 71.33
515, 273.40399170, 70.67
516, 273.16406250, 70.00
517, 272.90127563, 69.33
518, 272.72460938, 68.50
519, 272.46093750, 67.83
520, 272.28515625, 67.00
521, 272.02148438, 66.33
522, 271.75781250, 65.50
523, 271.53546143, 64.67
524, 271.31835938, 64.17
525, 271.09335327, 63.50
526, 270.95361328, 62.83
527, 270.70663452, 62.17
528, 270.52734375, 61.67
529, 270.35156250, 61.00
530, 270.17578125, 60.50
531, 270.00000000, 60.00
532, 269.91122437, 59.67
533, 269.80136108, 59.33
534, 269.64843750, 58.83
535, 269.56054688, 58.50
536, 269.38476563, 58.17
537, 269.29598999, 57.83
538, 269.12109375, 57.50
539, 269.09561157, 57.17
540, 268.94531250, 56.83
541, 268.77481079, 56.33
542, 268.68075562, 56.00
543, 268.50585938, 55.50
544, 268.33007813, 55.00
545, 268.15429688, 54.50
546, 267.94335938, 53.67
547, 267.80273438, 53.33
548, 267.61203003, 52.67
549, 267.36328125, 52.00
550, 267.18750000, 51.50
551, 266.96514893, 50.83
552, 266.74804688, 50.17
553, 266.49053955, 49.50
554, 266.22686768, 48.83
555, 266.04492188, 48.00
556, 265.78125000, 47.33
557, 265.51934814, 46.83
558, 265.34179688, 46.17
559, 265.16601563, 45.67
560, 264.99023438, 45.17
561, 264.81445313, 44.67
562, 264.63867188, 44.00
563, 264.46289063, 43.67
564, 264.28710938, 43.33
565, 264.16668701, 42.83
566, 264.02343750, 42.33
567, 263.84765625, 41.83
568, 263.69122314, 41.67
569, 263.58398438, 41.17
570, 263.49609375, 41.00
571, 263.32119751, 40.50
572, 263.22802734, 40.33
573, 263.08651733, 39.83
574, 262.96875000, 39.67
575, 262.85888672, 39.33
576, 262.70596313, 38.83
577, 262.53369141, 38.50
578, 262.43435669, 38.17
579, 262.26562500, 37.67
580, 262.08807373, 37.00
581, 261.87362671, 36.67
582, 261.67587280, 36.17
583, 261.47460938, 35.67
584, 261.22500610, 35.00
585, 261.03515625, 34.33
586, 260.77236938, 34.00
587, 260.54208374, 33.33
588, 260.33203125, 32.83
589, 260.06835938, 32.17
590, 259.81698608, 31.50
591, 259.62890625, 30.83
592, 259.36874390, 30.33
593, 259.18945313, 30.00
594, 259.01367188, 29.50
595, 258.83789063, 29.17
596, 258.62078857, 28.67
597, 258.48632813, 28.33
598, 258.31054688, 28.00
599, 258.13476563, 27.67
600, 258.02313232, 27.33
601, 257.87109375, 27.00
602, 257.78320313, 26.67
603, 257.61093140, 26.17
604, 257.44744873, 26.17
605, 257.34375000, 25.83
606, 257.25585938, 25.50
607, 257.12753296, 25.17
608, 256.99218750, 25.00
609, 256.90429688, 24.67
610, 256.72851563, 24.50
611, 256.64062500, 24.17
612, 256.46484375, 23.67
613, 256.28817749, 23.50
614, 256.11239624, 22.83
615, 255.93661499, 22.67
616, 255.67471313, 22.33
617, 255.49804688, 21.67
618, 255.29412842, 21.50
619, 255.05859375, 21.00
620, 254.84767151, 20.50
621, 254.61914063, 20.00
622, 254.35546875, 19.33
623, 254.14630127, 18.83
624, 253.86767578, 18.67
625, 253.65234375, 18.33
626, 253.47656250, 17.83
627, 253.22080994, 17.50
628, 253.06524658, 17.00
629, 252.92900085, 16.83
630, 252.68554688, 16.50
631, 252.50976563, 16.17
632, 252.33398438, 15.83
633, 252.16700745, 15.50
634, 252.05450439, 15.33
635, 251.89453125, 15.17
636, 251.75128174, 14.67
637, 251.64579773, 14.67
638, 251.54296875, 14.17
639, 251.37071228, 14.00
640, 251.26788330, 13.83
641, 251.13076782, 13.83
642, 251.07186890, 13.67
643, 250.92773438, 13.17
644, 250.76425171, 13.33
645, 250.66406250, 13.17
646, 250.48828125, 12.83
647, 250.31250000, 12.50
648, 250.13671875, 12.00
649, 249.96093750, 12.00
650, 249.78340149, 11.50
651, 249.54698181, 11.33
652, 249.34570313, 11.17
653, 249.11192322, 10.83
654, 248.90625000, 10.17
655, 248.64257813, 10.17
656, 248.40968323, 9.50
657, 248.20312500, 9.50
658, 247.93945313, 9.17
659, 247.70214844, 8.83
660, 247.50000000, 8.67
661, 247.32421875, 8.33
662, 247.14755249, 8.17
663, 246.93574524, 7.67
664, 246.70898438, 7.50
665, 246.57978821, 7.33
666, 246.35830688, 7.00
667, 246.20185852, 7.17
668, 246.09375000, 6.67
669, 245.91796875, 6.83
670, 245.83007813, 6.67
671, 245.68594360, 6.67
672, 245.56640625, 6.17
673, 245.39678955, 6.33
674, 245.30097961, 6.17
675, 245.19815063, 5.83
676, 245.04258728, 5.67
677, 244.95117188, 5.83
678, 244.83778381, 5.67
679, 244.68750000, 5.67
680, 244.51171875, 5.50
681, 244.34385681, 5.33
682, 244.16015625, 4.83
683, 244.03448486, 4.67
684, 243.80859375, 4.83
685, 243.63281250, 4.67
686, 243.38407898, 4.17
687, 243.19335938, 4.33
688, 242.93672180, 4.17
689, 242.74951172, 4.00
690, 242.49023438, 3.50
691, 242.22744751, 3.67
692, 242.05078125, 3.50
693, 241.78710938, 3.50
694, 241.52783203, 3.33
695, 241.34765625, 3.17
696, 241.17187500, 2.83
697, 240.99609375, 3.00
698, 240.73242188, 2.83
699, 240.61199951, 2.50
700, 240.46875000, 2.50
701, 240.29296875, 2.67
702, 240.11718750, 2.67
703, 239.96690369, 2.50
704, 239.85351563, 2.50
705, 239.73484802, 2.50
706, 239.58984375, 2.17
707, 239.50106812, 2.33
708, 239.32617188, 2.00
709, 239.23828125, 2.00
710, 239.06866455, 2.33
711, 238.98077393, 2.33
712, 238.88496399, 2.17
713, 238.71093750, 2.17
714, 238.53604126, 2.17
715, 238.42617798, 2.17
716, 238.18359375, 2.00
717, 238.09570313, 2.00
718, 237.88653564, 1.67
719, 237.65888977, 2.00
720, 237.48046875, 1.67
721, 237.29676819, 2.00
722, 237.04101563, 2.00
723, 236.79315186, 1.67
724, 236.60067749, 2.00
725, 236.29306030, 2.00
726, 236.07861328, 2.00
727, 235.81846619, 2.00
728, 235.63476563, 2.00
729, 235.37812805, 1.83
730, 235.20059204, 2.17
731, 235.01953125, 2.17
732, 234.84375000, 1.83
733, 234.66796875, 1.83
734, 234.49218750, 2.00
735, 234.31640625, 2.00
736, 234.20565796, 2.33
737, 234.05273438, 2.33
738, 233.87870789, 2.50
739, 233.78906250, 2.50
740, 233.69236755, 2.17
741, 233.52891541, 2.50
742, 233.36805725, 2.67
743, 233.26171875, 2.67
744, 233.17471313, 2.67
745, 233.08593750, 2.83
746, 232.91104126, 2.50
747, 232.82226563, 2.50
748, 232.63681030, 3.00
749, 232.47070313, 2.67
750, 232.29492188, 3.17
751, 232.11914063, 3.17
752, 231.94335938, 3.00
753, 231.75701904, 3.50
754, 231.50830078, 3.50
755, 231.32812500, 3.67
756, 231.10839844, 3.83
757, 230.88427734, 4.00
758, 230.62500000, 3.83
759, 230.37362671, 4.00
760, 230.18290710, 4.17
761, 229.92187500, 4.67
762, 229.67665100, 4.50
763, 229.48242188, 5.00
764, 229.30311584, 5.17
765, 229.13085938, 5.33
766, 228.86718750, 5.33
767, 228.72041321, 5.67
768, 228.57978821, 5.83
769, 228.41015625, 5.67
770, 228.25195313, 6.17
771, 228.07617188, 6.33
772, 227.97598267, 6.50
773, 227.81250000, 6.50
774, 227.72460938, 6.67
775, 227.54882813, 6.83
776, 227.46093750, 7.00
777, 227.28779602, 7.17
778, 227.21571350, 7.17
779, 227.10937500, 7.00
780, 226.93359375, 7.50
781, 226.84570313, 7.67
782, 226.66992188, 7.83
783, 226.50117493, 8.00
784, 226.31835938, 8.17
785, 226.16719055, 8.17
786, 226.00985718, 8.67
787, 225.79101563, 8.83
788, 225.61523438, 9.17
789, 225.37265015, 9.17
790, 225.17578125, 9.67
791, 225.00000000, 10.00
792, 224.73632813, 10.00
793, 224.47354126, 10.67
794, 224.29687500, 11.00
795, 224.03320313, 11.00
796, 223.76953125, 11.67
797, 223.59375000, 12.00
798, 223.33007813, 12.33
799, 223.15782166, 12.33
800, 222.97851563, 12.67
801, 222.80097961, 12.83
802, 222.62695313, 13.33
803, 222.45117188, 13.67
804, 222.28680420, 13.67
805, 222.18750000, 14.17
806, 222.01171875, 14.33
807, 221.92382813, 14.50
808, 221.81748962, 14.67
809, 221.66015625, 15.00
810, 221.56346130, 15.00
811, 221.39648438, 15.17
812, 221.30859375, 15.33
813, 221.22070313, 15.83
814, 221.12051392, 15.67
815, 220.95703125, 16.17
816, 220.77861023, 16.50
817, 220.60458374, 16.83
818, 220.42968750, 17.17
819, 220.24862671, 17.50
820, 220.07637024, 17.50
821, 219.89881897, 18.17
822, 219.63867188, 18.33
823, 219.46289063, 18.83
824, 219.28446960, 19.00
825, 219.02607727, 19.67
826, 218.75976563, 20.17
827, 218.58398438, 20.67
828, 218.32031250, 21.00
829, 218.14453125, 21.33
830, 217.88085938, 21.83
831, 217.61718750, 22.50
832, 217.44140625, 23.00
833, 217.26562500, 23.00
834, 217.03886414, 23.67
835, 216.90614319, 24.17
836, 216.72686768, 24.50
837, 216.48954773, 24.83
838, 216.38671875, 25.00
839, 216.21357727, 25.50
840, 216.10195923, 25.83
841, 215.95079041, 25.83
842, 215.85762024, 26.33
843, 215.68359375, 26.50
844, 215.59394836, 27.00
845, 215.42080688, 27.00
846, 215.33819580, 27.50
847, 215.24414063, 27.50
848, 215.08593750, 28.00
849, 214.98046875, 28.17
850, 214.80468750, 28.50
851, 214.63946533, 29.00
852, 214.45312500, 29.50
853, 214.32920837, 29.83
854, 214.10156250, 30.33
855, 213.92666626, 30.50
856, 213.77285767, 31.17
857, 213.57421875, 31.67
858, 213.37294006, 32.00
859, 213.13476563, 32.50
860, 212.87461853, 33.17
861, 212.65312195, 33.83
862, 212.43164063, 34.17
863, 212.16796875, 34.83
864, 211.98954773, 35.50
865, 211.72763062, 36.00
866, 211.46659851, 36.67
867, 211.28906250, 37.33
868, 211.11328125, 37.67
869, 210.90849304, 38.33
870, 210.67382813, 38.83
871, 210.58593750, 39.00
872, 210.34687805, 39.67
873, 210.23612976, 40.00
874, 210.06034851, 40.33
875, 209.97422791, 40.67
876, 209.88281250, 41.00
877, 209.75097656, 41.17
878, 209.61650085, 41.67
879, 209.44335938, 42.00
880, 209.36952209, 42.33
881, 209.26757813, 42.67
882, 209.14979553, 42.83
883, 209.00390625, 43.17
884, 208.82812500, 43.67
885, 208.72706604, 44.17
886, 208.50469971, 44.50
887, 208.30253601, 45.17
888, 208.18124390, 45.50
889, 208.03271484, 46.00
890, 207.77783203, 46.50
891, 207.59765625, 47.17
892, 207.42187500, 47.67
893, 207.15820313, 48.33
894, 206.97450256, 49.00
895, 206.71875000, 49.67
896, 206.45507813, 50.33
897, 206.24940491, 51.00
898, 206.01562500, 51.83
899, 205.75195313, 52.33
900, 205.50761414, 53.17
901, 205.33271790, 53.50
902, 205.13671875, 54.17
903, 204.96093750, 54.83
904, 204.78515625, 55.33
905, 204.60937500, 55.83
906, 204.45468140, 56.17
907, 204.30967712, 56.83
908, 204.16464233, 57.17
909, 203.99414063, 57.67
910, 203.90625000, 58.00
911, 203.79374695, 58.33
912, 203.64169312, 58.83
913, 203.55380249, 59.17
914, 203.37890625, 59.33
915, 203.26551819, 59.83
916, 203.13720703, 60.17
917, 203.01153564, 60.67
918, 202.85331726, 61.00
919, 202.71708679, 61.50
920, 202.58789063, 62.00
921, 202.32597351, 62.67
922, 202.18096924, 63.17
923, 201.97793579, 63.67
924, 201.86718750, 64.17
925, 201.62109375, 64.83
926, 201.38027954, 65.50
927, 201.18780518, 66.17
928, 200.98564148, 66.83
929, 200.74218750, 67.67
930, 200.48115540, 68.33
931, 200.27723694, 69.17
932, 200.03906250, 69.83
933, 199.77539063, 70.67
934, 199.51171875, 71.33
935, 199.33593750, 72.00
936, 199.14959717, 72.67
937, 198.89648438, 73.33
938, 198.72245789, 74.00
939, 198.54492188, 74.50
940, 198.36914063, 75.00
941, 198.28125000, 75.50
942, 198.12480164, 75.83
943, 198.01757813, 76.33
944, 197.90068054, 76.67
945, 197.75390625, 77.17
946, 197.66601563, 77.50
947, 197.49023438, 78.00
948, 197.40234375, 78.33
949, 197.31445313, 78.50
950, 197.13867188, 79.00
951, 197.04902649, 79.50
952, 196.87500000, 79.83
953, 196.69921875, 80.50
954, 196.52343750, 81.17
955, 196.41973877, 81.50
956, 196.25976563, 82.00
957, 196.03739929, 82.67
958, 195.89062500, 83.17
959, 195.65245056, 83.83
960, 195.46875000, 84.50
961, 195.22616577, 85.17
962, 195.02929688, 86.00
963, 194.76737976, 86.67
964, 194.50195313, 87.50
965, 194.32441711, 88.17
966, 194.06250000, 89.00
967, 193.86650085, 89.83
968, 193.62129211, 90.50
969, 193.35937500, 91.33
970, 193.22753906, 91.83
971, 193.00781250, 92.50
972, 192.83203125, 93.00
973, 192.65713501, 93.50
974, 192.48046875, 94.17
975, 192.39082336, 94.50
976, 192.21679688, 95.00
977, 192.12890625, 95.33
978, 192.02520752, 95.67
979, 191.86962891, 96.17
980, 191.72547913, 96.67
981, 191.60156250, 97.00
982, 191.51014709, 97.33
983, 191.42138672, 97.83
984, 191.29747009, 98.17
985, 191.16035461, 98.67
986, 190.98632813, 99.00
987, 190.80966187, 99.67
988, 190.63476563, 100.33
989, 190.44404602, 100.83
990, 190.28320313, 101.33
991, 190.10742188, 102.00
992, 189.93164063, 102.50
993, 189.74444580, 103.17
994, 189.53877258, 103.83
995, 189.31640625, 104.50
996, 189.05273438, 105.33
997, 188.87695313, 106.00
998, 188.61152649, 106.83
999, 188.34960938, 107.50
1000, 188.08857727, 108.33
1001, 187.91015625, 109.00
1002, 187.64648438, 109.83
1003, 187.46894836, 110.67
1004, 187.28350830, 111.17
1005, 187.03125000, 111.83
1006, 186.85546875, 112.50
1007, 186.67968750, 113.00
1008, 186.50390625, 113.50
1009, 186.41601563, 114.00
1010, 186.24023438, 114.50
1011, 186.06620789, 114.83
1012, 185.97656250, 115.33
1013, 185.82539368, 115.67
1014, 185.71289063, 116.17
1015, 185.62500000, 116.50
1016, 185.52481079, 116.83
1017, 185.36132813, 117.33
1018, 185.20399475, 117.67
1019, 185.09854126, 118.17
1020, 184.92276001, 118.67
1021, 184.83398438, 119.00
1022, 184.65380859, 119.50
1023, 184.47802734, 120.17
1024, 184.30575562, 120.67
1025, 184.12557983, 121.17
1026, 183.95507813, 121.67
1027, 183.77929688, 122.33
1028, 183.52178955, 123.00
1029, 183.33984375, 123.67
1030, 183.07617188, 124.50
1031, 182.84941101, 125.17
1032, 182.63671875, 126.00
1033, 182.37304688, 126.67
1034, 182.11201477, 127.50
1035, 181.93359375, 128.17
1036, 181.66992188, 128.83
1037, 181.48097229, 129.67
1038, 181.23046875, 130.17
1039, 180.98085022, 131.00
1040, 180.81738281, 131.50
1041, 180.61875916, 132.00
1042, 180.43945313, 132.67
1043, 180.32078552, 133.00
1044, 180.19422913, 133.33
1045, 180.08700562, 133.83
1046, 179.91650391, 134.17
1047, 179.82421875, 134.50
1048, 179.67041016, 134.83
1049, 179.56054688, 135.33
1050, 179.39530945, 135.67
1051, 179.33027649, 136.00
1052, 179.20898438, 136.33
1053, 179.03495789, 136.67
1054, 178.94531250, 137.17
1055, 178.76953125, 137.67
1056, 178.59199524, 138.17
1057, 178.41796875, 138.50
1058, 178.29052734, 139.00
1059, 178.11738586, 139.50
1060, 177.90469360, 140.00
1061, 177.71484375, 140.50
1062, 177.53906250, 141.17
1063, 177.27803040, 141.83
1064, 177.09960938, 142.50
1065, 176.83593750, 143.17
1066, 176.57315063, 143.83
1067, 176.39648438, 144.50
1068, 176.13281250, 145.17
1069, 175.86914063, 145.83
1070, 175.61161804, 146.50
1071, 175.42968750, 147.00
1072, 175.25390625, 147.67
1073, 175.07812500, 148.17
1074, 174.87333679, 148.67
1075, 174.71073914, 149.17
1076, 174.53233337, 149.50
1077, 174.37500000, 150.00
1078, 174.21415710, 150.33
1079, 174.05508423, 150.67
1080, 173.96981812, 151.00
1081, 173.84765625, 151.33
1082, 173.67187500, 151.83
1083, 173.58398438, 152.00
1084, 173.45478821, 152.33
1085, 173.38798523, 152.67
1086, 173.23417664, 153.00
1087, 173.05839539, 153.33
1088, 172.96875000, 153.67
1089, 172.79296875, 154.17
1090, 172.61718750, 154.50
1091, 172.44140625, 155.00
1092, 172.27441406, 155.33
1093, 172.15751648, 155.83
1094, 171.92196655, 156.33
1095, 171.73828125, 156.83
1096, 171.56250000, 157.33
1097, 171.32695007, 157.83
1098, 171.12304688, 158.33
1099, 170.86026001, 159.00
1100, 170.59658813, 159.50
1101, 170.36279297, 160.17
1102, 170.15625000, 160.67
1103, 169.89257813, 161.33
1104, 169.62979126, 161.83
1105, 169.45312500, 162.33
1106, 169.21406555, 162.83
1107, 169.01719666, 163.17
1108, 168.83789063, 163.67
1109, 168.66210938, 164.17
1110, 168.48632813, 164.50
1111, 168.37382507, 164.83
1112, 168.22265625, 165.17
1113, 168.04687500, 165.50
1114, 167.95108032, 165.67
1115, 167.84384155, 166.00
1116, 167.69531250, 166.33
1117, 167.55468750, 166.67
1118, 167.43164063, 166.83
1119, 167.34375000, 167.00
1120, 167.19609070, 167.33
1121, 167.08447266, 167.67
1122, 166.96757507, 167.83
1123, 166.81640625, 168.17
1124, 166.64062500, 168.50
1125, 166.46484375, 168.83
1126, 166.28906250, 169.17
1127, 166.11328125, 169.50
1128, 165.93750000, 169.83
1129, 165.76347351, 170.33
1130, 165.58593750, 170.67
1131, 165.32402039, 171.17
1132, 165.14648438, 171.50
1133, 164.88281250, 172.00
1134, 164.68066406, 172.50
1135, 164.39326477, 173.00
1136, 164.17968750, 173.33
1137, 163.91601563, 173.83
1138, 163.67343140, 174.33
1139, 163.47656250, 174.67
1140, 163.29814148, 175.00
1141, 163.03710938, 175.33
1142, 162.86132813, 175.83
1143, 162.68554688, 176.00
1144, 162.50976563, 176.33
1145, 162.33398438, 176.67
1146, 162.17050171, 176.83
1147, 162.07031250, 177.17
1148, 161.96397400, 177.33
1149, 161.81192017, 177.50
1150, 161.70556641, 177.67
1151, 161.54296875, 177.83
1152, 161.45507813, 178.17
1153, 161.34082031, 178.33
1154, 161.20547485, 178.50
1155, 161.10351563, 178.67
1156, 160.96815491, 178.83
1157, 160.82666016, 179.17
1158, 160.60604858, 179.33
1159, 160.45048523, 179.67
1160, 160.31250000, 179.83
1161, 160.13671875, 180.17
1162, 159.96093750, 180.33
1163, 159.78427124, 180.67
1164, 159.60498047, 181.00
1165, 159.34922791, 181.33
1166, 159.13212585, 181.67
1167, 158.90625000, 181.83
1168, 158.64257813, 182.17
1169, 158.42460632, 182.50
1170, 158.20223999, 182.83
1171, 157.93681335, 183.17
1172, 157.68017578, 183.50
1173, 157.44551086, 183.83
1174, 157.23632813, 184.00
1175, 157.06054688, 184.17
1176, 156.87948608, 184.50
1177, 156.65185547, 184.67
1178, 156.50859070, 184.83
1179, 156.35742188, 185.00
1180, 156.20713806, 185.17
1181, 156.09375000, 185.33
1182, 155.98564148, 185.50
1183, 155.83007813, 185.50
1184, 155.65605164, 185.67
1185, 155.56552124, 185.83
1186, 155.42842102, 186.00
1187, 155.30537415, 186.17
1188, 155.21484375, 186.17
1189, 155.08828735, 186.33
1190, 154.95117188, 186.50
1191, 154.77539063, 186.50
1192, 154.62422180, 186.67
1193, 154.43612671, 186.83
1194, 154.26387024, 187.00
1195, 154.10391235, 187.17
1196, 153.98437500, 187.33
1197, 153.80595398, 187.33
1198, 153.54492188, 187.50
1199, 153.36914063, 187.83
1200, 153.11161804, 188.00
1201, 152.86640930, 188.17
1202, 152.66601563, 188.33
1203, 152.40234375, 188.50
1204, 152.22656250, 188.67
1205, 151.94619751, 188.83
1206, 151.69921875, 188.83
1207, 151.44873047, 189.00
1208, 151.25624084, 189.17
1209, 151.07519531, 189.17
1210, 150.82559204, 189.33
1211, 150.66914368, 189.50
1212, 150.47402954, 189.50
1213, 150.38085938, 189.50
1214, 150.20507813, 189.67
1215, 150.02929688, 189.67
1216, 149.94140625, 189.83
1217, 149.76562500, 189.83
1218, 149.67420959, 189.83
1219, 149.50547791, 189.83
1220, 149.41406250, 190.00
1221, 149.24180603, 190.00
1222, 149.15303040, 190.00
1223, 149.06250000, 190.00
1224, 148.97460938, 190.17
1225, 148.79882813, 190.17
1226, 148.62304688, 190.17
1227, 148.45869446, 190.17
1228, 148.27148438, 190.33
1229, 148.10888672, 190.33
1230, 147.91992188, 190.33
1231, 147.75381470, 190.33
1232, 147.56835938, 190.33
1233, 147.33633423, 190.50
1234, 147.13330078, 190.50
1235, 146.89335632, 190.50
1236, 146.68945313, 190.50
1237, 146.42578125, 190.50
1238, 146.16210938, 190.50
1239, 145.93183899, 190.50
1240, 145.72265625, 190.50
1241, 145.45898438, 190.33
1242, 145.25155640, 190.33
1243, 145.02832031, 190.33
1244, 144.84375000, 190.33
1245, 144.67939758, 190.33
1246, 144.49218750, 190.17
1247, 144.31640625, 190.17
1248, 144.22061157, 190.17
1249, 144.05273438, 190.17
1250, 143.94375610, 190.00
1251, 143.78906250, 190.00
1252, 143.70028687, 190.00
1253, 143.52539063, 190.00
1254, 143.42871094, 189.83
1255, 143.26171875, 189.83
1256, 143.17382813, 189.83
1257, 143.08329773, 189.83
1258, 142.91015625, 189.67
1259, 142.82138062, 189.67
1260, 142.63154602, 189.50
1261, 142.42587280, 189.50
1262, 142.29316711, 189.33
1263, 142.11914063, 189.33
1264, 141.94335938, 189.17
1265, 141.76757813, 189.17
1266, 141.59179688, 189.00
1267, 141.32987976, 189.00
1268, 141.15234375, 188.83
1269, 140.88867188, 188.67
1270, 140.62500000, 188.50
1271, 140.44921875, 188.33
1272, 140.18554688, 188.17
1273, 139.92187500, 188.00
1274, 139.74433899, 187.83
1275, 139.48242188, 187.67
1276, 139.21875000, 187.33
1277, 139.05439758, 187.17
1278, 138.86718750, 187.17
1279, 138.68173218, 187.00
1280, 138.51562500, 186.83
1281, 138.33895874, 186.67
1282, 138.17021179, 186.50
1283, 138.05244446, 186.33
1284, 137.92324829, 186.17
1285, 137.81250000, 186.17
1286, 137.63671875, 186.00
1287, 137.54618835, 185.83
1288, 137.37304688, 185.67
1289, 137.28515625, 185.50
1290, 137.19726563, 185.50
1291, 137.10673523, 185.33
1292, 136.93359375, 185.17
1293, 136.76484680, 185.17
1294, 136.58993530, 184.83
1295, 136.45458984, 184.67
1296, 136.23046875, 184.50
1297, 136.05468750, 184.33
1298, 135.95097351, 184.17
1299, 135.75585938, 184.00
1300, 135.52734375, 183.67
1301, 135.35156250, 183.50
1302, 135.09843445, 183.17
1303, 134.87344360, 182.83
1304, 134.64843750, 182.67
1305, 134.38476563, 182.33
1306, 134.13516235, 182.00
1307, 133.92333984, 181.67
1308, 133.68164063, 181.33
1309, 133.41972351, 181.00
1310, 133.23779297, 180.67
1311, 133.02421570, 180.33
1312, 132.80273438, 180.00
1313, 132.62695313, 179.67
1314, 132.45117188, 179.50
1315, 132.27539063, 179.17
1316, 132.10049438, 179.00
1317, 132.01171875, 178.83
1318, 131.83593750, 178.50
1319, 131.74804688, 178.33
1320, 131.65663147, 178.17
1321, 131.55468750, 178.00
1322, 131.38594055, 177.83
1323, 131.22070313, 177.50
1324, 131.13281250, 177.33
1325, 131.04492188, 177.17
1326, 130.86914063, 177.00
1327, 130.78125000, 176.83
1328, 130.59140015, 176.50
1329, 130.42968750, 176.17
1330, 130.25302124, 175.83
1331, 130.06845093, 175.50
1332, 129.90234375, 175.17
1333, 129.72656250, 174.83
1334, 129.54374695, 174.50
1335, 129.28886414, 174.17
1336, 129.11132813, 173.67
1337, 128.84765625, 173.33
1338, 128.58398438, 172.83
1339, 128.34843445, 172.33
1340, 128.14453125, 172.00
1341, 127.88437653, 171.50
1342, 127.65761566, 171.00
1343, 127.43964386, 170.50
1344, 127.17773438, 170.00
1345, 127.00195313, 169.67
1346, 126.82529449, 169.17
1347, 126.64687347, 168.83
1348, 126.47284698, 168.50
1349, 126.27333832, 168.00
1350, 126.12304688, 167.83
1351, 126.03427887, 167.50
1352, 125.85761261, 167.17
1353, 125.68359375, 166.83
1354, 125.59570313, 166.67
1355, 125.44541168, 166.33
1356, 125.33203125, 166.00
1357, 125.19491577, 165.67
1358, 125.10790253, 165.50
1359, 124.98134613, 165.33
1360, 124.87763214, 165.00
1361, 124.71679688, 164.67
1362, 124.54189301, 164.33
1363, 124.36611176, 164.00
1364, 124.19209290, 163.50
1365, 124.01367188, 163.17
1366, 123.83789063, 162.67
1367, 123.66210938, 162.33
1368, 123.48632813, 161.83
1369, 123.27803040, 161.33
1370, 123.04687500, 160.83
1371, 122.86054993, 160.33
1372, 122.57842255, 159.67
1373, 122.34375000, 159.17
1374, 122.08007813, 158.50
1375, 121.83135223, 158.00
1376, 121.64062500, 157.33
1377, 121.37695313, 156.67
1378, 121.12118530, 156.17
1379, 120.98672485, 155.67
1380, 120.76348114, 155.17
1381, 120.58593750, 154.67
1382, 120.41191864, 154.33
1383, 120.23437500, 153.83
1384, 120.05947113, 153.33
1385, 119.96982574, 153.00
1386, 119.79492188, 152.67
1387, 119.70703125, 152.33
1388, 119.53125000, 152.00
1389, 119.43895721, 151.67
1390, 119.26757813, 151.33
1391, 119.17968750, 151.00
1392, 119.09003448, 150.67
1393, 118.91601563, 150.33
1394, 118.82372284, 150.00
1395, 118.65410614, 149.67
1396, 118.56445313, 149.33
1397, 118.38690948, 148.83
1398, 118.20937347, 148.33
1399, 118.02744293, 147.83
1400, 117.86132813, 147.33
1401, 117.63281250, 146.83
1402, 117.42187500, 146.33
1403, 117.24785614, 145.67
1404, 117.03076935, 145.17
1405, 116.80664063, 144.50
1406, 116.54648590, 143.83
1407, 116.28808594, 143.17
1408, 116.10351563, 142.50
1409, 115.83984375, 141.83
1410, 115.57617188, 141.00
1411, 115.37139130, 140.33
1412, 115.13671875, 139.67
1413, 114.96093750, 139.17
1414, 114.78515625, 138.67
1415, 114.55224609, 138.00
1416, 114.37557983, 137.50
1417, 114.25781250, 137.00
1418, 114.07588196, 136.50
1419, 113.90625000, 136.00
1420, 113.79814911, 135.67
1421, 113.64521790, 135.33
1422, 113.54502106, 134.83
1423, 113.42021179, 134.50
1424, 113.28311157, 134.17
1425, 113.11523438, 133.67
1426, 113.02734375, 133.33
1427, 112.93945313, 133.00
1428, 112.77510071, 132.67
1429, 112.67490387, 132.33
1430, 112.50000000, 131.83
1431, 112.32421875, 131.33
1432, 112.15546417, 130.83
1433, 111.97265625, 130.17
1434, 111.79687500, 129.67
1435, 111.62109375, 129.00
1436, 111.41015625, 128.50
1437, 111.18164063, 127.83
1438, 111.00673676, 127.17
1439, 110.75273132, 126.50
1440, 110.56640625, 125.83
1441, 110.30273438, 125.00
1442, 110.04082489, 124.33
1443, 109.86151886, 123.50
1444, 109.59082031, 122.83
1445, 109.33593750, 122.00
1446, 109.09775543, 121.17
1447, 108.87891388, 120.50
1448, 108.70487976, 119.83
1449, 108.45967102, 119.33
1450, 108.28125000, 118.67
1451, 108.10546875, 118.17
1452, 107.92968750, 117.50
1453, 107.75566864, 117.00
1454, 107.66601563, 116.67
1455, 107.49023438, 116.17
1456, 107.40146637, 115.67
1457, 107.22656250, 115.33
1458, 107.07803345, 114.83
1459, 106.96289063, 114.50
1460, 106.87500000, 114.17
1461, 106.78710938, 113.67
1462, 106.69657898, 113.50
1463, 106.47421265, 112.83
1464, 106.34765625, 112.50
1465, 106.20439148, 111.83
1466, 106.05586243, 111.50
1467, 105.82646179, 110.83
1468, 105.64453125, 110.17
1469, 105.49423981, 109.67
1470, 105.29296875, 109.00
1471, 105.11718750, 108.33
1472, 104.92822266, 107.67
1473, 104.67773438, 107.00
1474, 104.41582489, 106.33
1475, 104.23828125, 105.50
1476, 103.97460938, 104.83
1477, 103.71269989, 104.00
1478, 103.51406097, 103.17
1479, 103.27148438, 102.33
1480, 103.00957489, 101.67
1481, 102.83026886, 100.83
1482, 102.61582184, 100.17
1483, 102.39257813, 99.50
1484, 102.21679688, 98.83
1485, 102.03925323, 98.33
1486, 101.86523438, 97.67
1487, 101.69911957, 97.33
1488, 101.51631165, 96.67
1489, 101.42578125, 96.33
1490, 101.33789063, 96.00
1491, 101.16210938, 95.50
1492, 101.01620483, 95.00
1493, 100.89931488, 94.67
1494, 100.81054688, 94.33
1495, 100.72265625, 94.17
1496, 100.54687500, 93.50
1497, 100.44755554, 93.00
1498, 100.29022980, 92.67
1499, 100.11006165, 92.17
1500, 99.99932098, 91.50
1501, 99.84375000, 91.17
1502, 99.66796875, 90.67
1503, 99.49218750, 90.00
1504, 99.31728363, 89.50
1505, 99.14062500, 88.83
1506, 98.88485718, 88.17
1507, 98.70117188, 87.50
1508, 98.44277954, 86.67
1509, 98.18437195, 85.83
1510, 97.99804688, 85.17
1511, 97.73437500, 84.33
1512, 97.51552582, 83.50
1513, 97.29315948, 82.67
1514, 97.00663757, 82.00
1515, 96.80976105, 81.17
1516, 96.59970093, 80.67
1517, 96.41601563, 80.00
1518, 96.24023438, 79.33
1519, 96.06445313, 78.83
1520, 95.88867188, 78.17
1521, 95.71289063, 77.67
1522, 95.62500000, 77.33
1523, 95.45362091, 76.83
1524, 95.36132813, 76.50
1525, 95.21103668, 76.17
1526, 95.08798981, 75.67
1527, 94.97460938, 75.33
1528, 94.83486176, 75.00
1529, 94.76103973, 74.67
1530, 94.65820313, 74.17
1531, 94.48242188, 73.67
1532, 94.38838196, 73.33
1533, 94.21875000, 72.83
1534, 94.02627563, 72.33
1535, 93.79950714, 71.67
1536, 93.62108612, 71.00
1537, 93.47870636, 70.50
1538, 93.25371552, 70.00
1539, 93.08496094, 69.33
1540, 92.90039063, 68.67
1541, 92.69209290, 68.17
1542, 92.46093750, 67.33
1543, 92.19902802, 66.67
1544, 91.93447113, 65.83
1545, 91.75693512, 65.17
1546, 91.49414063, 64.33
1547, 91.25772095, 63.67
1548, 91.05028534, 63.00
1549, 90.79101563, 62.33
1550, 90.62402344, 61.83
1551, 90.43945313, 61.17
1552, 90.23379517, 60.50
1553, 90.08789063, 60.00
1554, 89.91210938, 59.50
1555, 89.73632813, 59.00
1556, 89.60009766, 58.67
1557, 89.47265625, 58.17
1558, 89.38476563, 57.83
1559, 89.24501801, 57.50
1560, 89.12109375, 57.17
1561, 88.94707489, 56.83
1562, 88.85742188, 56.33
1563, 88.76953125, 56.17
1564, 88.66230774, 55.67
1565, 88.50585938, 55.33
1566, 88.33359528, 55.00
1567, 88.18769836, 54.50
1568, 88.04970551, 54.00
1569, 87.81064606, 53.33
1570, 87.64365387, 53.00
1571, 87.53906250, 52.33
1572, 87.36328125, 52.00
1573, 87.10488129, 51.33
1574, 86.92382813, 50.83
1575, 86.74101257, 50.17
1576, 86.48437500, 49.50
1577, 86.25058746, 48.83
1578, 86.01767731, 48.17
1579, 85.77948761, 47.50
1580, 85.52548981, 46.83
1581, 85.25654602, 46.17
1582, 85.07285309, 45.33
1583, 84.81797028, 44.83
1584, 84.63867188, 44.17
1585, 84.46289063, 43.83
1586, 84.25810242, 43.33
1587, 84.06562042, 42.67
1588, 83.92763519, 42.33
1589, 83.75976563, 41.83
1590, 83.61299133, 41.50
1591, 83.49609375, 41.17
1592, 83.39326477, 41.00
1593, 83.23242188, 40.67
1594, 83.14453125, 40.33
1595, 83.03554535, 39.83
1596, 82.88085938, 39.50
1597, 82.79296875, 39.33
1598, 82.61806488, 38.83
1599, 82.52929688, 38.50
1600, 82.35439301, 38.33
1601, 82.25595856, 38.00
1602, 82.04853821, 37.50
1603, 81.91406250, 36.83
1604, 81.65830231, 36.50
1605, 81.55810547, 36.17
1606, 81.30673981, 35.50
1607, 81.12304688, 35.00
1608, 80.94199371, 34.67
1609, 80.75742340, 34.17
1610, 80.50781250, 33.50
1611, 80.24590302, 32.83
1612, 80.06659698, 32.33
1613, 79.80468750, 31.83
1614, 79.54101563, 31.17
1615, 79.34062195, 30.67
1616, 79.09189606, 30.17
1617, 78.83965302, 29.67
1618, 78.66298676, 29.00
1619, 78.48632813, 28.83
1620, 78.24990082, 28.33
1621, 78.13476563, 28.00
1622, 77.95898438, 27.50
1623, 77.75419617, 27.17
1624, 77.60742188, 26.67
1625, 77.51953125, 26.67
1626, 77.35693359, 26.17
1627, 77.26025391, 25.83
1628, 77.16709137, 25.67
1629, 76.99218750, 25.33
1630, 76.90341949, 25.00
1631, 76.81288910, 24.83
1632, 76.72587585, 24.83
1633, 76.55273438, 24.33
1634, 76.37695313, 24.17
1635, 76.28818512, 23.67
1636, 76.02539063, 23.50
1637, 75.86191559, 23.17
1638, 75.75820160, 22.83
1639, 75.58593750, 22.50
1640, 75.41015625, 22.17
1641, 75.20625305, 21.50
1642, 75.05683136, 21.33
1643, 74.79492188, 21.00
1644, 74.53739929, 20.33
1645, 74.35546875, 20.00
1646, 74.09179688, 19.50
1647, 73.84306335, 18.83
1648, 73.59960938, 18.67
1649, 73.33066559, 18.00
1650, 73.12500000, 17.67
1651, 72.89296722, 17.17
1652, 72.69433594, 17.00
1653, 72.60117340, 16.50
1654, 72.42187500, 16.50
1655, 72.24609375, 15.83
1656, 72.07031250, 15.83
1657, 71.89453125, 15.33
1658, 71.74863434, 15.33
1659, 71.63085938, 15.17
1660, 71.46211243, 14.67
1661, 71.36718750, 14.50
1662, 71.26435852, 14.50
1663, 71.10351563, 14.33
1664, 71.01210785, 13.83
1665, 70.83984375, 13.83
1666, 70.75195313, 13.50
1667, 70.66054535, 13.17
1668, 70.48828125, 13.00
1669, 70.31601715, 13.00
1670, 70.21582031, 12.83
1671, 70.04531097, 12.33
1672, 69.79306793, 12.17
1673, 69.60937500, 12.00
1674, 69.44677734, 11.67
1675, 69.25868988, 11.50
1676, 69.07939148, 11.17
1677, 68.85966492, 10.83
1678, 68.64257813, 10.33
1679, 68.37890625, 10.00
1680, 68.12754059, 9.83
1681, 67.93241882, 9.67
1682, 67.67578125, 9.00
1683, 67.41210938, 9.00
1684, 67.18007660, 8.67
1685, 66.97265625, 8.50
1686, 66.79687500, 8.17
1687, 66.62021637, 8.00
1688, 66.36006165, 7.50
1689, 66.18340302, 7.50
1690, 66.02519226, 7.33
1691, 65.83007813, 6.83
1692, 65.74218750, 6.67
1693, 65.61299133, 6.83
1694, 65.47851563, 6.50
1695, 65.39062500, 6.67
1696, 65.29130554, 6.50
1697, 65.12783051, 6.33
1698, 64.96083832, 6.00
1699, 64.86328125, 6.17
1700, 64.77539063, 6.00
1701, 64.68398285, 6.00
1702, 64.51171875, 5.83
1703, 64.41591644, 5.67
1704, 64.16015625, 5.50
1705, 63.98437500, 5.33
1706, 63.80947495, 4.83
1707, 63.63369370, 5.00
1708, 63.47285080, 4.83
1709, 63.28125000, 4.50
1710, 63.10546875, 4.33
1711, 62.92177582, 4.50
1712, 62.66601562, 4.33
1713, 62.45420074, 3.83
1714, 62.17822266, 4.00
1715, 61.96289062, 3.83
1716, 61.69921875, 3.33
1717, 61.44345856, 3.17
1718, 61.25976562, 3.33
1719, 60.99609375, 3.17
1720, 60.82031250, 2.83
1721, 60.64453125, 2.67
1722, 60.46435547, 3.00
1723, 60.26748276, 2.50
1724, 60.11718750, 2.83
1725, 59.94140625, 2.67
1726, 59.76913834, 2.33
1727, 59.67773437, 2.67
1728, 59.58808517, 2.33
1729, 59.41494370, 2.50
1730, 59.32617187, 2.17
1731, 59.15039062, 2.17
1732, 59.06250000, 2.33
1733, 58.97460937, 2.33
1734, 58.88232422, 2.00
1735, 58.71005630, 2.33
1736, 58.53515625, 2.00
1737, 58.44726562, 2.00
1738, 58.21083832, 2.17
1739, 58.09218979, 1.83
1740, 57.83378983, 2.17
1741, 57.74414062, 2.00
1742, 57.56835937, 1.83
1743, 57.38906479, 2.00
1744, 57.13066483, 2.00
1745, 56.95312500, 1.67
1746, 56.75976562, 2.00
1747, 56.51367187, 2.00
1748, 56.25088120, 2.00
1749, 55.98632812, 2.00
1750, 55.80703354, 2.00
1751, 55.54687500, 1.67
1752, 55.28320312, 2.00
1753, 55.10214996, 2.00
1754, 54.86572266, 2.00
1755, 54.66796875, 2.17
1756, 54.50624847, 2.17
1757, 54.31640625, 1.83
1758, 54.14062500, 2.17
1759, 53.96484375, 2.33
1760, 53.84619522, 2.33
1761, 53.70117187, 2.00
1762, 53.55527496, 2.33
1763, 53.43750000, 2.17
1764, 53.34960937, 2.50
1765, 53.26171875, 2.17
1766, 53.10351562, 2.33
1767, 52.91015625, 2.67
1768, 52.83632660, 2.67
1769, 52.73437500, 2.67
1770, 52.63593674, 2.83
1771, 52.47070312, 2.83
1772, 52.29492187, 2.83
1773, 52.11914062, 2.67
1774, 51.94335937, 3.00
1775, 51.76757812, 2.83
1776, 51.59179687, 3.17
1777, 51.41601562, 3.33
1778, 51.15234375, 3.17
1779, 50.97656250, 3.33
1780, 50.80078125, 3.50
1781, 50.53710937, 3.83
1782, 50.27959061, 4.00
1783, 50.03173828, 4.17
1784, 49.83398437, 4.33
1785, 49.57207108, 4.33
1786, 49.31718826, 4.83
1787, 49.13085937, 4.67
1788, 48.95507812, 4.83
1789, 48.77929687, 5.00
1790, 48.51650620, 5.50
1791, 48.35039139, 5.67
1792, 48.25195312, 5.67
1793, 47.99443436, 6.00
1794, 47.90039062, 6.00
1795, 47.72812271, 6.17
1796, 47.63671875, 6.33
1797, 47.46093750, 6.50
1798, 47.36865234, 6.33
1799, 47.19726562, 6.67
1800, 47.10937500, 6.83
1801, 47.02060318, 7.00
1802, 46.84570312, 6.83
1803, 46.75781250, 7.17
1804, 46.65586090, 7.33
1805, 46.49325943, 7.50
1806, 46.31924057, 7.33
1807, 46.14257812, 7.83
1808, 45.96679687, 8.17
1809, 45.82353592, 8.00
1810, 45.61523437, 8.17
1811, 45.45966721, 8.33
1812, 45.26367187, 8.83
1813, 45.08789062, 9.17
1814, 44.82421875, 9.50
1815, 44.64843750, 9.83
1816, 44.38476562, 9.83
1817, 44.12109375, 10.50
1818, 43.93125153, 10.50
1819, 43.68075943, 11.17
1820, 43.41796875, 11.50
1821, 43.19560623, 11.83
1822, 42.97851562, 11.83
1823, 42.80273437, 12.33
1824, 42.62695312, 12.67
1825, 42.43271637, 13.00
1826, 42.23320389, 13.00
1827, 42.09872818, 13.50
1828, 41.83681870, 13.50
1829, 41.74804687, 14.00
1830, 41.66015625, 14.00
1831, 41.50546646, 14.33
1832, 41.39648437, 14.50
1833, 41.23915863, 14.83
1834, 41.13281250, 14.83
1835, 40.97900391, 15.00
1836, 40.94560623, 15.33
1837, 40.78125000, 15.67
1838, 40.69335937, 15.50
1839, 40.51757812, 16.17
1840, 40.34179687, 16.17
1841, 40.16777420, 16.67
1842, 39.99111557, 17.00
1843, 39.83554459, 17.00
1844, 39.72656250, 17.50
1845, 39.55078125, 17.83
1846, 39.31699371, 18.17
1847, 39.11132812, 18.50
1848, 38.93554687, 19.00
1849, 38.67187500, 19.50
1850, 38.46006012, 19.83
1851, 38.20429611, 20.33
1852, 37.96875000, 20.83
1853, 37.71474457, 21.17
1854, 37.44492340, 21.83
1855, 37.26562500, 22.33
1856, 37.00547028, 22.50
1857, 36.82880783, 23.17
1858, 36.65039062, 23.33
1859, 36.47197342, 24.00
1860, 36.28828049, 24.17
1861, 36.12304687, 24.67
1862, 35.94726562, 24.83
1863, 35.79785156, 25.17
1864, 35.68359375, 25.67
1865, 35.50781250, 26.00
1866, 35.41992187, 26.17
1867, 35.33203125, 26.33
1868, 35.15800858, 26.83
1869, 35.06747818, 27.17
1870, 34.89345932, 27.33
1871, 34.80556870, 27.50
1872, 34.71679687, 27.83
1873, 34.54101562, 28.17
1874, 34.38017654, 28.50
1875, 34.20878983, 29.00
1876, 34.07783127, 29.17
1877, 33.92226410, 29.67
1878, 33.75000000, 30.00
1879, 33.57421875, 30.33
1880, 33.39843750, 31.00
1881, 33.14267731, 31.33
1882, 32.95898437, 31.83
1883, 32.72607422, 32.33
1884, 32.47558594, 33.17
1885, 32.25585937, 33.67
1886, 32.00449371, 34.33
1887, 31.77421761, 34.83
1888, 31.54218864, 35.50
1889, 31.28906250, 36.17
1890, 31.10537148, 36.67
1891, 30.93750000, 37.00
1892, 30.71689415, 37.67
1893, 30.49804688, 38.17
1894, 30.33984566, 38.67
1895, 30.14648438, 39.00
1896, 29.97245979, 39.50
1897, 29.88105583, 39.83
1898, 29.76767540, 40.17
1899, 29.61914063, 40.50
1900, 29.52773285, 40.67
1901, 29.35546875, 41.00
1902, 29.23154259, 41.50
1903, 29.09179688, 41.83
1904, 29.00390625, 42.17
1905, 28.91601563, 42.50
1906, 28.74287033, 42.67
1907, 28.61367226, 43.17
1908, 28.47656250, 43.67
1909, 28.30078125, 44.17
1910, 28.12412071, 44.67
1911, 27.94921875, 45.00
1912, 27.77871132, 45.33
1913, 27.59765625, 46.00
1914, 27.40956879, 46.67
1915, 27.15995979, 47.33
1916, 26.98242188, 47.83
1917, 26.73105621, 48.50
1918, 26.54296875, 49.00
1919, 26.27929688, 49.83
1920, 26.06572342, 50.50
1921, 25.77128983, 51.17
1922, 25.57617188, 52.00
1923, 25.38017464, 52.50
1924, 25.13671875, 53.00
1925, 24.96093750, 53.67
1926, 24.81415939, 54.17
1927, 24.61640549, 54.67
1928, 24.44765663, 55.17
1929, 24.27802849, 55.67
1930, 24.16728592, 56.17
1931, 23.99414063, 56.67
1932, 23.81835938, 57.00
1933, 23.72255898, 57.50
1934, 23.55468750, 57.83
1935, 23.46679688, 58.17
1936, 23.29101563, 58.67
1937, 23.20312500, 59.00
1938, 23.10644531, 59.33
1939, 22.93945313, 59.67
1940, 22.85156250, 60.17
1941, 22.67666054, 60.50
1942, 22.58789063, 61.00
1943, 22.41386795, 61.33
1944, 22.23632813, 62.00
1945, 22.06054688, 62.50
1946, 21.88300705, 63.17
1947, 21.70898438, 63.67
1948, 21.50156212, 64.33
1949, 21.26953125, 65.00
1950, 21.08496094, 65.67
1951, 20.83007813, 66.33
1952, 20.56640625, 67.17
1953, 20.39062500, 67.83
1954, 20.12695313, 68.67
1955, 19.86416054, 69.33
1956, 19.65410042, 70.17
1957, 19.42382813, 70.83
1958, 19.24365234, 71.50
1959, 18.98437500, 72.17
1960, 18.80859375, 72.83
1961, 18.63281250, 73.50
1962, 18.44912148, 74.17
1963, 18.28125000, 74.50
1964, 18.09843826, 75.17
1965, 17.99121094, 75.50
1966, 17.84179688, 76.00
1967, 17.66865158, 76.50
1968, 17.57812500, 76.83
1969, 17.40673828, 77.17
1970, 17.31445313, 77.67
1971, 17.22480392, 78.00
1972, 17.13867188, 78.33
1973, 16.96289063, 78.83
1974, 16.86357307, 79.17
1975, 16.70800781, 79.67
1976, 16.59550858, 80.17
1977, 16.41445351, 80.67
1978, 16.20351601, 81.33
1979, 16.07958984, 81.83
1980, 15.90820313, 82.33
1981, 15.73242188, 82.83
1982, 15.48281288, 83.50
1983, 15.34394550, 84.17
1984, 15.11718750, 84.83
1985, 14.87460995, 85.67
1986, 14.67773438, 86.33
1987, 14.41406250, 87.33
1988, 14.15039063, 88.00
1989, 13.97373104, 88.83
1990, 13.70917892, 89.67
1991, 13.47099686, 90.50
1992, 13.24511719, 91.17
1993, 13.09570313, 91.83
1994, 12.90322208, 92.33
1995, 12.71953106, 93.00
1996, 12.48046875, 93.67
1997, 12.33456993, 94.17
1998, 12.19218731, 94.83
1999, 12.03310585, 95.33
2000, 11.86523438, 95.67
2001, 11.77734375, 96.17
2002, 11.61562538, 96.50
2003, 11.51367188, 97.00
2004, 11.33876896, 97.50
2005, 11.25000000, 97.83
2006, 11.16210938, 98.33
2007, 11.06279278, 98.50
2008, 10.89843750, 99.00
2009, 10.79912090, 99.50
2010, 10.63476563, 99.83
2011, 10.45898438, 100.50
2012, 10.28320313, 101.00
2013, 10.10742188, 101.67
2014, 9.93164063, 102.17
2015, 9.78398418, 102.83
2016, 9.58007813, 103.33
2017, 9.40429688, 104.00
2018, 9.22324276, 104.83
2019, 8.96484375, 105.50
2020, 8.70117188, 106.33
2021, 8.51835918, 107.00
2022, 8.25292969, 107.83
2023, 7.99804688, 108.67
2024, 7.73701143, 109.50
2025, 7.55859375, 110.17
2026, 7.35732412, 111.00
2027, 7.11914063, 111.67
2028, 6.94335938, 112.33
2029, 6.76757813, 112.83
2030, 6.53115225, 113.50
2031, 6.37822247, 114.17
2032, 6.15234375, 114.67
2033, 6.05654335, 115.17
2034, 5.93525362, 115.50
2035, 5.80078125, 116.00
2036, 5.67597675, 116.50
2037, 5.53710938, 116.83
2038, 5.44218731, 117.33
2039, 5.27343750, 117.67
2040, 5.16357422, 118.17
2041, 5.09765625, 118.33
2042, 4.92187500, 118.83
2043, 4.83398438, 119.17
2044, 4.67666006, 119.67
2045, 4.48769522, 120.17
2046, 4.32861328, 120.67
2047, 4.21347666, 121.33
2048, 4.20117188, 121.33
2048, 4.20380878, 121.33