0, 23.61269569, 3199.00
0, 23.60478592, 3198.50
1, 23.76386833, 3169.50
2, 23.99677658, 3132.50
3, 24.17080116, 3098.50
4, 24.43359375, 3064.50
5, 24.61992073, 3027.00
6, 24.87304688, 2985.00
7, 25.13671875, 2944.50
8, 25.40039063, 2903.50
9, 25.60781097, 2864.00
10, 25.83984375, 2827.50
11, 26.10351563, 2787.50
12, 26.36630821, 2748.00
13, 26.55878830, 2711.00
14, 26.80664063, 2673.00
15, 27.05361366, 2639.00
16, 27.24609375, 2608.00
17, 27.42187500, 2577.50
18, 27.59765625, 2550.00
19, 27.77343750, 2524.50
20, 27.94921875, 2503.50
21, 28.03710938, 2483.50
22, 28.17246246, 2464.50
23, 28.26474571, 2451.00
24, 28.38691521, 2434.50
25, 28.47568321, 2422.50
26, 28.56445313, 2407.50
27, 28.65234375, 2390.50
28, 28.74023438, 2377.00
29, 28.82812500, 2361.00
30, 29.00302696, 2340.50
31, 29.09970665, 2322.00
32, 29.26757813, 2297.00
33, 29.44248009, 2274.00
34, 29.53212929, 2253.00
35, 29.74306679, 2227.00
36, 29.97070313, 2195.00
37, 30.20624924, 2163.00
38, 30.40048981, 2136.00
39, 30.64658165, 2098.00
40, 30.84960938, 2067.50
41, 31.11240196, 2030.00
42, 31.34531403, 1995.50
43, 31.55273438, 1960.50
44, 31.81640625, 1926.50
45, 32.07831955, 1892.50
46, 32.28837967, 1860.00
47, 32.53007889, 1825.00
48, 32.78320312, 1793.50
49, 32.95898437, 1763.00
50, 33.22265625, 1734.00
51, 33.39843750, 1708.00
52, 33.60673904, 1682.50
53, 33.78515625, 1662.50
54, 33.93369293, 1643.50
55, 34.10156250, 1623.00
56, 34.18945312, 1611.50
57, 34.27734375, 1598.00
58, 34.36523437, 1587.00
59, 34.45312500, 1575.00
60, 34.54101562, 1566.50
61, 34.62890625, 1555.00
62, 34.74316406, 1542.00
63, 34.80468750, 1529.00
64, 34.89785004, 1517.00
65, 35.06835937, 1502.00
66, 35.24150467, 1483.00
67, 35.41992187, 1461.50
68, 35.59130859, 1438.00
69, 35.68535233, 1420.50
70, 35.94726562, 1392.50
71, 36.12304687, 1370.00
72, 36.37968826, 1345.00
73, 36.62138748, 1317.00
74, 36.82353592, 1292.50
75, 37.08984375, 1261.50
76, 37.26650620, 1234.00
77, 37.52929687, 1207.50
78, 37.79296875, 1179.00
79, 37.97226715, 1152.00
80, 38.23505783, 1127.00
81, 38.49609375, 1099.50
82, 38.75361252, 1075.00
83, 38.95840073, 1051.00
84, 39.18955231, 1028.50
85, 39.37500000, 1008.50
86, 39.55517578, 988.00
87, 39.72656250, 971.50
88, 39.90234375, 956.00
89, 40.05263519, 942.00
90, 40.16601562, 932.00
91, 40.25127029, 926.50
92, 40.33916092, 916.50
93, 40.34179687, 908.50
94, 40.47099686, 899.50
95, 40.51757812, 893.50
96, 40.69335937, 881.50
97, 40.78125000, 871.00
98, 40.93330002, 862.00
99, 41.03261566, 850.00
100, 41.13281250, 835.50
101, 41.33759689, 819.00
102, 41.56787109, 803.50
103, 41.66015625, 788.00
104, 41.92382812, 767.50
105, 42.09960937, 752.50
106, 42.27539062, 734.00
107, 42.52060699, 716.00
108, 42.71747971, 696.00
109, 42.98027420, 674.00
110, 43.24218750, 655.00
111, 43.49882889, 635.00
112, 43.68164062, 614.50
113, 43.94531250, 596.00
114, 44.15800858, 579.00
115, 44.47177505, 560.50
116, 44.73281097, 542.00
117, 44.91210937, 526.50
118, 45.16962814, 510.50
119, 45.32783127, 497.00
120, 45.52734375, 483.50
121, 45.70312500, 472.00
122, 45.87890625, 461.50
123, 46.01425552, 452.50
124, 46.13993835, 445.50
125, 46.17509842, 440.50
126, 46.26650238, 436.00
127, 46.36494446, 429.50
128, 46.48710632, 424.00
129, 46.49414062, 420.00
130, 46.62861633, 414.00
131, 46.75781250, 407.00
132, 46.84570312, 399.50
133, 46.97929764, 393.50
134, 47.10937500, 384.50
135, 47.26933670, 376.00
136, 47.46093750, 362.50
137, 47.63671875, 355.00
138, 47.81338120, 344.00
139, 47.98828125, 334.50
140, 48.25195312, 321.50
141, 48.42861557, 309.00
142, 48.69140625, 301.00
143, 48.95507812, 288.00
144, 49.13085937, 277.50
145, 49.39453125, 267.00
146, 49.65820312, 253.50
147, 49.90517426, 243.00
148, 50.09941483, 234.00
149, 50.36132812, 224.50
150, 50.61884689, 219.00
151, 50.80078125, 208.00
152, 51.03544617, 200.50
153, 51.24023437, 197.50
154, 51.41601562, 188.50
155, 51.59179687, 182.00
156, 51.68056870, 182.50
157, 51.85546875, 178.00
158, 51.96621323, 174.50
159, 52.11914062, 171.50
160, 52.20351791, 165.00
161, 52.26855469, 163.00
162, 52.37929916, 160.00
163, 52.46982193, 162.50
164, 52.55859375, 156.00
165, 52.64648437, 153.50
166, 52.81171799, 154.50
167, 52.91015625, 151.50
168, 53.08505630, 148.50
169, 53.21953201, 145.50
170, 53.34960937, 142.50
171, 53.52539062, 139.00
172, 53.74687576, 136.00
173, 53.96484375, 132.50
174, 54.14062500, 129.50
175, 54.40165710, 126.50
176, 54.58007812, 119.00
177, 54.84375000, 121.50
178, 55.10742187, 114.00
179, 55.36933517, 112.00
180, 55.61894608, 115.50
181, 55.83251953, 115.00
182, 56.07333755, 108.50
183, 56.33789062, 114.00
184, 56.53213120, 109.00
185, 56.77734375, 114.50
186, 57.04101562, 110.50
187, 57.21679687, 116.50
188, 57.39257812, 113.00
189, 57.65273666, 118.50
190, 57.74414062, 120.50
191, 57.91552734, 121.50
192, 58.01396561, 123.00
193, 58.09570312, 123.50
194, 58.18359375, 124.50
195, 58.27148437, 126.00
196, 58.35937500, 127.00
197, 58.44726562, 127.50
198, 58.53866959, 129.50
199, 58.68369293, 131.00
200, 58.79882812, 128.00
201, 58.88671875, 134.00
202, 59.02119446, 136.50
203, 59.17939758, 140.00
204, 59.41406250, 138.50
205, 59.50459290, 141.00
206, 59.67773437, 149.50
207, 59.87812805, 154.00
208, 60.11718750, 158.50
209, 60.36767197, 165.00
210, 60.55664062, 170.50
211, 60.82031250, 177.50
212, 61.08398437, 184.50
213, 61.27909851, 191.50
214, 61.52343750, 199.00
215, 61.78535080, 204.00
216, 62.02880859, 212.00
217, 62.22656250, 225.00
218, 62.49023437, 234.00
219, 62.70468903, 240.00
220, 62.92968750, 252.50
221, 63.19160080, 258.00
222, 63.36825943, 269.50
223, 63.54492187, 277.50
224, 63.72070312, 284.50
225, 63.89384460, 292.00
226, 63.98349380, 298.00
227, 64.07226563, 302.00
228, 64.16015625, 307.00
229, 64.24804688, 311.00
230, 64.35791016, 316.50
231, 64.42382813, 319.50
232, 64.51171875, 323.50
233, 64.59960938, 326.50
234, 64.73408508, 334.00
235, 64.86328125, 340.00
236, 64.95293427, 348.50
237, 65.12695313, 356.50
238, 65.30273438, 367.50
239, 65.47763824, 374.50
240, 65.65429688, 386.00
241, 65.86611176, 400.00
242, 66.07177734, 410.50
243, 66.35654449, 426.50
244, 66.53144073, 438.50
245, 66.79687500, 455.00
246, 67.04824066, 471.00
247, 67.23632813, 487.00
248, 67.50000000, 502.50
249, 67.73466492, 520.50
250, 67.93945313, 537.50
251, 68.20400238, 555.50
252, 68.46503448, 572.50
253, 68.73046875, 591.00
254, 68.90625000, 608.50
255, 69.11015320, 624.00
256, 69.34570313, 640.50
257, 69.52148438, 654.00
258, 69.67705536, 667.00
259, 69.80185699, 679.00
260, 69.96006012, 689.50
261, 70.04882813, 697.50
262, 70.13671875, 704.00
263, 70.21142578, 712.00
264, 70.30810547, 719.00
265, 70.36611176, 725.00
266, 70.48300934, 732.00
267, 70.57617188, 742.00
268, 70.66406250, 750.50
269, 70.78007507, 763.00
270, 70.92773438, 772.50
271, 71.10351563, 788.50
272, 71.28017426, 805.00
273, 71.40146637, 818.00
274, 71.55088043, 833.00
275, 71.80664063, 853.00
276, 72.05976868, 873.50
277, 72.24609375, 895.00
278, 72.48515320, 916.50
279, 72.68554688, 939.00
280, 72.94921875, 964.00
281, 73.21289063, 988.00
282, 73.39131165, 1012.50
283, 73.65234375, 1038.50
284, 73.91601563, 1063.00
285, 74.16650391, 1088.50
286, 74.41259766, 1115.50
287, 74.61914063, 1140.00
288, 74.87226868, 1165.50
289, 75.06298828, 1187.50
290, 75.23437500, 1209.50
291, 75.44882965, 1231.00
292, 75.63164520, 1249.00
293, 75.76171875, 1266.00
294, 75.93750000, 1283.50
295, 76.02362823, 1292.50
296, 76.11328125, 1304.50
297, 76.20117188, 1313.50
298, 76.28906250, 1323.00
299, 76.37695313, 1331.00
300, 76.45166016, 1341.00
301, 76.55273438, 1358.00
302, 76.64062500, 1368.00
303, 76.81640625, 1383.50
304, 76.90429688, 1395.00
305, 77.02382660, 1414.00
306, 77.25585938, 1438.50
307, 77.40966797, 1456.50
308, 77.60565948, 1476.00
309, 77.78320313, 1505.00
310, 77.97129059, 1528.50
311, 78.22265625, 1557.00
312, 78.39843750, 1583.50
313, 78.66210938, 1614.50
314, 78.92578125, 1646.50
315, 79.11562347, 1676.50
316, 79.38984680, 1709.00
317, 79.62890625, 1740.50
318, 79.89081573, 1772.00
319, 80.06835938, 1804.00
320, 80.33203125, 1834.50
321, 80.59306335, 1867.00
322, 80.77148438, 1896.50
323, 80.95517731, 1924.00
324, 81.21093750, 1950.50
325, 81.38671875, 1976.00
326, 81.53613281, 1996.50
327, 81.65126801, 2017.50
328, 81.82529449, 2035.00
329, 81.91406250, 2051.00
330, 82.00195313, 2062.50
331, 82.08984375, 2077.00
332, 82.17773438, 2089.00
333, 82.26738739, 2105.50
334, 82.35351563, 2116.50
335, 82.52314758, 2133.00
336, 82.61718750, 2148.00
337, 82.70947266, 2171.00
338, 82.87471008, 2187.00
339, 83.04697418, 2209.00
340, 83.15156555, 2230.50
341, 83.32031250, 2255.00
342, 83.55146790, 2284.00
343, 83.69120789, 2311.50
344, 83.93554688, 2347.00
345, 84.11132813, 2375.00
346, 84.37500000, 2413.00
347, 84.55957031, 2444.00
348, 84.90058136, 2487.50
349, 85.07900238, 2522.00
350, 85.34179688, 2559.50
351, 85.60546875, 2597.00
352, 85.81728363, 2636.00
353, 86.04492188, 2672.00
354, 86.30859375, 2712.00
355, 86.55029297, 2748.50
356, 86.77705383, 2786.00
357, 87.00995636, 2820.00
358, 87.18750000, 2850.50
359, 87.40546417, 2881.50
360, 87.54257965, 2909.00
361, 87.71484375, 2933.00
362, 87.89062500, 2958.50
363, 87.97851563, 2974.00
364, 88.06640625, 2987.50
365, 88.15429688, 3002.00
366, 88.24218750, 3015.00
367, 88.33007813, 3031.50
368, 88.41796875, 3045.00
369, 88.50585938, 3062.50
370, 88.67197418, 3081.50
371, 88.76601410, 3099.00
372, 88.85742188, 3116.50
373, 89.01737976, 3141.50
374, 89.20898438, 3171.00
375, 89.38476563, 3203.50
376, 89.47265625, 3223.00
377, 89.73632813, 3260.50
378, 89.91210938, 3293.50
379, 90.16963196, 3330.00
380, 90.35156250, 3367.50
381, 90.61523438, 3405.00
382, 90.84902954, 3448.00
383, 91.10917664, 3488.50
384, 91.31835938, 3530.50
385, 91.57939148, 3574.00
386, 91.83251953, 3613.50
387, 92.02148438, 3653.50
388, 92.28515625, 3693.00
389, 92.54354858, 3735.50
390, 92.72460938, 3774.50
391, 92.98740387, 3810.50
392, 93.16406250, 3844.50
393, 93.33984375, 3877.00
394, 93.51562500, 3906.00
395, 93.69052887, 3931.50
396, 93.77929688, 3952.00
397, 93.87509155, 3976.00
398, 94.00342560, 3990.50
399, 94.09745789, 4009.00
400, 94.21875000, 4024.50
401, 94.30664063, 4042.00
402, 94.39453125, 4060.00
403, 94.48242188, 4078.50
404, 94.63359070, 4101.50
405, 94.74609375, 4120.50
406, 94.92187500, 4147.50
407, 95.00976563, 4175.00
408, 95.18554688, 4199.00
409, 95.35604858, 4227.50
410, 95.53710938, 4258.50
411, 95.71289063, 4293.50
412, 95.97216034, 4335.00
413, 96.15234375, 4370.00
414, 96.39404297, 4410.50
415, 96.59355927, 4452.50
416, 96.85546875, 4495.50
417, 97.10683441, 4538.50
418, 97.30194855, 4583.00
419, 97.55859375, 4627.50
420, 97.82226563, 4669.50
421, 98.02089691, 4710.00
422, 98.26171875, 4755.00
423, 98.52539063, 4799.50
424, 98.77939606, 4840.50
425, 98.96484375, 4882.00
426, 99.20830536, 4917.50
427, 99.40429688, 4954.00
428, 99.57831573, 4983.50
429, 99.75585938, 5013.00
430, 99.85781860, 5039.00
431, 100.01953125, 5063.00
432, 100.10301971, 5075.50
433, 100.19531250, 5093.50
434, 100.28232574, 5112.00
435, 100.37109375, 5129.50
436, 100.45898438, 5140.00
437, 100.54687500, 5159.50
438, 100.63476563, 5181.00
439, 100.72265625, 5198.50
440, 100.89667511, 5221.50
441, 101.01270294, 5247.50
442, 101.18144226, 5277.00
443, 101.42314148, 5315.50
444, 101.51454926, 5338.00
445, 101.77646637, 5378.00
446, 101.87666321, 5411.00
447, 102.12890625, 5450.50
448, 102.39257813, 5495.00
449, 102.61582184, 5534.50
450, 102.83203125, 5580.50
451, 103.09570313, 5621.50
452, 103.34180450, 5667.50
453, 103.53691864, 5710.50
454, 103.79882813, 5756.50
455, 104.06162262, 5798.00
456, 104.32002258, 5840.00
457, 104.50195313, 5884.50
458, 104.76562500, 5925.00
459, 104.94140625, 5962.00
460, 105.17431641, 5999.00
461, 105.37909698, 6032.00
462, 105.55664063, 6064.50
463, 105.64540863, 6088.00
464, 105.82031250, 6117.00
465, 105.98466492, 6138.50
466, 106.08398438, 6157.00
467, 106.17627716, 6177.50
468, 106.25976563, 6187.00
469, 106.34765625, 6209.00
470, 106.45137024, 6229.50
471, 106.54364777, 6246.50
472, 106.65527344, 6263.50
473, 106.79151154, 6292.50
474, 106.95674133, 6311.50
475, 107.05078125, 6336.50
476, 107.22656250, 6365.00
477, 107.40234375, 6391.00
478, 107.56143188, 6423.00
479, 107.75390625, 6457.00
480, 107.96748352, 6496.00
481, 108.18105316, 6530.50
482, 108.45351410, 6576.50
483, 108.64863586, 6615.50
484, 108.89648438, 6662.00
485, 109.16367340, 6706.50
486, 109.40975952, 6748.50
487, 109.60312653, 6786.50
488, 109.94150543, 6832.50
489, 110.12695313, 6874.50
490, 110.39062500, 6916.50
491, 110.57783508, 6955.50
492, 110.83007813, 6999.00
493, 111.09375000, 7037.00
494, 111.26953125, 7071.50
495, 111.50244141, 7108.00
496, 111.70195770, 7134.50
497, 111.79687500, 7160.50
498, 111.97265625, 7185.50
499, 112.08954620, 7206.50
500, 112.14843750, 7218.00
501, 112.23632813, 7234.50
502, 112.32862091, 7251.50
503, 112.42793274, 7269.50
504, 112.50000000, 7281.00
505, 112.61338043, 7297.50
506, 112.76279449, 7320.00
507, 112.85156250, 7335.00
508, 112.98075867, 7354.50
509, 113.10820770, 7375.50
510, 113.29189301, 7411.00
511, 113.46679688, 7439.00
512, 113.63993835, 7461.50
513, 113.81748199, 7493.50
514, 114.00028992, 7528.50
515, 114.25781250, 7561.50
516, 114.43359375, 7597.00
517, 114.69726563, 7636.50
518, 114.96093750, 7679.50
519, 115.22460938, 7722.00
520, 115.45928192, 7758.50
521, 115.66406250, 7796.00
522, 115.92773438, 7836.50
523, 116.17997742, 7873.50
524, 116.36806488, 7910.00
525, 116.63085938, 7948.50
526, 116.89453125, 7984.50
527, 117.08174133, 8019.00
528, 117.33398438, 8054.00
529, 117.50976563, 8085.50
530, 117.69345093, 8111.00
531, 117.86132813, 8135.00
532, 118.03710938, 8161.00
533, 118.12587738, 8178.00
534, 118.21289063, 8186.50
535, 118.36405945, 8205.00
536, 118.38867188, 8216.00
537, 118.56445313, 8233.50
538, 118.56709290, 8240.00
539, 118.65234375, 8258.00
540, 118.80438995, 8274.00
541, 118.91601563, 8290.50
542, 119.06806183, 8313.00
543, 119.17968750, 8327.50
544, 119.31064606, 8353.00
545, 119.53125000, 8380.50
546, 119.64199066, 8399.00
547, 119.81337738, 8425.00
548, 120.05859375, 8458.00
549, 120.23437500, 8486.00
550, 120.49804688, 8519.00
551, 120.70020294, 8547.00
552, 120.93837738, 8582.50
553, 121.20117188, 8614.00
554, 121.46484375, 8650.50
555, 121.70830536, 8684.50
556, 121.90429688, 8717.50
557, 122.16796875, 8752.00
558, 122.43164063, 8779.50
559, 122.67685699, 8812.00
560, 122.87812042, 8846.50
561, 123.13036346, 8877.00
562, 123.31406403, 8903.50
563, 123.57421875, 8933.00
564, 123.74736023, 8954.00
565, 123.91611481, 8975.00
566, 124.08749390, 8995.50
567, 124.18945313, 9014.50
568, 124.27734375, 9024.00
569, 124.37402344, 9037.00
570, 124.45312500, 9046.50
571, 124.54453278, 9062.00
572, 124.66582489, 9068.50
573, 124.73789215, 9084.50
574, 124.89257813, 9098.50
575, 124.98046875, 9109.00
576, 125.13779449, 9125.50
577, 125.20986176, 9137.00
578, 125.41904449, 9160.00
579, 125.51571655, 9180.50
580, 125.68359375, 9198.50
581, 125.86377716, 9218.50
582, 126.12304688, 9247.50
583, 126.30059052, 9271.50
584, 126.50098419, 9294.50
585, 126.73828125, 9320.50
586, 126.99228668, 9347.50
587, 127.26562500, 9376.00
588, 127.49501801, 9405.50
589, 127.71122742, 9430.50
590, 127.96875000, 9456.00
591, 128.23066711, 9482.50
592, 128.46708679, 9506.00
593, 128.67187500, 9532.50
594, 128.93554688, 9553.50
595, 129.19833374, 9579.50
596, 129.37500000, 9601.00
597, 129.55430603, 9622.00
598, 129.80302429, 9641.50
599, 129.91464233, 9661.50
600, 130.09834290, 9674.00
601, 130.25390625, 9690.00
602, 130.33651733, 9691.00
603, 130.42968750, 9705.50
604, 130.51757813, 9712.50
605, 130.60546875, 9718.50
606, 130.69335938, 9731.50
607, 130.78125000, 9738.50
608, 130.87002563, 9748.00
609, 131.04052734, 9762.00
610, 131.13281250, 9773.00
611, 131.22070313, 9781.50
612, 131.39648438, 9794.50
613, 131.57226563, 9813.00
614, 131.74804688, 9826.50
615, 131.92118835, 9841.50
616, 132.14002991, 9862.50
617, 132.36064148, 9879.00
618, 132.53906250, 9895.50
619, 132.80184937, 9916.50
620, 132.97940063, 9935.50
621, 133.25273132, 9956.00
622, 133.50585938, 9974.00
623, 133.71943665, 9994.00
624, 134.01298523, 10014.00
625, 134.20898438, 10033.50
626, 134.47265625, 10049.00
627, 134.73544312, 10069.50
628, 134.91210938, 10084.50
629, 135.17578125, 10098.00
630, 135.43417358, 10113.50
631, 135.61523438, 10128.00
632, 135.79101563, 10144.00
633, 135.96768188, 10152.50
634, 136.14257813, 10162.50
635, 136.29814148, 10174.00
636, 136.40625000, 10183.00
637, 136.49414063, 10189.50
638, 136.58203125, 10191.50
639, 136.66992188, 10196.00
640, 136.75781250, 10207.00
641, 136.83602905, 10208.00
642, 136.93359375, 10213.50
643, 137.02148438, 10221.50
644, 137.19551086, 10226.50
645, 137.28515625, 10233.00
646, 137.46005249, 10239.50
647, 137.56112671, 10251.50
648, 137.80722046, 10260.50
649, 137.97509766, 10269.00
650, 138.16406250, 10284.50
651, 138.39082336, 10292.50
652, 138.60351563, 10303.00
653, 138.78984070, 10316.00
654, 139.04296875, 10327.50
655, 139.30664063, 10339.50
656, 139.57031250, 10349.00
657, 139.82958984, 10358.50
658, 140.00976563, 10371.00
659, 140.27343750, 10380.00
660, 140.45800781, 10387.00
661, 140.71289063, 10398.50
662, 140.97656250, 10407.00
663, 141.16288757, 10417.00
664, 141.41601563, 10424.00
665, 141.64013672, 10429.50
666, 141.85371399, 10437.00
667, 142.02157593, 10441.00
668, 142.19209290, 10444.00
669, 142.29492188, 10447.00
670, 142.38281250, 10452.00
671, 142.47070313, 10456.00
672, 142.55947876, 10456.50
673, 142.64648438, 10460.50
674, 142.75723267, 10461.00
675, 142.82402039, 10460.00
676, 142.91015625, 10464.50
677, 143.08154297, 10465.00
678, 143.17382813, 10469.50
679, 143.34608459, 10472.50
680, 143.45068359, 10475.00
681, 143.61328125, 10477.50
682, 143.78994751, 10482.00
683, 143.96484375, 10484.50
684, 144.21621704, 10489.50
685, 144.40341187, 10492.00
686, 144.58007813, 10491.50
687, 144.83320618, 10494.00
688, 145.06172180, 10497.00
689, 145.34297180, 10500.00
690, 145.54598999, 10499.50
691, 145.80966187, 10500.00
692, 146.01094055, 10500.50
693, 146.25000000, 10503.50
694, 146.51367188, 10502.00
695, 146.69912720, 10502.50
696, 146.95312500, 10502.00
697, 147.21679688, 10497.50
698, 147.39697266, 10498.00
699, 147.65625000, 10497.50
700, 147.83203125, 10496.00
701, 148.00781250, 10495.50
702, 148.18359375, 10492.50
703, 148.35937500, 10494.00
704, 148.47187805, 10494.00
705, 148.53515625, 10491.00
706, 148.62919617, 10495.50
707, 148.71446228, 10492.00
708, 148.87968445, 10486.50
709, 148.88935852, 10488.00
710, 149.02998352, 10487.00
711, 149.15039063, 10485.00
712, 149.23739624, 10483.00
713, 149.33145142, 10481.00
714, 149.50195313, 10476.50
715, 149.67509460, 10476.00
716, 149.85351563, 10470.50
717, 149.98095703, 10466.50
718, 150.20507813, 10465.00
719, 150.38085938, 10457.50
720, 150.57333374, 10454.50
721, 150.82559204, 10448.50
722, 151.06640625, 10442.00
723, 151.34062195, 10437.50
724, 151.53486633, 10430.00
725, 151.78358459, 10425.50
726, 152.00859070, 10410.50
727, 152.22656250, 10403.00
728, 152.48934937, 10397.50
729, 152.75390625, 10386.50
730, 152.93057251, 10380.00
731, 153.19335938, 10367.50
732, 153.44824219, 10362.00
733, 153.63281250, 10356.00
734, 153.81562805, 10339.50
735, 154.01602173, 10332.00
736, 154.16015625, 10325.00
737, 154.33593750, 10315.00
738, 154.42382813, 10311.50
739, 154.59346008, 10307.50
740, 154.68661499, 10303.50
741, 154.77539063, 10302.00
742, 154.86328125, 10293.50
743, 154.86680603, 10287.00
744, 155.03906250, 10283.00
745, 155.12783813, 10277.50
746, 155.21484375, 10272.50
747, 155.39062500, 10266.50
748, 155.47851563, 10258.00
749, 155.65429688, 10250.50
750, 155.84941101, 10234.50
751, 156.00585938, 10228.50
752, 156.18164063, 10217.50
753, 156.44003296, 10204.00
754, 156.62109375, 10192.50
755, 156.87597656, 10178.00
756, 157.06054688, 10162.00
757, 157.32246399, 10147.00
758, 157.57031250, 10133.00
759, 157.81991577, 10114.00
760, 158.02381897, 10096.00
761, 158.26113892, 10078.00
762, 158.46679688, 10064.00
763, 158.73046875, 10044.00
764, 158.99325562, 10027.50
765, 159.16992188, 10009.50
766, 159.43359375, 9993.50
767, 159.63574219, 9974.50
768, 159.86952209, 9956.00
769, 160.04794312, 9948.00
770, 160.22372437, 9933.00
771, 160.31250000, 9920.00
772, 160.48828125, 9910.50
773, 160.57617188, 9904.00
774, 160.66494751, 9895.00
775, 160.75195313, 9888.50
776, 160.88906860, 9877.00
777, 160.92773438, 9873.50
778, 161.01562500, 9863.50
779, 161.18701172, 9852.00
780, 161.27226257, 9846.00
781, 161.36982727, 9835.50
782, 161.53681946, 9822.50
783, 161.63261414, 9808.00
784, 161.89453125, 9789.00
785, 162.04570007, 9779.00
786, 162.16084290, 9760.00
787, 162.41923523, 9741.50
788, 162.59765625, 9724.50
789, 162.86132813, 9701.50
790, 163.03974915, 9682.00
791, 163.30166626, 9660.50
792, 163.56005859, 9632.50
793, 163.76484680, 9608.50
794, 164.00390625, 9585.00
795, 164.26757813, 9561.00
796, 164.51718140, 9532.50
797, 164.70878601, 9509.50
798, 164.97070313, 9481.50
799, 165.23437500, 9456.50
800, 165.41015625, 9432.00
801, 165.66152954, 9414.00
802, 165.84960938, 9388.50
803, 166.02539063, 9369.50
804, 166.20117188, 9351.50
805, 166.37695313, 9334.00
806, 166.46923828, 9320.50
807, 166.55273438, 9311.00
808, 166.68017578, 9297.50
809, 166.80146790, 9287.00
810, 166.87353516, 9274.50
811, 166.90429688, 9271.00
812, 167.01768494, 9260.00
813, 167.16796875, 9244.00
814, 167.25585938, 9233.00
815, 167.40263367, 9215.50
816, 167.51777649, 9203.50
817, 167.69355774, 9183.00
818, 167.87020874, 9158.00
819, 167.98271179, 9143.00
820, 168.18310547, 9121.50
821, 168.39843750, 9097.00
822, 168.57421875, 9067.00
823, 168.83789063, 9039.50
824, 169.01367188, 9015.50
825, 169.27734375, 8983.50
826, 169.54101563, 8949.50
827, 169.71679688, 8920.50
828, 169.98046875, 8891.00
829, 170.24414063, 8857.50
830, 170.45947266, 8825.50
831, 170.68359375, 8794.50
832, 170.94726563, 8758.50
833, 171.20126343, 8731.00
834, 171.41484070, 8696.00
835, 171.62051392, 8668.50
836, 171.82617188, 8641.50
837, 172.00195313, 8616.00
838, 172.17773438, 8593.50
839, 172.35351563, 8567.50
840, 172.47567749, 8552.00
841, 172.52929688, 8542.00
842, 172.70507813, 8526.00
843, 172.73057556, 8512.00
844, 172.85624695, 8499.00
845, 172.88349915, 8492.50
846, 172.99336243, 8479.50
847, 173.14453125, 8460.00
848, 173.23242188, 8441.00
849, 173.40820313, 8426.50
850, 173.46005249, 8411.00
851, 173.59188843, 8389.50
852, 173.84765625, 8360.00
853, 173.98828125, 8340.00
854, 174.11396790, 8311.00
855, 174.37500000, 8277.00
856, 174.55078125, 8250.00
857, 174.81356812, 8215.50
858, 174.99111938, 8182.50
859, 175.25390625, 8147.50
860, 175.46659851, 8110.50
861, 175.69335938, 8075.00
862, 175.95703125, 8036.00
863, 176.15039063, 8002.50
864, 176.40438843, 7965.50
865, 176.64785767, 7929.00
866, 176.89657593, 7890.50
867, 177.09960938, 7852.50
868, 177.36239624, 7816.00
869, 177.56367493, 7783.50
870, 177.77285767, 7753.00
871, 177.97851563, 7722.50
872, 178.15429688, 7697.00
873, 178.32919312, 7670.50
874, 178.42324829, 7647.00
875, 178.50585938, 7634.50
876, 178.65351868, 7613.50
877, 178.76689148, 7603.50
878, 178.85478210, 7586.00
879, 178.90312195, 7575.00
880, 178.94619751, 7560.00
881, 179.12109375, 7540.00
882, 179.21250916, 7520.50
883, 179.35136414, 7503.00
884, 179.47265625, 7480.00
885, 179.64843750, 7458.00
886, 179.79170227, 7431.50
887, 179.99032593, 7402.50
888, 180.08964539, 7378.00
889, 180.35156250, 7341.00
890, 180.56336975, 7302.50
891, 180.79101563, 7268.50
892, 180.96768188, 7230.50
893, 181.23046875, 7190.00
894, 181.49414063, 7151.50
895, 181.67959595, 7108.50
896, 181.93534851, 7067.00
897, 182.18670654, 7028.00
898, 182.43632507, 6987.50
899, 182.69735718, 6947.50
900, 182.90039063, 6903.50
901, 183.16406250, 6867.00
902, 183.33984375, 6824.50
903, 183.60351563, 6790.00
904, 183.77929688, 6752.00
905, 183.95507813, 6720.50
906, 184.15019226, 6692.00
907, 184.32421875, 6662.00
908, 184.48242188, 6639.00
909, 184.57031250, 6626.00
910, 184.65820313, 6603.50
911, 184.74609375, 6587.00
912, 184.83398438, 6571.50
913, 184.93154907, 6557.50
914, 185.00976563, 6547.00
915, 185.18026733, 6522.50
916, 185.27255249, 6502.50
917, 185.36132813, 6482.00
918, 185.53710938, 6457.00
919, 185.65664673, 6430.50
920, 185.80078125, 6403.50
921, 185.97656250, 6374.50
922, 186.15234375, 6347.50
923, 186.41601563, 6306.50
924, 186.55665588, 6274.00
925, 186.76757813, 6235.50
926, 187.03125000, 6195.00
927, 187.27383423, 6153.00
928, 187.52781677, 6108.00
929, 187.73437500, 6068.00
930, 187.98924255, 6024.00
931, 188.22918701, 5981.50
932, 188.43750000, 5939.00
933, 188.70028687, 5896.00
934, 188.93495178, 5856.50
935, 189.14062500, 5811.50
936, 189.40429688, 5772.50
937, 189.58007813, 5733.50
938, 189.82177734, 5698.00
939, 190.01953125, 5659.00
940, 190.19531250, 5632.00
941, 190.34384155, 5604.00
942, 190.48448181, 5576.50
943, 190.54687500, 5565.50
944, 190.72265625, 5538.50
945, 190.80351257, 5527.00
946, 190.83779907, 5510.50
947, 190.97840881, 5494.00
948, 190.98985291, 5482.50
949, 191.16210938, 5459.50
950, 191.25000000, 5438.00
951, 191.42489624, 5414.50
952, 191.49258423, 5396.50
953, 191.60156250, 5374.50
954, 191.77734375, 5345.50
955, 191.97773743, 5309.00
956, 192.12890625, 5282.00
957, 192.35127258, 5245.00
958, 192.54902649, 5211.50
959, 192.74414063, 5170.50
960, 192.98231506, 5131.50
961, 193.22842407, 5086.00
962, 193.44726563, 5046.00
963, 193.70477295, 5003.00
964, 193.88671875, 4961.50
965, 194.15039063, 4918.50
966, 194.41406250, 4874.00
967, 194.58984375, 4834.00
968, 194.85351563, 4789.50
969, 195.11630249, 4749.00
970, 195.29296875, 4706.00
971, 195.55575562, 4668.50
972, 195.73506165, 4630.50
973, 195.91700745, 4596.50
974, 196.09979248, 4566.00
975, 196.26679993, 4538.00
976, 196.43554688, 4509.00
977, 196.52343750, 4487.00
978, 196.67021179, 4470.00
979, 196.77569580, 4455.50
980, 196.82489014, 4440.00
981, 196.93475342, 4424.50
982, 197.01387024, 4410.50
983, 197.12461853, 4390.00
984, 197.22656250, 4371.00
985, 197.31445313, 4352.00
986, 197.49023438, 4327.00
987, 197.58340454, 4305.00
988, 197.75390625, 4274.00
989, 197.92968750, 4242.50
990, 198.10546875, 4214.00
991, 198.28125000, 4181.00
992, 198.49922180, 4145.00
993, 198.72070313, 4110.50
994, 198.90176392, 4067.00
995, 199.16015625, 4028.50
996, 199.42382813, 3984.50
997, 199.59960938, 3947.00
998, 199.86503601, 3900.50
999, 200.12519836, 3862.00
1000, 200.30361938, 3818.00
1001, 200.56640625, 3781.00
1002, 200.81951904, 3734.50
1003, 201.02519226, 3697.00
1004, 201.26953125, 3656.50
1005, 201.47695923, 3620.00
1006, 201.70898438, 3585.50
1007, 201.88476563, 3551.50
1008, 202.06054688, 3520.50
1009, 202.23632813, 3495.50
1010, 202.41210938, 3467.50
1011, 202.50088501, 3449.00
1012, 202.58789063, 3436.50
1013, 202.67930603, 3415.00
1014, 202.76367188, 3403.00
1015, 202.85331726, 3385.00
1016, 202.93945313, 3372.00
1017, 203.06161499, 3354.50
1018, 203.20312500, 3334.00
1019, 203.29013062, 3316.50
1020, 203.43077087, 3295.00
1021, 203.55468750, 3275.00
1022, 203.73046875, 3244.00
1023, 203.90625000, 3217.00
1024, 204.04864502, 3188.00
1025, 204.25692749, 3159.00
1026, 204.46961975, 3122.00
1027, 204.61112976, 3091.50
1028, 204.87304688, 3054.00
1029, 205.13671875, 3016.00
1030, 205.34327698, 2975.00
1031, 205.57705688, 2934.00
1032, 205.83456421, 2894.50
1033, 206.02703857, 2859.00
1034, 206.28369141, 2819.00
1035, 206.54296875, 2783.50
1036, 206.80664063, 2742.00
1037, 206.98242188, 2706.50
1038, 207.24609375, 2668.50
1039, 207.50801086, 2633.50
1040, 207.68554688, 2603.00
1041, 207.86132813, 2571.50
1042, 208.03974915, 2545.00
1043, 208.21289063, 2522.00
1044, 208.38163757, 2498.50
1045, 208.47656250, 2482.00
1046, 208.56445313, 2470.00
1047, 208.65322876, 2451.50
1048, 208.74023438, 2440.50
1049, 208.82812500, 2424.00
1050, 208.91337585, 2414.50
1051, 209.00390625, 2397.00
1052, 209.13574219, 2382.00
1053, 209.26405334, 2366.00
1054, 209.44335938, 2339.50
1055, 209.46093750, 2327.50
1056, 209.63319397, 2301.50
1057, 209.83886719, 2276.50
1058, 209.98211670, 2253.50
1059, 210.14648438, 2226.50
1060, 210.40663147, 2194.50
1061, 210.58593750, 2168.50
1062, 210.82411194, 2135.00
1063, 211.02803040, 2100.50
1064, 211.28906250, 2066.50
1065, 211.55273438, 2029.50
1066, 211.81465149, 1996.50
1067, 211.99218750, 1962.50
1068, 212.25585938, 1930.00
1069, 212.51864624, 1898.50
1070, 212.69531250, 1865.00
1071, 212.95898438, 1834.00
1072, 213.22265625, 1801.50
1073, 213.39843750, 1771.50
1074, 213.66035461, 1745.00
1075, 213.83789063, 1718.50
1076, 214.01367188, 1695.00
1077, 214.18945313, 1676.00
1078, 214.36083984, 1656.00
1079, 214.45312500, 1639.50
1080, 214.52432251, 1630.50
1081, 214.62890625, 1617.00
1082, 214.71679688, 1606.00
1083, 214.80644226, 1592.00
1084, 214.88818359, 1586.50
1085, 214.98046875, 1572.50
1086, 215.06835938, 1558.00
1087, 215.15713501, 1545.00
1088, 215.33114624, 1528.00
1089, 215.41992188, 1515.00
1090, 215.59570313, 1495.50
1091, 215.77148438, 1472.00
1092, 215.94726563, 1453.50
1093, 216.12304688, 1429.50
1094, 216.29882813, 1405.50
1095, 216.54052734, 1382.00
1096, 216.74180603, 1354.00
1097, 216.98789978, 1327.50
1098, 217.22871399, 1300.00
1099, 217.52665710, 1270.50
1100, 217.70507813, 1243.50
1101, 217.96875000, 1216.50
1102, 218.14453125, 1190.00
1103, 218.40820313, 1165.00
1104, 218.65606689, 1139.50
1105, 218.84765625, 1114.00
1106, 219.11132813, 1088.50
1107, 219.28710938, 1067.00
1108, 219.54022217, 1046.50
1109, 219.72656250, 1026.50
1110, 219.90234375, 1008.50
1111, 220.00692749, 994.00
1112, 220.16601563, 980.00
1113, 220.25390625, 969.00
1114, 220.41123962, 958.00
1115, 220.51669312, 947.50
1116, 220.60546875, 937.00
1117, 220.69335938, 927.00
1118, 220.78125000, 920.00
1119, 220.86914063, 909.00
1120, 220.95791626, 900.50
1121, 221.13281250, 889.00
1122, 221.24003601, 874.50
1123, 221.37451172, 862.50
1124, 221.56610107, 848.00
1125, 221.66015625, 835.00
1126, 221.83857727, 818.00
1127, 222.01171875, 803.50
1128, 222.27539063, 782.00
1129, 222.45117188, 766.00
1130, 222.65596008, 744.50
1131, 222.88973999, 726.00
1132, 223.15429688, 706.00
1133, 223.38983154, 684.00
1134, 223.67547607, 662.50
1135, 223.85742188, 644.50
1136, 224.11581421, 625.50
1137, 224.38476563, 607.00
1138, 224.56054688, 588.50
1139, 224.82421875, 570.50
1140, 225.00000000, 553.50
1141, 225.26278687, 537.00
1142, 225.45262146, 521.50
1143, 225.61698914, 508.00
1144, 225.85517883, 494.50
1145, 226.04501343, 484.50
1146, 226.14257813, 475.00
1147, 226.31835938, 464.50
1148, 226.36494446, 460.00
1149, 226.49414063, 453.50
1150, 226.58203125, 448.50
1151, 226.66992188, 442.00
1152, 226.72880554, 438.50
1153, 226.84570313, 432.00
1154, 226.93359375, 424.00
1155, 227.02323914, 418.00
1156, 227.16912842, 410.50
1157, 227.28515625, 403.00
1158, 227.45829773, 396.00
1159, 227.54971313, 385.00
1160, 227.75888062, 375.50
1161, 227.91444397, 366.50
1162, 228.16406250, 353.50
1163, 228.33984375, 342.00
1164, 228.54287720, 330.00
1165, 228.77929688, 321.00
1166, 229.01571655, 308.50
1167, 229.30575562, 293.50
1168, 229.50878906, 282.50
1169, 229.74609375, 271.00
1170, 230.00976563, 260.50
1171, 230.18994141, 252.50
1172, 230.44921875, 240.50
1173, 230.71289063, 230.50
1174, 230.96250916, 225.00
1175, 231.15498352, 213.00
1176, 231.34921265, 205.50
1177, 231.59179688, 202.00
1178, 231.76846313, 192.50
1179, 231.94335938, 191.00
1180, 232.03300476, 187.00
1181, 232.20703125, 182.00
1182, 232.29492188, 180.00
1183, 232.40917969, 177.00
1184, 232.47070313, 175.00
1185, 232.55859375, 172.50
1186, 232.64736938, 169.50
1187, 232.73437500, 168.00
1188, 232.82226563, 161.00
1189, 232.96377563, 158.00
1190, 233.08593750, 155.00
1191, 233.23271179, 156.00
1192, 233.34960938, 153.50
1193, 233.52450562, 150.00
1194, 233.70117188, 141.50
1195, 233.81983948, 143.50
1196, 234.05273438, 134.50
1197, 234.23027039, 135.50
1198, 234.47988892, 132.50
1199, 234.66796875, 129.50
1200, 234.93164063, 127.00
1201, 235.17773438, 119.00
1202, 235.45018005, 121.00
1203, 235.63652039, 114.50
1204, 235.89843750, 118.00
1205, 236.16210938, 111.50
1206, 236.34228516, 115.50
1207, 236.60772705, 110.00
1208, 236.86523438, 110.00
1209, 237.12451172, 110.50
1210, 237.31172180, 116.00
1211, 237.48310852, 116.50
1212, 237.74414063, 118.00
1213, 237.83378601, 113.50
1214, 238.00781250, 120.00
1215, 238.15722656, 121.00
1216, 238.25831604, 122.00
1217, 238.35145569, 118.00
1218, 238.44726563, 123.50
1219, 238.53515625, 120.00
1220, 238.62480164, 121.50
1221, 238.70126343, 122.00
1222, 238.79882813, 128.50
1223, 238.89375305, 125.00
1224, 239.02558899, 126.00
1225, 239.14247131, 132.50
1226, 239.24092102, 130.00
1227, 239.41406250, 137.50
1228, 239.60742188, 141.00
1229, 239.76562500, 139.00
1230, 239.95281982, 148.50
1231, 240.17518616, 147.00
1232, 240.38085938, 156.50
1233, 240.56455994, 161.50
1234, 240.82031250, 168.00
1235, 241.12265015, 171.00
1236, 241.34326172, 177.50
1237, 241.61132813, 186.50
1238, 241.85391235, 197.50
1239, 242.05781555, 205.00
1240, 242.31445313, 213.00
1241, 242.56495667, 222.50
1242, 242.75830078, 230.50
1243, 243.01757813, 236.50
1244, 243.21533203, 249.00
1245, 243.45263672, 256.50
1246, 243.63281250, 264.50
1247, 243.79891968, 271.50
1248, 243.90965271, 279.00
1249, 244.07226563, 284.50
1250, 244.18476868, 287.50
1251, 244.24804688, 293.50
1252, 244.33593750, 296.00
1253, 244.42382813, 302.50
1254, 244.53280640, 309.00
1255, 244.59960938, 311.00
1256, 244.69102478, 315.00
1257, 244.86152649, 321.50
1258, 244.95117188, 326.50
1259, 245.04081726, 332.50
1260, 245.21484375, 343.00
1261, 245.35284424, 350.50
1262, 245.56640625, 358.50
1263, 245.65869141, 368.50
1264, 245.83271790, 377.50
1265, 246.09375000, 393.50
1266, 246.26953125, 403.50
1267, 246.53320313, 418.50
1268, 246.78984070, 433.00
1269, 246.98406982, 449.00
1270, 247.24513245, 464.50
1271, 247.50088501, 483.50
1272, 247.76367188, 500.50
1273, 248.02734375, 518.00
1274, 248.23390198, 534.00
1275, 248.47119141, 552.00
1276, 248.72166443, 568.50
1277, 248.97480774, 586.50
1278, 249.16992188, 603.50
1279, 249.34570313, 618.50
1280, 249.52236938, 633.00
1281, 249.74385071, 647.00
1282, 249.87304688, 658.50
1283, 249.98291016, 670.00
1284, 250.13671875, 679.50
1285, 250.22460938, 686.50
1286, 250.31250000, 694.00
1287, 250.40039063, 702.00
1288, 250.48828125, 712.50
1289, 250.56913757, 716.00
1290, 250.66406250, 725.00
1291, 250.75195313, 733.50
1292, 250.84776306, 744.00
1293, 251.01562500, 755.50
1294, 251.10968018, 767.00
1295, 251.28369141, 782.50
1296, 251.46124268, 797.50
1297, 251.63085938, 810.00
1298, 251.80664063, 828.50
1299, 252.06855774, 849.50
1300, 252.24609375, 866.50
1301, 252.44560242, 889.50
1302, 252.68554688, 911.50
1303, 252.94921875, 935.00
1304, 253.21025085, 960.50
1305, 253.47656250, 990.00
1306, 253.66290283, 1012.50
1307, 253.97929382, 1039.50
1308, 254.17968750, 1063.50
1309, 254.44335938, 1090.00
1310, 254.70614624, 1115.50
1311, 254.88369751, 1141.00
1312, 255.14648438, 1165.50
1313, 255.32579041, 1187.50
1314, 255.49804688, 1209.00
1315, 255.67471313, 1230.50
1316, 255.84696960, 1243.50
1317, 256.02539063, 1264.50
1318, 256.11328125, 1277.50
1319, 256.12908936, 1283.50
1320, 256.28906250, 1296.50
1321, 256.34268188, 1304.00
1322, 256.46484375, 1318.50
1323, 256.52548218, 1324.50
1324, 256.64062500, 1338.00
1325, 256.72851563, 1351.00
1326, 256.82781982, 1364.00
1327, 256.99218750, 1380.50
1328, 257.08007813, 1393.00
1329, 257.25585938, 1414.00
1330, 257.43164063, 1437.00
1331, 257.59512329, 1453.00
1332, 257.78320313, 1476.00
1333, 257.95898438, 1503.00
1334, 258.22265625, 1529.00
1335, 258.40548706, 1556.00
1336, 258.65771484, 1586.50
1337, 258.90997314, 1617.50
1338, 259.13845825, 1650.50
1339, 259.38809204, 1686.50
1340, 259.64120483, 1719.00
1341, 259.89257813, 1751.50
1342, 260.15625000, 1785.50
1343, 260.41464233, 1816.50
1344, 260.60449219, 1851.00
1345, 260.85937500, 1882.00
1346, 261.08172607, 1914.50
1347, 261.29882813, 1942.00
1348, 261.47723389, 1968.00
1349, 261.72686768, 1997.50
1350, 261.82354736, 2014.50
1351, 262.00106812, 2039.00
1352, 262.08984375, 2055.00
1353, 262.17333984, 2061.00
1354, 262.26562500, 2079.00
1355, 262.35351563, 2093.50
1356, 262.44140625, 2105.50
1357, 262.45108032, 2110.50
1358, 262.61718750, 2128.00
1359, 262.70507813, 2147.00
1360, 262.81143188, 2162.00
1361, 262.96875000, 2179.00
1362, 263.05664063, 2197.50
1363, 263.23242188, 2219.50
1364, 263.40820313, 2248.00
1365, 263.58398438, 2270.50
1366, 263.74041748, 2297.00
1367, 263.94610596, 2330.00
1368, 264.14297485, 2358.50
1369, 264.36093140, 2388.50
1370, 264.58416748, 2427.50
1371, 264.81533813, 2463.00
1372, 265.08074951, 2505.00
1373, 265.34884644, 2546.00
1374, 265.60546875, 2584.50
1375, 265.86914063, 2622.50
1376, 266.05282593, 2660.00
1377, 266.30859375, 2696.50
1378, 266.57403564, 2736.50
1379, 266.81219482, 2774.00
1380, 267.03280640, 2811.00
1381, 267.27539063, 2846.00
1382, 267.44766235, 2874.50
1383, 267.62695313, 2906.50
1384, 267.79483032, 2929.00
1385, 267.89062500, 2952.50
1386, 268.06640625, 2976.00
1387, 268.15341187, 2986.50
1388, 268.24218750, 3004.00
1389, 268.32830811, 3017.50
1390, 268.41796875, 3031.00
1391, 268.50585938, 3045.00
1392, 268.58935547, 3060.00
1393, 268.68164063, 3079.00
1394, 268.77130127, 3096.50
1395, 268.94531250, 3119.50
1396, 269.03408813, 3140.50
1397, 269.20898438, 3167.50
1398, 269.38388062, 3193.50
1399, 269.55615234, 3219.00
1400, 269.73281860, 3253.00
1401, 269.91210938, 3286.00
1402, 270.17578125, 3324.00
1403, 270.35156250, 3356.00
1404, 270.60556030, 3399.00
1405, 270.80947876, 3438.50
1406, 271.05731201, 3484.00
1407, 271.31835938, 3525.00
1408, 271.58203125, 3570.50
1409, 271.84219360, 3616.00
1410, 272.10937500, 3657.50
1411, 272.28515625, 3698.50
1412, 272.54882813, 3742.50
1413, 272.81250000, 3781.50
1414, 273.00674438, 3821.00
1415, 273.25195313, 3859.50
1416, 273.42773438, 3892.50
1417, 273.60351563, 3925.50
1418, 273.70370483, 3947.00
1419, 273.92871094, 3978.00
1420, 274.04296875, 4004.00
1421, 274.13085938, 4017.00
1422, 274.20907593, 4032.50
1423, 274.30664063, 4047.50
1424, 274.39453125, 4064.00
1425, 274.47714233, 4077.50
1426, 274.57031250, 4096.50
1427, 274.65908813, 4117.00
1428, 274.74697876, 4134.00
1429, 274.92187500, 4163.00
1430, 275.04052734, 4183.00
1431, 275.18554688, 4208.00
1432, 275.36132813, 4235.50
1433, 275.52130127, 4265.50
1434, 275.71289063, 4298.00
1435, 275.90185547, 4337.00
1436, 276.13299561, 4374.00
1437, 276.32812500, 4410.00
1438, 276.57772827, 4455.50
1439, 276.76757813, 4494.50
1440, 277.03125000, 4542.00
1441, 277.29315186, 4587.50
1442, 277.55859375, 4638.50
1443, 277.82226563, 4686.50
1444, 278.08505249, 4732.50
1445, 278.30743408, 4772.50
1446, 278.52539063, 4817.00
1447, 278.78115845, 4859.00
1448, 278.99121094, 4902.00
1449, 279.22851563, 4942.00
1450, 279.40429688, 4974.00
1451, 279.58007813, 5011.50
1452, 279.75585938, 5036.50
1453, 279.84552002, 5066.00
1454, 280.01953125, 5090.50
1455, 280.10742188, 5107.50
1456, 280.19531250, 5117.50
1457, 280.28320313, 5138.00
1458, 280.37109375, 5155.50
1459, 280.45898438, 5171.50
1460, 280.54687500, 5189.50
1461, 280.63476563, 5208.00
1462, 280.75430298, 5228.00
1463, 280.89843750, 5251.00
1464, 281.00830078, 5275.50
1465, 281.15948486, 5300.00
1466, 281.33789063, 5330.50
1467, 281.51367188, 5362.50
1468, 281.64990234, 5391.00
1469, 281.86523438, 5427.50
1470, 282.04364014, 5467.00
1471, 282.23437500, 5505.00
1472, 282.48135376, 5546.00
1473, 282.74414063, 5589.50
1474, 283.00604248, 5638.00
1475, 283.27148438, 5681.50
1476, 283.53253174, 5733.50
1477, 283.75576782, 5772.50
1478, 283.97723389, 5820.50
1479, 284.23651123, 5862.50
1480, 284.50195313, 5907.50
1481, 284.67950439, 5951.50
1482, 284.94140625, 5994.50
1483, 285.19100952, 6031.50
1484, 285.37908936, 6069.00
1485, 285.55664063, 6101.50
1486, 285.73242188, 6133.00
1487, 285.89501953, 6158.00
1488, 285.99609375, 6186.50
1489, 286.16397095, 6207.00
1490, 286.21142578, 6223.50
1491, 286.26239014, 6235.50
1492, 286.40917969, 6255.00
1493, 286.52166748, 6271.50
1494, 286.56210327, 6284.00
1495, 286.68341064, 6308.00
1496, 286.78710938, 6326.00
1497, 286.87500000, 6339.00
1498, 286.98837280, 6367.00
1499, 287.13867188, 6388.50
1500, 287.31268311, 6420.50
1501, 287.49200439, 6457.00
1502, 287.66601563, 6481.50
1503, 287.84179688, 6516.50
1504, 288.02285767, 6551.00
1505, 288.19775391, 6583.50
1506, 288.45703125, 6631.50
1507, 288.66094971, 6667.00
1508, 288.98437500, 6717.00
1509, 289.16632080, 6760.50
1510, 289.48623657, 6809.00
1511, 289.68838501, 6850.50
1512, 289.95117188, 6894.00
1513, 290.21484375, 6935.00
1514, 290.39062500, 6975.00
1515, 290.65429688, 7017.00
1516, 290.91796875, 7057.50
1517, 291.09375000, 7090.50
1518, 291.26953125, 7123.50
1519, 291.45147705, 7154.50
1520, 291.61141968, 7182.00
1521, 291.79687500, 7207.50
1522, 291.88476563, 7230.00
1523, 291.97528076, 7249.00
1524, 292.12118530, 7266.50
1525, 292.21173096, 7285.00
1526, 292.31982422, 7301.50
1527, 292.41210938, 7316.50
1528, 292.50000000, 7337.00
1529, 292.58877563, 7355.00
1530, 292.76367188, 7375.50
1531, 292.85156250, 7395.50
1532, 292.94561768, 7419.00
1533, 293.11523438, 7439.00
1534, 293.28924561, 7465.50
1535, 293.39559937, 7491.00
1536, 293.63027954, 7521.50
1537, 293.81658936, 7552.00
1538, 294.01699829, 7593.50
1539, 294.18572998, 7623.50
1540, 294.43359375, 7663.00
1541, 294.69726563, 7701.00
1542, 294.93896484, 7745.50
1543, 295.22460938, 7784.00
1544, 295.45925903, 7827.50
1545, 295.67547607, 7868.00
1546, 295.92773438, 7908.50
1547, 296.19052124, 7944.50
1548, 296.45507813, 7985.50
1549, 296.63085938, 8021.00
1550, 296.89190674, 8056.00
1551, 297.07031250, 8088.00
1552, 297.24609375, 8116.00
1553, 297.42187500, 8146.00
1554, 297.59854126, 8175.50
1555, 297.77343750, 8197.50
1556, 297.87011719, 8220.00
1557, 298.03710938, 8240.00
1558, 298.12762451, 8254.50
1559, 298.21289063, 8270.50
1560, 298.30868530, 8284.00
1561, 298.38867188, 8297.00
1562, 298.48535156, 8313.00
1563, 298.65234375, 8330.00
1564, 298.74023438, 8347.50
1565, 298.82812500, 8362.50
1566, 299.00390625, 8383.50
1567, 299.09179688, 8402.50
1568, 299.26757813, 8427.00
1569, 299.44073486, 8448.00
1570, 299.60595703, 8472.00
1571, 299.79141235, 8503.00
1572, 299.97070313, 8532.00
1573, 300.23437500, 8568.00
1574, 300.41015625, 8594.00
1575, 300.67382813, 8630.50
1576, 300.91201782, 8663.50
1577, 301.19412231, 8702.00
1578, 301.45956421, 8738.50
1579, 301.64151001, 8776.00
1580, 301.90429688, 8810.00
1581, 302.16619873, 8844.50
1582, 302.41055298, 8874.50
1583, 302.67950439, 8910.00
1584, 302.87109375, 8942.00
1585, 303.13388062, 8972.50
1586, 303.31054688, 8999.00
1587, 303.48895264, 9027.00
1588, 303.75000000, 9049.50
1589, 303.84228516, 9066.50
1590, 304.01367188, 9090.00
1591, 304.16748047, 9106.50
1592, 304.18945313, 9117.50
1593, 304.32305908, 9130.00
1594, 304.44696045, 9139.00
1595, 304.51025391, 9150.50
1596, 304.54718018, 9158.00
1597, 304.62890625, 9172.50
1598, 304.79940796, 9187.00
1599, 304.89257813, 9201.50
1600, 304.98135376, 9216.50
1601, 305.15625000, 9232.00
1602, 305.24676514, 9251.00
1603, 305.49200439, 9272.50
1604, 305.59921265, 9293.50
1605, 305.77587891, 9313.00
1606, 306.03515625, 9343.00
1607, 306.21093750, 9364.50
1608, 306.46054077, 9390.50
1609, 306.65039063, 9419.00
1610, 306.91406250, 9446.00
1611, 307.17773438, 9478.00
1612, 307.44140625, 9506.00
1613, 307.70507813, 9534.50
1614, 307.88790894, 9558.50
1615, 308.14453125, 9585.50
1616, 308.38095093, 9610.50
1617, 308.63848877, 9636.00
1618, 308.85995483, 9660.50
1619, 309.10076904, 9688.50
1620, 309.29061890, 9708.50
1621, 309.53231812, 9729.50
1622, 309.63955688, 9743.50
1623, 309.81445313, 9761.00
1624, 309.99023438, 9779.00
1625, 310.16250610, 9794.00
1626, 310.25302124, 9805.00
1627, 310.25479126, 9811.00
1628, 310.39453125, 9817.50
1629, 310.44638062, 9827.50
1630, 310.60546875, 9836.00
1631, 310.69158936, 9840.50
1632, 310.78125000, 9853.00
1633, 310.86914063, 9864.00
1634, 311.00802612, 9874.00
1635, 311.13281250, 9888.00
1636, 311.30682373, 9905.50
1637, 311.48437500, 9919.50
1638, 311.57843018, 9934.00
1639, 311.79022217, 9949.50
1640, 312.01171875, 9967.50
1641, 312.18750000, 9985.00
1642, 312.45117188, 10007.00
1643, 312.64364624, 10021.00
1644, 312.89062500, 10041.00
1645, 313.15429688, 10062.50
1646, 313.40740967, 10086.00
1647, 313.68164063, 10103.50
1648, 313.87322998, 10122.00
1649, 314.12109375, 10138.50
1650, 314.38476563, 10158.00
1651, 314.56582642, 10181.00
1652, 314.87167358, 10199.00
1653, 315.08789063, 10213.50
1654, 315.29705811, 10226.50
1655, 315.52734375, 10240.50
1656, 315.70489502, 10252.00
1657, 315.84552002, 10264.50
1658, 315.97558594, 10273.50
1659, 316.14434814, 10283.00
1660, 316.23046875, 10294.50
1661, 316.31835938, 10296.50
1662, 316.40625000, 10301.00
1663, 316.49325562, 10306.00
1664, 316.58203125, 10314.50
1665, 316.66992188, 10318.50
1666, 316.75958252, 10322.50
1667, 316.85626221, 10327.50
1668, 317.02148438, 10338.00
1669, 317.10937500, 10347.00
1670, 317.28515625, 10353.50
1671, 317.46093750, 10363.50
1672, 317.63671875, 10372.50
1673, 317.72549438, 10381.00
1674, 317.98828125, 10392.50
1675, 318.16583252, 10399.50
1676, 318.39346313, 10417.00
1677, 318.60351563, 10427.00
1678, 318.86718750, 10436.00
1679, 319.13085938, 10447.00
1680, 319.38311768, 10459.00
1681, 319.62304688, 10470.50
1682, 319.91482544, 10483.50
1683, 320.10382080, 10494.00
1684, 320.35955811, 10500.50
1685, 320.62500000, 10511.00
1686, 320.80078125, 10520.50
1687, 321.04864502, 10528.00
1688, 321.24023438, 10539.50
1689, 321.41601563, 10539.00
1690, 321.59179688, 10546.00
1691, 321.76757813, 10548.50
1692, 321.93984985, 10555.00
1693, 322.03125000, 10559.00
1694, 322.11914063, 10561.00
1695, 322.20703125, 10563.50
1696, 322.35821533, 10568.50
1697, 322.46630859, 10570.50
1698, 322.52255249, 10571.50
1699, 322.64648438, 10574.50
1700, 322.73437500, 10575.00
1701, 322.82226563, 10579.50
1702, 322.99804688, 10584.50
1703, 323.15713501, 10588.00
1704, 323.25909424, 10590.50
1705, 323.35839844, 10596.00
1706, 323.59658813, 10599.00
1707, 323.70117188, 10601.50
1708, 323.89981079, 10607.50
1709, 324.14062500, 10610.00
1710, 324.34716797, 10612.00
1711, 324.57919312, 10617.00
1712, 324.83319092, 10617.50
1713, 325.10653687, 10623.50
1714, 325.29727173, 10623.50
1715, 325.60662842, 10627.50
1716, 325.81054688, 10627.00
1717, 326.07421875, 10626.50
1718, 326.33789063, 10628.00
1719, 326.55850220, 10628.00
1720, 326.77734375, 10629.50
1721, 327.04101563, 10627.00
1722, 327.21679688, 10628.00
1723, 327.39874268, 10629.50
1724, 327.57275391, 10627.50
1725, 327.74414063, 10628.00
1726, 327.90499878, 10623.00
1727, 328.03329468, 10622.50
1728, 328.17919922, 10622.50
1729, 328.27148438, 10619.50
1730, 328.33035278, 10620.50
1731, 328.44726563, 10618.50
1732, 328.53515625, 10616.00
1733, 328.62304688, 10614.50
1734, 328.76718140, 10617.00
1735, 328.88494873, 10610.50
1736, 328.97460938, 10613.50
1737, 329.08270264, 10610.50
1738, 329.23828125, 10607.50
1739, 329.41406250, 10606.00
1740, 329.50900269, 10600.00
1741, 329.75244141, 10598.50
1742, 329.94140625, 10593.50
1743, 330.11718750, 10589.00
1744, 330.38085938, 10589.00
1745, 330.58123779, 10581.00
1746, 330.82031250, 10574.50
1747, 331.08309937, 10568.50
1748, 331.34765625, 10558.50
1749, 331.61044312, 10552.50
1750, 331.87500000, 10544.00
1751, 332.12637329, 10533.50
1752, 332.31445313, 10526.00
1753, 332.57812500, 10518.50
1754, 332.81454468, 10512.50
1755, 333.06942749, 10501.00
1756, 333.27508545, 10492.00
1757, 333.45703125, 10483.00
1758, 333.67938232, 10475.00
1759, 333.80859375, 10467.50
1760, 333.98086548, 10457.50
1761, 334.07403564, 10451.50
1762, 334.24804688, 10446.50
1763, 334.33593750, 10444.00
1764, 334.42382813, 10436.00
1765, 334.51083374, 10434.50
1766, 334.59960938, 10429.50
1767, 334.68750000, 10426.00
1768, 334.77539063, 10422.00
1769, 334.86328125, 10413.50
1770, 335.03906250, 10405.50
1771, 335.12695313, 10399.00
1772, 335.29922485, 10397.50
1773, 335.47500610, 10387.50
1774, 335.60595703, 10379.50
1775, 335.74218750, 10371.50
1776, 335.91796875, 10359.50
1777, 336.17987061, 10347.00
1778, 336.35742188, 10331.00
1779, 336.59649658, 10319.00
1780, 336.80917358, 10302.50
1781, 337.05966187, 10284.00
1782, 337.32421875, 10269.50
1783, 337.58789063, 10251.50
1784, 337.84628296, 10236.50
1785, 338.09063721, 10216.50
1786, 338.29013062, 10202.00
1787, 338.55380249, 10182.50
1788, 338.81747437, 10165.00
1789, 338.99414063, 10146.00
1790, 339.25781250, 10127.50
1791, 339.43359375, 10110.00
1792, 339.62518311, 10093.50
1793, 339.87127686, 10079.50
1794, 339.96182251, 10066.00
1795, 340.13671875, 10052.50
1796, 340.24569702, 10043.00
1797, 340.31250000, 10040.50
1798, 340.47335815, 10025.00
1799, 340.50408936, 10018.50
1800, 340.63418579, 10013.00
1801, 340.66406250, 10007.50
1802, 340.75195313, 9999.00
1803, 340.90838623, 9987.00
1804, 341.01562500, 9977.00
1805, 341.10351563, 9967.00
1806, 341.27929688, 9954.50
1807, 341.39620972, 9941.50
1808, 341.60711670, 9926.00
1809, 341.74160767, 9910.50
1810, 341.89453125, 9893.00
1811, 342.15820313, 9871.50
1812, 342.33398438, 9854.50
1813, 342.51416016, 9833.50
1814, 342.77343750, 9811.00
1815, 343.03710938, 9786.00
1816, 343.29727173, 9760.50
1817, 343.56356812, 9737.50
1818, 343.82550049, 9709.50
1819, 344.01095581, 9680.50
1820, 344.26757813, 9660.00
1821, 344.53125000, 9632.00
1822, 344.76416016, 9608.00
1823, 344.97421265, 9579.50
1824, 345.23348999, 9554.00
1825, 345.44268799, 9532.50
1826, 345.65536499, 9510.50
1827, 345.84960938, 9487.00
1828, 345.98760986, 9472.50
1829, 346.11328125, 9456.00
1830, 346.28466797, 9439.50
1831, 346.28906250, 9434.00
1832, 346.39276123, 9424.50
1833, 346.46484375, 9411.50
1834, 346.55450439, 9401.50
1835, 346.64151001, 9392.00
1836, 346.73114014, 9385.50
1837, 346.90429688, 9368.00
1838, 346.98690796, 9357.50
1839, 347.08184814, 9341.00
1840, 347.25585938, 9325.50
1841, 347.43164063, 9306.50
1842, 347.52920532, 9283.50
1843, 347.69531250, 9267.00
1844, 347.87109375, 9247.50
1845, 348.13476563, 9217.00
1846, 348.31054688, 9196.50
1847, 348.48809814, 9168.00
1848, 348.75000000, 9138.00
1849, 348.98553467, 9108.50
1850, 349.27734375, 9070.00
1851, 349.45840454, 9042.50
1852, 349.72821045, 9005.00
1853, 349.98046875, 8974.50
1854, 350.24414063, 8940.50
1855, 350.47003174, 8910.00
1856, 350.68359375, 8877.00
1857, 350.94726563, 8846.50
1858, 351.21093750, 8813.00
1859, 351.38671875, 8786.00
1860, 351.56250000, 8754.50
1861, 351.78485107, 8729.00
1862, 351.91406250, 8710.00
1863, 352.08367920, 8687.00
1864, 352.18035889, 8668.00
1865, 352.30868530, 8656.50
1866, 352.38165283, 8642.50
1867, 352.52929688, 8630.50
1868, 352.53720093, 8618.00
1869, 352.61895752, 8606.50
1870, 352.74462891, 8591.00
1871, 352.85537720, 8577.00
1872, 352.96875000, 8559.00
1873, 353.09002686, 8541.00
1874, 353.23242188, 8522.50
1875, 353.36163330, 8500.50
1876, 353.49697876, 8480.50
1877, 353.67892456, 8450.00
1878, 353.84765625, 8428.00
1879, 354.05331421, 8396.50
1880, 354.28710938, 8367.00
1881, 354.46289063, 8333.50
1882, 354.72656250, 8298.00
1883, 354.97616577, 8264.50
1884, 355.24511719, 8220.50
1885, 355.42968750, 8182.50
1886, 355.69335938, 8145.00
1887, 355.95703125, 8105.00
1888, 356.21453857, 8066.50
1889, 356.39648438, 8026.50
1890, 356.66015625, 7990.00
1891, 356.92382813, 7952.00
1892, 357.09960938, 7915.00
1893, 357.36328125, 7878.00
1894, 357.53906250, 7847.50
1895, 357.71661377, 7814.50
1896, 357.89062500, 7791.50
1897, 358.06640625, 7764.50
1898, 358.15429688, 7745.50
1899, 358.26593018, 7730.50
1900, 358.41180420, 7710.50
1901, 358.49267578, 7698.50
1902, 358.55947876, 7683.50
1903, 358.67724609, 7672.00
1904, 358.68515015, 7657.00
1905, 358.85653687, 7636.50
1906, 358.94531250, 7618.00
1907, 359.03320313, 7600.50
1908, 359.20898438, 7576.50
1909, 359.29687500, 7554.00
1910, 359.47265625, 7529.00
1911, 359.64843750, 7496.00
1912, 359.82421875, 7471.00
1914, 0.21708985, 7403.50
1915, 0.43945313, 7367.50
1916, 0.63193357, 7329.50
1917, 0.87890625, 7288.50
1918, 1.14433599, 7243.00
1919, 1.40625000, 7203.00
1920, 1.66992187, 7156.50
1921, 1.89404285, 7115.00
1922, 2.10937500, 7075.50
1923, 2.37304687, 7034.50
1924, 2.63671875, 6990.50
1925, 2.88984394, 6948.00
1926, 3.07617187, 6913.50
1927, 3.25195312, 6878.00
1928, 3.50068378, 6841.00
1929, 3.67382812, 6812.00
1930, 3.78369141, 6781.50
1931, 3.95507813, 6758.50
1932, 4.12294912, 6729.00
1933, 4.21875000, 6709.50
1934, 4.30664063, 6689.50
1935, 4.39628887, 6673.00
1936, 4.48242188, 6654.00
1937, 4.57822275, 6641.50
1938, 4.74609375, 6620.50
1939, 4.83398438, 6603.00
1940, 4.92187500, 6584.50
1941, 5.02734375, 6563.00
1942, 5.18554688, 6540.00
1943, 5.27607393, 6515.50
1944, 5.51513672, 6482.50
1945, 5.62500000, 6461.00
1946, 5.80078125, 6427.50
1947, 6.00820303, 6390.50
1948, 6.18662119, 6354.00
1949, 6.41601563, 6316.00
1950, 6.67968750, 6271.00
1951, 6.85546875, 6230.50
1952, 7.11914063, 6184.50
1953, 7.38281250, 6139.50
1954, 7.64648438, 6091.50
1955, 7.90664053, 6047.00
1956, 8.12724590, 6000.00
1957, 8.34960938, 5958.00
1958, 8.61328125, 5913.50
1959, 8.86464882, 5869.50
1960, 9.07822227, 5826.50
1961, 9.31640625, 5784.00
1962, 9.49218750, 5748.50
1963, 9.73476601, 5710.00
1964, 9.92900372, 5680.00
1965, 10.01953125, 5654.50
1966, 10.19443321, 5627.00
1967, 10.28408241, 5604.00
1968, 10.37109375, 5592.00
1969, 10.47656250, 5571.50
1970, 10.54687500, 5557.00
1971, 10.63476563, 5537.00
1972, 10.72265625, 5524.50
1973, 10.81054688, 5507.50
1974, 10.96171856, 5488.00
1975, 11.07421875, 5467.00
1976, 11.16210938, 5441.50
1977, 11.33525372, 5415.00
1978, 11.44072247, 5390.50
1979, 11.64902306, 5354.50
1980, 11.77734375, 5330.50
1981, 12.00058556, 5291.50
1982, 12.21679688, 5254.50
1983, 12.39257813, 5218.00
1984, 12.64745998, 5175.00
1985, 12.83642578, 5134.00
1986, 13.09570313, 5089.50
1987, 13.35937500, 5041.50
1988, 13.62304688, 4998.50
1989, 13.79882813, 4951.50
1990, 14.06250000, 4906.00
1991, 14.25761700, 4862.50
1992, 14.53886700, 4818.50
1993, 14.81396484, 4772.50
1994, 15.02841854, 4732.00
1995, 15.29033184, 4689.00
1996, 15.46875000, 4652.50
1997, 15.64453125, 4617.00
1998, 15.82998085, 4580.00
1999, 15.99609375, 4554.50
2000, 16.16835976, 4526.00
2001, 16.26679611, 4505.00
2002, 16.34765625, 4492.00
2003, 16.43554688, 4471.50
2004, 16.52343750, 4459.00
2005, 16.61748123, 4442.00
2006, 16.69921875, 4430.50
2007, 16.78710938, 4412.00
2008, 16.89521408, 4387.50
2009, 17.00683594, 4370.00
2010, 17.13867188, 4349.50
2011, 17.29335976, 4327.00
2012, 17.40234375, 4298.00
2013, 17.57812500, 4263.00
2014, 17.75390625, 4236.50
2015, 17.92968750, 4207.00
2016, 18.12392616, 4168.00
2017, 18.30498123, 4136.00
2018, 18.57216835, 4089.00
2019, 18.78310585, 4053.50
2020, 19.06083870, 4006.00
2021, 19.24804688, 3963.00
2022, 19.51171875, 3922.00
2023, 19.77539063, 3879.00
2024, 20.03730392, 3834.00
2025, 20.27285194, 3792.50
2026, 20.47851563, 3750.00
2027, 20.74218750, 3711.00
2028, 20.94873047, 3669.00
2029, 21.17724609, 3634.00
2030, 21.35742188, 3601.50
2031, 21.53320313, 3570.00
2032, 21.70898438, 3535.50
2033, 21.88476563, 3511.50
2034, 22.04121017, 3486.00
2035, 22.14843750, 3463.00
2036, 22.24863243, 3445.50
2037, 22.32421875, 3430.50
2038, 22.41562462, 3413.00
2039, 22.51581955, 3396.00
2040, 22.63622856, 3379.50
2041, 22.76103592, 3364.00
2042, 22.84892654, 3348.00
2043, 22.93945313, 3330.00
2044, 23.02734375, 3308.50
2045, 23.20312500, 3285.00
2046, 23.31386757, 3264.50
2047, 23.47118950, 3236.50
2048, 23.46943283, 3235.50