2	10.72265625	11660
3	10.63740253	11661.5
4	10.63476563	11661.5
5	10.57060528	11658.5
6	10.546875	11659.5
7	10.52665997	11661.5
8	10.46249962	11661
9	10.45898438	11664.5
10	10.45898438	11661.5
11	10.37109375	11668.5
12	10.27880859	11665.5
13	10.1953125	11663
14	10.10742188	11661
15	10.01953125	11660.5
16	9.93164063	11659
17	9.84375	11657
18	9.75585938	11658
19	9.65478516	11656.5
20	9.57304668	11657
21	9.41396523	11660
22	9.31640625	11657.5
23	9.22851563	11661
24	9.13974571	11657.5
25	8.96484375	11660
26	8.87695313	11663.5
27	8.73808575	11660.5
28	8.61328125	11663
29	8.52275372	11659
30	8.35400391	11659.5
31	8.26171875	11659.5
32	8.15097618	11661
33	7.9998045	11655
34	7.91015625	11656
35	7.76865244	11652.5
36	7.65615225	11655.5
37	7.55859375	11658
38	7.47070313	11659.5
39	7.3828125	11658
40	7.29492188	11656.5
41	7.20703125	11659
42	7.11914063	11655.5
43	7.02158213	11653
44	6.89941406	11648.5
45	6.76757813	11651
46	6.6796875	11648.5
47	6.59443331	11648.5
48	6.52060556	11650
49	6.45117188	11647.5
50	6.34218788	11646.5
51	6.2718749	11650.5
52	6.18486357	11652
53	6.15234375	11650.5
54	6.074121	11648
55	6.06445313	11653.5
56	5.9765625	11654.5
57	5.89130831	11650.5
58	5.88603544	11651
59	5.80078125	11650
60	5.71289063	11648.5
61	5.6645503	11648
62	5.625	11647.5
63	5.53710938	11648.5
64	5.53623056	11652
65	5.44570303	11649
66	5.36132813	11649.5
67	5.29892588	11648.5
68	5.2734375	11648
69	5.22158194	11649
70	5.14248037	11645
71	5.0915041	11648
72	5.00976563	11649
73	4.921875	11646
74	4.87177753	11645
75	4.77509785	11642
76	4.66347647	11637
77	4.57119131	11643
78	4.48242188	11644
79	4.39453125	11643.5
80	4.30664063	11643.5
81	4.21875	11644
82	4.16865253	11645
83	4.04296875	11647
84	3.95507813	11642.5
85	3.8671875	11643
86	3.77929687	11642.5
87	3.67558599	11637.5
88	3.59648418	11636
89	3.42861319	11635
90	3.33984375	11636
91	3.25107431	11635.5
92	3.09199214	11637.5
93	2.99970722	11638
94	2.90039063	11640
95	2.79931641	11639.5
96	2.63671875	11638.5
97	2.54794931	11639
98	2.41611338	11638
99	2.28515625	11638
100	2.19726562	11636
101	2.02939463	11636
102	1.93359375	11633.5
103	1.84570313	11634.5
104	1.7578125	11630.5
105	1.59082031	11631
106	1.49414062	11630.5
107	1.40625	11634
108	1.31835937	11634
109	1.23046875	11639
110	1.14257812	11635.5
111	1.0546875	11636
112	0.96679688	11637
113	0.79541016	11636
114	0.703125	11638
115	0.61523437	11634.5
116	0.60732418	11634
117	0.51679689	11633
118	0.43769532	11632
119	0.34101564	11631
120	0.26367188	11633.5
121	0.17578125	11633
122	0.08876953	11631
123	0.08173828	11632.5
126	359.9121094	11635.5
127	359.8242188	11634
128	359.7802734	11634
129	359.6642456	11631
130	359.6475525	11634
131	359.5605469	11630.5
132	359.4884644	11631
133	359.3979492	11633.5
134	359.3847656	11630.5
135	359.2994995	11633
136	359.296875	11632
137	359.2089844	11635.5
138	359.1712036	11634
139	359.1096802	11634
140	359.0332031	11634.5
141	358.9453125	11636
142	358.8609314	11634
143	358.7730408	11631.5
144	358.6869202	11633.5
145	358.59375	11627
146	358.5076294	11630.5
147	358.4179688	11629.5
148	358.3300781	11629
149	358.2421875	11632.5
150	358.1542969	11633
151	358.0664063	11628
152	357.9864197	11634.5
153	357.890625	11633
154	357.8027344	11634
155	357.7148438	11635.5
156	357.6190491	11634
157	357.4573364	11635.5
158	357.3870239	11634
159	357.2753906	11629.5
160	357.1875	11628
161	357.0275269	11632
162	356.9238281	11628.5
163	356.8359375	11631
164	356.7084961	11633
165	356.5722656	11634.5
166	356.4465942	11635
167	356.3085938	11636.5
168	356.2207031	11632
169	356.0827026	11636
170	355.9570313	11634
171	355.8682556	11632.5
172	355.6933594	11631
173	355.6054688	11632.5
174	355.5175781	11627.5
175	355.4296875	11629.5
176	355.3417969	11635
177	355.2539063	11633
178	355.1167908	11630
179	355.0324097	11629.5
180	354.9893494	11633
181	354.8144531	11630.5
182	354.7265625	11633
183	354.6386719	11634.5
184	354.5507813	11631.5
185	354.4628906	11633
186	354.375	11634.5
187	354.2932739	11635.5
188	354.2871094	11633
189	354.1983337	11632
190	354.1113281	11631.5
191	354.0234375	11631
192	353.9496155	11632.5
193	353.9346619	11631
194	353.8476563	11635
195	353.7993164	11633
196	353.7579956	11632.5
197	353.6744995	11635.5
198	353.5839844	11633.5
199	353.5839844	11631.5
200	353.4960938	11633
201	353.4082031	11635
202	353.3211975	11631.5
203	353.3185425	11633.5
204	353.2825317	11631.5
205	353.182312	11634
206	353.1445313	11634.5
207	353.1190491	11633.5
208	352.96875	11632
209	352.9520569	11637
210	352.8729553	11635
211	352.7929688	11635
212	352.7041931	11633.5
213	352.6171875	11633.5
214	352.5292969	11633.5
215	352.4414063	11636
216	352.3535156	11633
217	352.265625	11636
218	352.1777344	11635.5
219	352.0898438	11632
220	352.0019531	11636
221	351.9140625	11635
222	351.8261719	11636
223	351.7171936	11637
224	351.5660095	11640
225	351.4746094	11640
226	351.3867188	11635.5
227	351.2970581	11637.5
228	351.1907349	11637
229	351.0536194	11636.5
230	350.9472656	11635
231	350.7767639	11641.5
232	350.6835938	11638.5
233	350.5860291	11638
234	350.4199219	11640.5
235	350.3320313	11640.5
236	350.2028198	11639
237	350.0683594	11641
238	349.9804688	11641.5
239	349.8864136	11639.5
240	349.7167969	11643
241	349.6289063	11639.5
242	349.5410156	11640
243	349.4276428	11640.5
244	349.3643494	11642.5
245	349.2738342	11641.5
246	349.1894531	11640
247	349.0813599	11643.5
248	348.9257813	11643.5
249	348.8378906	11643.5
250	348.75	11643.5
251	348.6621094	11647
252	348.5742188	11648.5
253	348.4863281	11645.5
254	348.3984375	11649.5
255	348.3096619	11646
256	348.2226563	11648
257	348.1470642	11644.5
258	348.1347656	11643
259	348.0521545	11645
260	347.979187	11646
261	347.9537048	11649
262	347.8710938	11646
263	347.8447266	11644
264	347.7832031	11645.5
265	347.6953125	11648.5
266	347.6074219	11647.5
267	347.5713806	11648
268	347.5195313	11649.5
269	347.4316406	11650.5
270	347.3824158	11648.5
271	347.34198	11649
272	347.2558594	11650
273	347.2558594	11653.5
274	347.1679688	11648
275	347.0827026	11646.5
276	346.9930725	11651.5
277	346.9042969	11653.5
278	346.9042969	11648
279	346.8164063	11651
280	346.7285156	11656
281	346.6362305	11655
282	346.5527344	11654
283	346.4402466	11655.5
284	346.3769531	11652.5
285	346.2890625	11656
286	346.2011719	11651
287	346.1132813	11652
288	346.0253906	11653.5
289	345.9375	11656
290	345.8012695	11658.5
291	345.6738281	11657.5
292	345.6518555	11656.5
293	345.4989319	11660
294	345.4101563	11660
295	345.3213806	11661.5
296	345.1825256	11663
297	345.0585938	11661.5
298	344.9707031	11664.5
299	344.8546753	11665
300	344.7070313	11665.5
301	344.6147461	11664.5
302	344.4433594	11668
303	344.3554688	11668.5
304	344.2666931	11669
305	344.0935669	11669
306	344.0039063	11671
307	343.82901	11674
308	343.7850647	11671
309	343.6672669	11675.5
310	343.5644531	11674.5
311	343.4756775	11678.5
312	343.3869019	11676
313	343.2137756	11675.5
314	343.1689453	11676.5
315	343.125	11676
316	343.0125122	11677.5
317	342.8613281	11678.5
318	342.7734375	11679
319	342.6855469	11681
320	342.5976563	11678.5
321	342.5097656	11681
322	342.4253845	11686.5
323	342.3339844	11680
324	342.2469788	11683.5
325	342.2320252	11686.5
326	342.1582031	11684
327	342.0703125	11684
328	341.9938355	11685
329	341.9701233	11685
330	341.8945313	11686
331	341.8813477	11683
332	341.8066406	11685.5
333	341.71875	11687.5
334	341.643158	11688
335	341.6176758	11690
336	341.5429688	11689.5
337	341.4550781	11690
338	341.3759766	11691
339	341.3671875	11691
340	341.2792969	11694
341	341.2792969	11692
342	341.1878967	11694
343	341.1237183	11692.5
344	341.0296936	11694.5
345	341.0112305	11691.5
346	340.867096	11694.5
347	340.8398438	11694.5
348	340.7519531	11694.5
349	340.6640625	11694.5
350	340.5761719	11699
351	340.4882813	11700
352	340.4003906	11702
353	340.3125	11703.5
354	340.2246094	11704
355	340.1367188	11704.5
356	340.0488281	11704
357	339.9609375	11703.5
358	339.8668823	11707.5
359	339.750885	11705.5
360	339.609375	11709
361	339.5214844	11710.5
362	339.4335938	11711.5
363	339.3457031	11715
364	339.1936646	11713.5
365	339.0820313	11716
366	338.9941406	11719.5
367	338.8526306	11718
368	338.757721	11720
369	338.6425781	11720.5
370	338.48526	11724
371	338.3789063	11723.5
372	338.2857361	11722.5
373	338.1785278	11725.5
374	338.0273438	11725.5
375	337.9385681	11725
376	337.7636719	11726.5
377	337.6854553	11726
378	337.5878906	11727
379	337.5	11729.5
380	337.4121094	11731
381	337.3242188	11733.5
382	337.1756897	11733
383	337.144043	11729.5
384	336.9902344	11732.5
385	336.9216614	11733.5
386	336.796875	11737
387	336.7089844	11737.5
388	336.6210938	11740.5
389	336.5332031	11740.5
390	336.4453125	11739.5
391	336.3574219	11742.5
392	336.2721558	11742
393	336.2677612	11742.5
394	336.1781311	11743.5
395	336.094635	11742
396	336.0120239	11742.5
397	336.0023499	11748
398	335.9179688	11747
399	335.8300781	11747
400	335.8274536	11749.5
401	335.7421875	11748.5
402	335.7342835	11746.5
403	335.605072	11748
404	335.5664063	11750
405	335.4785156	11750
406	335.390625	11749.5
407	335.38974	11750.5
408	335.3027344	11750.5
409	335.3027344	11750.5
410	335.2148438	11756
411	335.1269531	11756
412	335.1181641	11755.5
413	334.9652405	11756.5
414	334.9467773	11756.5
415	334.8632813	11758
416	334.7753906	11757.5
417	334.6875	11760.5
418	334.5820313	11758.5
419	334.5117188	11761.5
420	334.4238281	11762
421	334.3359375	11763.5
422	334.2480469	11766
423	334.1601563	11766
424	334.0722656	11768
425	333.9817505	11766
426	333.8938599	11769
427	333.8068237	11769.5
428	333.6679688	11766
429	333.5668945	11769
430	333.4570313	11767
431	333.3691406	11773
432	333.213562	11773
433	333.1274414	11776
434	333.0175781	11774
435	332.9288025	11778.5
436	332.7565308	11781
437	332.6660156	11780
438	332.5746155	11787
439	332.4023438	11784
440	332.3144531	11787.5
441	332.220398	11790
442	332.0507813	11788.5
443	331.9628906	11791.5
444	331.8143616	11788
445	331.7001038	11789
446	331.6113281	11789
447	331.5005798	11791.5
448	331.4188538	11796.5
449	331.3476563	11793.5
450	331.2597656	11796
451	331.171875	11798
452	331.0576172	11796.5
453	330.9082031	11801
454	330.8203125	11797
455	330.7324219	11799
456	330.6454163	11801.5
457	330.5592651	11801.5
458	330.46875	11804
459	330.3817444	11807
460	330.2947388	11809.5
461	330.2692261	11807.5
462	330.2050781	11809.5
463	330.1171875	11813
464	330.04776	11810
465	330.0292969	11811
466	329.9414063	11816
467	329.8728638	11814
468	329.8535156	11812
469	329.765625	11816
470	329.7093811	11813
471	329.6575317	11817.5
472	329.5898438	11813.5
473	329.5019531	11817.5
474	329.4940491	11815.5
475	329.4140625	11816
476	329.341095	11817
477	329.3261719	11820
478	329.2382813	11819.5
479	329.1539002	11821
480	329.0651245	11822
481	329.0475769	11822
482	328.9746094	11821.5
483	328.8867188	11823
484	328.8032227	11824.5
485	328.7109375	11828
486	328.6230469	11826.5
487	328.5351563	11836
488	328.4472656	11826.5
489	328.291687	11830.5
490	328.2705994	11833.5
491	328.1835938	11831
492	328.0957031	11832
493	328.0078125	11833.5
494	327.9172974	11833
495	327.8232422	11833
496	327.65625	11835
497	327.6026306	11839
498	327.4804688	11842
499	327.3908081	11839
500	327.23349	11837.5
501	327.1289063	11838
502	327.0410156	11842
503	326.9460754	11841
504	326.7773438	11842.5
505	326.6841736	11846
506	326.5154419	11848.5
507	326.3501892	11848
508	326.3036194	11851
509	326.1621094	11853
510	326.0742188	11856.5
511	325.9643555	11855
512	325.8105469	11857
513	325.7226563	11861
514	325.6347656	11861
515	325.546875	11863
516	325.4580994	11862.5
517	325.3209839	11862
518	325.2155151	11862
519	325.1337891	11865.5
520	325.0335999	11867.5
521	324.9316406	11867
522	324.84375	11865.5
523	324.7558594	11870.5
524	324.6679688	11872.5
525	324.5721741	11872
526	324.4921875	11869.5
527	324.4042969	11872.5
528	324.3164063	11875.5
529	324.2337952	11871
530	324.1942444	11876
531	324.140625	11877
532	324.0527344	11878
533	323.9701233	11879.5
534	323.9639587	11882.5
535	323.8769531	11877
536	323.8769531	11882
537	323.7890625	11882.5
538	323.7143555	11884.5
539	323.6343689	11883.5
540	323.6132813	11883.5
541	323.5253906	11882.5
542	323.4375	11886
543	323.3601685	11885
544	323.3496094	11884
545	323.2617188	11887.5
546	323.2617188	11888
547	323.1738281	11890.5
548	323.1536255	11888
549	323.017395	11889
550	322.9584961	11893
551	322.8837891	11894.5
552	322.8222656	11893
553	322.6825256	11896
554	322.6438599	11896.5
555	322.5585938	11896.5
556	322.4707031	11895
557	322.3828125	11899
558	322.2193298	11898
559	322.2070313	11897
560	322.1112366	11901.5
561	322.03125	11899.5
562	321.9407349	11900.5
563	321.7983398	11903
564	321.6805725	11906.5
565	321.5917969	11909
566	321.4942322	11904.5
567	321.4081116	11909
568	321.3193359	11908
569	321.1523438	11909
570	321.0591736	11910
571	320.8886719	11910.5
572	320.8007813	11911
573	320.7128906	11912
574	320.5652466	11915.5
575	320.4492188	11915
576	320.3331909	11915.5
577	320.1855469	11920
578	320.0976563	11921.5
579	319.9807434	11921.5
580	319.8339844	11923.5
581	319.7460938	11924
582	319.6582031	11928.5
583	319.5703125	11930.5
584	319.4033203	11926
585	319.3092651	11930
586	319.21875	11931
587	319.1334839	11931.5
588	319.0455933	11930.5
589	318.9550781	11934.5
590	318.8671875	11937
591	318.7634888	11938.5
592	318.6843567	11940
593	318.5850525	11942.5
594	318.515625	11946
595	318.4039917	11943
596	318.3380737	11943
597	318.2519531	11947
598	318.2519531	11945.5
599	318.158783	11946
600	318.0761719	11946
601	317.9882813	11948
602	317.9838867	11947
603	317.9003906	11946.5
604	317.8125	11947
605	317.7246094	11950.5
606	317.7228394	11953.5
607	317.6376038	11955
608	317.5532227	11957
609	317.5031128	11959
610	317.4609375	11958
611	317.3730469	11960.5
612	317.3730469	11956
613	317.2851563	11959.5
614	317.2350464	11959.5
615	317.1146545	11959.5
616	317.1058655	11960
617	317.0214844	11962.5
618	316.9907227	11960.5
619	316.8694458	11963
620	316.8457031	11966.5
621	316.7499085	11971
622	316.6672974	11970.5
623	316.5433655	11970
624	316.4414063	11972.5
625	316.40625	11972.5
626	316.3104553	11972
627	316.2111206	11978.5
628	316.1021423	11977
629	316.0450134	11976.5
630	315.9360352	11976.5
631	315.7910156	11980.5
632	315.704895	11979.5
633	315.6152344	11981
634	315.5273438	11983.5
635	315.4385681	11985
636	315.2636719	11987.5
637	315.1757813	11991
638	315.0878906	11991.5
639	314.9586792	11992
640	314.8242188	11994.5
641	314.7310486	11999
642	314.5605469	11998.5
643	314.4726563	12002.5
644	314.3153381	12004.5
645	314.2089844	12007
646	314.1210938	12006.5
647	313.948822	12007
648	313.8574219	12008
649	313.7695313	12010.5
650	313.6816406	12012
651	313.5234375	12016.5
652	313.4179688	12015.5
653	313.3300781	12020
654	313.2421875	12021.5
655	313.1542969	12023
656	313.0664063	12024
657	312.9706116	12028.5
658	312.8220825	12025
659	312.7148438	12027.5
660	312.6269531	12030.5
661	312.602356	12031.5
662	312.4511719	12031.5
663	312.4467773	12033.5
664	312.2753906	12033
665	312.1875	12035
666	312.1839905	12038.5
667	312.0996094	12038.5
668	312.0996094	12037
669	312.0117188	12041.5
670	311.9229431	12044.5
671	311.8359375	12042
672	311.833313	12045.5
673	311.7480469	12044.5
674	311.6645508	12045.5
675	311.6601563	12049
676	311.5722656	12047
677	311.484375	12049
678	311.48349	12046
679	311.3964844	12050
680	311.3085938	12050
681	311.2215881	12052.5
682	311.2207031	12053
683	311.1328125	12051
684	311.0923767	12050.5
685	311.0387573	12054.5
686	310.9561462	12053
687	310.8691406	12056.5
688	310.8128967	12057.5
689	310.78125	12056
690	310.6871948	12059
691	310.5175781	12063.5
692	310.4296875	12064
693	310.3417969	12067.5
694	310.2539063	12067
695	310.1660156	12065.5
696	310.078125	12068
697	309.9902344	12074.5
698	309.9023438	12068.5
699	309.8144531	12069.5
700	309.723938	12071.5
701	309.5621948	12076
702	309.5121155	12073.5
703	309.375	12074.5
704	309.2871094	12079
705	309.1992188	12081.5
706	309.0770569	12083.5
707	308.9373169	12087
708	308.8476563	12084.5
709	308.7579956	12090.5
710	308.5839844	12086.5
711	308.4934692	12092
712	308.3203125	12094
713	308.2377014	12094
714	308.1445313	12094
715	307.9968872	12097.5
716	307.8808594	12100
717	307.7499085	12100.5
718	307.6242371	12105
719	307.5380859	12105
720	307.4414063	12107.5
721	307.3535156	12108
722	307.265625	12113
723	307.1768494	12112.5
724	307.0898438	12113
725	307.0019531	12110.5
726	306.8894653	12113.5
727	306.7382813	12114
728	306.6503906	12117.5
729	306.5625	12116
730	306.4746094	12117
731	306.4244995	12122.5
732	306.3410034	12120.5
733	306.2276306	12121
734	306.138855	12118.5
735	306.1230469	12122
736	306.0360413	12123.5
737	305.9472656	12124.5
738	305.8901367	12128
739	305.859375	12125.5
740	305.8567505	12130
741	305.7714844	12128.5
742	305.6835938	12125
743	305.6704102	12128
744	305.5834045	12130
745	305.5078125	12131
746	305.4199219	12130
747	305.3320313	12131
748	305.3179627	12133
749	305.2441406	12133.5
750	305.2441406	12132
751	305.15625	12136.5
752	305.0683594	12137
753	305.0683594	12137
754	304.9110413	12137
755	304.8872986	12137
756	304.8046875	12141.5
757	304.7167969	12138
758	304.6289063	12143
759	304.5410156	12143
760	304.453125	12144
761	304.3652344	12143
762	304.2773438	12146
763	304.1604309	12147.5
764	304.1015625	12149.5
765	304.0136719	12149.5
766	303.9257813	12153
767	303.8378906	12151.5
768	303.749115	12152.5
769	303.5979614	12154
770	303.5135803	12154.5
771	303.3984375	12156
772	303.3105469	12158.5
773	303.2226563	12159.5
774	303.0609436	12163
775	302.9589844	12166.5
776	302.834198	12163.5
777	302.7278442	12167.5
778	302.6074219	12167
779	302.5098572	12169.5
780	302.34375	12173
781	302.2558594	12174.5
782	302.1020508	12173.5
783	301.9921875	12179
784	301.9042969	12178
785	301.7399292	12177.5
786	301.640625	12181
787	301.5527344	12177.5
788	301.4648438	12180
789	301.3743286	12180
790	301.2890625	12180.5
791	301.1739197	12182.5
792	301.1132813	12182.5
793	301.0280151	12185.5
794	300.9375	12185.5
795	300.8496094	12185.5
796	300.7626038	12189.5
797	300.6738281	12193
798	300.5859375	12190
799	300.4980469	12190.5
800	300.4101563	12191.5
801	300.3222656	12193.5
802	300.234375	12192.5
803	300.2097778	12194
804	300.1227417	12195
805	300.0559692	12195
806	299.9707031	12198.5
807	299.8828125	12202
808	299.8353577	12199
809	299.7562561	12199.5
810	299.7070313	12201
811	299.6200256	12204
812	299.5734253	12206
813	299.53125	12204
814	299.4433594	12200
815	299.4371948	12205
816	299.3554688	12201
817	299.2675781	12207
818	299.2148438	12206.5
819	299.1665039	12206.5
820	299.0917969	12206.5
821	299.0039063	12205
822	299.0039063	12208.5
823	298.9160156	12208
824	298.828125	12211.5
825	298.7437439	12211
826	298.6848755	12213
827	298.6523438	12213.5
828	298.4765625	12212
829	298.3904419	12213.5
830	298.3798828	12213.5
831	298.2216797	12216.5
832	298.125	12216
833	298.0371094	12219
834	297.9492188	12219
835	297.8613281	12222.5
836	297.7734375	12222
837	297.6855469	12225.5
838	297.5967712	12223
839	297.4253845	12225.5
840	297.3339844	12228.5
841	297.1828003	12228
842	297.140625	12229
843	297.0289917	12228
844	296.8883667	12234
845	296.719635	12232.5
846	296.6308594	12231.5
847	296.5429688	12232
848	296.4506836	12232
849	296.2775269	12238.5
850	296.1158142	12239.5
851	296.0209045	12243
852	295.9277344	12245.5
853	295.8354492	12243.5
854	295.7167969	12243
855	295.586731	12247.5
856	295.4882813	12248
857	295.3757935	12250.5
858	295.2993164	12252
859	295.2167053	12253
860	295.1226502	12253
861	295.0101624	12255
862	294.8730469	12255
863	294.7781067	12256.5
864	294.6972656	12257.5
865	294.609375	12257
866	294.5214844	12258.5
867	294.4335938	12259.5
868	294.3457031	12261.5
869	294.2578125	12263
870	294.1699219	12264.5
871	294.0952148	12266
872	294.0820313	12263
873	293.9950256	12267
874	293.9501953	12266
875	293.90625	12268
876	293.8183594	12270.5
877	293.8042908	12271
878	293.7278442	12275
879	293.6425781	12274.5
880	293.5564575	12277
881	293.5186462	12274.5
882	293.4667969	12274
883	293.3789063	12274
884	293.3270569	12272
885	293.2901306	12273.5
886	293.203125	12278
887	293.1565552	12276.5
888	293.1134644	12275
889	293.0273438	12276
890	292.9394531	12274.5
891	292.8638611	12278
892	292.8497925	12280
893	292.7636719	12283
894	292.6757813	12284
895	292.5878906	12282
896	292.5	12287
897	292.4121094	12286
898	292.282898	12286.5
899	292.1695252	12286.5
900	292.1475525	12288
901	292.0605469	12288
902	291.9726563	12291
903	291.872467	12290.5
904	291.7406311	12291.5
905	291.6210938	12291.5
906	291.5332031	12291.5
907	291.4444275	12293
908	291.3539124	12293.5
909	291.1842651	12293
910	291.09375	12293
911	291.0058594	12297
912	290.8933716	12300.5
913	290.7421875	12297
914	290.6437378	12302.5
915	290.4873047	12304.5
916	290.38974	12303.5
917	290.3009644	12302.5
918	290.1322327	12303
919	290.0390625	12306.5
920	289.9133911	12308
921	289.7753906	12308
922	289.6875	12311.5
923	289.5996094	12312.5
924	289.5099487	12315
925	289.405365	12311.5
926	289.2691345	12313
927	289.1601563	12314.5
928	289.0722656	12314.5
929	288.9905396	12314.5
930	288.8964844	12314
931	288.8085938	12316.5
932	288.7207031	12315.5
933	288.6257629	12319
934	288.5387573	12320.5
935	288.4570313	12319
936	288.3691406	12318.5
937	288.28125	12319.5
938	288.1933594	12319.5
939	288.1256714	12319.5
940	288.0993042	12322
941	288.0175781	12320
942	287.9296875	12325.5
943	287.8479614	12322.5
944	287.8417969	12328
945	287.7547913	12322
946	287.7539063	12325
947	287.6660156	12324
948	287.5807495	12326
949	287.4902344	12329.5
950	287.4603577	12326.5
951	287.4023438	12329.5
952	287.3144531	12329
953	287.2274475	12330
954	287.2265625	12328
955	287.2265625	12329.5
956	287.1386719	12330.5
957	287.0507813	12332
958	286.9672852	12329.5
959	286.8820496	12330
960	286.8248901	12330
961	286.7871094	12332
962	286.6992188	12332
963	286.6113281	12332
964	286.5234375	12335
965	286.4355469	12332.5
966	286.3476563	12334
967	286.2597656	12337.5
968	286.171875	12334
969	286.038269	12335.5
970	285.9960938	12335.5
971	285.9082031	12335
972	285.7789917	12340
973	285.6445313	12337.5
974	285.5566406	12338
975	285.46875	12341.5
976	285.3790894	12336
977	285.2367249	12341.5
978	285.1180725	12341.5
979	285.0292969	12344
980	284.9396362	12346
981	284.765625	12345
982	284.6777344	12347
983	284.5898438	12342.5
984	284.4140625	12345.5
985	284.3208923	12346.5
986	284.1503906	12350
987	284.0625	12353
988	283.9746094	12350
989	283.8427734	12350.5
990	283.7109375	12350.5
991	283.6230469	12350
992	283.5351563	12353
993	283.4472656	12354
994	283.359375	12357
995	283.2714844	12358
996	283.1835938	12352
997	283.0957031	12354
998	283.0078125	12356
999	282.9199219	12354
1000	282.8320313	12355
1001	282.7098694	12359
1002	282.65625	12357
1003	282.5613098	12358
1004	282.4804688	12363
1005	282.3837891	12364.5
1006	282.3038025	12358.5
1007	282.2167969	12362
1008	282.2115173	12361
1009	282.1289063	12361.5
1010	282.0410156	12362
1011	281.953125	12365
1012	281.8652344	12363
1013	281.8652344	12361.5
1014	281.7773438	12359.5
1015	281.6894531	12363
1016	281.6481323	12361.5
1017	281.6015625	12366
1018	281.5136719	12364
1019	281.4380798	12364
1020	281.390625	12364.5
1021	281.3378906	12364.5
1022	281.25	12361
1023	281.2456055	12368
1024	281.1471863	12364.5
1025	281.0742188	12362
1026	281.0707092	12364
1027	280.9863281	12364
1028	280.9467773	12366
1029	280.8975525	12364.5
1030	280.762207	12359.5
1031	280.6962891	12369
1032	280.6268616	12367
1033	280.5372009	12371.5
1034	280.4440613	12372
1035	280.3666992	12368.5
1036	280.2032166	12367.5
1037	280.192688	12370
1038	280.0916138	12372.5
1039	279.98526	12371.5
1040	279.84375	12369
1041	279.7558594	12371
1042	279.6679688	12369
1043	279.5800781	12371
1044	279.4535217	12370
1045	279.3216858	12369.5
1046	279.2285156	12371
1047	279.13974	12370
1048	278.9701233	12373.5
1049	278.8769531	12377.5
1050	278.7442322	12377.5
1051	278.6132813	12377.5
1052	278.5253906	12377
1053	278.429596	12380.5
1054	278.2617188	12379
1055	278.1738281	12380.5
1056	278.0112305	12377
1057	277.9101563	12380
1058	277.8222656	12379.5
1059	277.7229614	12382
1060	277.6166077	12380
1061	277.4724731	12383.5
1062	277.3828125	12383.5
1063	277.2949219	12386
1064	277.2070313	12384
1065	277.1191406	12386.5
1066	277.03125	12382.5
1067	276.9415894	12384.5
1068	276.8440552	12382.5
1069	276.6981506	12387
1070	276.5997009	12383
1071	276.5865173	12383.5
1072	276.5021362	12386
1073	276.4133911	12386.5
1074	276.328125	12385.5
1075	276.2402344	12389.5
1076	276.1523438	12388
1077	276.0644531	12385.5
1078	275.9765625	12388
1079	275.9572144	12389.5
1080	275.8886719	12391
1081	275.8007813	12390
1082	275.7155151	12389.5
1083	275.7093811	12390
1084	275.625	12389
1085	275.5371094	12389.5
1086	275.4896545	12390.5
1087	275.4070435	12392
1088	275.3613281	12390
1089	275.3006897	12391
1090	275.2734375	12393.5
1091	275.1855469	12395.5
1092	275.1099548	12394
1093	275.0976563	12393
1094	275.0097656	12394.5
1095	274.9271545	12392.5
1096	274.8401489	12391
1097	274.8181763	12390.5
1098	274.7460938	12390.5
1099	274.6625977	12390
1100	274.5896606	12391.5
1101	274.4824219	12392
1102	274.3954163	12388.5
1103	274.3066406	12390
1104	274.21875	12391
1105	274.1308594	12390
1106	274.0429688	12391.5
1107	273.9550781	12394
1108	273.8671875	12393
1109	273.7792969	12399.5
1110	273.6597595	12395
1111	273.515625	12392.5
1112	273.4338989	12396
1113	273.3398438	12397
1114	273.2519531	12396
1115	273.0770569	12398
1116	272.9882813	12394.5
1117	272.9003906	12397
1118	272.7659302	12396.5
1119	272.6367188	12398.5
1120	272.5470581	12398
1121	272.3950195	12399.5
1122	272.2851563	12403
1123	272.1972656	12398
1124	272.0267639	12397.5
1125	271.9335938	12395
1126	271.7578125	12397.5
1127	271.6699219	12397.5
1128	271.5820313	12400
1129	271.4941406	12399
1130	271.40625	12396
1131	271.2427673	12398.5
1132	271.1425781	12396
1133	271.0555725	12395
1134	271.0458984	12399
1135	270.8841858	12401.5
1136	270.7910156	12402
1137	270.703125	12401
1138	270.6152344	12399.5
1139	270.5273438	12400.5
1140	270.4394531	12402
1141	270.3515625	12397.5
1142	270.2636719	12401
1143	270.1757813	12398
1144	270.1107483	12402
1145	270.0870056	12397.5
1146	270	12401.5
1147	269.9121094	12405.5
1148	269.8611145	12401
1149	269.8242188	12402.5
1150	269.786438	12400
1151	269.7363281	12400.5
1152	269.6484375	12399
1153	269.5614319	12402.5
1154	269.5420837	12399
1155	269.4717712	12397
1156	269.3847656	12399.5
1157	269.296875	12397
1158	269.2731323	12398
1159	269.2089844	12399
1160	269.1395569	12397.5
1161	269.1210938	12398.5
1162	269.0419922	12401.5
1163	268.9707947	12403
1164	268.9242249	12401
1165	268.8574219	12403
1166	268.7695313	12399
1167	268.6816406	12400
1168	268.5867004	12398.5
1169	268.5058594	12401
1170	268.4179688	12403.5
1171	268.3300781	12402
1172	268.2421875	12401.5
1173	268.1490173	12403
1174	268.0655212	12398.5
1175	267.9785156	12400.5
1176	267.890625	12401.5
1177	267.7666931	12402
1178	267.6691284	12403.5
1179	267.5399475	12400
1180	267.4511719	12401.5
1181	267.3632813	12397.5
1182	267.2753906	12404
1183	267.1171875	12403.5
1184	267.0117188	12402.5
1185	266.9238281	12404.5
1186	266.7480469	12403
1187	266.6601563	12404.5
1188	266.549408	12402
1189	266.3964844	12400.5
1190	266.3050842	12404
1191	266.1336975	12406
1192	266.0449219	12404.5
1193	265.9570313	12407.5
1194	265.8691406	12404.5
1195	265.6942444	12401.5
1196	265.6054688	12404
1197	265.5175781	12401
1198	265.4296875	12399.5
1199	265.3417969	12401.5
1200	265.2539063	12402
1201	265.1660156	12402.5
1202	265.078125	12404.5
1203	264.9331055	12404.5
1204	264.9023438	12407
1205	264.8144531	12405
1206	264.7265625	12405
1207	264.6351624	12405.5
1208	264.5507813	12403.5
1209	264.4628906	12404
1210	264.3723755	12406.5
1211	264.2871094	12402.5
1212	264.1992188	12404.5
1213	264.1983337	12405.5
1214	264.1104431	12406
1215	264.0234375	12406.5
1216	263.9355469	12405.5
1217	263.9003906	12404
1218	263.8441467	12406.5
1219	263.7061462	12404.5
1220	263.671875	12401
1221	263.5857544	12405
1222	263.5839844	12405
1223	263.4969788	12401.5
1224	263.4134827	12398.5
1225	263.397644	12400.5
1226	263.3203125	12401.5
1227	263.2324219	12402
1228	263.2306519	12401
1229	263.1445313	12402
1230	263.0628052	12407
1231	263.0241089	12402.5
1232	262.96875	12403
1233	262.9089966	12404
1234	262.7929688	12402.5
1235	262.7094727	12406.5
1236	262.6962891	12402.5
1237	262.5846558	12401.5
1238	262.4747925	12405
1239	262.4282227	12405
1240	262.3535156	12398.5
1241	262.2559509	12397
1242	262.0898438	12400.5
1243	262.0019531	12397.5
1244	261.9149475	12398.5
1245	261.8261719	12395
1246	261.7382813	12399.5
1247	261.6495056	12400.5
1248	261.5625	12406
1249	261.4016419	12403
1250	261.2988281	12402.5
1251	261.204773	12401
1252	261.0395508	12402
1253	260.9472656	12401
1254	260.8532105	12397.5
1255	260.6835938	12400
1256	260.5939331	12401
1257	260.4629822	12399.5
1258	260.3399353	12397.5
1259	260.2441406	12394.5
1260	260.1404419	12400
1261	259.9804688	12395
1262	259.8925781	12396.5
1263	259.801178	12397
1264	259.6904297	12394
1265	259.5419006	12395.5
1266	259.453125	12392.5
1267	259.3652344	12396
1268	259.2298889	12394.5
1269	259.1894531	12392.5
1270	259.1015625	12395
1271	259.0039978	12392.5
1272	258.8756714	12391.5
1273	258.75	12392.5
1274	258.6656189	12392.5
1275	258.5742188	12392.5
1276	258.5742188	12394
1277	258.4327087	12394.5
1278	258.3237305	12391
1279	258.3034973	12390
1280	258.2226563	12391.5
1281	258.1496887	12392.5
1282	258.1312561	12390.5
1283	257.9985352	12394.5
1284	257.9589844	12389.5
1285	257.8921814	12390
1286	257.8710938	12389
1287	257.7832031	12388
1288	257.6953125	12389.5
1289	257.690918	12388.5
1290	257.6074219	12389
1291	257.5195313	12390
1292	257.4316406	12390.5
1293	257.34375	12387.5
1294	257.34375	12388
1295	257.2602539	12381.5
1296	257.2549744	12384.5
1297	257.1661987	12386
1298	257.0818481	12385.5
1299	256.997467	12383.5
1300	256.989563	12385
1301	256.9042969	12384
1302	256.8208008	12383
1303	256.7285156	12380
1304	256.6546936	12384.5
1305	256.5931702	12386.5
1306	256.4648438	12384
1307	256.4648438	12381.5
1308	256.2890625	12383
1309	256.2011719	12381.5
1310	256.1167908	12382
1311	256.0939331	12380.5
1312	256.0236206	12379.5
1313	255.8496094	12378
1314	255.7617188	12380
1315	255.6738281	12377.5
1316	255.5252991	12379
1317	255.441803	12378.5
1318	255.3222656	12380
1319	255.234375	12380.5
1320	255.1253967	12379
1321	254.9715881	12378.5
1322	254.8828125	12379.5
1323	254.7922821	12377
1324	254.6191406	12376.5
1325	254.53125	12376
1326	254.3554688	12375.5
1327	254.2675781	12374.5
1328	254.1796875	12373.5
1329	254.0592651	12374
1330	253.9160156	12374
1331	253.8254852	12371.5
1332	253.6874847	12370.5
1333	253.6374054	12372
1334	253.5319214	12368.5
1335	253.3895569	12371
1336	253.3007813	12371.5
1337	253.2128906	12371.5
1338	253.125	12366
1339	253.0371094	12367.5
1340	252.9492188	12366.5
1341	252.8323212	12369
1342	252.7593842	12365.5
1343	252.6855469	12364.5
1344	252.5976563	12369
1345	252.5097656	12367.5
1346	252.421875	12368
1347	252.3339844	12367.5
1348	252.3049774	12368.5
1349	252.2047882	12370
1350	252.1582031	12364
1351	252.0703125	12363.5
1352	251.9824219	12364.5
1353	251.8954163	12364
1354	251.8690338	12360.5
1355	251.8066406	12362.5
1356	251.7205048	12361
1357	251.689743	12359.5
1358	251.6291046	12363.5
1359	251.5429688	12360.5
1360	251.473526	12360
1361	251.3891602	12360
1362	251.362793	12361.5
1363	251.2792969	12357.5
1364	251.230072	12357.5
1365	251.1914063	12360
1366	251.1140747	12358
1367	251.0604553	12357
1368	251.015625	12358
1369	250.9277344	12353.5
1370	250.8424835	12355
1371	250.8398438	12358.5
1372	250.7519531	12355.5
1373	250.6552582	12352.5
1374	250.5717773	12354
1375	250.4882813	12352
1376	250.4003906	12353
1377	250.2325287	12351.5
1378	250.2237244	12352.5
1379	250.1200256	12350.5
1380	250.0101624	12351.5
1381	249.8748016	12347
1382	249.7992096	12345.5
1383	249.6972656	12345
1384	249.609375	12343.5
1385	249.5205994	12341.5
1386	249.3457031	12342
1387	249.2578125	12341.5
1388	249.1699219	12339
1389	249.0785065	12339
1390	248.90625	12340.5
1391	248.8183594	12340.5
1392	248.6425781	12342
1393	248.5582123	12336.5
1394	248.4527435	12338.5
1395	248.2919006	12336.5
1396	248.203125	12334
1397	248.1073151	12334
1398	247.9508667	12326
1399	247.8515625	12333.5
1400	247.7636719	12326.5
1401	247.6696167	12332.5
1402	247.566803	12329
1403	247.4121094	12326
1404	247.3242188	12329.5
1405	247.3057709	12325.5
1406	247.1748047	12326
1407	247.0605469	12320.5
1408	246.9726563	12322.5
1409	246.8847656	12324
1410	246.796875	12319.5
1411	246.7089844	12321
1412	246.6210938	12318
1413	246.5332031	12313.5
1414	246.4453125	12316.5
1415	246.3574219	12314.5
1416	246.2704163	12315
1417	246.1983337	12317.5
1418	246.1816406	12311.5
1419	246.09375	12313
1420	246.0093842	12314
1421	245.9777222	12313.5
1422	245.8916016	12313.5
1423	245.8300781	12313.5
1424	245.7421875	12312.5
1425	245.7166901	12315
1426	245.5708008	12311.5
1427	245.5664063	12311
1428	245.5084076	12306
1429	245.4758759	12306.5
1430	245.3510742	12305
1431	245.3071289	12307.5
1432	245.3027344	12304
1433	245.2148438	12307
1434	245.1480408	12309
1435	245.1269531	12306.5
1436	245.032898	12306
1437	244.9511719	12302
1438	244.930954	12304.5
1439	244.8615265	12303.5
1440	244.7753906	12300
1441	244.6875	12296
1442	244.5996094	12297
1443	244.5117188	12296.5
1444	244.4238281	12297
1445	244.3201294	12297
1446	244.2480469	12298
1447	244.1601563	12293.5
1448	244.0722656	12297
1449	243.9817352	12293
1450	243.8217621	12293
1451	243.7207031	12290.5
1452	243.6328125	12289
1453	243.5449219	12288
1454	243.4570313	12290
1455	243.28125	12285.5
1456	243.1933594	12285.5
1457	243.1054688	12284
1458	243.0052795	12284
1459	242.8417969	12283
1460	242.7521515	12282.5
1461	242.6062622	12279
1462	242.4902344	12281.5
1463	242.398819	12278.5
1464	242.2265625	12281
1465	242.1386719	12277.5
1466	242.0507813	12275.5
1467	241.8820343	12274
1468	241.7871094	12273
1469	241.7009735	12273.5
1470	241.6113281	12272.5
1471	241.5234375	12273.5
1472	241.3766632	12271.5
1473	241.2922974	12270
1474	241.2149353	12270
1475	241.171875	12268
1476	241.0839844	12273
1477	240.9082031	12269
1478	240.8203125	12263.5
1479	240.7324219	12261.5
1480	240.6445313	12264.5
1481	240.5935516	12262
1482	240.46875	12261
1483	240.3817444	12260.5
1484	240.3333893	12261
1485	240.2929688	12260.5
1486	240.2050781	12255.5
1487	240.1242218	12258.5
1488	240.0292969	12256
1489	239.9721832	12254
1490	239.9414063	12256.5
1491	239.8535156	12257
1492	239.8482361	12257.5
1493	239.7621002	12254
1494	239.6777344	12252.5
1495	239.6004028	12253.5
1496	239.5019531	12251
1497	239.484375	12249
1498	239.4131775	12250.5
1499	239.3261719	12247.5
1500	239.3261719	12247.5
1501	239.240036	12247
1502	239.2382813	12248.5
1503	239.1503906	12251.5
1504	239.0625	12249.5
1505	239.0440521	12247
1506	238.9579163	12242.5
1507	238.8867188	12245.5
1508	238.7988281	12243.5
1509	238.7109375	12241.5
1510	238.6230469	12242
1511	238.5351563	12239
1512	238.4472656	12238.5
1513	238.359375	12241.5
1514	238.2714844	12239
1515	238.1835938	12238
1516	238.0957031	12239.5
1517	238.0078125	12239
1518	237.9199219	12235.5
1519	237.8320313	12233.5
1520	237.7010803	12235.5
1521	237.5683594	12232
1522	237.4804688	12233
1523	237.3925781	12227
1524	237.2967682	12229.5
1525	237.132431	12222.5
1526	237.0410156	12228
1527	236.9469605	12224.5
1528	236.8195343	12220.5
1529	236.6894531	12218
1530	236.5690308	12220.5
1531	236.4257813	12219.5
1532	236.3370056	12216.5
1533	236.1946411	12214
1534	236.0751038	12214.5
1535	235.9863281	12212.5
1536	235.8228455	12212.5
1537	235.7226563	12210
1538	235.6347656	12208
1539	235.546875	12207
1540	235.4589844	12203
1541	235.3710938	12205.5
1542	235.2832031	12203.5
1543	235.1953125	12201.5
1544	235.1074219	12201
1545	234.9325256	12199
1546	234.879776	12197.5
1547	234.8296967	12203
1548	234.6987457	12200.5
1549	234.6416016	12198
1550	234.5747986	12195
1551	234.42099	12195
1552	234.4025421	12192.5
1553	234.3164063	12192
1554	234.2302704	12189.5
1555	234.207428	12190
1556	234.1309509	12185.5
1557	234.0527344	12187.5
1558	233.9648438	12189.5
1559	233.8769531	12184
1560	233.8699188	12186
1561	233.7890625	12183
1562	233.7011719	12187
1563	233.7011719	12183.5
1564	233.6132813	12180
1565	233.5253906	12177.5
1566	233.4533081	12178
1567	233.436615	12175.5
1568	233.3496094	12178.5
1569	233.2626038	12176.5
1570	233.2617188	12176
1571	233.1738281	12175.5
1572	233.0876923	12174.5
1573	233.0859375	12172.5
1574	232.9980469	12174.5
1575	232.9101563	12174.5
1576	232.8222656	12174
1577	232.7730408	12173.5
1578	232.6526489	12172.5
1579	232.5621185	12170
1580	232.4768677	12168.5
1581	232.3986206	12164.5
1582	232.2958069	12161.5
1583	232.2931671	12160
1584	232.1490326	12162
1585	232.03125	12165.5
1586	231.9433594	12158.5
1587	231.8554688	12158
1588	231.7675781	12156.5
1589	231.6796875	12155.5
1590	231.505661	12154
1591	231.4160156	12154
1592	231.328125	12154
1593	231.2402344	12149.5
1594	231.120697	12145
1595	230.9765625	12147
1596	230.8860321	12145
1597	230.7155304	12144
1598	230.625	12141
1599	230.5353546	12140
1600	230.3701325	12139
1601	230.2734375	12134
1602	230.1811523	12136
1603	230.0097656	12133.5
1604	229.921875	12132
1605	229.8339844	12130.5
1606	229.742569	12130
1607	229.5729523	12129.5
1608	229.4824219	12125
1609	229.3945313	12125.5
1610	229.3066406	12126.5
1611	229.21875	12123.5
1612	229.1308594	12122
1613	229.0429688	12117.5
1614	228.9550781	12121.5
1615	228.8645477	12117
1616	228.7792969	12118
1617	228.6914063	12116
1618	228.6035156	12116.5
1619	228.515625	12119
1620	228.4277344	12115.5
1621	228.3398438	12116.5
1622	228.2554779	12114.5
1623	228.2519531	12110
1624	228.1640625	12108
1625	228.0761719	12111.5
1626	228.0647583	12108
1627	227.9434509	12109
1628	227.9003906	12110
1629	227.8151398	12106.5
1630	227.776474	12107
1631	227.7246094	12101.5
1632	227.6323242	12104
1633	227.5497131	12103
1634	227.4987183	12103.5
1635	227.4609375	12100
1636	227.3774414	12102
1637	227.3730469	12097
1638	227.2851563	12097
1639	227.20607	12095.5
1640	227.1972656	12097.5
1641	227.109375	12091.5
1642	227.0214844	12096
1643	226.9335938	12093.5
1644	226.9265595	12094.5
1645	226.8457031	12092
1646	226.7103424	12095
1647	226.6699219	12092
1648	226.5785065	12087.5
1649	226.4941406	12088
1650	226.3675842	12087.5
1651	226.3166046	12084
1652	226.2304688	12085
1653	226.1425781	12083.5
1654	226.0546875	12081
1655	225.8877106	12083.5
1656	225.7910156	12079
1657	225.703125	12076.5
1658	225.6152344	12077
1659	225.5273438	12077.5
1660	225.3612366	12073
1661	225.2636719	12072.5
1662	225.1757813	12072.5
1663	225.036026	12069
1664	224.9973602	12064.5
1665	224.8242188	12063
1666	224.7363281	12064
1667	224.6167908	12059.5
1668	224.4726563	12058.5
1669	224.3847656	12054.5
1670	224.2924805	12054
1671	224.1210938	12054.5
1672	224.0332031	12052
1673	223.875	12049
1674	223.7695313	12053.5
1675	223.6816406	12048
1676	223.59375	12047.5
1677	223.5049744	12045.5
1678	223.3907166	12044
1679	223.2501068	12045.5
1680	223.2149353	12039.5
1681	223.1542969	12040
1682	222.9785156	12038.5
1683	222.890625	12044
1684	222.8036194	12040.5
1685	222.7148438	12036
1686	222.6269531	12034
1687	222.5390625	12036.5
1688	222.5381775	12038.5
1689	222.4511719	12035
1690	222.3632813	12032
1691	222.290329	12033
1692	222.252533	12031.5
1693	222.1875	12031
1694	222.0996094	12031.5
1695	222.0117188	12030
1696	221.9299927	12026
1697	221.9238281	12028
1698	221.8359375	12026
1699	221.8359375	12024.5
1700	221.7445221	12024
1701	221.6601563	12028
1702	221.5722656	12025.5
1703	221.5687408	12026
1704	221.484375	12027
1705	221.3964844	12024.5
1706	221.3964844	12024
1707	221.3085938	12024.5
1708	221.2417908	12019
1709	221.2207031	12022
1710	221.1328125	12019
1711	221.0458069	12016.5
1712	220.9825287	12016
1713	220.877945	12019
1714	220.78125	12012.5
1715	220.7337799	12014.5
1716	220.6705017	12012.5
1717	220.5887756	12013
1718	220.4296875	12011
1719	220.3417969	12011.5
1720	220.2539063	12008.5
1721	220.1660156	12010
1722	220.078125	12006
1723	219.9902344	12002.5
1724	219.9023438	12007.5
1725	219.7555695	11999
1726	219.6404266	11999
1727	219.5507813	11998.5
1728	219.4628906	11996
1729	219.375	11997
1730	219.2871094	11995
1731	219.1130829	11993
1732	219.0234375	11993
1733	218.9206085	11993.5
1734	218.7597656	11990.5
1735	218.671875	11989.5
1736	218.5787048	11986
1737	218.4090881	11986.5
1738	218.3203125	11984
1739	218.2245026	11984.5
1740	218.1032257	11984
1741	217.96875	11981
1742	217.8808594	11981
1743	217.7050781	11978.5
1744	217.6171875	11980
1745	217.5292969	11980.5
1746	217.4502106	11976
1747	217.36232	11976
1748	217.265625	11973.5
1749	217.1777344	11971
1750	217.0898438	11973
1751	216.9210968	11972
1752	216.9131775	11965
1753	216.8261719	11971.5
1754	216.7382813	11966
1755	216.6451111	11967
1756	216.5625	11965
1757	216.4746094	11961.5
1758	216.3990173	11964
1759	216.383194	11962.5
1760	216.2988281	11965.5
1761	216.2109375	11963.5
1762	216.1239319	11958.5
1763	216.0562439	11960.5
1764	216.0351563	11958
1765	215.9472656	11954.5
1766	215.8672943	11955
1767	215.7864227	11954.5
1768	215.7714844	11956.5
1769	215.6835938	11952
1770	215.5957031	11951
1771	215.5957031	11949
1772	215.5078125	11949.5
1773	215.5078125	11951
1774	215.4199219	11949.5
1775	215.3320313	11947
1776	215.2441406	11951.5
1777	215.2432556	11947.5
1778	215.15625	11949
1779	215.0683594	11947
1780	215.0261688	11946
1781	214.9567413	11942
1782	214.8442383	11943
1783	214.7871094	11940
1784	214.6482391	11941.5
1785	214.6139679	11936.5
1786	214.4794922	11937
1787	214.376648	11939
1788	214.3652344	11939.5
1789	214.2773438	11935.5
1790	214.1200104	11934
1791	214.0171967	11933
1792	213.958313	11931.5
1793	213.8378906	11933.5
1794	213.750885	11934.5
1795	213.6621094	11926.5
1796	213.5742188	11927
1797	213.4168854	11926.5
1798	213.3105469	11924.5
1799	213.2226563	11920
1800	213.1347656	11924
1801	212.9915161	11923.5
1802	212.8710938	11922
1803	212.7260895	11917.5
1804	212.6074219	11916.5
1805	212.5195313	11914.5
1806	212.4316406	11910
1807	212.2760773	11909
1808	212.1679688	11907.5
1809	212.0361328	11911
1810	211.9042969	11908
1811	211.8164063	11906.5
1812	211.7188416	11903
1813	211.6256867	11904
1814	211.4648438	11903.5
1815	211.3769531	11907
1816	211.2890625	11903
1817	211.2011719	11901.5
1818	211.1132813	11903.5
1819	211.0253906	11905
1820	210.9375	11903.5
1821	210.8065491	11899
1822	210.7564392	11896.5
1823	210.6738281	11894.5
1824	210.5859375	11895.5
1825	210.4980469	11890.5
1826	210.4101563	11892
1827	210.3266602	11890.5
1828	210.299408	11892
1829	210.2299805	11892.5
1830	210.1464844	11889
1831	210.0585938	11889
1832	210.0585938	11888
1833	209.9812622	11890
1834	209.8828125	11891
1835	209.8757782	11888.5
1836	209.7949219	11886.5
1837	209.7070313	11885
1838	209.6191406	11880.5
1839	209.5470581	11884.5
1840	209.53125	11880
1841	209.4433594	11882.5
1842	209.4433594	11882.5
1843	209.3563538	11882
1844	209.3115234	11880
1845	209.2675781	11882.5
1846	209.1796875	11881.5
1847	209.0926819	11878
1848	209.0786285	11879
1849	209.0012665	11874
1850	208.8465729	11876.5
1851	208.828125	11877
1852	208.7402344	11871
1853	208.6523438	11871.5
1854	208.5644531	11866.5
1855	208.4695282	11871.5
1856	208.3886719	11870
1857	208.2454224	11865.5
1858	208.2084961	11867
1859	208.125	11865.5
1860	208.0353546	11864
1861	207.8674927	11865
1862	207.7734375	11862
1863	207.6855469	11858
1864	207.5976563	11858.5
1865	207.5097656	11859
1866	207.4148407	11854.5
1867	207.2689514	11855
1868	207.1582031	11850.5
1869	206.9868164	11846.5
1870	206.8945313	11846
1871	206.8066406	11845
1872	206.6967773	11843.5
1873	206.5429688	11844.5
1874	206.4550781	11845.5
1875	206.362793	11844.5
1876	206.1914063	11843.5
1877	206.0964813	11837.5
1878	205.9444275	11833.5
1879	205.8398438	11836
1880	205.7519531	11835.5
1881	205.6605377	11832
1882	205.5541992	11830
1883	205.4285278	11830.5
1884	205.3933563	11829
1885	205.2246094	11827
1886	205.1367188	11828.5
1887	205.0488281	11824.5
1888	204.9609375	11827.5
1889	204.8730469	11823
1890	204.7851563	11824
1891	204.6972656	11824.5
1892	204.609375	11823
1893	204.5214844	11823
1894	204.4995117	11819
1895	204.4177856	11822
1896	204.3457031	11818
1897	204.2578125	11818
1898	204.2006989	11817
1899	204.0829163	11817.5
1900	204.0213928	11813.5
1901	203.9941406	11814.5
1902	203.90625	11812.5
1903	203.9044952	11812
1904	203.8183594	11808
1905	203.7304688	11808.5
1906	203.6654358	11810.5
1907	203.6311646	11810
1908	203.5546875	11806.5
1909	203.4958038	11808
1910	203.417572	11805
1911	203.3789063	11806
1912	203.2910156	11802.5
1913	203.20401	11803.5
1914	203.203125	11807
1915	203.1152344	11805.5
1916	203.0273438	11804.5
1917	202.9772339	11801
1918	202.9385681	11803
1919	202.8515625	11801.5
1920	202.7346649	11798.5
1921	202.6599731	11800
1922	202.5878906	11797
1923	202.4824219	11798
1924	202.352356	11796
1925	202.3128052	11791.5
1926	202.1721649	11790.5
1927	202.0605469	11789.5
1928	201.9726563	11791.5
1929	201.8944397	11794
1930	201.8047943	11792
1931	201.7089844	11788
1932	201.6210938	11788.5
1933	201.5033112	11787
1934	201.3574219	11783.5
1935	201.2879791	11784
1936	201.1816406	11784
1937	201.0480499	11782.5
1938	200.9188538	11780.5
1939	200.8300781	11776
1940	200.7421875	11774
1941	200.5664063	11775
1942	200.4785156	11775
1943	200.360733	11773
1944	200.2148438	11770
1945	200.1269531	11772
1946	200.0258942	11772.5
1947	199.8641663	11771.5
1948	199.7753906	11769
1949	199.5996094	11768.5
1950	199.5117188	11768.5
1951	199.4238281	11767
1952	199.3359375	11763
1953	199.2480469	11765
1954	199.1566315	11763.5
1955	198.984375	11764.5
1956	198.8964844	11761
1957	198.8455048	11761.5
1958	198.7523499	11761.5
1959	198.6495056	11759
1960	198.5458069	11759.5
1961	198.4649506	11762
1962	198.4368134	11767
1963	198.3691406	11758
1964	198.28125	11755.5
1965	198.280365	11754
1966	198.1924744	11752
1967	198.1054688	11753.5
1968	198.0579987	11752.5
1969	198.0175781	11753
1970	197.9296875	11749
1971	197.8417969	11749.5
1972	197.7714844	11751
1973	197.7503815	11754.5
1974	197.6660156	11749.5
1975	197.6027374	11751
1976	197.5710907	11749
1977	197.4902344	11750.5
1978	197.4594574	11750
1979	197.4023438	11746.5
1980	197.3153381	11748.5
1981	197.2643433	11745.5
1982	197.1738129	11744.5
1983	197.1228638	11743.5
1984	197.0507813	11741.5
1985	197.0156403	11743
1986	196.8987274	11746
1987	196.7879944	11743.5
1988	196.7018585	11743.5
1989	196.6113281	11746
1990	196.5234375	11743
1991	196.4355469	11742
1992	196.416214	11743
1993	196.31427	11738
1994	196.2044067	11739
1995	196.105957	11738
1996	196.0540924	11738
1997	195.9398499	11737.5
1998	195.8203125	11737
1999	195.7359467	11735.5
2000	195.6445313	11733.5
2001	195.5566406	11731.5
2002	195.4414978	11733
2003	195.2938538	11733.5
2004	195.2050781	11731.5
2005	195.1171875	11727
2006	194.9598541	11729
2007	194.8535156	11725.5
2008	194.7392578	11724.5
2009	194.5898438	11721
2010	194.5019531	11721
2011	194.4140625	11722
2012	194.2549744	11720
2013	194.1503906	11720.5
2014	194.0484467	11718.5
2015	193.8867188	11717
2016	193.7988281	11721
2017	193.7109375	11718
2018	193.5606537	11719
2019	193.4551849	11717.5
2020	193.359375	11718
2021	193.3119049	11716
2022	193.2705994	11716
2023	193.1036224	11713.5
2024	193.0078125	11714
2025	192.9199219	11710.5
2026	192.8320313	11713.5
2027	192.7960053	11710.5
2028	192.65625	11708
2029	192.6105499	11712.5
2030	192.5674744	11712
2031	192.4804688	11712.5
2032	192.3925781	11710
2033	192.3794098	11711
2034	192.2818298	11708.5
2035	192.2167969	11714
2036	192.1403198	11709.5
2037	192.121872	11706.5
2038	192.0410156	11708
2039	192.0252075	11704.5
2040	191.8801727	11708
2041	191.8652344	11707
2042	191.7773438	11708
2043	191.7008667	11706.5
2044	191.6270599	11704.5
2045	191.6015625	11706.5
2046	191.5136719	11707
2047	191.5127869	11705.5
2048	191.4257813	11704.5
2049	191.4222565	11704
2050	191.3370056	11703.5
2051	191.25	11704.5
2052	191.1621094	11704
2053	191.0794983	11703
2054	190.9880829	11704
2055	190.8984375	11702.5
2056	190.8105469	11699.5
2057	190.7226563	11700
2058	190.6365204	11699
2059	190.546875	11700.5
2060	190.4589844	11701.5
2061	190.3719788	11701
2062	190.2832031	11702
2063	190.1953125	11695.5
2064	190.1074219	11699.5
2065	190.0195313	11700.5
2066	189.9316406	11700.5
2067	189.8244171	11694.5
2068	189.7163086	11693.5
2069	189.5800781	11694.5
2070	189.4939423	11694.5
2071	189.4042969	11694
2072	189.3164063	11696.5
2073	189.140625	11694
2074	189.0500946	11697
2075	188.962204	11692.5
2076	188.8242035	11694
2077	188.7011719	11694
2078	188.5262756	11694
2079	188.4375	11692
2080	188.3496094	11691.5
2081	188.2388611	11691.5
2082	188.0859375	11693.5
2083	187.9980469	11692.5
2084	187.8521576	11689.5
2085	187.734375	11690.5
2086	187.6464844	11693.5
2087	187.555069	11694
2088	187.4707031	11693.5
2089	187.3819275	11692.5
2090	187.2949219	11689.5
2091	187.1191406	11689
2092	187.03125	11692
2093	186.9512787	11685.5
2094	186.8554688	11688.5
2095	186.8414154	11690
2096	186.6796875	11684
2097	186.5917969	11685.5
2098	186.5294037	11686.5
2099	186.496872	11687
2100	186.4160156	11687
2101	186.328125	11685
2102	186.3219605	11685
2103	186.2402344	11685.5
2104	186.1523438	11690
2105	186.0644531	11684.5
2106	186.0011749	11686
2107	185.9756775	11685
2108	185.8886719	11684.5
2109	185.8007813	11684
2110	185.7849731	11683.5
2111	185.7128906	11683
2112	185.625	11683.5
2113	185.625	11685.5
2114	185.5371094	11685.5
2115	185.4492188	11683
2116	185.3630829	11683
2117	185.3217773	11685
2118	185.2734375	11685
2119	185.1855469	11682.5
2120	185.0985413	11683.5
2121	185.0563507	11682.5
2122	185.0088806	11686
2123	184.921875	11685.5
2124	184.8339844	11682
2125	184.7460938	11679
2126	184.6582031	11684
2127	184.5703125	11683.5
2128	184.4815369	11680.5
2129	184.3945313	11683
2130	184.3066406	11683.5
2131	184.21875	11681
2132	184.1291046	11680
2133	184.0385742	11681.5
2134	183.9550781	11681.5
2135	183.8645477	11680.5
2136	183.730957	11678
2137	183.6035156	11678.5
2138	183.515625	11680.5
2139	183.4242096	11678.5
2140	183.3310394	11678
2141	183.1640625	11678.5
2142	183.0761719	11677
2143	182.9487305	11677
2144	182.8125	11673.5
2145	182.7246094	11677
2146	182.6296845	11675
2147	182.4609375	11673.5
2148	182.3704071	11672
2149	182.1972656	11672.5
2150	182.109375	11671
2151	182.0214844	11671.5
2152	181.8632813	11672.5
2153	181.7578125	11670.5
2154	181.5960846	11671
2155	181.4941406	11672.5
2156	181.4132843	11673.5
2157	181.3218842	11673
2158	181.2304688	11674.5
2159	181.1425781	11674
2160	181.0116272	11675
2161	180.8877106	11677
2162	180.8780212	11672
2163	180.7892609	11671
2164	180.703125	11674
2165	180.6134796	11673
2166	180.5264587	11667.5
2167	180.4394531	11671
2168	180.3515625	11670
2169	180.2654266	11669.5
2170	180.2636719	11670.5
2171	180.1757813	11675
2172	180.0949249	11672.5
2173	180.0878906	11671.5
2174	180	11672
2175	179.9604492	11678
2176	179.8488312	11670.5
2177	179.8110352	11670
2178	179.7328033	11673
2179	179.6501923	11670
2180	179.6466827	11668.5
2181	179.5605469	11671
2182	179.4726563	11670
2183	179.4700165	11668.5
2184	179.3856506	11667.5
2185	179.3698273	11668
2186	179.296875	11671.5
2187	179.2089844	11670.5
2188	179.1210938	11671
2189	179.0332031	11669
2190	178.9822235	11671
2191	178.8679657	11669.5
2192	178.7809601	11669.5
2193	178.6930695	11670
2194	178.59375	11667.5
2195	178.5058594	11665
2196	178.4179688	11668
2197	178.3300781	11667.5
2198	178.3142548	11669
2199	178.1578217	11671.5
2200	178.0725555	11671.5
2201	178.0136719	11668
2202	177.890625	11670
2203	177.8027344	11673
2204	177.7148438	11670.5
2205	177.6269531	11668.5
2206	177.5355377	11668.5
2207	177.366806	11670
2208	177.2762756	11669
2209	177.1848602	11669
2210	177.0873108	11668
2211	176.9238281	11668.5
2212	176.8341827	11675
2213	176.6601563	11672
2214	176.5713806	11671.5
2215	176.484375	11674
2216	176.3419952	11676.5
2217	176.2207031	11670
2218	176.1205139	11673
2219	175.9570313	11672.5
2220	175.8691406	11675
2221	175.7592773	11674.5
2222	175.6054688	11672.5
2223	175.5175781	11672.5
2224	175.4296875	11672
2225	175.3417969	11671
2226	175.2539063	11670.5
2227	175.1660156	11672.5
2228	175.07724	11676
2229	174.9902344	11673.5
2230	174.9023438	11675
2231	174.8144531	11676.5
2232	174.7265625	11678
2233	174.6386719	11674.5
2234	174.5507813	11677.5
2235	174.4628906	11676
2236	174.3767548	11673
2237	174.375	11677
2238	174.2871094	11673.5
2239	174.196579	11674
2240	174.1113281	11672.5
2241	174.0629883	11674
2242	174.0234375	11675
2243	173.9373016	11676
2244	173.9355469	11677
2245	173.8476563	11678.5
2246	173.7597656	11675.5
2247	173.671875	11679
2248	173.5927734	11676
2249	173.5426788	11677.5
2250	173.4960938	11676
2251	173.4820252	11676.5
2252	173.4082031	11677
2253	173.3449249	11678.5
2254	173.3203125	11678
2255	173.2324219	11678
2256	173.1445313	11681.5
2257	173.0777283	11679.5
2258	173.0188446	11682
2259	172.9529266	11677.5
2260	172.7929688	11680
2261	172.7551727	11681.5
2262	172.6180725	11681
2263	172.5855408	11677.5
2264	172.443161	11679
2265	172.3535156	11678
2266	172.3130951	11681.5
2267	172.1830139	11684
2268	172.1469727	11682.5
2269	172.0186462	11681.5
2270	171.9175873	11683.5
2271	171.8402405	11684.5
2272	171.7382813	11683
2273	171.6486359	11684
2274	171.5625	11685.5
2275	171.4658203	11685.5
2276	171.3005829	11685
2277	171.2109375	11684.5
2278	171.073822	11683.5
2279	170.9472656	11686.5
2280	170.859375	11687
2281	170.6844788	11689
2282	170.5957031	11686.5
2283	170.4823151	11689
2284	170.3320313	11688.5
2285	170.2441406	11689
2286	170.1527252	11690
2287	169.9804688	11690.5
2288	169.8925781	11691
2289	169.7853546	11688
2290	169.6289063	11690
2291	169.5832062	11690.5
2292	169.453125	11687.5
2293	169.3652344	11690.5
2294	169.2773438	11688.5
2295	169.1894531	11688
2296	169.0989227	11688.5
2297	169.0004883	11691.5
2298	168.9064484	11688.5
2299	168.8361359	11692
2300	168.6788025	11692.5
2301	168.6577148	11696.5
2302	168.5513611	11695.5
2303	168.4792938	11693.5
2304	168.3984375	11694.5
2305	168.3140717	11695
2306	168.2340851	11696.5
2307	168.2217712	11696
2308	168.1347656	11694
2309	168.046875	11694
2310	167.9958954	11696
2311	167.9545898	11694.5
2312	167.8710938	11697
2313	167.7832031	11698
2314	167.7832031	11700.5
2315	167.6953125	11698
2316	167.6074219	11698
2317	167.5546875	11700
2318	167.5001984	11700.5
2319	167.4316406	11703
2320	167.4307556	11697.5
2321	167.34375	11701
2322	167.2558594	11698.5
2323	167.1679688	11700.5
2324	167.1679688	11698.5
2325	167.0783234	11699
2326	166.9921875	11701
2327	166.9042969	11698.5
2328	166.8164063	11697.5
2329	166.7285156	11700.5
2330	166.640625	11704.5
2331	166.5527344	11703
2332	166.4718781	11704
2333	166.3769531	11704
2334	166.3048859	11702.5
2335	166.2275391	11701.5
2336	166.1132813	11702.5
2337	166.0253906	11703.5
2338	165.9375	11703.5
2339	165.8531342	11707
2340	165.7617188	11706.5
2341	165.6676788	11709
2342	165.5622101	11709
2343	165.4224548	11708
2344	165.3222656	11708
2345	165.23349	11710
2346	165.1157227	11715.5
2347	164.9707031	11713.5
2348	164.8608398	11712.5
2349	164.709671	11712
2350	164.6191406	11713.5
2351	164.5136719	11713.5
2352	164.3554688	11715
2353	164.2675781	11717
2354	164.1067352	11718.5
2355	164.0047913	11716.5
2356	163.9160156	11716.5
2357	163.8087921	11718
2358	163.6523438	11721
2359	163.5644531	11722
2360	163.4765625	11723
2361	163.3886719	11720
2362	163.3007813	11719
2363	163.191803	11720.5
2364	163.0476532	11722.5
2365	162.9492188	11718.5
2366	162.8613281	11722.5
2367	162.8164978	11723
2368	162.7365265	11722
2369	162.6644592	11726
2370	162.5176697	11723
2371	162.4746094	11724.5
2372	162.421875	11728
2373	162.3339844	11728.5
2374	162.2460938	11733
2375	162.1582031	11731
2376	162.1582031	11733
2377	162.0703125	11730
2378	162.0158234	11729
2379	161.9727478	11730.5
2380	161.8927765	11732.5
2381	161.8066406	11732.5
2382	161.71875	11731.5
2383	161.6484375	11738
2384	161.6132813	11738
2385	161.5429688	11738
2386	161.5086975	11737.5
2387	161.4550781	11737
2388	161.3707123	11738.5
2389	161.3671875	11737.5
2390	161.2792969	11738
2391	161.2072296	11737.5
2392	161.1044006	11738.5
2393	161.0885773	11740.5
2394	161.015625	11742
2395	160.9277344	11743
2396	160.8398438	11739.5
2397	160.7519531	11738.5
2398	160.6640625	11741
2399	160.5761719	11744.5
2400	160.4882813	11746.5
2401	160.378418	11748.5
2402	160.3125	11747
2403	160.2246094	11749
2404	160.1367188	11749
2405	160.0488281	11753
2406	159.9609375	11751.5
2407	159.8730469	11754.5
2408	159.7464905	11749.5
2409	159.6867218	11753.5
2410	159.533783	11757
2411	159.4335938	11756
2412	159.3457031	11757
2413	159.1945343	11758
2414	159.0820313	11763.5
2415	158.9941406	11765.5
2416	158.8737335	11764.5
2417	158.7304688	11767
2418	158.6241303	11768
2419	158.4676819	11765.5
2420	158.3789063	11766
2421	158.2910156	11769.5
2422	158.1169891	11768.5
2423	158.0273438	11771
2424	157.9157257	11773
2425	157.8304749	11773
2426	157.6757813	11772.5
2427	157.5878906	11774.5
2428	157.4200134	11775
2429	157.3294983	11777.5
2430	157.2890625	11780.5
2431	157.1484375	11778
2432	157.0649414	11780.5
2433	156.9726563	11783.5
2434	156.8847656	11781.5
2435	156.796875	11783.5
2436	156.7089844	11780.5
2437	156.6210938	11783
2438	156.5332031	11788.5
2439	156.4479523	11786.5
2440	156.3829193	11785
2441	156.3486328	11786.5
2442	156.2695313	11789.5
2443	156.1816406	11790
2444	156.09375	11790.5
2445	156.0884705	11788
2446	156.0058594	11790
2447	156.0049744	11794.5
2448	155.9179688	11791.5
2449	155.8300781	11793
2450	155.7421875	11792
2451	155.6551819	11793
2452	155.6455078	11793.5
2453	155.5664063	11791.5
2454	155.4785156	11794
2455	155.3967743	11797.5
2456	155.390625	11792
2457	155.3879852	11795.5
2458	155.3027344	11797.5
2459	155.2148438	11798
2460	155.1278381	11799
2461	155.1172791	11801.5
2462	155.0258789	11802
2463	154.9476471	11803
2464	154.8149414	11801
2465	154.7753906	11802
2466	154.6875	11803.5
2467	154.5996094	11803.5
2468	154.4326172	11806.5
2469	154.3535156	11808.5
2470	154.3262634	11809
2471	154.2418976	11808
2472	154.1047821	11809
2473	154.0722656	11806
2474	153.984375	11811
2475	153.8868103	11813
2476	153.7804718	11812
2477	153.6336975	11813
2478	153.5449219	11814.5
2479	153.4570313	11811
2480	153.3647461	11814.5
2481	153.2373047	11818
2482	153.1054688	11816
2483	152.9841766	11819.5
2484	152.8417969	11820
2485	152.7539063	11821.5
2486	152.6493225	11823
2487	152.4902344	11819.5
2488	152.3874054	11825
2489	152.2511749	11826
2490	152.1395569	11825
2491	152.0507813	11826.5
2492	151.875	11827.5
2493	151.7871094	11834
2494	151.6939392	11830.5
2495	151.6104431	11830.5
2496	151.4355469	11833.5
2497	151.3476563	11832.5
2498	151.2597656	11834.5
2499	151.171875	11838
2500	151.0839844	11839.5
2501	150.9960938	11836
2502	150.9082031	11840
2503	150.8203125	11840.5
2504	150.7324219	11839
2505	150.6445313	11840
2506	150.5460968	11840
2507	150.46875	11841
2508	150.3808594	11840
2509	150.3694305	11842
2510	150.2929688	11845.5
2511	150.2041931	11844
2512	150.1163025	11845.5
2513	150.0292969	11846
2514	149.9783173	11849
2515	149.9396515	11848.5
2516	149.8535156	11847.5
2517	149.765625	11848.5
2518	149.765625	11848
2519	149.6777344	11847.5
2520	149.5898438	11849.5
2521	149.5749054	11850
2522	149.4632874	11849.5
2523	149.4140625	11852.5
2524	149.3674774	11856.5
2525	149.3261719	11855.5
2526	149.2549744	11855
2527	149.1503906	11857.5
2528	149.1503906	11859
2529	149.0625	11859
2530	148.9746094	11859.5
2531	148.9702148	11861.5
2532	148.8761749	11862
2533	148.7179718	11862.5
2534	148.6520538	11862
2535	148.538681	11859.5
2536	148.4815369	11864
2537	148.3945313	11865.5
2538	148.284668	11867.5
2539	148.1941376	11868.5
2540	148.1510773	11871
2541	148.0086975	11871
2542	147.9462891	11871.5
2543	147.8680725	11873.5
2544	147.7494202	11873.5
2545	147.65625	11875.5
2546	147.5683594	11876
2547	147.4681702	11877
2548	147.309967	11879.5
2549	147.2387695	11880
2550	147.1289063	11881
2551	146.9548798	11883
2552	146.8652344	11885.5
2553	146.7351532	11890
2554	146.6279297	11889
2555	146.5136719	11888
2556	146.4257813	11893.5
2557	146.25	11893.5
2558	146.1585846	11895
2559	146.071579	11896.5
2560	145.9142609	11897
2561	145.8105469	11896
2562	145.7209015	11898
2563	145.546875	11898.5
2564	145.4589844	11901.5
2565	145.3710938	11901.5
2566	145.2832031	11901.5
2567	145.1953125	11902.5
2568	145.1074219	11899
2569	145.0195313	11905
2570	144.84375	11908
2571	144.7620087	11908.5
2572	144.7558594	11909
2573	144.666214	11911.5
2574	144.5668945	11910.5
2575	144.4921875	11913.5
2576	144.3691406	11912.5
2577	144.3164063	11909.5
2578	144.2285156	11911.5
2579	144.140625	11914.5
2580	144.1072235	11914.5
2581	144.0527344	11915
2582	143.970993	11917
2583	143.9648438	11918.5
2584	143.8769531	11918
2585	143.7890625	11920
2586	143.7161102	11921.5
2587	143.6132813	11922
2588	143.6123962	11922.5
2589	143.5253906	11921
2590	143.4436493	11925.5
2591	143.436615	11923.5
2592	143.3531342	11921.5
2593	143.3496094	11924
2594	143.2617188	11926.5
2595	143.1738281	11926
2596	143.1615295	11927
2597	142.9989319	11931
2598	142.9954071	11930
2599	142.9101563	11931.5
2600	142.8231506	11935
2601	142.734375	11936.5
2602	142.6464844	11937
2603	142.5585938	11937
2604	142.4707031	11936
2605	142.3828125	11938.5
2606	142.2949219	11936.5
2607	142.2079163	11937.5
2608	142.1296845	11941.5
2609	142.03125	11940.5
2610	141.9433594	11942.5
2611	141.8554688	11943.5
2612	141.7675781	11945
2613	141.6796875	11947
2614	141.5540009	11949.5
2615	141.4177704	11950.5
2616	141.328125	11951
2617	141.2402344	11953
2618	141.1101532	11955
2619	140.9967804	11955
2620	140.8886719	11957
2621	140.7858429	11956.5
2622	140.625	11955
2623	140.4914093	11957.5
2624	140.4439392	11961
2625	140.2734375	11960
2626	140.1802673	11961.5
2627	140.0159149	11965
2628	139.921875	11967
2629	139.8339844	11965.5
2630	139.7373047	11965
2631	139.5703125	11967
2632	139.4824219	11970
2633	139.3312531	11968
2634	139.2407227	11969
2635	139.21875	11971
2636	139.1308594	11971
2637	138.9770508	11970.5
2638	138.8671875	11972.5
2639	138.7792969	11972.5
2640	138.6914063	11977.5
2641	138.6035156	11978.5
2642	138.5244141	11982
2643	138.4277344	11981
2644	138.3415985	11981
2645	138.3398438	11979
2646	138.2519531	11981.5
2647	138.1667023	11980.5
2648	138.0761719	11982
2649	138.0506744	11980.5
2650	137.9882813	11983
2651	137.9460907	11986.5
2652	137.8995056	11985.5
2653	137.8125	11987
2654	137.7246094	11984
2655	137.6367188	11987
2656	137.5488281	11989
2657	137.5391541	11992.5
2658	137.4609375	11993
2659	137.3791962	11992
2660	137.3660126	11991.5
2661	137.2851563	11991
2662	137.2851563	11989.5
2663	137.1972656	11992
2664	137.1181641	11992
2665	137.0258789	11991
2666	136.9880829	11994.5
2667	136.9335938	11996
2668	136.8457031	11995.5
2669	136.7455139	11999.5
2670	136.6699219	11999
2671	136.5820313	12002
2672	136.4941406	11999.5
2673	136.40625	12003
2674	136.3174744	12000
2675	136.2304688	12001.5
2676	136.1425781	12005
2677	136.0546875	12005
2678	135.9650421	12005
2679	135.805954	12006.5
2680	135.740921	12007
2681	135.6152344	12009
2682	135.5273438	12008.5
2683	135.4394531	12010
2684	135.3515625	12013.5
2685	135.1942291	12017
2686	135.0878906	12018.5
2687	134.9850617	12016
2688	134.8242188	12019
2689	134.7372131	12020
2690	134.6422882	12022
2691	134.474411	12021.5
2692	134.3847656	12025
2693	134.2502899	12022.5
2694	134.1210938	12028.5
2695	134.0332031	12028.5
2696	133.8574219	12028
2697	133.7695313	12033
2698	133.6455994	12035
2699	133.5348663	12035.5
2700	133.4197235	12034
2701	133.3300781	12038
2702	133.2421875	12039.5
2703	133.1542969	12038.5
2704	133.0664063	12041
2705	132.9785156	12042.5
2706	132.88974	12042.5
2707	132.7359314	12042.5
2708	132.6401367	12042.5
2709	132.5944367	12043.5
2710	132.4511719	12046.5
2711	132.4511719	12047.5
2712	132.3632813	12049.5
2713	132.2753906	12048
2714	132.1980438	12049.5
2715	132.1048889	12052
2716	132.0917053	12053
2717	132.0117188	12052.5
2718	131.9238281	12052
2719	131.841217	12049.5
2720	131.8359375	12053.5
2721	131.7480469	12055
2722	131.7058563	12052.5
2723	131.6601563	12061
2724	131.5722656	12057.5
2725	131.5054627	12060.5
2726	131.4079132	12060
2727	131.3112335	12060
2728	131.3103485	12062
2729	131.2716827	12063
2730	131.2207031	12062.5
2731	131.1328125	12062
2732	131.1187439	12064
2733	131.0449219	12063.5
2734	130.9570313	12064.5
2735	130.8708954	12064
2736	130.78125	12064.5
2737	130.7364197	12070
2738	130.6054688	12066.5
2739	130.5175781	12070.5
2740	130.4665985	12072.5
2741	130.3461914	12073
2742	130.2539063	12078
2743	130.1660156	12079.5
2744	130.078125	12077
2745	129.9911194	12077.5
2746	129.9023438	12079
2747	129.8162079	12081.5
2748	129.7265625	12081.5
2749	129.6316376	12081.5
2750	129.5393524	12084.5
2751	129.375885	12085.5
2752	129.2871094	12086
2753	129.1992188	12088.5
2754	129.1113281	12093.5
2755	128.9355469	12092.5
2756	128.8459015	12095
2757	128.6850586	12096
2758	128.5839844	12098
2759	128.4960938	12098
2760	128.3308563	12099.5
2761	128.2324219	12100
2762	128.138382	12100.5
2763	127.96875	12104.5
2764	127.8808594	12104.5
2765	127.7507858	12104
2766	127.6171875	12106.5
2767	127.5292969	12110.5
2768	127.4378891	12108.5
2769	127.3218765	12110
2770	127.2462921	12109.5
2771	127.1548843	12113
2772	127.0019531	12111
2773	126.9140625	12112
2774	126.8252945	12111
2775	126.7382813	12112.5
2776	126.6503906	12114.5
2777	126.5625	12117
2778	126.4754868	12117
2779	126.3867188	12122
2780	126.2988281	12124
2781	126.2425766	12122.5
2782	126.1335907	12121.5
2783	126.1230469	12126
2784	126.0351563	12131
2785	125.9701157	12124.5
2786	125.9288101	12128.5
2787	125.8576126	12127.5
2788	125.7714844	12127
2789	125.6853561	12127.5
2790	125.6827164	12126
2791	125.5957031	12126
2792	125.5078125	12130.5
2793	125.4383774	12132.5
2794	125.4199219	12129.5
2795	125.3320313	12131.5
2796	125.2441406	12132
2797	125.2441406	12132.5
2798	125.15625	12133.5
2799	125.0797882	12134.5
2800	125.0683594	12134.5
2801	124.9787064	12132
2802	124.8934555	12133.5
2803	124.8688431	12135
2804	124.8046875	12135
2805	124.7018509	12138
2806	124.6262665	12139.5
2807	124.4847641	12137.5
2808	124.4170837	12141
2809	124.364357	12138
2810	124.2676773	12143
2811	124.1709976	12146.5
2812	124.1015625	12143
2813	123.9908218	12145
2814	123.8625031	12149
2815	123.75	12147
2816	123.6621094	12148.5
2817	123.5759811	12147.5
2818	123.4863281	12147.5
2819	123.3922882	12150
2820	123.2376022	12149.5
2821	123.1347656	12153
2822	123.046875	12154
2823	122.9589844	12157
2824	122.7832031	12159
2825	122.6953125	12158.5
2826	122.5318375	12162
2827	122.4316406	12160.5
2828	122.34375	12163
2829	122.2189407	12166.5
2830	122.0800781	12167
2831	121.9262695	12167.5
2832	121.8164063	12167
2833	121.7285156	12170
2834	121.6344757	12170.5
2835	121.4648438	12171.5
2836	121.3769531	12172.5
2837	121.2890625	12170.5
2838	121.1264648	12170.5
2839	121.1132813	12170.5
2840	121.0253906	12172
2841	120.9357376	12176
2842	120.8039017	12173.5
2843	120.6738281	12178.5
2844	120.5920868	12177.5
2845	120.4998093	12175.5
2846	120.4707947	12178.5
2847	120.3618088	12176.5
2848	120.2387772	12179
2849	120.2282257	12179.5
2850	120.1464844	12179.5
2851	120.0585938	12179.5
2852	119.9724655	12185.5
2853	119.8959961	12182
2854	119.8828125	12181.5
2855	119.7949219	12185.5
2856	119.7210999	12187
2857	119.7070313	12186
2858	119.6191406	12187
2859	119.53125	12183
2860	119.4442368	12186
2861	119.3695374	12185.5
2862	119.3554688	12185.5
2863	119.2675781	12188
2864	119.2341766	12185
2865	119.1796875	12185.5
2866	119.1752853	12189.5
2867	119.0917969	12186
2868	119.0039063	12188
2869	118.9204178	12195.5
2870	118.8474579	12192.5
2871	118.8166962	12191
2872	118.7402344	12191
2873	118.6523438	12194.5
2874	118.5644531	12193
2875	118.4792023	12195.5
2876	118.3886719	12193.5
2877	118.3007813	12195
2878	118.2128906	12194
2879	118.1214829	12193
2880	118.0371094	12195
2881	117.9492188	12194
2882	117.8613281	12199.5
2883	117.7734375	12195.5
2884	117.6855469	12196
2885	117.5783234	12201
2886	117.421875	12200.5
2887	117.3541946	12203
2888	117.2460938	12201
2889	117.1573257	12205
2890	116.9832993	12204
2891	116.8945313	12202
2892	116.8066406	12207
2893	116.7011795	12205
2894	116.5429688	12208
2895	116.4111328	12205.5
2896	116.2792969	12212
2897	116.1914063	12212.5
2898	116.089447	12210.5
2899	115.9426804	12211.5
2900	115.8398438	12216
2901	115.6640625	12215.5
2902	115.5761719	12215.5
2903	115.4882813	12216.5
2904	115.3986282	12215.5
2905	115.2263718	12215.5
2906	115.1393585	12217.5
2907	115.0734406	12216.5
2908	114.9609375	12218.5
2909	114.877449	12217.5
2910	114.7851563	12217.5
2911	114.6972656	12225
2912	114.609375	12220
2913	114.4942322	12221
2914	114.4335938	12223.5
2915	114.3457031	12224.5
2916	114.2578125	12226
2917	114.174324	12227.5
2918	114.1233368	12223.5
2919	114.060936	12223.5
2920	113.9923782	12225.5
2921	113.90625	12228.5
2922	113.8183594	12228.5
2923	113.7498016	12228
2924	113.7304688	12226.5
2925	113.6425781	12228
2926	113.5564499	12230.5
2927	113.5546875	12231
2928	113.4659195	12230.5
2929	113.3806686	12228
2930	113.3006821	12232
2931	113.203125	12232
2932	113.203125	12229.5
2933	113.1152344	12230
2934	113.0449143	12232
2935	113.0273438	12231
2936	112.9394531	12232.5
2937	112.9394531	12231
2938	112.8498001	12228.5
2939	112.7636719	12234.5
2940	112.6757813	12236
2941	112.588768	12239
2942	112.5	12238
2943	112.4156265	12238
2944	112.3417893	12235.5
2945	112.3048859	12238
2946	112.1510773	12236.5
2947	112.0605469	12237.5
2948	111.9779358	12236
2949	111.8847656	12240.5
2950	111.796875	12238.5
2951	111.7089844	12241.5
2952	111.6210938	12241.5
2953	111.5332031	12244
2954	111.4215775	12243.5
2955	111.3029327	12245
2956	111.1816406	12246.5
2957	111.09375	12248
2958	111.0058594	12245.5
2959	110.9074249	12249.5
2960	110.7421875	12248.5
2961	110.6525345	12250.5
2962	110.5400314	12250.5
2963	110.3941422	12254
2964	110.2939453	12249
2965	110.1278305	12251
2966	110.0390625	12249.5
2967	109.9511719	12251.5
2968	109.7850571	12255
2969	109.6848602	12252.5
2970	109.5143585	12256.5
2971	109.4238281	12257
2972	109.3359375	12259
2973	109.2295914	12253
2974	109.0819321	12253
2975	108.984375	12259
2976	108.8964844	12254
2977	108.8024445	12257
2978	108.7207031	12259
2979	108.6310501	12257.5
2980	108.4930725	12260.5
2981	108.3691406	12263
2982	108.28125	12262
2983	108.1933594	12266
2984	108.1283188	12261.5
2985	108.0210953	12260
2986	107.9305649	12260.5
2987	107.8831024	12259.5
2988	107.8189468	12259
2989	107.7539063	12259
2990	107.6660156	12258
2991	107.578125	12259
2992	107.4902344	12262.5
2993	107.4902344	12261
2994	107.4304657	12264.5
2995	107.399704	12262
2996	107.3135757	12265.5
2997	107.2256851	12261
2998	107.1448212	12265.5
2999	107.0507813	12267.5
3000	107.0499039	12262.5
3001	106.9628906	12264.5
3002	106.8758774	12263.5
3003	106.875	12261.5
3004	106.7871094	12268
3005	106.7871094	12267.5
3006	106.6992188	12267
3007	106.6113281	12265
3008	106.4944382	12264.5
3009	106.4355469	12265
3010	106.3564453	12265
3011	106.3406296	12270
3012	106.2597656	12268
3013	106.105957	12267
3014	106.0839844	12269.5
3015	105.9714813	12267.5
3016	105.8238297	12271
3017	105.7324219	12268.5
3018	105.6445313	12274
3019	105.5997086	12274
3020	105.5223618	12270.5
3021	105.3808594	12271.5
3022	105.2929688	12271.5
3023	105.2050781	12269.5
3024	105.1145477	12271.5
3025	105.0266571	12270.5
3026	104.8596649	12274
3027	104.7682648	12275
3028	104.6777344	12275
3029	104.5564423	12271.5
3030	104.4140625	12275.5
3031	104.3261719	12272
3032	104.2013626	12272
3033	104.0669022	12274
3034	103.972847	12276
3035	103.8005905	12279.5
3036	103.7109375	12277.5
3037	103.6230469	12277.5
3038	103.4525452	12277.5
3039	103.359375	12274
3040	103.2626953	12275
3041	103.0957031	12276
3042	103.0078125	12277.5
3043	102.8909226	12277
3044	102.819725	12277
3045	102.6835022	12277.5
3046	102.6123047	12279
3047	102.4804688	12275.5
3048	102.3925781	12277.5
3049	102.3046875	12278.5
3050	102.2167969	12279.5
3051	102.1245041	12278
3052	102.0410156	12282.5
3053	101.930275	12281.5
3054	101.8652344	12282
3055	101.8151398	12281.5
3056	101.7720642	12281.5
3057	101.6894531	12280.5
3058	101.6015625	12279.5
3059	101.5136719	12279
3060	101.4257813	12277
3061	101.4257813	12281
3062	101.338768	12283.5
3063	101.25	12280
3064	101.25	12283.5
3065	101.1621094	12281.5
3066	101.1005936	12279.5
3067	101.0531235	12282
3068	100.9863281	12278
3069	100.8984375	12281
3070	100.8404236	12280
3071	100.8114243	12280.5
3072	100.7244186	12279
3073	100.6470718	12282.5
3074	100.6347656	12282.5
3075	100.546875	12282.5
3076	100.4589844	12283
3077	100.4519577	12279
3078	100.3508835	12280.5
3079	100.2454071	12282
3080	100.1311569	12282.5
3081	100.0634766	12281.5
3082	100.0168915	12284.5
3083	99.93076324	12283.5
3084	99.84375	12283.5
3085	99.75585938	12283.5
3086	99.66796875	12283
3087	99.58007813	12285.5
3088	99.4921875	12283
3089	99.40429688	12283
3090	99.31640625	12282.5
3091	99.22851563	12282.5
3092	99.140625	12282
3093	98.96484375	12284
3094	98.87695313	12282.5
3095	98.7890625	12286.5
3096	98.70117188	12282.5
3097	98.52539063	12284
3098	98.4375	12285.5
3099	98.26435852	12281.5
3100	98.17382813	12283.5
3101	98.0859375	12284.5
3102	97.94091797	12286
3103	97.82226563	12285
3104	97.72822571	12283.5
3105	97.55859375	12283
3106	97.47070313	12284.5
3107	97.3828125	12283
3108	97.22548676	12283
3109	97.11914063	12284
3110	96.95830536	12280.5
3111	96.93984222	12283.5
3112	96.79483032	12287
3113	96.74560547	12283
3114	96.67617035	12284.5
3115	96.51445007	12283.5
3116	96.41601563	12281
3117	96.32548523	12285
3118	96.24023438	12282.5
3119	96.15234375	12281
3120	96.06445313	12284.5
3121	95.9765625	12285
3122	95.88867188	12280.5
3123	95.80078125	12287.5
3124	95.76386261	12288
3125	95.71289063	12287.5
3126	95.625	12284
3127	95.62148285	12284.5
3128	95.53710938	12283.5
3129	95.45009613	12283
3130	95.38858032	12285
3131	95.30155945	12286.5
3132	95.2734375	12284
3133	95.18554688	12285
3134	95.1055603	12285
3135	95.02997589	12286
3136	95.00976563	12286
3137	94.921875	12281.5
3138	94.921875	12287.5
3139	94.88847351	12283
3140	94.80322266	12285
3141	94.73202515	12287.5
3142	94.65820313	12286.5
3143	94.5703125	12288.5
3144	94.48329926	12286
3145	94.48154449	12286.5
3146	94.39453125	12286.5
3147	94.30664063	12290.5
3148	94.21434784	12285.5
3149	94.12909698	12285
3150	94.04120636	12284
3151	93.95507813	12283.5
3152	93.81972504	12285.5
3153	93.7766571	12286.5
3154	93.6878891	12286
3155	93.60351563	12287
3156	93.50508118	12286
3157	93.34951019	12283.5
3158	93.25547028	12284
3159	93.1640625	12286
3160	93.07704926	12282.5
3161	92.98828125	12286
3162	92.89951324	12284
3163	92.74834442	12283.5
3164	92.63671875	12283
3165	92.54882813	12286
3166	92.42401886	12285.5
3167	92.29043579	12284.5
3168	92.19726563	12282.5
3169	92.02938843	12285
3170	91.93359375	12290
3171	91.84570313	12283.5
3172	91.70507813	12286.5
3173	91.58203125	12284
3174	91.48271179	12285
3175	91.31835938	12285
3176	91.23046875	12283
3177	91.14257813	12283.5
3178	91.02919769	12283
3179	90.87890625	12282
3180	90.79101563	12284.5
3181	90.703125	12286
3182	90.64511108	12285
3183	90.52734375	12285.5
3184	90.43945313	12282.5
3185	90.3515625	12284
3186	90.26367188	12280
3187	90.17578125	12284
3188	90.08789063	12279.5
3189	90	12282.5
3190	89.91210938	12278.5
3191	89.82509613	12283
3192	89.80751801	12283.5
3193	89.71435547	12281.5
3194	89.6484375	12283
3195	89.56054688	12283
3196	89.47353363	12285.5
3197	89.47265625	12280
3198	89.40322113	12284.5
3199	89.32588196	12282.5
3200	89.296875	12283
3201	89.20810699	12284
3202	89.12109375	12282
3203	89.06132507	12278.5
3204	89.03144073	12280.5
3205	88.94355011	12280.5
3206	88.85829926	12281.5
3207	88.85742188	12281.5
3208	88.83368683	12279.5
3209	88.76953125	12281.5
3210	88.68164063	12278.5
3211	88.59375	12282
3212	88.50585938	12279.5
3213	88.49794769	12283.5
3214	88.4030304	12280.5
3215	88.32392883	12279.5
3216	88.17099762	12278.5
3217	88.15429688	12277.5
3218	88.04970551	12279.5
3219	87.97675323	12281
3220	87.80888367	12276.5
3221	87.73329926	12277
3222	87.7113266	12276.5
3223	87.61201477	12279.5
3224	87.53730011	12279
3225	87.44765472	12279
3226	87.30263519	12276.5
3227	87.1875	12280
3228	87.09960938	12280.5
3229	87.01171875	12276.5
3230	86.92382813	12278
3231	86.82099915	12275
3232	86.66015625	12277
3233	86.57226563	12274.5
3234	86.47206879	12274.5
3235	86.30859375	12275.5
3236	86.22070313	12278.5
3237	86.04492188	12278
3238	85.95703125	12275.5
3239	85.86299133	12276
3240	85.69335938	12277
3241	85.60546875	12272.5
3242	85.51318359	12273
3243	85.34619141	12276
3244	85.25390625	12272.5
3245	85.14931488	12269.5
3246	85.02890778	12271
3247	84.96474457	12268
3248	84.81445313	12268.5
3249	84.7265625	12267.5
3250	84.63867188	12266
3251	84.55078125	12267
3252	84.46289063	12266.5
3253	84.37412262	12266
3254	84.26689911	12269.5
3255	84.18691254	12267.5
3256	84.08847809	12269.5
3257	84.0234375	12266.5
3258	83.92851257	12268
3259	83.84765625	12261
3260	83.77294922	12262.5
3261	83.75361633	12265
3262	83.671875	12265
3263	83.58398438	12261.5
3264	83.50752258	12265
3265	83.49345398	12262
3266	83.40820313	12264.5
3267	83.32295227	12264
3268	83.28515625	12264.5
3269	83.23242188	12264
3270	83.14453125	12262.5
3271	83.09004211	12261.5
3272	83.05664063	12261.5
3273	82.96875	12262.5
3274	82.89228821	12261
3275	82.87734222	12259.5
3276	82.79296875	12262.5
3277	82.71122742	12262
3278	82.64530945	12258.5
3279	82.6171875	12260.5
3280	82.53281403	12262.5
3281	82.46250153	12263
3282	82.44052887	12260
3283	82.35351563	12264.5
3284	82.26123047	12262
3285	82.17685699	12266
3286	82.05204773	12260
3287	81.99843597	12259
3288	81.9070282	12257
3289	81.81474304	12258
3290	81.72509766	12256
3291	81.65039063	12259.5
3292	81.54931641	12259
3293	81.38671875	12256.5
3294	81.30761719	12254
3295	81.2109375	12254.5
3296	81.12304688	12254.5
3297	81.02636719	12252
3298	80.86025238	12255
3299	80.77148438	12250
3300	80.68359375	12255
3301	80.59570313	12250.5
3302	80.49990082	12253.5
3303	80.33203125	12249.5
3304	80.24237823	12251.5
3305	80.06835938	12250.5
3306	79.98046875	12249
3307	79.89257813	12251.5
3308	79.7589798	12254.5
3309	79.62890625	12249
3310	79.51904297	12248.5
3311	79.43202972	12250.5
3312	79.27734375	12248
3313	79.18945313	12246.5
3314	79.04003906	12245
3315	78.93193054	12246.5
3316	78.83789063	12245
3317	78.75	12246
3318	78.66474915	12245.5
3319	78.57421875	12243
3320	78.48632813	12238.5
3321	78.37822723	12237
3322	78.22529602	12237.5
3323	78.22265625	12240
3324	78.12949371	12241.5
3325	78.046875	12238.5
3326	77.95810699	12241
3327	77.86582184	12240
3328	77.78320313	12239.5
3329	77.6953125	12240
3330	77.61357117	12239
3331	77.60742188	12239
3332	77.51953125	12236
3333	77.43340302	12237.5
3334	77.41143036	12233.5
3335	77.34462738	12232
3336	77.30156708	12236.5
3337	77.25585938	12231.5
3338	77.16796875	12233
3339	77.12841797	12233
3340	77.03877258	12232.5
3341	76.9921875	12232.5
3342	76.90429688	12230.5
3343	76.90429688	12230
3344	76.83925629	12232
3345	76.81025696	12232.5
3346	76.72851563	12229.5
3347	76.640625	12230.5
3348	76.55273438	12234
3349	76.46484375	12229.5
3350	76.41738129	12228.5
3351	76.37695313	12230
3352	76.28027344	12228.5
3353	76.13789368	12229
3354	76.05263519	12229.5
3355	76.00605774	12226
3356	75.91904449	12227.5
3357	75.76171875	12225
3358	75.68349457	12226.5
3359	75.66855621	12227
3360	75.5859375	12221.5
3361	75.46640778	12223
3362	75.41015625	12221.5
3363	75.24931335	12219.5
3364	75.14648438	12219
3365	75.1324234	12220
3366	74.98388672	12220
3367	74.8828125	12218.5
3368	74.78964996	12220
3369	74.62528992	12220.5
3370	74.53125	12219
3371	74.44335938	12217.5
3372	74.26757813	12214.5
3373	74.1796875	12210
3374	74.01005554	12212.5
3375	73.91601563	12212.5
3376	73.828125	12210.5
3377	73.68135071	12211.5
3378	73.56445313	12209
3379	73.41943359	12204
3380	73.30078125	12205.5
3381	73.21289063	12207.5
3382	73.125	12209
3383	72.95098114	12206.5
3384	72.89472961	12203
3385	72.79101563	12206.5
3386	72.76025391	12206
3387	72.68554688	12204
3388	72.59853363	12205.5
3389	72.50888824	12201
3390	72.4148407	12201
3391	72.33398438	12202
3392	72.24609375	12199.5
3393	72.15820313	12199.5
3394	72.0703125	12204
3395	71.98242188	12200.5
3396	71.89717102	12198.5
3397	71.83388519	12200.5
3398	71.78115082	12196
3399	71.71875	12198.5
3400	71.63085938	12196
3401	71.54296875	12196
3402	71.49814606	12198
3403	71.45507813	12193
3404	71.3671875	12194
3405	71.36631012	12198
3406	71.27402496	12196
3407	71.19140625	12194
3408	71.10351563	12194
3409	71.10263824	12195
3410	71.015625	12195
3411	70.92773438	12194.5
3412	70.90927887	12198.5
3413	70.83984375	12190.5
3414	70.75195313	12192.5
3415	70.75019073	12191.5
3416	70.6640625	12191.5
3417	70.57617188	12188.5
3418	70.48915863	12186
3419	70.40039063	12186.5
3420	70.3582077	12191
3421	70.29579926	12184.5
3422	70.13671875	12183.5
3423	70.12792969	12186.5
3424	70.02861786	12185.5
3425	69.87831879	12187
3426	69.78515625	12183
3427	69.69726563	12185
3428	69.609375	12183
3429	69.52148438	12181.5
3430	69.43535614	12179.5
3431	69.34570313	12180
3432	69.2578125	12178
3433	69.11894226	12177
3434	69.01963043	12180.5
3435	68.90625	12177
3436	68.81835938	12176.5
3437	68.73046875	12173
3438	68.5546875	12176
3439	68.46679688	12176
3440	68.34462738	12174
3441	68.20751953	12173
3442	68.11523438	12173
3443	67.96846008	12170.5
3444	67.8515625	12172.5
3445	67.76367188	12168.5
3446	67.62656403	12167.5
3447	67.5	12165.5
3448	67.38749695	12161.5
3449	67.29170227	12162.5
3450	67.1484375	12163
3451	67.06054688	12159
3452	66.97265625	12161.5
3453	66.88476563	12159.5
3454	66.79511261	12157.5
3455	66.70810699	12160
3456	66.54111481	12157
3457	66.4453125	12156
3458	66.35742188	12152
3459	66.26953125	12151.5
3460	66.18164063	12152.5
3461	66.09375	12151.5
3462	66.00585938	12148.5
3463	65.91796875	12148.5
3464	65.83007813	12149.5
3465	65.83007813	12151
3466	65.7421875	12150
3467	65.69911957	12149
3468	65.62353516	12148.5
3469	65.56640625	12148
3470	65.48994446	12144
3471	65.47851563	12144
3472	65.38886261	12146.5
3473	65.30712891	12145.5
3474	65.27988434	12146
3475	65.21484375	12145
3476	65.12871552	12145
3477	65.06806946	12144.5
3478	65.03115082	12143
3479	64.95117188	12143
3480	64.95029449	12142
3481	64.86328125	12146
3482	64.77539063	12143
3483	64.70859528	12143
3484	64.60927582	12141
3485	64.59960938	12138
3486	64.51611328	12140
3487	64.42382813	12140.5
3488	64.34208679	12137.5
3489	64.24804688	12134.5
3490	64.16103363	12136
3491	64.07226563	12140
3492	63.984375	12132
3493	63.89648437	12134
3494	63.80859375	12135.5
3495	63.72861481	12135
3496	63.6328125	12129.5
3497	63.54668045	12129.5
3498	63.45703125	12132
3499	63.36914062	12128.5
3500	63.28125	12124.5
3501	63.19335937	12127.5
3502	63.10546875	12125.5
3503	62.94374847	12129.5
3504	62.84179687	12127
3505	62.75390625	12128.5
3506	62.65019608	12124.5
3507	62.49023437	12127.5
3508	62.40234375	12125
3509	62.2898407	12125.5
3510	62.13867187	12121
3511	62.05078125	12125.5
3512	61.87763977	12121.5
3513	61.78710937	12118
3514	61.67285156	12119.5
3515	61.5234375	12116.5
3516	61.43554687	12115
3517	61.34765625	12113
3518	61.1727562	12109.5
3519	61.08398437	12106.5
3520	60.99609375	12107.5
3521	60.90820312	12107
3522	60.8203125	12106.5
3523	60.73242187	12107.5
3524	60.64453125	12108
3525	60.55664062	12104.5
3526	60.44941711	12105
3527	60.36503983	12102.5
3528	60.24726486	12101.5
3529	60.20507812	12099
3530	60.09257507	12097.5
3531	60.02578354	12102
3532	59.93964767	12101
3533	59.85351562	12100.5
3534	59.76738358	12096.5
3535	59.765625	12097.5
3536	59.67773437	12098
3537	59.58984375	12098
3538	59.58984375	12099
3539	59.50195312	12100
3540	59.42812347	12097
3541	59.4140625	12098
3542	59.32617187	12093.5
3543	59.23828125	12092.5
3544	59.1644516	12091
3545	59.14775085	12094
3546	59.0625	12090.5
3547	58.99042892	12092.5
3548	58.97460937	12092
3549	58.89814377	12091.5
3550	58.88671875	12090
3551	58.79882812	12094
3552	58.7109375	12090.5
3553	58.62304687	12088.5
3554	58.54306793	12091.5
3555	58.53515625	12087
3556	58.44726562	12086
3557	58.31103516	12085
3558	58.27060318	12083.5
3559	58.1686554	12084
3560	58.09130859	12081
3561	57.92168045	12081
3562	57.83203125	12078.5
3563	57.82148361	12083
3564	57.74414062	12082
3565	57.65625	12079.5
3566	57.54023361	12081.5
3567	57.41630936	12080
3568	57.31259918	12079
3569	57.21679687	12078
3570	57.12890625	12077
3571	57.04101562	12077
3572	56.953125	12072.5
3573	56.80195618	12077.5
3574	56.68945312	12069.5
3575	56.55234528	12070
3576	56.46269226	12072.5
3577	56.33789062	12065.5
3578	56.22187424	12068
3579	56.07421875	12066
3580	55.98632812	12063.5
3581	55.87646484	12064.5
3582	55.72265625	12065
3583	55.62861252	12058
3584	55.45898437	12057
3585	55.37109375	12057
3586	55.28144455	12056
3587	55.1953125	12054
3588	55.10214996	12053
3589	54.98437119	12049.5
3590	54.8446312	12048.5
3591	54.75674057	12051.5
3592	54.67324066	12048.5
3593	54.58007812	12048.5
3594	54.4921875	12047.5
3595	54.40429687	12046
3596	54.31640625	12048.5
3597	54.22851562	12047
3598	54.140625	12042
3599	54.05273437	12043
3600	53.96484375	12043.5
3601	53.88134766	12042.5
3602	53.87695312	12041.5
3603	53.7890625	12043
3604	53.70117187	12038
3605	53.63437271	12040
3606	53.61328125	12038.5
3607	53.52539062	12037.5
3608	53.44628525	12037.5
3609	53.4375	12034.5
3610	53.34960937	12039.5
3611	53.34960937	12036.5
3612	53.25732422	12033.5
3613	53.17382812	12034
3614	53.08769608	12032
3615	53.07451248	12032.5
3616	52.99804687	12027
3617	52.91366959	12028.5
3618	52.91015625	12030
3619	52.82226562	12029.5
3620	52.73701477	12026
3621	52.73173523	12026.5
3622	52.63417816	12031
3623	52.55859375	12026.5
3624	52.47070312	12027.5
3625	52.3828125	12029.5
3626	52.29492187	12023.5
3627	52.20263672	12021
3628	52.11914062	12025
3629	52.03125	12019
3630	51.94335937	12017.5
3631	51.85282898	12016
3632	51.76757812	12015
3633	51.6796875	12014.5
3634	51.55488586	12018
3635	51.50390625	12014.5
3636	51.40195465	12014
3637	51.2964859	12011
3638	51.15234375	12012
3639	51.05214691	12009.5
3640	50.9132843	12007
3641	50.85791397	12007.5
3642	50.72519684	12007.5
3643	50.625	12001.5
3644	50.5037117	12000
3645	50.36132812	12002.5
3646	50.2734375	11998
3647	50.13368988	11998
3648	50.00976562	11995.5
3649	49.921875	11994.5
3650	49.74609375	11995.5
3651	49.65820312	11993.5
3652	49.5703125	11990.5
3653	49.39541245	11990
3654	49.30664062	11988.5
3655	49.21875	11985
3656	49.13085937	11985
3657	49.04296875	11984.5
3658	48.95419693	11981
3659	48.8671875	11984.5
3660	48.77578354	11980
3661	48.68876648	11981.5
3662	48.515625	11984
3663	48.42773437	11980.5
3664	48.34335709	11979
3665	48.27041245	11980
3666	48.25019455	11981
3667	48.08056641	11976
3668	48.01552582	11974.5
3669	47.98828125	11975.5
3670	47.90039062	11973.5
3671	47.8125	11975
3672	47.77558899	11976
3673	47.70790863	11974
3674	47.63671875	11976
3675	47.54882812	11972
3676	47.49872971	11975
3677	47.4609375	11972.5
3678	47.37304687	11972
3679	47.28515625	11971
3680	47.1990242	11971
3681	47.19726562	11973.5
3682	47.109375	11969.5
3683	47.1084938	11968.5
3684	47.02148437	11969.5
3685	46.96962738	11968
3686	46.87382889	11963.5
3687	46.84570312	11967
3688	46.7578125	11963.5
3689	46.7507782	11964.5
3690	46.66025543	11964
3691	46.53105164	11959.5
3692	46.49414062	11960.5
3693	46.4132843	11963
3694	46.32451248	11960.5
3695	46.24013519	11963
3696	46.14257812	11959.5
3697	46.0555687	11961
3698	45.96679687	11958.5
3699	45.87890625	11959
3700	45.82617569	11953
3701	45.72597885	11954
3702	45.61523437	11952
3703	45.52734375	11951
3704	45.43945312	11954
3705	45.3515625	11951
3706	45.26367187	11954
3707	45.17578125	11952
3708	45	11950.5
3709	44.91210937	11949.5
3710	44.81367111	11949.5
3711	44.73632812	11950
3712	44.56142807	11953
3713	44.47265625	11947.5
3714	44.29951096	11946
3715	44.20898437	11943
3716	44.12021255	11944.5
3717	43.95497894	11941.5
3718	43.85742187	11943.5
3719	43.72382736	11940.5
3720	43.59375	11942.5
3721	43.50585937	11937
3722	43.4144516	11942.5
3723	43.29404449	11937
3724	43.16044998	11936
3725	43.06640625	11931.5
3726	42.97851562	11932.5
3727	42.890625	11930
3728	42.80273437	11931
3729	42.71484375	11931.5
3730	42.62695312	11932
3731	42.53290939	11927.5
3732	42.44414139	11927
3733	42.2771492	11927
3734	42.27539062	11926.5
3735	42.14003754	11923
3736	42.07851791	11921
3737	42.00468826	11925.5
3738	41.92382812	11925
3739	41.8359375	11924
3740	41.74804687	11925
3741	41.74716568	11924.5
3742	41.66015625	11922.5
3743	41.57578278	11919
3744	41.57226562	11920.5
3745	41.484375	11917.5
3746	41.39648437	11919
3747	41.39384842	11919.5
3748	41.22158432	11919
3749	41.22070312	11916
3750	41.14336014	11919.5
3751	41.05810547	11916.5
3752	41.04492187	11918.5
3753	40.95791245	11916.5
3754	40.95703125	11916.5
3755	40.86914062	11915
3756	40.78916168	11917
3757	40.78125	11913.5
3758	40.69335937	11912
3759	40.60546875	11915.5
3760	40.51757812	11909
3761	40.44287109	11910
3762	40.34267807	11909
3763	40.33916092	11906.5
3764	40.17041016	11910
3765	40.11240387	11908.5
3766	40.0464859	11907.5
3767	39.90234375	11912
3768	39.81445312	11906.5
3769	39.76611328	11908.5
3770	39.7265625	11907.5
3771	39.60439301	11908
3772	39.50771713	11905.5
3773	39.38291168	11907.5
3774	39.28710937	11906.5
3775	39.19921875	11907.5
3776	39.11132812	11903
3777	39.01377106	11900
3778	38.84765625	11903.5
3779	38.75976562	11904.5
3780	38.66308594	11903
3781	38.49609375	11898
3782	38.40820312	11902
3783	38.30449295	11897.5
3784	38.14453125	11897.5
3785	38.05664062	11897
3786	37.92392349	11898.5
3787	37.79296875	11895
3788	37.70507812	11891.5
3789	37.52929687	11891.5
3790	37.44140625	11890.5
3791	37.35351562	11888.5
3792	37.265625	11886.5
3793	37.17509842	11887
3794	37.00195312	11885.5
3795	36.9140625	11887
3796	36.84726334	11883.5
3797	36.73828125	11883
3798	36.65039062	11881.5
3799	36.5625	11880.5
3800	36.47372818	11882
3801	36.38671875	11881
3802	36.29882812	11881.5
3803	36.2109375	11876.5
3804	36.09667969	11877
3805	36.03515625	11878
3806	35.94726562	11878
3807	35.93584061	11877.5
3808	35.859375	11878.5
3809	35.77148437	11875.5
3810	35.68359375	11875
3811	35.59658432	11874.5
3812	35.57636642	11871.5
3813	35.50957108	11873
3814	35.48320389	11873.5
3815	35.41992187	11873
3816	35.33203125	11870.5
3817	35.28632736	11870.5
3818	35.24414062	11870.5
3819	35.15625	11870
3820	35.06835937	11869
3821	35.06835937	11869.5
3822	34.98046875	11868.5
3823	34.98046875	11866
3824	34.81962967	11867.5
3825	34.8046875	11868
3826	34.71943283	11867.5
3827	34.66318512	11864.5
3828	34.62890625	11863.5
3829	34.54101562	11862.5
3830	34.453125	11862
3831	34.30195236	11865
3832	34.2738266	11858.5
3833	34.18945312	11859
3834	34.1015625	11857
3835	33.99521637	11856.5
3836	33.92490005	11856.5
3837	33.83789062	11857
3838	33.75	11858
3839	33.66210937	11856.5
3840	33.57421875	11859
3841	33.48632812	11853.5
3842	33.31845856	11854.5
3843	33.22353745	11851.5
3844	33.13476562	11850.5
3845	33.046875	11849.5
3846	32.95898437	11854.5
3847	32.78320312	11846.5
3848	32.6953125	11845
3849	32.58369064	11846
3850	32.43164062	11844
3851	32.33056641	11848.5
3852	32.23125076	11844
3853	32.08007812	11845.5
3854	31.98252106	11840.5
3855	31.85068512	11839.5
3856	31.72851563	11841.5
3857	31.63359451	11835
3858	31.46660042	11834
3859	31.37783241	11835
3860	31.2890625	11836
3861	31.19062614	11830
3862	31.11064529	11828.5
3863	31.02539063	11828
3864	30.9375	11828
3865	30.83994293	11827.5
3866	30.71953011	11828.5
3867	30.5859375	11825.5
3868	30.49804688	11822.5
3869	30.41015625	11822
3870	30.34511757	11821.5
3871	30.29062653	11821.5
3872	30.14736366	11821
3873	30.10165977	11819.5
3874	30.03925705	11818
3875	29.97070313	11819.5
3876	29.8828125	11815.5
3877	29.79492188	11817.5
3878	29.79492188	11815
3879	29.70703125	11815.5
3880	29.61914063	11817.5
3881	29.61914063	11817
3882	29.53125	11820
3883	29.44335938	11814.5
3884	29.35546875	11814.5
3885	29.35546875	11814
3886	29.26757813	11813.5
3887	29.1796875	11806
3888	29.16386795	11808.5
3889	29.10146332	11806.5
3890	29.07861328	11807
3891	29.00390625	11807
3892	28.91601563	11807
3893	28.86152458	11807
3894	28.77011681	11806
3895	28.74023438	11804.5
3896	28.65234375	11804.5
3897	28.56972694	11807
3898	28.53193474	11805.5
3899	28.38867188	11800.5
3900	28.30341721	11801
3901	28.21376991	11800
3902	28.12587929	11796.5
3903	28.03710938	11794.5
3904	27.94921875	11794
3905	27.88945389	11797.5
3906	27.77519417	11795
3907	27.68554688	11793
3908	27.59765625	11791
3909	27.50888634	11795.5
3910	27.37529373	11794.5
3911	27.3260746	11793.5
3912	27.15820313	11791
3913	27.0703125	11789
3914	26.95166016	11787.5
3915	26.81630707	11788
3916	26.71875	11784
3917	26.62734222	11784
3918	26.45507813	11783
3919	26.3671875	11783
3920	26.19140625	11781.5
3921	26.10351563	11782
3922	26.015625	11780
3923	25.86709023	11779.5
3924	25.75195313	11774.5
3925	25.6640625	11776
3926	25.56122971	11775.5
3927	25.48828125	11772
3928	25.33535194	11771
3929	25.22460938	11773
3930	25.19472694	11766
3931	25.04882813	11770
3932	24.9609375	11769.5
3933	24.87656403	11767
3934	24.87041092	11768
3935	24.78515625	11765.5
3936	24.69199181	11766.5
3937	24.58740234	11765.5
3938	24.46875	11768
3939	24.37470627	11763
3940	24.33251953	11763
3941	24.19189453	11760
3942	24.16992188	11760.5
3943	24.08203125	11763
3944	23.99414063	11761
3945	23.90712929	11760.5
3946	23.90537071	11763
3947	23.81835938	11764.5
3948	23.71728516	11758
3949	23.64257813	11759.5
3950	23.58720589	11763.5
3951	23.5546875	11757
3952	23.48789024	11760.5
3953	23.43779373	11760
3954	23.37714958	11758.5
3955	23.29101563	11757.5
3956	23.21279144	11754.5
3957	23.19960785	11754.5
3958	23.11523438	11757
3959	23.0431633	11754.5
3960	22.94120979	11754.5
3961	22.93945313	11753
3962	22.87441444	11755
3963	22.84716988	11753.5
3964	22.71972656	11754
3965	22.67578125	11753
3966	22.58789063	11753.5
3967	22.51142693	11753
3968	22.41210938	11751
3969	22.32421875	11748
3970	22.29257774	11749.5
3971	22.1484375	11749.5
3972	22.06054688	11750
3973	21.97265625	11745
3974	21.88125038	11745.5
3975	21.796875	11743.5
3976	21.70898438	11744
3977	21.61054802	11742
3978	21.4962883	11740
3979	21.35918045	11741.5
3980	21.26953125	11742
3981	21.14560509	11741
3982	21.07968712	11739.5
3983	20.91796875	11733.5
3984	20.83007813	11736
3985	20.65781212	11737
3986	20.56640625	11733.5
3987	20.47851563	11736.5
3988	20.37832069	11734.5
3989	20.21484375	11730
3990	20.1155262	11730
3991	19.95117188	11728
3992	19.86328125	11733
3993	19.70595741	11730
3994	19.59960938	11726
3995	19.51171875	11725
3996	19.42382813	11725
3997	19.31484413	11722
3998	19.19003868	11721.5
3999	19.07314491	11722
4000	18.99492073	11721.5
4001	18.9079113	11718.5
4002	18.81035233	11719
4003	18.72070313	11717
4004	18.6328125	11719
4005	18.54492188	11720.5
4006	18.45703125	11716.5
4007	18.36650467	11720
4008	18.28125	11719.5
4009	18.19335938	11719.5
4010	18.10546875	11717.5
4011	18.01845741	11716.5
4012	18.01581955	11716
4013	17.93759727	11713.5
4014	17.84619141	11712
4015	17.75566483	11712
4016	17.75390625	11714
4017	17.66601563	11715.5
4018	17.66074181	11712
4019	17.578125	11713.5
4020	17.49023438	11713.5
4021	17.40234375	11713.5
4022	17.40234375	11712.5
4023	17.31445313	11712
4024	17.23007774	11713.5
4025	17.21513557	11712.5
4026	17.13867188	11711
4027	17.13867188	11710
4028	17.04814529	11709
4029	16.96289063	11711.5
4030	16.875	11707
4031	16.78710938	11707.5
4032	16.77656364	11708.5
4033	16.69921875	11706
4034	16.61132813	11704.5
4035	16.5234375	11708
4036	16.43554688	11708
4037	16.34765625	11710.5
4038	16.25712967	11707
4039	16.171875	11707.5
4040	16.08398438	11704.5
4041	15.99609375	11706.5
4042	15.90820313	11703
4043	15.8203125	11700
4044	15.69726658	11702
4045	15.56718731	11706
4046	15.46962833	11700
4047	15.38349628	11699.5
4048	15.29296875	11703.5
4049	15.20507813	11701
4050	15.0916996	11700
4051	14.94140625	11700
4052	14.85351563	11700.5
4053	14.765625	11699
4054	14.60742188	11700
4055	14.50195313	11696.5
4056	14.36220741	11699.5
4057	14.23828125	11697.5
4058	14.15039063	11697
4059	14.02822304	11697
4060	13.88671875	11694
4061	13.79531288	11692.5
4062	13.63798809	11694
4063	13.57734299	11693.5
4064	13.4586916	11691
4065	13.35761642	11689.5
4066	13.27148438	11691
4067	13.17832088	11690
4068	13.09570313	11692
4069	13.0078125	11689.5
4070	12.91992188	11689.5
4071	12.83203125	11689.5
4072	12.65625	11691
4073	12.56835938	11689
4074	12.48046875	11691.5
4075	12.39257813	11690.5
4076	12.3336916	11688.5
4077	12.25283241	11691
4078	12.18515587	11690
4079	12.12011623	11690
4080	12.04101563	11688.5
4081	11.99619198	11692
4082	11.86699295	11690
4083	11.86523438	11690
4084	11.77734375	11688
4085	11.76855373	11687.5
4086	11.68681622	11689.5
4087	11.6015625	11687.5
4088	11.57343674	11691.5
4089	11.46796799	11691.5
4090	11.42578125	11689.5
4091	11.33876896	11690
4092	11.28691387	11689
4093	11.195508	11687.5
4094	11.16210938	11685.5
4095	11.16210938	11689.5
4096	11.16210938	11686
