214.62802124,405,593,536
214.62802124,405,592,536
214.62802124,405,593,537
214.62802124,404,593,536
214.62802124,404,592,537
214.62715149,405,593,537
214.62890625,405,592,536
214.62802124,405,592,537
214.62890625,403,590,534
214.71679688,401,587,531
214.72119141,400,586,530
214.80908203,397,580,526
214.84335327,395,579,524
214.89521790,395,577,523
214.98046875,392,575,521
214.89346313,395,577,523
214.86357117,396,579,525
214.81260681,396,580,525
214.76426697,398,584,529
214.71679688,400,587,531
214.65351868,402,589,533
214.62890625,403,591,535
214.60868835,405,593,536
214.53662109,407,597,541
214.49443054,407,597,542
214.45312500,410,600,544
214.45048523,411,603,546
214.36434937,414,608,550
214.30020142,416,609,552
214.19120789,420,615,556
214.10244751,422,620,561
214.02508545,425,623,564
213.97764587,427,626,568
213.89239502,431,632,572
213.83613586,434,637,577
213.67704773,438,641,581
213.57421875,441,648,586
213.48632813,445,652,591
213.39843750,449,658,596
213.26484680,453,665,602
213.16641235,457,672,607
213.04687500,462,677,614
212.95809937,466,684,619
212.78408813,470,690,625
212.69531250,473,697,631
212.60742188,478,702,637
212.51864624,483,709,642
212.39472961,487,716,649
212.25585938,491,722,655
212.13632202,496,729,661
211.99307251,501,736,667
211.90429688,505,741,673
211.81640625,509,749,679
211.72763062,513,754,685
211.56414795,518,761,690
211.46484375,522,768,697
211.37431335,527,775,704
211.28906250,532,782,709
211.14666748,536,788,715
211.02627563,540,796,721
210.93838501,544,801,726
210.84960938,548,808,733
210.69052124,553,814,739
210.60527039,557,822,745
210.54023743,561,827,750
210.49893188,563,827,751
210.41104126,566,835,758
210.32226563,569,840,761
210.23612976,572,843,765
210.16845703,575,847,769
210.14648438,577,850,772
210.13768005,578,851,773
210.05595398,583,860,779
209.97158813,583,861,781
209.91181946,586,864,784
209.87051392,589,868,788
209.79580688,591,870,790
209.62266541,598,881,800
209.61914063,598,883,800
209.61297607,600,884,802
209.53125000,602,888,806
209.43632507,607,896,814
209.43544006,609,898,814
209.37568665,609,898,815
209.35546875,610,899,817
209.24560547,615,907,825
209.22802734,615,909,824
209.13926697,621,916,830
209.00743103,623,920,835
209.00390625,625,921,836
208.91777039,627,926,841
208.82901001,634,935,847
208.74375916,635,936,849
208.65498352,639,943,856
208.56533813,645,950,863
208.56269836,645,952,864
208.40008545,649,959,870
208.30253601,654,966,877
208.21377563,659,972,881
208.20147705,662,976,887
208.12411499,664,982,891
208.03622437,668,985,895
207.94921875,670,991,899
207.85957336,677,998,905
207.75849915,680,1004,911
207.62754822,685,1010,917
207.59501648,688,1016,922
207.42187500,693,1024,929
207.33398438,698,1030,936
207.24609375,703,1037,942
207.08525085,708,1045,948
206.98242188,714,1053,956
206.89628601,718,1061,963
206.80664063,723,1068,969
206.64141846,728,1076,977
206.54296875,734,1083,984
206.45507813,738,1090,991
206.36630249,743,1098,997
206.19404602,749,1106,1006
206.10351563,754,1114,1012
206.01387024,758,1123,1019
205.84512329,765,1129,1026
205.75195313,769,1137,1033
205.66406250,774,1144,1040
205.57617188,779,1153,1047
205.46719360,784,1161,1055
205.35820007,789,1167,1060
205.22460938,795,1175,1068
205.13671875,800,1182,1075
205.04443359,805,1191,1082
204.88360596,810,1198,1089
204.87304688,812,1202,1092
204.71395874,818,1211,1100
204.69726563,820,1213,1102
204.52236938,829,1227,1115
204.52148438,829,1228,1116
204.42567444,834,1235,1121
204.35711670,835,1236,1123
204.31933594,839,1242,1128
204.25692749,843,1247,1133
204.16992188,844,1249,1136
203.99502563,852,1262,1147
203.99414063,853,1263,1147
203.90713501,858,1271,1155
203.90625000,857,1270,1155
203.87022400,860,1274,1157
203.81835938,864,1279,1161
203.73046875,866,1284,1166
203.64257813,869,1288,1169
203.55732727,873,1292,1175
203.55380249,875,1296,1178
203.46679688,878,1301,1181
203.29101563,888,1314,1194
203.28926086,888,1315,1195
203.28837585,889,1317,1196
203.20312500,889,1319,1198
203.20312500,893,1323,1202
203.11523438,896,1326,1205
202.88583374,907,1343,1221
202.89639282,907,1344,1222
202.87442017,908,1344,1221
202.81378174,910,1350,1226
202.67842102,916,1359,1235
202.58964539,920,1363,1240
202.58789063,922,1366,1241
202.49383545,928,1375,1250
202.39366150,932,1381,1256
202.32157898,937,1387,1261
202.23368835,940,1394,1267
202.14579773,944,1400,1273
202.05966187,949,1406,1278
201.97265625,953,1412,1284
201.88476563,956,1418,1289
201.79687500,961,1426,1295
201.70898438,966,1431,1303
201.59120178,971,1439,1308
201.46289063,976,1447,1315
201.35742188,981,1456,1322
201.27656555,985,1461,1329
201.18164063,992,1469,1337
201.06210327,996,1478,1344
200.91885376,1003,1487,1353
200.83007813,1008,1495,1359
200.74218750,1014,1504,1366
200.65429688,1020,1512,1375
200.48115540,1026,1522,1384
200.39062500,1031,1529,1390
200.30184937,1037,1537,1399
200.12695313,1043,1548,1408
200.03994751,1049,1555,1414
199.95117188,1053,1564,1422
199.86328125,1061,1572,1430
199.68838501,1066,1581,1438
199.59960938,1073,1590,1448
199.51171875,1077,1598,1453
199.42030334,1083,1606,1460
199.26034546,1089,1615,1468
199.16015625,1095,1624,1478
199.07051086,1101,1633,1484
198.97998047,1106,1640,1490
198.89384460,1110,1648,1499
198.80770874,1115,1654,1504
198.71366882,1119,1662,1511
198.59854126,1125,1668,1517
198.46142578,1130,1675,1524
198.38407898,1132,1682,1531
198.32080078,1138,1688,1536
198.28125000,1139,1694,1540
198.19247437,1145,1700,1546
198.10635376,1148,1705,1550
198.06944275,1152,1710,1555
197.98857117,1155,1717,1562
197.93144226,1157,1717,1562
197.91474915,1160,1721,1566
197.83827209,1165,1728,1571
197.75302124,1168,1735,1578
197.66777039,1171,1740,1583
197.66601563,1174,1741,1584
197.66073608,1176,1744,1585
197.57637024,1179,1750,1593
197.45858765,1184,1757,1599
197.40322876,1185,1761,1601
197.40058899,1187,1762,1604
197.32675171,1190,1768,1606
197.29600525,1193,1772,1612
197.22567749,1197,1776,1617
197.13339233,1201,1784,1621
197.04902649,1206,1791,1629
196.96728516,1209,1796,1633
196.95585632,1212,1800,1636
196.87236023,1215,1804,1643
196.70185852,1223,1816,1651
196.61749268,1226,1822,1657
196.60693359,1229,1826,1661
196.51904297,1234,1834,1668
196.43554688,1238,1839,1674
196.34765625,1244,1848,1679
196.25976563,1246,1853,1685
196.17539978,1251,1857,1690
196.08486938,1255,1864,1695
195.99609375,1260,1871,1702
195.90820313,1264,1877,1707
195.82119751,1268,1885,1714
195.76142883,1274,1891,1721
195.64541626,1279,1898,1728
195.55664063,1283,1908,1735
195.46875000,1290,1915,1741
195.35449219,1294,1922,1749
195.23497009,1299,1930,1756
195.11718750,1306,1940,1766
195.02929688,1311,1949,1774
194.93524170,1317,1958,1781
194.77792358,1323,1967,1789
194.67773438,1330,1978,1799
194.54325867,1336,1985,1807
194.49755859,1341,1995,1814
194.35870361,1348,2004,1823
194.23739624,1354,2013,1831
194.14775085,1360,2022,1839
193.97813416,1366,2032,1848
193.88671875,1372,2040,1856
193.79882813,1379,2050,1864
193.70741272,1385,2058,1871
193.59226990,1390,2067,1879
193.44990540,1396,2075,1889
193.35937500,1402,2085,1897
193.27148438,1408,2091,1904
193.18359375,1412,2098,1908
193.09130859,1418,2107,1918
192.96739197,1423,2115,1924
192.91816711,1427,2120,1929
192.81973267,1432,2128,1938
192.74150085,1437,2135,1941
192.57188416,1444,2148,1954
192.56132507,1447,2149,1956
192.48046875,1449,2153,1960
192.40751648,1451,2158,1965
192.30204773,1457,2167,1972
192.30468750,1458,2168,1972
192.21591187,1462,2174,1980
192.12715149,1467,2180,1985
192.11573792,1469,2184,1986
192.04101563,1472,2190,1992
192.03749084,1475,2195,1998
191.95137024,1477,2196,2000
191.86259460,1483,2207,2008
191.77734375,1487,2211,2010
191.68328857,1492,2221,2020
191.65518188,1494,2222,2022
191.60067749,1496,2226,2025
191.51895142,1499,2230,2028
191.47676086,1502,2235,2033
191.42666626,1503,2236,2034
191.42050171,1507,2242,2041
191.33349609,1512,2248,2045
191.30450439,1515,2254,2050
191.22891235,1518,2258,2054
191.07333374,1524,2267,2064
191.06280518,1527,2271,2067
190.96875000,1531,2278,2073
190.81054688,1537,2287,2080
190.80879211,1540,2292,2085
190.72265625,1545,2298,2090
190.56709290,1550,2308,2101
190.53984070,1555,2313,2105
190.38165283,1560,2323,2114
190.29461670,1566,2330,2119
190.28231812,1568,2334,2125
190.19531250,1573,2341,2131
190.10653687,1579,2348,2137
190.01777649,1584,2356,2143
189.93075562,1588,2362,2150
189.84111023,1592,2370,2157
189.74269104,1598,2378,2164
189.59941101,1603,2386,2171
189.56602478,1609,2393,2178
189.40518188,1614,2402,2187
189.31640625,1620,2410,2193
189.22851563,1624,2417,2200
189.11337280,1631,2428,2208
188.96484375,1638,2437,2219
188.87695313,1644,2446,2227
188.78906250,1650,2454,2235
188.62031555,1656,2465,2243
188.52539063,1663,2473,2251
188.43750000,1666,2481,2257
188.34872437,1673,2492,2267
188.19844055,1680,2502,2276
188.08593750,1687,2511,2285
187.99804688,1691,2517,2293
187.82929993,1698,2528,2301
187.73437500,1706,2537,2310
187.64648438,1712,2546,2320
187.55859375,1717,2554,2328
187.45401001,1723,2565,2334
187.30020142,1729,2574,2342
187.20791626,1734,2582,2350
187.11914063,1741,2591,2358
187.03036499,1747,2599,2369
186.94247437,1751,2606,2373
186.85194397,1755,2613,2380
186.76229858,1759,2618,2384
186.63838196,1765,2628,2392
186.56806946,1769,2635,2398
186.50038147,1772,2639,2402
186.41601563,1777,2645,2407
186.40809631,1780,2649,2412
186.32637024,1784,2655,2418
186.24023438,1788,2661,2423
186.15409851,1791,2665,2427
186.06445313,1795,2673,2433
185.98886108,1799,2679,2439
185.97480774,1802,2684,2443
185.88867188,1805,2687,2446
185.80078125,1809,2692,2451
185.79814148,1813,2699,2456
185.71025085,1816,2704,2463
185.62500000,1818,2708,2467
185.60830688,1823,2711,2472
185.52217102,1826,2720,2477
185.37977600,1832,2728,2483
185.36132813,1831,2727,2483
185.28573608,1834,2733,2488
185.26727295,1839,2738,2494
185.18554688,1843,2741,2496
185.18115234,1845,2748,2500
185.09765625,1848,2752,2505
185.00624084,1854,2758,2512
184.91046143,1857,2767,2519
184.84628296,1859,2767,2520
184.82870483,1864,2774,2526
184.73992920,1868,2780,2531
184.64678955,1872,2788,2537
184.56767273,1875,2793,2543
184.48242188,1880,2800,2549
184.39364624,1887,2809,2558
184.30575562,1892,2818,2564
184.21875000,1896,2822,2571
184.13085938,1898,2829,2575
184.04296875,1904,2835,2581
183.95507813,1908,2843,2588
183.86718750,1913,2849,2592
183.77929688,1917,2856,2600
183.69140625,1923,2865,2608
183.57273865,1929,2872,2615
183.42773438,1934,2879,2622
183.33984375,1939,2888,2629
183.25370789,1944,2896,2635
183.16406250,1950,2905,2643
183.00144958,1956,2913,2653
182.90478516,1962,2921,2661
182.81250000,1970,2931,2669
182.72460938,1974,2941,2677
182.57168579,1980,2950,2683
182.46797180,1986,2957,2692
182.37304688,1992,2967,2701
182.20606995,1997,2978,2710
182.10937500,2005,2985,2718
182.02148438,2010,2993,2726
181.93359375,2015,3003,2733
181.75869751,2021,3011,2741
181.66992188,2028,3020,2749
181.57850647,2033,3031,2758
181.49414063,2038,3038,2766
181.31924438,2044,3046,2773
181.23135376,2049,3055,2781
181.14169312,2056,3064,2789
181.01074219,2061,3071,2796
180.88418579,2067,3080,2804
180.84112549,2071,3087,2810
180.71192932,2077,3095,2817
180.61611938,2080,3101,2823
180.52734375,2085,3107,2829
180.44033813,2089,3113,2835
180.35595703,2095,3121,2842
180.28739929,2099,3125,2845
180.25927734,2100,3131,2851
180.21444702,2102,3133,2855
180.08436584,2108,3142,2861
180.07208252,2110,3145,2864
179.99911499,2113,3152,2867
179.91035461,2118,3155,2873
179.91210938,2118,3155,2873
179.82246399,2123,3163,2881
179.72842407,2126,3169,2886
179.65019226,2127,3172,2889
179.60713196,2134,3180,2895
179.56054688,2134,3183,2896
179.46562195,2138,3188,2902
179.37158203,2145,3198,2909
179.38476563,2143,3197,2910
179.34257507,2146,3201,2914
179.29598999,2149,3204,2916
179.19491577,2153,3211,2923
179.12109375,2155,3215,2926
179.06835938,2159,3218,2931
178.97958374,2164,3224,2936
178.94531250,2167,3231,2941
178.91366577,2168,3233,2944
178.82051086,2173,3239,2947
178.68428040,2177,3247,2955
178.59286499,2182,3253,2961
178.50585938,2186,3260,2968
178.42060852,2190,3266,2973
178.33007813,2194,3272,2979
178.29052734,2199,3277,2985
178.24130249,2202,3282,2990
178.15429688,2205,3288,2993
178.04971313,2210,3295,3001
177.97851563,2213,3302,3005
177.88798523,2219,3307,3010
177.74209595,2223,3314,3018
177.70429993,2226,3320,3023
177.54345703,2231,3331,3031
177.45732117,2236,3333,3035
177.36328125,2241,3343,3043
177.27539063,2246,3349,3050
177.15234375,2253,3358,3058
177.05918884,2257,3366,3064
176.92382813,2264,3374,3072
176.83593750,2268,3382,3079
176.70057678,2272,3389,3087
176.57226563,2280,3397,3095
176.48437500,2284,3406,3103
176.39648438,2289,3412,3110
176.28047180,2295,3423,3116
176.13281250,2303,3432,3127
176.04403687,2307,3440,3133
175.90078735,2312,3446,3137
175.79092407,2317,3455,3147
175.69247437,2323,3465,3154
175.60546875,2328,3472,3160
175.45780945,2333,3479,3168
175.34179688,2338,3486,3174
175.25390625,2342,3495,3182
175.16601563,2348,3500,3189
175.07812500,2351,3507,3195
174.99023438,2356,3515,3201
174.89706421,2361,3520,3206
174.80830383,2364,3526,3212
174.72480774,2369,3533,3218
174.63514709,2373,3538,3223
174.54814148,2377,3544,3229
174.46200562,2381,3552,3236
174.37060547,2384,3554,3237
174.29940796,2388,3560,3244
174.27920532,2389,3563,3245
174.19218445,2393,3568,3249
174.07968140,2395,3573,3257
174.01728821,2400,3578,3258
174.00321960,2402,3580,3262
173.93554688,2403,3583,3263
173.85469055,2408,3589,3270
173.83711243,2409,3593,3274
173.71142578,2414,3599,3278
173.66308594,2417,3604,3281
173.58398438,2419,3609,3286
173.54179382,2422,3611,3290
173.40205383,2426,3618,3296
173.40820313,2427,3620,3298
173.35107422,2430,3626,3301
173.31942749,2431,3626,3303
173.23330688,2435,3631,3307
173.22627258,2437,3634,3309
173.14277649,2439,3638,3316
173.07333374,2443,3644,3318
172.96963501,2446,3649,3323
172.88876343,2450,3655,3327
172.80703735,2455,3657,3331
172.77452087,2457,3665,3338
172.69892883,2460,3668,3342
172.59873962,2465,3675,3347
172.52314758,2467,3680,3352
172.41767883,2471,3687,3357
172.29199219,2476,3694,3364
172.26473999,2478,3697,3366
172.17773438,2482,3703,3372
172.08984375,2487,3711,3379
172.00195313,2489,3714,3382
171.91406250,2493,3719,3386
171.82792664,2496,3724,3391
171.73828125,2500,3731,3397
171.65039063,2505,3737,3404
171.56250000,2509,3743,3409
171.47372437,2513,3750,3416
171.33486938,2517,3756,3420
171.21093750,2522,3763,3428
171.12304688,2528,3770,3435
170.94726563,2533,3778,3441
170.87519836,2537,3784,3447
170.77148438,2542,3791,3454
170.64932251,2547,3800,3461
170.50869751,2551,3805,3467
170.41992188,2556,3813,3473
170.32763672,2560,3820,3479
170.23799133,2565,3828,3487
170.06835938,2570,3836,3493
169.98046875,2576,3843,3500
169.86006165,2580,3850,3505
169.71768188,2584,3855,3512
169.62890625,2590,3864,3519
169.54101563,2594,3869,3526
169.45223999,2598,3876,3531
169.30284119,2603,3882,3538
169.18945313,2606,3890,3544
169.09980774,2612,3897,3549
169.01367188,2615,3900,3554
168.92489624,2620,3908,3561
168.80009460,2624,3914,3565
168.74209595,2625,3918,3569
168.65420532,2630,3921,3574
168.56893921,2634,3929,3577
168.48193359,2636,3934,3582
168.39315796,2639,3937,3587
168.30966187,2643,3944,3592
168.22880554,2645,3947,3597
168.21122742,2647,3951,3600
168.08554077,2653,3957,3603
167.98799133,2655,3960,3608
167.95722961,2657,3962,3610
167.89921570,2659,3966,3613
167.87020874,2660,3969,3615
167.78320313,2663,3972,3620
167.75068665,2666,3979,3623
167.69178772,2667,3981,3625
167.60478210,2671,3984,3630
167.56083679,2673,3989,3631
167.43339539,2675,3991,3637
167.41319275,2677,3995,3640
167.33232117,2681,4000,3642
167.30683899,2683,4001,3645
167.25410461,2685,4003,3646
167.16885376,2684,4008,3650
167.16796875,2687,4011,3654
167.07040405,2691,4014,3656
166.99218750,2693,4018,3660
166.91748047,2695,4022,3665
166.87968445,2698,4028,3668
166.81112671,2702,4030,3672
166.71708679,2704,4035,3676
166.62919617,2708,4040,3679
166.55009460,2711,4045,3685
166.46308899,2714,4049,3689
166.37695313,2717,4052,3693
166.28906250,2721,4058,3699
166.20117188,2723,4063,3701
166.11416626,2725,4067,3705
166.02539063,2729,4073,3710
165.93750000,2733,4074,3714
165.88476563,2734,4079,3718
165.76435852,2738,4086,3722
165.67382813,2742,4091,3728
165.58593750,2745,4095,3732
165.49629211,2747,4100,3735
165.37411499,2751,4106,3742
165.29853821,2755,4112,3747
165.14736938,2758,4117,3753
165.05859375,2762,4123,3757
164.95576477,2768,4130,3763
164.79492188,2771,4135,3768
164.70703125,2774,4142,3774
164.61914063,2778,4147,3781
164.49960327,2782,4153,3784
164.35635376,2786,4159,3789
164.26757813,2789,4163,3794
164.12255859,2794,4172,3800
164.00654602,2797,4175,3805
163.91601563,2802,4181,3811
163.82812500,2804,4186,3814
163.67784119,2808,4193,3819
163.56533813,2813,4196,3826
163.47656250,2818,4204,3831
163.38867188,2820,4209,3836
163.29902649,2823,4212,3839
163.18388367,2826,4219,3844
163.03799438,2829,4223,3849
162.94921875,2832,4228,3854
162.86132813,2835,4234,3856
162.77343750,2838,4237,3861
162.68554688,2843,4242,3866
162.59677124,2843,4245,3870
162.50976563,2847,4251,3873
162.42187500,2851,4253,3875
162.33398438,2851,4258,3878
162.25576782,2852,4258,3881
162.21093750,2856,4263,3887
162.15644836,2857,4265,3886
162.06767273,2861,4270,3890
162.02989197,2861,4272,3892
161.97802734,2863,4274,3895
161.89189148,2864,4277,3897
161.88662720,2867,4280,3901
161.79081726,2869,4283,3904
161.71611023,2872,4285,3905
161.62557983,2872,4287,3911
161.54385376,2875,4291,3909
161.49287415,2877,4295,3914
161.45507813,2880,4298,3917
161.42256165,2880,4301,3919
161.35928345,2881,4300,3921
161.30917358,2883,4303,3921
161.20019531,2885,4306,3927
161.17910767,2886,4308,3928
161.10351563,2888,4312,3930
161.01298523,2892,4318,3932
160.96113586,2892,4318,3935
160.92773438,2893,4322,3936
160.83984375,2897,4325,3943
160.74931335,2899,4327,3945
160.65615845,2902,4331,3947
160.57617188,2902,4334,3950
160.49443054,2905,4336,3953
160.39950562,2909,4341,3957
160.31250000,2910,4345,3961
160.22988892,2913,4347,3965
160.16659546,2915,4350,3966
160.05850220,2915,4355,3969
159.96357727,2919,4357,3973
159.87304688,2922,4361,3976
159.78604126,2924,4365,3979
159.69726563,2926,4370,3982
159.60937500,2929,4374,3988
159.52148438,2932,4377,3990
159.43270874,2934,4377,3992
159.33515930,2937,4383,3997
159.17520142,2939,4389,4001
159.08203125,2940,4393,4004
158.99414063,2945,4395,4008
158.90625000,2947,4400,4010
158.73135376,2950,4405,4017
158.64257813,2954,4409,4019
158.48086548,2955,4411,4022
158.40615845,2958,4417,4028
158.29101563,2961,4421,4029
158.20312500,2965,4426,4035
158.03262329,2967,4430,4038
157.93945313,2970,4436,4041
157.85156250,2972,4437,4047
157.76191711,2974,4440,4051
157.59843445,2979,4446,4053
157.50000000,2981,4450,4059
157.41210938,2983,4452,4062
157.32421875,2985,4456,4064
157.23544312,2987,4460,4068
157.09130859,2990,4463,4072
156.99023438,2991,4467,4074
156.88476563,2996,4472,4075
156.79687500,2995,4473,4078
156.70634460,2998,4476,4082
156.62020874,2999,4478,4085
156.53144836,3002,4482,4086
156.44442749,3004,4484,4091
156.36181641,3006,4485,4092
156.32577515,3007,4489,4093
156.20008850,3008,4490,4095
156.18075562,3009,4492,4098
156.09199524,3010,4495,4100
156.00146484,3012,4497,4102
156.00585938,3012,4499,4105
155.91532898,3014,4501,4106
155.83622742,3016,4504,4105
155.82392883,3017,4504,4108
155.73866272,3019,4506,4110
155.65341187,3020,4507,4113
155.56376648,3020,4513,4113
155.55410767,3022,4512,4114
155.47851563,3023,4514,4117
155.39062500,3026,4518,4120
155.35722351,3025,4517,4121
155.30273438,3026,4519,4122
155.28866577,3028,4518,4123
155.21484375,3027,4520,4123
155.12519836,3030,4523,4124
155.05928040,3030,4525,4129
155.01005554,3031,4527,4129
154.90283203,3034,4530,4132
154.86239624,3035,4532,4136
154.77099609,3036,4533,4137
154.70068359,3037,4534,4138
154.59872437,3039,4536,4141
154.50643921,3040,4541,4141
154.42382813,3041,4543,4144
154.33593750,3044,4544,4147
154.24804688,3044,4545,4150
154.16279602,3046,4547,4151
154.07226563,3047,4548,4151
153.99755859,3050,4553,4154
153.91934204,3051,4555,4157
153.84199524,3052,4558,4159
153.73124695,3054,4560,4162
153.63281250,3056,4562,4162
153.54492188,3057,4563,4165
153.45703125,3059,4566,4168
153.36650085,3059,4567,4168
153.20829773,3061,4570,4169
153.10546875,3063,4574,4173
153.01757813,3064,4575,4174
152.89189148,3067,4578,4178
152.79081726,3066,4579,4180
152.66601563,3069,4583,4184
152.57460022,3073,4585,4187
152.41024780,3074,4588,4189
152.31445313,3075,4589,4190
152.22656250,3075,4591,4192
152.13252258,3079,4597,4194
151.97079468,3079,4597,4196
151.87500000,3081,4599,4198
151.76338196,3084,4602,4200
151.61221313,3084,4606,4203
151.52607727,3085,4605,4204
151.43554688,3087,4608,4206
151.34765625,3087,4610,4209
151.24218750,3090,4612,4207
151.09101868,3090,4614,4213
150.99609375,3090,4617,4214
150.90820313,3093,4618,4214
150.82031250,3092,4618,4217
150.73242188,3095,4620,4218
150.64453125,3097,4623,4219
150.55575562,3096,4625,4221
150.46786499,3098,4624,4223
150.38085938,3099,4625,4220
150.32723999,3099,4629,4224
150.21562195,3100,4628,4224
150.20243835,3098,4628,4226
150.11454773,3101,4630,4226
150.00556946,3101,4631,4226
149.94140625,3103,4632,4228
149.92295837,3104,4635,4230
149.85263062,3103,4633,4230
149.76562500,3104,4635,4229
149.76123047,3105,4635,4231
149.67773438,3106,4637,4232
149.58984375,3106,4635,4232
149.50195313,3106,4637,4235
149.45448303,3108,4641,4235
149.41053772,3108,4640,4234
149.32264709,3109,4641,4236
149.32089233,3110,4642,4237
149.23828125,3108,4640,4236
149.15303040,3108,4640,4236
149.15039063,3110,4642,4238
149.05195618,3112,4643,4238
148.97372437,3111,4644,4239
148.95791626,3111,4645,4243
148.84980774,3111,4644,4240
148.79971313,3114,4646,4243
148.71005249,3113,4645,4243
148.62216187,3113,4649,4244
148.53515625,3115,4649,4243
148.44815063,3116,4649,4245
148.35937500,3117,4652,4247
148.27148438,3116,4652,4247
148.18359375,3118,4651,4247
148.10624695,3118,4651,4249
148.00869751,3119,4652,4247
147.92256165,3120,4654,4250
147.87069702,3120,4654,4248
147.79512024,3118,4655,4252
147.65713501,3119,4658,4252
147.56835938,3119,4658,4253
147.47958374,3121,4658,4254
147.39257813,3122,4656,4254
147.30468750,3121,4660,4255
147.16670227,3122,4659,4254
147.04190063,3123,4663,4256
146.95137024,3122,4661,4255
146.80284119,3123,4662,4257
146.68945313,3123,4660,4257
146.60156250,3122,4664,4257
146.50576782,3124,4663,4258
146.33964539,3126,4667,4260
146.25088501,3125,4663,4260
146.15507507,3126,4666,4260
146.07421875,3126,4665,4261
145.90107727,3126,4665,4261
145.81054688,3126,4664,4260
145.69628906,3126,4665,4262
145.54776001,3127,4667,4261
145.45898438,3127,4669,4263
145.37109375,3126,4667,4263
145.28320313,3126,4667,4261
145.19178772,3127,4668,4262
145.03182983,3127,4668,4264
144.94393921,3128,4667,4262
144.84375000,3128,4668,4264
144.75585938,3128,4669,4263
144.67149353,3127,4667,4261
144.57743835,3128,4666,4262
144.49218750,3128,4668,4262
144.40429688,3125,4666,4260
144.31465149,3127,4667,4262
144.25488281,3128,4665,4261
144.14414978,3126,4664,4262
144.11865234,3126,4666,4262
144.05273438,3126,4665,4261
143.96659851,3128,4666,4261
143.95254517,3126,4665,4263
143.87695313,3127,4665,4261
143.79434204,3126,4665,4263
143.75126648,3127,4664,4261
143.70028687,3125,4666,4263
143.59834290,3125,4665,4261
143.52539063,3125,4665,4260
143.52539063,3125,4663,4260
143.42871094,3123,4662,4259
143.34872437,3124,4664,4260
143.28280640,3124,4662,4258
143.26171875,3125,4663,4259
143.25996399,3123,4662,4258
143.16854858,3122,4662,4259
143.08593750,3124,4661,4259
142.99804688,3124,4661,4259
142.91015625,3124,4660,4257
142.90048218,3122,4660,4257
142.81962585,3124,4661,4257
142.73437500,3122,4659,4253
142.64208984,3121,4657,4256
142.55859375,3120,4656,4254
142.46806335,3121,4656,4253
142.38105774,3120,4657,4254
142.29492188,3119,4655,4252
142.20614624,3120,4657,4254
142.11914063,3118,4655,4252
142.07255554,3119,4654,4252
141.94335938,3116,4655,4250
141.85899353,3116,4652,4249
141.76757813,3116,4652,4249
141.67968750,3117,4654,4250
141.59970093,3116,4650,4250
141.50479126,3115,4649,4248
141.41601563,3115,4649,4246
141.32812500,3113,4647,4245
141.15498352,3113,4646,4245
141.06445313,3112,4645,4246
140.97656250,3111,4644,4245
140.88867188,3113,4643,4243
140.76473999,3110,4642,4242
140.62500000,3109,4642,4240
140.53710938,3110,4638,4239
140.44569397,3107,4638,4238
140.27343750,3107,4637,4236
140.18554688,3106,4636,4235
140.05371094,3104,4633,4235
139.92802429,3104,4634,4233
139.83398438,3104,4631,4233
139.74609375,3102,4630,4231
139.64765930,3101,4630,4229
139.49472046,3100,4625,4226
139.39453125,3100,4626,4225
139.30488586,3098,4622,4224
139.21611023,3095,4621,4223
139.08691406,3097,4621,4223
138.95507813,3094,4618,4220
138.86718750,3093,4615,4218
138.77929688,3092,4614,4217
138.69052124,3090,4613,4216
138.59561157,3090,4610,4214
138.51562500,3088,4610,4211
138.42773438,3088,4608,4213
138.33544922,3087,4608,4211
138.25106812,3086,4604,4209
138.24580383,3086,4603,4209
138.07528687,3085,4601,4206
138.06913757,3083,4601,4204
137.98828125,3082,4601,4205
137.97245789,3083,4600,4204
137.89863586,3082,4599,4202
137.83358765,3081,4600,4203
137.80546570,3082,4597,4199
137.72021484,3078,4596,4202
137.63407898,3078,4594,4199
137.54707336,3076,4595,4196
137.50224304,3076,4593,4197
137.41699219,3076,4593,4194
137.36689758,3077,4589,4195
137.28515625,3074,4588,4194
137.26493835,3073,4587,4192
137.23066711,3073,4587,4191
137.19023132,3072,4586,4191
137.10147095,3071,4584,4190
137.01620483,3070,4583,4189
136.93359375,3069,4581,4186
136.89317322,3067,4579,4185
136.84217834,3067,4578,4183
136.76396179,3066,4577,4182
136.66903687,3064,4573,4181
136.58203125,3062,4570,4177
136.49414063,3061,4569,4176
136.40010071,3059,4567,4175
136.31835938,3058,4564,4172
136.22958374,3057,4562,4169
136.13993835,3055,4559,4168
136.05468750,3054,4558,4166
135.96768188,3052,4555,4164
135.90966797,3052,4555,4163
135.79101563,3050,4551,4160
135.70312500,3049,4551,4160
135.61523438,3046,4547,4156
135.52558899,3045,4545,4154
135.43945313,3044,4543,4151
135.35156250,3043,4543,4151
135.20654297,3040,4538,4147
135.08877563,3038,4536,4145
134.99911499,3036,4533,4145
134.86991882,3034,4529,4140
134.79170227,3031,4526,4136
134.64843750,3031,4522,4133
134.56054688,3028,4521,4131
134.40409851,3026,4515,4129
134.29687500,3023,4513,4127
134.20898438,3021,4510,4126
134.10000610,3019,4506,4121
133.94531250,3017,4501,4117
133.85566711,3015,4499,4113
133.68252563,3012,4498,4111
133.59463501,3010,4492,4109
133.50585938,3008,4490,4106
133.41796875,3005,4485,4103
133.28701782,3004,4482,4099
133.15605164,3000,4478,4095
133.08398438,2999,4478,4092
132.97940063,2998,4474,4092
132.89062500,2994,4469,4086
132.80184937,2993,4467,4084
132.69902039,2993,4464,4081
132.61727905,2987,4461,4080
132.53378296,2985,4460,4075
132.43095398,2984,4455,4073
132.35800171,2983,4452,4069
132.27450562,2981,4449,4069
132.18397522,2979,4446,4065
132.10575867,2978,4443,4064
132.01435852,2976,4442,4061
132.00556946,2973,4438,4059
131.92294312,2973,4436,4057
131.83505249,2971,4434,4055
131.81660461,2969,4433,4055
131.74629211,2968,4433,4054
131.73222351,2968,4429,4051
131.63906860,2965,4426,4050
131.57051086,2965,4425,4046
131.48262024,2962,4420,4043
131.47470093,2961,4420,4041
131.39208984,2960,4418,4040
131.29541016,2957,4414,4036
131.28750610,2959,4414,4036
131.21366882,2955,4411,4033
131.16885376,2954,4409,4033
131.12928772,2953,4408,4030
131.04403687,2951,4404,4029
130.94735718,2949,4403,4025
130.87089539,2948,4399,4022
130.78036499,2946,4395,4019
130.76191711,2944,4394,4017
130.67138672,2943,4392,4016
130.59579468,2941,4387,4013
130.51405334,2938,4385,4009
130.42968750,2937,4382,4007
130.32772827,2932,4377,4003
130.25479126,2932,4375,4001
130.16337585,2929,4371,3997
130.04032898,2927,4369,3993
129.99023438,2924,4366,3990
129.90234375,2922,4362,3987
129.81445313,2918,4356,3984
129.72656250,2918,4355,3980
129.63867188,2914,4350,3977
129.54989624,2912,4345,3973
129.44531250,2909,4341,3971
129.30819702,2907,4339,3968
129.20010376,2904,4334,3963
129.11308289,2902,4329,3959
129.02343750,2897,4324,3954
128.91796875,2893,4320,3950
128.76065063,2892,4317,3945
128.67098999,2887,4313,3943
128.58309937,2885,4305,3939
128.42578125,2883,4301,3934
128.32031250,2879,4296,3929
128.23242188,2875,4291,3924
128.07685852,2871,4286,3917
127.96962738,2869,4282,3914
127.88085938,2865,4276,3910
127.75781250,2860,4271,3905
127.61982727,2857,4268,3902
127.52929688,2855,4261,3896
127.42646027,2851,4255,3891
127.31835938,2848,4251,3887
127.22344208,2845,4246,3881
127.08984375,2841,4242,3876
127.00195313,2838,4237,3873
126.91406250,2835,4233,3869
126.76640320,2832,4226,3865
126.71190643,2828,4223,3861
126.63984680,2826,4220,3856
126.51152802,2823,4215,3854
126.47109222,2821,4211,3850
126.31992340,2817,4206,3847
126.26278687,2815,4203,3841
126.19863129,2814,4199,3840
126.12304688,2811,4197,3837
126.06943512,2810,4193,3831
126.03427887,2805,4192,3831
125.94550323,2804,4186,3825
125.84970856,2802,4183,3823
125.79345703,2800,4180,3820
125.75830078,2798,4175,3817
125.67568970,2795,4173,3816
125.61855316,2795,4172,3815
125.50868988,2792,4167,3807
125.50781250,2789,4165,3806
125.41992188,2788,4161,3805
125.39707184,2785,4159,3802
125.32500458,2784,4154,3797
125.23886108,2781,4150,3793
125.15184784,2777,4145,3791
125.12548828,2777,4147,3789
125.07099915,2776,4145,3788
125.05166626,2775,4142,3784
124.89698029,2772,4135,3780
124.89257813,2769,4133,3777
124.84951019,2767,4131,3774
124.71679688,2764,4126,3772
124.70889282,2763,4123,3770
124.56650543,2760,4118,3763
124.53749847,2756,4116,3761
124.44522095,2753,4108,3756
124.36259460,2750,4106,3753
124.27734375,2746,4100,3748
124.18154907,2742,4097,3743
124.09541321,2740,4092,3741
124.01367188,2739,4088,3737
123.91787720,2736,4082,3732
123.83348846,2733,4078,3726
123.68936157,2728,4072,3721
123.66210938,2727,4071,3719
123.57334137,2721,4064,3714
123.48104858,2719,4059,3708
123.31406403,2715,4053,3703
123.22265625,2711,4048,3700
123.13476563,2708,4042,3696
123.04687500,2703,4035,3688
122.94667816,2700,4030,3684
122.78320313,2694,4022,3676
122.69531250,2693,4018,3673
122.57842255,2688,4012,3667
122.43164063,2683,4006,3662
122.34375000,2680,3997,3653
122.24883270,2674,3992,3648
122.12754059,2669,3987,3644
121.99218750,2665,3980,3638
121.89550781,2662,3975,3632
121.79619598,2657,3967,3625
121.64150238,2653,3959,3619
121.55273438,2647,3954,3611
121.39540863,2643,3946,3605
121.28906250,2640,3940,3602
121.20117188,2634,3934,3595
121.11328125,2631,3926,3589
121.02539063,2628,3921,3583
120.93573761,2623,3915,3580
120.81973267,2617,3911,3573
120.67470551,2613,3902,3566
120.58417511,2610,3896,3561
120.49804688,2607,3891,3558
120.48310089,2603,3888,3553
120.33895874,2601,3882,3547
120.30995941,2598,3876,3544
120.22909546,2594,3872,3539
120.13241577,2590,3866,3534
120.06035614,2588,3866,3533
119.96894073,2587,3860,3528
119.87666321,2581,3855,3523
119.87753296,2581,3851,3520
119.79579926,2578,3848,3518
119.72812653,2576,3846,3515
119.70526886,2573,3842,3512
119.61386108,2570,3838,3507
119.53212738,2567,3833,3503
119.44863892,2566,3829,3500
119.36425781,2562,3824,3495
119.30361938,2559,3819,3492
119.26757813,2556,3817,3489
119.26229858,2554,3814,3483
119.17881012,2551,3809,3481
119.09882355,2550,3807,3479
119.08827972,2548,3803,3476
119.00038910,2546,3801,3474
118.91337585,2543,3797,3469
118.83252716,2539,3791,3465
118.82284546,2538,3788,3462
118.73233032,2534,3781,3456
118.66113281,2533,3781,3455
118.65234375,2529,3776,3451
118.56269073,2526,3769,3444
118.46689606,2521,3764,3440
118.38252258,2518,3759,3434
118.29726410,2514,3747,3426
118.17070770,2505,3739,3416
118.05029297,2501,3733,3406
118.02920532,2498,3729,3401
117.94921875,2495,3725,3398
117.77256012,2484,3709,3416
117.68466949,2480,3704,3411
117.58711243,2477,3700,3405
117.42539215,2473,3691,3397
117.41133118,2469,3684,3394
117.30586243,2464,3678,3386
117.15820313,2461,3670,3381
117.07031250,2457,3669,3377
116.98065948,2454,3660,3369
116.80928040,2447,3653,3362
116.71962738,2444,3646,3357
116.63085938,2439,3639,3351
116.47705078,2432,3632,3343
116.36718750,2427,3623,3336
116.27929688,2424,3615,3330
116.19140625,2418,3610,3325
116.01650238,2413,3599,3315
115.92773438,2407,3591,3309
115.75897980,2402,3583,3300
115.66406250,2395,3574,3292
115.57617188,2391,3569,3287
115.48828125,2387,3561,3281
115.38632202,2381,3553,3272
115.22548676,2377,3544,3266
115.13671875,2371,3539,3258
114.96445465,2364,3528,3249
114.87656403,2360,3521,3241
114.78603363,2355,3513,3237
114.69726563,2350,3504,3228
114.54345703,2344,3498,3223
114.43711090,2339,3489,3214
114.34746552,2333,3482,3207
114.26309204,2329,3474,3200
114.17079926,2325,3470,3193
114.00116730,2318,3459,3186
113.92294312,2315,3452,3180
113.82012177,2311,3447,3175
113.73223114,2305,3438,3167
113.65136719,2303,3434,3163
113.60303497,2298,3428,3159
113.47558594,2294,3422,3151
113.41757202,2290,3416,3147
113.29891968,2285,3408,3139
113.20312500,2280,3401,3134
113.11699677,2277,3399,3129
113.03174591,2274,3391,3125
113.02734375,2271,3387,3119
112.94121552,2268,3383,3114
112.85946655,2264,3379,3111
112.84628296,2264,3376,3107
112.75664520,2259,3368,3104
112.67665863,2255,3365,3098
112.59317017,2254,3360,3097
112.58789063,2252,3358,3093
112.50176239,2249,3353,3089
112.50351715,2248,3352,3088
112.41474915,2243,3347,3083
112.41210938,2240,3346,3080
112.32421875,2238,3338,3074
112.27324677,2236,3335,3072
112.23632813,2233,3331,3067
112.21435547,2233,3330,3066
112.14843750,2230,3327,3063
112.14579773,2228,3325,3063
112.06669617,2225,3319,3055
111.97793579,2223,3314,3052
111.92256165,2218,3310,3047
111.80390167,2213,3303,3042
111.79687500,2211,3296,3038
111.70898438,2210,3295,3033
111.62197113,2205,3289,3027
111.53408051,2201,3281,3024
111.44531250,2196,3276,3016
111.35742188,2192,3267,3011
111.26425171,2188,3262,3003
111.18164063,2183,3254,2997
111.09023285,2177,3247,2991
110.91973114,2172,3240,2984
110.83007813,2166,3231,2974
110.73954773,2161,3221,2967
110.56816864,2155,3214,2960
110.47939301,2150,3207,2952
110.39062500,2143,3197,2945
110.28955078,2137,3187,2935
110.12871552,2133,3180,2928
110.03906250,2127,3172,2921
109.95117188,2120,3163,2913
109.77890778,2114,3153,2904
109.68750000,2109,3144,2897
109.58378601,2103,3135,2889
109.43261719,2098,3128,2880
109.33593750,2092,3118,2874
109.24804688,2087,3111,2865
109.16015625,2081,3102,2857
109.00634766,2075,3093,2848
108.89384460,2067,3083,2839
108.80244446,2063,3075,2833
108.63632965,2055,3065,2825
108.54756165,2051,3058,2816
108.45351410,2045,3048,2808
108.32695770,2041,3041,2800
108.19776154,2033,3031,2791
108.10898590,2028,3024,2787
108.02285767,2025,3017,2779
107.92704773,2018,3007,2770
107.76181030,2013,2999,2762
107.67919922,2008,2994,2757
107.58515167,2004,2986,2750
107.49375153,1998,2978,2742
107.42871857,1994,2971,2736
107.39619446,1990,2965,2731
107.31709290,1985,2961,2728
107.20546722,1981,2951,2717
107.13515472,1977,2947,2714
107.05078125,1975,2941,2710
106.96640778,1969,2936,2704
106.88466644,1966,2932,2699
106.84862518,1961,2925,2694
106.78534698,1959,2918,2688
106.70449829,1955,2911,2682
106.62275696,1953,2910,2681
106.58320618,1949,2904,2675
106.52695465,1947,2900,2672
106.52167511,1945,2898,2670
106.36611176,1941,2891,2663
106.34765625,1938,2886,2659
106.26240540,1934,2882,2653
106.25976563,1931,2878,2651
106.18856812,1930,2875,2648
106.17363739,1929,2873,2646
106.08574677,1926,2867,2642
106.08398438,1923,2866,2640
105.99609375,1919,2859,2635
105.96005249,1918,2856,2631
105.83349609,1913,2849,2623
105.82646179,1913,2849,2624
105.73242188,1907,2840,2616
105.64629364,1902,2835,2610
105.64189148,1899,2830,2606
105.55664063,1895,2823,2600
105.46875000,1892,2818,2595
105.37734222,1886,2810,2588
105.29296875,1882,2803,2582
105.15146637,1877,2796,2576
105.03369904,1871,2788,2568
104.96337891,1867,2779,2561
104.85351563,1861,2772,2552
104.76562500,1855,2763,2547
104.67685699,1850,2755,2540
104.55292511,1844,2747,2530
104.41406250,1838,2739,2521
104.32617188,1833,2729,2513
104.23828125,1827,2721,2505
104.09501648,1821,2713,2498
103.97548676,1815,2702,2489
103.88671875,1810,2694,2481
103.71796417,1802,2683,2473
103.63183594,1796,2676,2464
103.53515625,1790,2665,2456
103.43057251,1784,2657,2448
103.27324677,1779,2648,2440
103.18359375,1772,2638,2429
103.09570313,1765,2630,2422
102.99111938,1761,2621,2414
102.83203125,1753,2610,2405
102.74414063,1748,2602,2398
102.65537262,1742,2595,2391
102.48046875,1736,2585,2381
102.40927124,1731,2579,2374
102.30468750,1726,2569,2366
102.21679688,1719,2560,2357
102.12450409,1714,2552,2352
102.04013824,1710,2547,2346
101.95136261,1707,2540,2340
101.85116577,1698,2529,2329
101.69209290,1692,2517,2320
101.61386871,1687,2512,2313
101.60420227,1686,2509,2311
101.47412872,1682,2502,2305
101.34403992,1674,2493,2296
101.25440216,1668,2483,2287
101.16651154,1664,2477,2281
101.09442902,1661,2472,2276
101.00039673,1656,2464,2269
100.97842407,1654,2459,2265
100.89843750,1649,2455,2260
100.81318665,1645,2449,2255
100.74550629,1643,2445,2253
100.69540405,1640,2439,2246
100.63564301,1636,2436,2243
100.57061005,1633,2431,2240
100.54072571,1628,2423,2233
100.46250153,1626,2418,2229
100.45898438,1624,2416,2226
100.44141388,1624,2415,2227
100.32802582,1620,2410,2220
100.28320313,1616,2405,2214
100.20233917,1613,2401,2212
100.19531250,1611,2398,2209
100.11357117,1609,2394,2204
100.09951782,1606,2390,2201
100.02217102,1602,2385,2197
100.01953125,1602,2383,2195
99.93515778,1599,2379,2191
99.92021179,1596,2374,2188
99.81475067,1591,2366,2180
99.75585938,1588,2362,2176
99.66796875,1584,2356,2171
99.58007813,1579,2350,2164
99.49218750,1575,2343,2157
99.40429688,1569,2336,2153
99.31640625,1565,2328,2144
99.22851563,1560,2320,2137
99.14062500,1556,2313,2131
99.01142883,1550,2305,2123
98.87783051,1543,2297,2116
98.78906250,1537,2288,2107
98.70117188,1533,2279,2100
98.59658813,1527,2270,2092
98.44892883,1521,2262,2083
98.34960938,1515,2254,2074
98.25907898,1508,2243,2064
98.10350800,1502,2234,2058
97.99892426,1496,2224,2049
97.91015625,1489,2216,2040
97.76074982,1483,2205,2032
97.64824677,1477,2196,2023
97.55859375,1471,2188,2016
97.47070313,1464,2178,2005
97.33358765,1458,2170,1998
97.21846008,1453,2160,1989
97.11826324,1446,2152,1981
96.96269226,1441,2143,1973
96.86425781,1435,2133,1964
96.76757813,1429,2122,1956
96.67968750,1423,2116,1948
96.59179688,1418,2108,1940
96.46786499,1412,2100,1933
96.33076477,1406,2088,1923
96.24023438,1400,2082,1918
96.15410614,1397,2077,1912
96.06357574,1389,2065,1902
95.90624237,1383,2057,1894
95.80342102,1378,2048,1885
95.71376801,1373,2040,1879
95.62676239,1367,2031,1872
95.54062653,1361,2025,1864
95.45536804,1358,2018,1858
95.35517883,1352,2011,1851
95.27958679,1350,2006,1847
95.18994904,1345,1997,1840
95.10029602,1340,1992,1832
95.01152802,1335,1985,1827
95.00976563,1333,1981,1822
94.92539215,1329,1976,1818
94.83574677,1324,1967,1812
94.74873352,1321,1963,1807
94.67227173,1317,1958,1802
94.58174133,1314,1953,1796
94.55361938,1310,1947,1793
94.48242188,1309,1943,1790
94.39981079,1304,1938,1784
94.39629364,1302,1936,1783
94.33301544,1299,1929,1777
94.28202820,1296,1924,1773
94.22402954,1294,1922,1768
94.21875000,1291,1919,1766
94.13262177,1287,1914,1762
94.05527496,1286,1912,1759
94.01396942,1281,1904,1752
93.95771790,1280,1900,1751
93.90058899,1276,1897,1747
93.87246704,1274,1895,1743
93.78544617,1271,1889,1737
93.77929688,1268,1884,1733
93.69228363,1264,1878,1729
93.60527802,1260,1872,1723
93.59999847,1258,1870,1721
93.44618988,1254,1861,1715
93.41894531,1251,1858,1710
93.25459290,1245,1848,1701
93.20010376,1241,1842,1695
93.16318512,1236,1835,1689
93.04891968,1231,1827,1681
92.92412567,1225,1820,1675
92.81250000,1220,1811,1668
92.72460938,1215,1804,1661
92.63056946,1209,1796,1652
92.54706573,1204,1787,1644
92.37392426,1197,1777,1637
92.28515625,1192,1768,1628
92.19286346,1186,1760,1621
92.02938843,1180,1751,1612
91.93359375,1173,1742,1602
91.84482574,1168,1734,1597
91.71738434,1162,1726,1588
91.58203125,1156,1716,1579
91.49237823,1150,1707,1571
91.32890320,1144,1699,1562
91.25508118,1138,1690,1554
91.14257813,1133,1681,1546
91.05468750,1126,1671,1538
90.95536804,1121,1663,1530
90.79277802,1117,1655,1524
90.70312500,1110,1647,1515
90.61435699,1103,1638,1508
90.52119446,1098,1630,1499
90.38407898,1093,1621,1493
90.26807404,1088,1613,1484
90.17665863,1082,1605,1475
90.07470703,1076,1597,1469
90.00440216,1074,1592,1465
89.88749695,1068,1582,1456
89.76884460,1062,1575,1450
89.64579773,1055,1564,1439
89.56142426,1051,1559,1434
89.49111176,1050,1556,1431
89.45859528,1044,1549,1425
89.38212585,1040,1543,1419
89.21601868,1033,1532,1409
89.12109375,1029,1525,1403
89.03496552,1025,1519,1397
88.94970703,1022,1514,1393
88.89960480,1020,1511,1389
88.85742188,1017,1506,1384
88.80029297,1012,1499,1381
88.69482422,1008,1494,1375
88.68076324,1006,1491,1372
88.59726715,1004,1489,1369
88.51289368,999,1482,1363
88.46367645,996,1476,1358
88.41884613,992,1472,1353
88.33886719,990,1469,1351
88.34413910,992,1469,1351
88.25537109,988,1463,1346
88.23867035,985,1459,1343
88.15429688,983,1457,1340
88.15429688,981,1453,1336
88.08046722,977,1449,1333
88.06464386,976,1446,1330
87.98466492,973,1443,1326
87.98027802,972,1441,1325
87.90468597,970,1438,1322
87.88623047,967,1433,1318
87.80185699,963,1426,1312
87.71044922,959,1422,1307
87.62695313,956,1416,1302
87.53906250,952,1411,1297
87.48545074,948,1404,1292
87.36767578,945,1399,1287
87.27890778,940,1391,1280
87.18750000,934,1385,1273
87.09960938,930,1377,1266
87.00644684,925,1370,1260
86.92382813,920,1363,1254
86.82890320,916,1355,1247
86.68125153,909,1349,1238
86.57226563,906,1339,1231
86.48349762,899,1331,1225
86.32177734,894,1322,1217
86.22158051,887,1314,1207
86.12754059,882,1306,1200
85.95879364,876,1296,1193
85.86914063,871,1290,1186
85.78125000,866,1282,1178
85.69335938,861,1273,1170
85.57910156,855,1265,1162
85.42968750,849,1256,1155
85.29961395,844,1249,1147
85.17304993,839,1240,1141
85.07812500,834,1232,1134
84.99023438,828,1225,1126
84.87949371,823,1215,1118
84.75556946,818,1209,1111
84.63867188,812,1200,1103
84.53584290,807,1193,1096
84.44268036,802,1185,1090
84.28974915,796,1176,1080
84.20098114,791,1170,1075
84.11132813,788,1164,1069
84.02431488,782,1157,1062
83.93730927,777,1148,1056
83.81250000,772,1142,1048
83.67890930,766,1134,1042
83.58662415,762,1127,1035
83.49873352,759,1120,1031
83.40908051,755,1114,1024
83.32295227,750,1109,1019
83.23418427,747,1103,1014
83.15156555,742,1097,1008
83.07246399,739,1093,1004
82.97578430,735,1086,999
82.94501495,733,1082,993
82.87646484,730,1078,990
82.79209137,725,1071,986
82.70684052,723,1068,982
82.62158203,721,1064,976
82.58378601,716,1057,972
82.53105927,715,1054,968
82.50644684,712,1052,967
82.40712738,710,1047,963
82.35351563,706,1043,959
82.34033203,705,1040,956
82.22080231,701,1035,951
82.17949677,699,1031,947
82.13993835,697,1028,945
82.09248352,695,1026,943
82.00898743,693,1022,939
82.00371552,691,1020,936
81.91845703,689,1016,933
81.91406250,686,1014,931
81.85078430,685,1010,927
81.82440948,682,1005,924
81.73828125,678,1001,920
81.65478516,676,998,917
81.57041168,673,992,912
81.48603821,670,988,909
81.47724915,668,985,906
81.38671875,664,979,899
81.29882813,661,973,894
81.21093750,656,968,889
81.12304688,652,962,885
81.03339386,650,957,880
80.93847656,644,950,874
80.77412415,640,944,867
80.68798828,636,937,861
80.61415863,632,931,855
80.50868988,628,924,849
80.41992188,622,916,842
80.28281403,618,910,836
80.15625000,614,903,829
80.06835938,608,895,822
79.97167969,603,889,815
79.80644989,599,882,809
79.71679688,594,875,803
79.62099457,589,867,797
79.51728058,585,861,790
79.43115234,581,853,782
79.27734375,575,847,777
79.16924286,571,838,770
79.02070618,566,832,765
78.92578125,561,825,759
78.83789063,556,819,751
78.74912262,553,813,744
78.59355164,548,806,739
78.48632813,543,800,734
78.40195465,541,794,729
78.27011871,536,786,721
78.14794922,530,779,714
78.06620789,527,774,710
77.98359680,524,768,705
77.92118835,520,764,702
77.78584290,515,757,694
77.69795227,511,750,687
77.60829926,507,745,682
77.54765320,505,742,680
77.43955231,502,737,676
77.34638977,497,730,670
77.23036957,492,724,663
77.10205078,490,717,659
77.08184052,488,717,657
76.99745941,484,709,651
76.91660309,482,706,648
76.83046722,478,702,644
76.80322266,477,698,640
76.73203278,475,695,637
76.64765930,471,690,634
76.56327820,470,688,630
76.55097198,468,685,627
76.46660614,465,681,624
76.42177582,462,679,622
76.37959290,462,676,621
76.38047028,461,677,619
76.29521179,458,670,615
76.23105621,456,668,611
76.20556641,454,665,610
76.19589996,453,664,608
76.11415863,451,661,606
76.04560089,449,658,602
76.02451324,448,654,601
76.01572418,446,654,599
75.93750000,445,652,597
75.85312653,442,648,594
75.76348114,439,643,590
75.72920227,436,639,586
75.67206573,434,635,582
75.58593750,432,631,580
75.49804688,429,628,575
75.41015625,426,623,571
75.29941559,422,617,566
75.23261261,419,612,561
75.14648438,415,608,557
75.05859375,412,603,551
74.96191406,409,598,548
74.79492188,405,591,542
74.70703125,401,586,537
74.61210632,397,580,531
74.53125000,393,574,527
74.35723114,389,567,521
74.26757813,384,562,514
74.14717102,381,556,509
74.00478363,378,551,504
73.91601563,374,545,499
73.82373047,369,539,493
73.66464996,365,533,488
73.56445313,362,527,481
73.41855621,357,521,477
73.30165863,354,515,471
73.25771332,350,510,467
73.12500000,347,505,462
72.99580383,343,499,455
72.87275696,339,494,452
72.77343750,336,488,445
72.68554688,333,482,441
72.60029602,329,479,436
72.46933746,325,472,432
72.35947418,322,467,425
72.25312805,318,461,421
72.15732574,315,457,418
72.07382965,312,453,414
71.98857117,309,448,408
71.89629364,307,444,406
71.81455231,305,440,403
71.74599457,302,439,398
71.71875000,301,435,396
71.66601563,299,433,396
71.63085938,299,432,395
71.54296875,295,426,391
71.45771790,295,427,387
71.45507813,294,423,388
71.37333679,293,423,387
71.36718750,291,420,383
71.28105927,288,414,379
71.20195007,286,411,377
71.11494446,284,410,374
71.03583527,281,405,368
71.00244141,280,404,369
70.92773438,278,400,367
70.91894531,277,398,365
70.83984375,275,398,360
70.79589844,274,396,360
70.75195313,273,391,359
70.66493988,270,389,352
70.59462738,268,385,353
70.52958679,266,384,349
70.48740387,264,379,348
70.32041168,262,378,344
70.31337738,260,374,342
70.23339844,259,373,340
70.13407898,253,361,328
70.01015472,252,358,329
69.94599915,249,354,322
69.86601257,247,356,324
69.78603363,245,353,317
69.69902802,243,350,318
69.61113739,241,346,316
69.53027344,239,344,314
69.51533508,237,337,310
69.43359375,236,338,308
69.30527496,232,330,299
69.19101715,230,326,296
69.09169769,228,323,298
68.99414063,225,318,289
68.90625000,222,314,284
68.81835938,219,314,285
68.73046875,217,306,277
68.55468750,214,305,272
68.46679688,211,297,274
68.34989929,209,297,270
68.24619293,205,288,266
68.11523438,202,288,262
68.02734375,200,285,258
67.93769073,197,275,255
67.76367188,194,275,244
67.67578125,191,272,241
67.57118988,188,267,243
67.41210938,185,263,238
67.32421875,183,254,236
67.22050476,180,256,231
67.08164215,177,251,221
67.04560852,175,241,225
66.88476563,173,238,221
66.79423523,170,240,217
66.62636566,167,236,213
66.53232574,164,225,202
66.44618988,163,230,207
66.35038757,160,225,204
66.22031403,156,221,192
66.13505554,156,218,198
66.05244446,153,215,195
65.93379211,151,213,185
65.83535004,149,209,189
65.77470398,148,199,179
65.73164368,146,197,185
65.65429688,144,195,175
65.61474609,144,201,183
65.56728363,143,201,181
65.56640625,142,200,172
65.47851563,142,198,179
65.39677429,140,189,169
65.30625153,139,194,176
65.30273438,138,185,174
65.21660614,136,190,171
65.21484375,136,181,170
65.06103516,133,185,166
65.02587891,132,183,165
64.95117188,131,182,164
64.86504364,130,180,153
64.80966949,128,170,161
64.77626801,128,178,160
64.77451324,128,169,159
64.68750000,126,175,148
64.68750000,125,174,157
64.59873199,123,171,154
64.51171875,122,161,152
64.42382813,121,158,141
64.36142731,120,166,148
64.19882965,117,160,135
64.12763977,116,159,143
64.07226563,115,158,142
63.98525620,113,156,130
63.90790939,112,153,129
63.89648437,111,152,136
63.80859375,109,150,135
63.71455002,108,148,133
63.63281250,107,137,131
63.54492187,105,143,129
63.45703125,104,141,128
63.36914062,103,139,116
63.28125000,101,137,123
63.19335937,100,135,121
63.10546875,98,133,119
62.97627258,97,131,117
62.84355545,95,118,114
62.75390625,93,116,112
62.66601562,92,123,100
62.57636642,90,120,97
62.44892883,88,118,106
62.31445312,86,115,93
62.18788910,85,113,100
62.05078125,83,100,97
61.96464920,81,108,86
61.87324142,79,106,83
61.72207260,78,103,81
61.61132812,76,100,89
61.52079773,75,98,87
61.43027496,74,85,74
61.26152420,72,94,83
61.17187500,71,91,70
61.08310318,69,79,79
60.93017578,68,87,78
60.82031250,66,75,64
60.73242187,65,83,73
60.64541245,63,82,61
60.55488205,62,80,70
60.43271637,61,67,68
60.29736328,60,65,67
60.20683670,59,75,54
60.20507812,59,74,65
60.03456879,57,72,63
60.00117111,57,71,62
59.94140625,56,71,50
59.68828201,54,67,47
59.67773437,53,66,58
59.67597580,54,66,57
59.59335709,53,55,57
59.58984375,53,65,56
59.55029297,52,64,44
59.50195312,51,63,55
59.49491882,51,52,55
59.32793045,49,61,53
59.24003983,49,60,52
59.19257736,49,59,52
59.06338120,48,58,38
59.06250000,48,58,51
59.02910233,47,46,38
58.97285080,47,56,48
58.97196960,47,55,48
58.88759995,46,55,36
58.79794693,45,54,47
58.76366806,45,42,35
58.71181870,44,53,46
58.63008118,44,53,45
58.51494217,43,50,32
58.52988434,43,39,32
58.36113358,42,37,42
58.35849380,42,49,30
58.27236557,41,36,41
58.18359375,40,47,28
58.09746170,40,46,39
58.00781250,39,33,27
57.92256165,39,45,38
57.83291245,38,44,25
57.78720474,37,31,36
57.74414062,37,42,36
57.64658356,37,30,23
57.56835937,37,29,35
57.42333603,35,40,34
57.33720779,35,28,33
57.28095627,34,38,20
57.14648437,34,37,32
57.10869217,34,37,30
56.95312500,33,24,30
56.85996246,32,36,17
56.69121170,32,22,29
56.60244370,32,22,16
56.51367187,31,21,27
56.42578125,31,33,15
56.25175858,30,20,14
56.16210937,29,31,26
56.04960632,29,18,25
55.89931870,29,18,25
55.81054687,29,17,24
55.72265625,28,29,24
55.59170151,28,29,23
55.45898437,28,16,23
55.36405945,28,28,23
55.22607040,27,28,23
55.17949295,27,28,10
55.01953125,27,27,10
54.93164062,27,27,22
54.83759689,27,15,22
54.69345474,27,15,22
54.62578201,27,27,9
54.49570084,27,15,22
54.40605545,27,15,22
54.31552505,26,27,22
54.16347885,27,27,22
54.13711166,27,27,21
54.05361557,27,15,22
53.96484375,27,27,22
53.92617035,27,14,9
53.78906250,27,15,22
53.78906250,27,27,22
53.65283203,27,15,23
53.61328125,27,27,23
53.52627182,27,15,10
53.49726486,27,28,22
53.43750000,27,28,22
53.34960937,28,16,23
53.34960937,28,16,23
53.26171875,28,16,23
53.26171875,28,29,23
52.99980545,28,29,12
52.99804687,29,17,24
52.99804687,28,17,24
52.90839767,28,18,12
52.90927505,28,18,13
52.82314682,29,18,13
52.82226562,29,18,25
52.73525620,29,30,25
52.65439606,30,31,26
52.64560318,29,19,25
52.47334290,30,32,14
52.38193130,30,32,27
52.38281250,28,20,27
52.38193130,30,20,27
52.27119064,31,33,16
52.12353516,31,34,16
52.11914062,32,33,29
51.94511795,32,35,29
51.85195541,33,36,18
51.77021790,33,36,19
51.68056870,33,25,19
51.67792892,33,37,32
51.58652496,34,26,20
51.50390625,34,39,33
51.37998199,35,40,33
51.30088043,35,40,34
51.18310165,36,41,35
51.06533432,37,42,24
50.97656250,37,43,37
50.88867187,37,44,38
50.80078125,26,33,38
50.71289062,39,45,40
50.56611633,40,47,29
50.44921875,41,37,30
50.36132812,42,49,44
50.27343750,42,51,45
50.09765625,43,52,34
50.00976562,44,42,47
49.92187500,45,43,37
49.75312805,46,44,50
49.65820312,47,58,39
49.57031250,48,48,53
49.41299057,49,62,54
49.30664062,50,63,56
49.21875000,51,53,57
49.12470627,53,66,47
49.04296875,53,67,60
48.89707184,55,69,50
48.78017807,56,70,63
48.71162033,56,72,53
48.60527420,58,74,54
48.51035309,59,76,67
48.42773437,60,66,68
48.34072495,61,68,58
48.25019455,62,80,60
48.16230392,51,81,73
48.07001877,64,83,63
47.97861481,65,74,76
47.89599609,66,86,77
47.82743835,66,86,66
47.81250000,67,77,68
47.73867035,67,78,69
47.64111328,69,80,81
47.62617111,69,92,82
47.54531479,70,93,83
47.45829773,71,84,85
47.41083908,71,95,85
47.35458755,73,96,87
47.27988434,73,87,88
47.19726562,74,99,89
47.15243912,76,90,90
47.10937500,75,102,91
47.02324295,77,93,92
47.01533127,77,94,94
46.93359375,78,105,94
46.84130859,80,96,97
46.83427811,80,108,96
46.73759842,81,99,88
46.66552734,82,110,99
46.58291245,83,102,90
46.54863358,84,114,102
46.48798752,85,105,104
46.40625000,86,116,105
46.34648514,87,117,96
46.23662186,88,119,109
46.14609146,89,121,110
46.08808517,90,123,112
46.00458908,92,116,114
45.87890625,94,128,106
45.83056641,94,130,108
45.78750229,96,122,120
45.64336014,98,134,122
45.61523437,98,136,123
45.52734375,100,129,116
45.35156250,102,141,128
45.26894379,103,143,130
45.26367187,104,136,131
45.12568283,106,147,125
45.00000000,108,150,127
44.91210937,110,153,139
44.74511719,112,157,141
44.73632812,108,158,144
44.56230545,116,153,138
44.47265625,118,156,150
44.33378983,121,168,153
44.21074295,122,172,156
44.12109375,125,174,159
44.03320312,126,178,161
43.88906097,129,181,165
43.76953125,131,185,167
43.67548752,133,188,172
43.50761795,136,184,175
43.42236328,138,188,178
43.33007812,140,198,181
43.24218750,142,194,184
43.06640625,145,198,188
42.97851562,148,208,191
42.89062500,149,212,186
42.80273437,151,215,189
42.70781326,154,219,199
42.61904144,155,222,195
42.52939606,158,225,205
42.36240005,160,222,209
42.27539062,161,232,212
42.26572418,164,234,207
42.17431641,165,236,217
42.06181717,168,239,219
42.00117111,170,236,215
41.89394379,172,245,224
41.83593750,173,247,220
41.74541092,174,250,222
41.66015625,176,252,224
41.64697266,178,255,227
41.57226562,179,251,229
41.49755859,180,259,230
41.45800781,181,254,232
41.39472580,183,263,240
41.30683517,185,265,237
41.27870941,186,261,238
41.14160156,189,271,242
41.13281250,189,266,248
41.04492187,191,275,252
40.95439529,192,277,254
40.95527267,193,279,249
40.92011642,195,281,254
40.86386871,196,282,252
40.78125000,197,279,255
40.77421951,199,286,257
40.68193436,200,283,264
40.60458755,202,292,268
40.50966644,204,290,271
40.42968750,205,292,272
40.38134766,207,299,269
40.33564377,210,303,272
40.16865158,212,307,282
40.15370941,213,310,284
40.01132584,216,314,288
39.99023437,218,312,289
39.89970779,221,315,288
39.73711014,223,324,292
39.72656250,225,326,299
39.64130783,227,324,301
39.55166245,229,328,305
39.46289062,231,336,308
39.37500000,235,339,307
39.28710937,237,340,311
39.19306564,239,347,314
39.11132812,242,351,318
39.01904297,245,356,323
38.84853745,241,361,327
38.75976562,250,365,331
38.65956879,254,370,340
38.49785233,257,372,340
38.40996170,260,376,348
38.32031250,264,384,353
38.17705154,267,387,358
38.05752182,270,394,359
37.96875000,273,397,367
37.88085937,277,402,371
37.72529221,280,408,376
37.61718750,284,415,378
37.52402496,287,418,385
37.35703278,291,425,388
37.26562500,294,429,396
37.17773437,298,435,398
37.08808517,301,439,403
36.99580002,304,445,409
36.86308670,308,450,414
36.73828125,310,453,416
36.65039062,313,458,420
36.56250000,317,463,426
36.47109222,320,468,430
36.38671875,322,473,435
36.29882812,324,477,438
36.20917892,328,482,442
36.11952972,331,486,445
36.03515625,333,490,450
35.94726562,337,494,452
35.89013672,338,496,455
35.84882736,340,499,460
35.77060318,343,502,462
35.67744064,345,506,465
35.58867264,348,511,470
35.51044846,350,514,472
35.50693130,351,516,474
35.47265625,352,517,475
35.40849686,355,523,480
35.33115005,357,524,482
35.24414062,360,528,485
35.22040939,361,530,489
35.15273285,363,534,491
35.04550552,366,540,496
34.97958755,369,542,499
34.97695160,369,543,500
34.89257812,371,545,501
34.87587738,372,547,504
34.80029297,375,553,508
34.71679687,378,557,511
34.70713043,379,558,513
34.54541016,382,564,517
34.53222656,384,565,519
34.44697189,386,570,524
34.36523437,389,572,526
34.27119064,392,579,531
34.18857193,396,583,535
34.10156250,398,588,541
34.02773285,400,590,543
33.92578125,404,596,549
33.83789062,408,602,553
33.78779221,410,605,556
33.66650391,412,608,560
33.65244293,416,612,564
33.56455231,419,618,568
33.48456955,423,623,573
33.37558365,425,628,577
33.22265625,429,633,582
33.13564682,432,638,587
33.04687500,436,644,593
32.95898437,440,650,598
32.86054611,444,656,604
32.70058441,448,662,609
32.60830307,452,667,615
32.51777267,457,675,621
32.34375000,461,682,628
32.25585937,466,687,633
32.16708755,470,693,639
32.07656097,474,700,644
31.90429688,479,708,652
31.81640625,483,714,657
31.64238167,487,721,664
31.55361366,492,728,670
31.46484375,497,736,677
31.36904335,501,741,682
31.20556450,505,747,687
31.11328125,511,755,695
31.02539063,513,760,699
30.93750000,517,765,705
30.85751915,521,770,709
30.73359299,526,777,715
30.66679764,530,783,721
30.56660080,532,788,726
30.41367340,537,794,732
30.41015625,540,799,735
30.29150391,544,806,742
30.23437500,546,809,745
30.14209175,550,815,750
30.05244064,553,821,756
29.96542931,556,826,760
29.88281250,559,829,762
29.79492188,562,833,767
29.78789139,565,838,771
29.70615196,567,841,774
29.61826134,571,846,778
29.59365082,572,848,781
29.52773285,574,851,783
29.44335938,577,855,788
29.36513519,580,862,792
29.34052658,582,865,794
29.21396637,586,869,800
29.19199371,587,871,801
29.17441368,591,875,806
29.08036995,594,881,811
29.00566292,594,883,812
29.00214958,598,885,816
28.96611404,598,888,816
28.88437653,602,893,820
28.82548904,604,895,824
28.73671722,607,901,830
28.65234375,611,906,835
28.56445313,614,911,839
28.56093597,616,913,841
28.47568321,619,919,846
28.38779259,623,925,850
28.30078125,627,931,856
28.20937347,631,937,863
28.07314491,635,941,868
28.03623009,637,947,872
27.94306564,643,954,877
27.85693550,646,959,882
27.77607346,648,962,885
27.68642616,652,968,892
27.59677696,656,976,898
27.50800896,661,982,904
27.42187500,665,987,909
27.33398438,669,994,916
27.21533203,674,1002,921
27.07470512,679,1009,929
26.98242188,683,1015,934
26.89277458,688,1023,941
26.80400467,691,1028,946
26.70732307,698,1036,953
26.54384804,702,1044,961
26.45507813,707,1052,968
26.34785080,712,1058,974
26.19140625,718,1068,982
26.10351563,723,1074,990
26.01562500,728,1082,997
25.84511757,732,1091,1002
25.75195313,738,1098,1009
25.66406250,743,1105,1016
25.54980659,748,1113,1024
25.45839882,753,1121,1032
25.31250000,759,1130,1041
25.22460938,763,1137,1046
25.13671875,767,1143,1052
24.97324371,772,1150,1058
24.93632889,776,1156,1063
24.87216759,779,1160,1068
24.78515625,784,1167,1073
24.69462967,788,1174,1080
24.60498238,792,1180,1085
24.52148438,795,1185,1091
24.43359375,799,1189,1096
24.33691406,805,1198,1102
24.25781250,809,1203,1107
24.16992188,811,1209,1113
24.14443207,816,1214,1117
24.03544998,819,1219,1122
23.99062347,821,1224,1127
23.90537071,825,1231,1131
23.81748009,829,1234,1136
23.72871208,832,1239,1140
23.64521408,835,1244,1145
23.63378906,838,1248,1149
23.55468750,840,1253,1152
23.55117035,843,1257,1156
23.46679688,846,1262,1160
23.37802696,850,1268,1167
23.29101563,853,1272,1170
23.22509766,857,1274,1174
23.20312500,860,1279,1177
23.11523438,861,1285,1182
23.08359528,863,1287,1185
23.02119064,867,1293,1189
22.93945313,871,1299,1195
22.93417931,872,1301,1198
22.85156250,875,1305,1201
22.76367188,878,1310,1205
22.67753792,883,1316,1210
22.58701134,887,1322,1217
22.58701134,890,1325,1219
22.49560547,892,1332,1225
22.42265511,896,1334,1228
22.32421875,900,1343,1236
22.23808670,904,1347,1241
22.14843750,909,1355,1246
22.06230545,913,1361,1252
21.97265625,919,1369,1260
21.87949181,923,1376,1266
21.79511642,928,1383,1272
21.70898438,932,1389,1277
21.62109375,937,1396,1285
21.53320313,940,1403,1291
21.38554764,946,1411,1298
21.27304649,950,1417,1304
21.18164063,955,1425,1311
21.09375000,961,1432,1318
21.00585938,968,1442,1328
20.91621017,972,1451,1336
20.79228592,977,1458,1341
20.65429688,983,1465,1348
20.56464767,989,1475,1357
20.47851563,993,1483,1364
20.37656212,999,1491,1372
20.21484375,1005,1499,1380
20.12695313,1010,1508,1387
19.97490311,1016,1518,1396
19.86328125,1022,1526,1404
19.77539063,1029,1536,1413
19.60839844,1034,1544,1421
19.51171875,1040,1554,1429
19.42382813,1045,1561,1436
19.33505821,1050,1569,1444
19.24716759,1057,1579,1451
19.08720779,1062,1585,1458
18.98437500,1068,1594,1467
18.89648438,1072,1600,1473
18.80859375,1076,1607,1479
18.68730354,1082,1617,1488
18.63281250,1087,1623,1493
18.54316330,1093,1632,1500
18.45439529,1097,1638,1507
18.36914063,1100,1643,1512
18.27685547,1105,1650,1518
18.19248009,1109,1656,1525
18.10546875,1114,1663,1530
18.01757813,1118,1671,1538
17.94111443,1122,1675,1541
17.92880821,1124,1679,1545
17.84179688,1128,1685,1550
17.75302696,1131,1689,1554
17.66689491,1136,1695,1559
17.65810585,1138,1699,1562
17.57812500,1140,1703,1565
17.51396561,1143,1707,1570
17.45771599,1147,1714,1576
17.40322304,1148,1716,1579
17.31796837,1154,1724,1586
17.31357384,1156,1727,1588
17.22656250,1159,1732,1594
17.13867188,1164,1740,1600
17.07714844,1166,1742,1602
17.05078125,1168,1746,1605
17.00683594,1172,1749,1608
16.96201134,1174,1755,1614
16.87236404,1178,1760,1617
16.78710938,1180,1763,1622
16.71679688,1185,1770,1629
16.69570351,1190,1777,1634
16.61132813,1192,1780,1637
16.52343750,1197,1785,1642
16.43642616,1200,1793,1650
16.34765625,1206,1801,1657
16.25976563,1209,1806,1662
16.17011642,1215,1816,1670
16.08398438,1219,1821,1675
15.99609375,1225,1830,1684
15.90820313,1229,1838,1689
15.85019493,1230,1840,1692
15.74736309,1236,1847,1700
15.64804649,1241,1855,1706
15.55664063,1247,1862,1713
15.46875000,1251,1870,1720
15.38085938,1256,1878,1726
15.29296875,1261,1883,1733
15.20507813,1267,1893,1741
15.07060528,1272,1901,1749
14.94140625,1278,1911,1757
14.85351563,1283,1917,1764
14.76562500,1289,1928,1773
14.67509747,1295,1937,1780
14.50195313,1303,1945,1789
14.41406250,1308,1956,1798
14.25585938,1314,1965,1807
14.15390587,1320,1974,1816
14.06250000,1326,1982,1824
13.97460938,1332,1991,1832
13.84453201,1338,2000,1839
13.71093750,1345,2010,1849
13.62304688,1351,2021,1858
13.53515625,1357,2028,1865
13.36025333,1363,2038,1874
13.27148438,1370,2046,1882
13.18359375,1374,2056,1890
13.09482479,1379,2062,1897
13.00605392,1385,2071,1904
12.91992188,1389,2077,1910
12.83027267,1395,2085,1917
12.74414063,1398,2091,1924
12.60703182,1405,2100,1932
12.48574162,1410,2107,1940
12.39257813,1415,2116,1945
12.37060547,1419,2123,1951
12.27480507,1423,2129,1957
12.21591854,1429,2136,1963
12.11660194,1433,2144,1972
12.03925705,1437,2150,1976
11.95312500,1441,2155,1979
11.86611271,1444,2159,1987
11.83974648,1447,2163,1990
11.77734375,1451,2169,1995
11.69736290,1456,2175,2001
11.67099571,1458,2180,2004
11.60156250,1461,2184,2008
11.51367188,1464,2189,2012
11.48994064,1467,2192,2018
11.41874981,1471,2200,2023
11.33789063,1473,2203,2026
11.25263691,1478,2209,2032
11.23505878,1482,2214,2035
11.16035175,1485,2220,2042
11.07509804,1488,2226,2046
11.07421875,1489,2228,2048
10.98632813,1493,2233,2053
10.98105526,1496,2237,2056
10.89580059,1501,2245,2063
10.81142616,1503,2248,2067
10.72265625,1508,2253,2071
10.64179707,1511,2258,2077
10.62421894,1514,2265,2083
10.54687500,1518,2270,2086
10.45898438,1523,2278,2094
10.37197304,1527,2282,2100
10.28320313,1532,2292,2108
10.19531250,1535,2297,2112
10.10214901,1543,2306,2121
10.01953125,1548,2314,2128
9.93164063,1553,2322,2136
9.84375000,1556,2325,2140
9.75585938,1560,2333,2145
9.66708946,1565,2342,2152
9.57919884,1570,2348,2160
9.49042988,1576,2356,2165
9.38320351,1582,2364,2174
9.31640625,1587,2375,2181
9.18281269,1593,2381,2189
9.05712891,1599,2391,2197
8.96484375,1604,2399,2204
8.84267616,1609,2407,2213
8.70732403,1616,2415,2221
8.61328125,1622,2426,2230
8.52539063,1629,2435,2238
8.41464806,1635,2445,2247
8.26171875,1640,2456,2256
8.17382813,1647,2463,2263
8.08593750,1652,2472,2272
7.92509747,1659,2482,2281
7.82226563,1666,2493,2290
7.73349571,1673,2501,2299
7.56914091,1679,2510,2309
7.47070313,1684,2519,2316
7.38281250,1691,2531,2325
7.29492188,1695,2535,2332
7.20703125,1700,2544,2338
7.05761766,1706,2552,2344
6.97675753,1711,2558,2352
6.86777353,1716,2565,2359
6.80888700,1720,2572,2366
6.69023466,1726,2582,2373
6.59179688,1735,2594,2384
6.50390625,1738,2599,2390
6.41601563,1742,2606,2393
6.32812500,1746,2613,2403
6.21738243,1752,2622,2408
6.15234375,1755,2627,2414
6.06445313,1762,2635,2422
5.97744179,1766,2641,2427
5.95371056,1769,2645,2432
5.87724638,1772,2652,2436
5.80517626,1773,2653,2438
5.76035166,1777,2659,2443
5.69531298,1782,2665,2450
5.62587929,1784,2670,2453
5.55996084,1788,2675,2459
5.53710938,1790,2677,2460
5.49492168,1794,2682,2464
5.43339825,1797,2688,2471
5.35605478,1801,2694,2475
5.27343750,1804,2700,2481
5.20224619,1807,2704,2484
5.09941387,1813,2710,2491
5.09589863,1815,2714,2494
5.08095694,1815,2715,2496
4.93769550,1819,2722,2503
4.92187500,1821,2725,2504
4.84804678,1825,2731,2509
4.83398438,1829,2735,2514
4.74609375,1833,2740,2518
4.65820313,1836,2748,2524
4.57558584,1841,2755,2531
4.48330069,1846,2760,2537
4.46396494,1848,2766,2541
4.32158184,1852,2772,2548
4.30400419,1858,2781,2555
4.20644522,1863,2786,2560
4.04384756,1869,2796,2569
3.95683599,1874,2802,2575
3.86806631,1879,2810,2582
3.84960938,1882,2816,2587
3.69228506,1889,2825,2594
3.60527349,1893,2833,2603
3.51914072,1896,2839,2609
3.42773437,1904,2847,2617
3.33984375,1908,2856,2625
3.25195312,1914,2864,2632
3.08408213,1919,2874,2639
3.03134775,1925,2880,2646
2.90039063,1931,2888,2654
2.81250000,1937,2897,2662
2.70878911,1940,2906,2669
2.54882812,1948,2916,2678
2.46093750,1955,2925,2687
2.37304687,1960,2934,2696
2.23857427,1966,2943,2703
2.11025381,1972,2953,2711
2.02060556,1978,2962,2720
1.91162109,1983,2971,2729
1.75957036,1989,2978,2735
1.66992187,1996,2988,2744
1.57324219,2003,2998,2752
1.46601570,2008,3006,2760
1.31835937,2013,3016,2769
1.23046875,2019,3024,2777
1.14345706,2024,3030,2782
1.05556643,2029,3037,2789
0.96679688,2034,3045,2796
0.87890625,2039,3051,2802
0.79013669,2044,3057,2808
0.63896483,2049,3067,2817
0.61083984,2054,3074,2822
0.44384769,2060,3084,2832
0.35332030,2065,3090,2837
0.34277344,2067,3093,2840
0.17753907,2072,3102,2847
0.10107422,2076,3107,2852
0.01054688,2080,3112,2859
359.83389282,2091,3132,2873
359.82244873,2092,3132,2877
359.73632813,2096,3138,2880
359.73193359,2097,3140,2885
359.64843750,2102,3145,2887
359.56054688,2104,3149,2891
359.55877686,2108,3154,2894
359.47088623,2111,3161,2901
359.38476563,2113,3164,2905
359.29776001,2117,3172,2912
359.29687500,2119,3175,2914
359.20898438,2123,3179,2919
359.18878174,2126,3183,2922
359.12109375,2128,3187,2925
359.03408813,2131,3190,2930
359.02880859,2133,3194,2934
358.94442749,2136,3199,2936
358.85742188,2140,3204,2940
358.76953125,2144,3210,2949
358.68164063,2147,3217,2955
358.67813110,2151,3221,2957
358.59375000,2154,3226,2960
358.50585938,2159,3233,2967
358.41796875,2164,3239,2974
358.33007813,2169,3246,2980
358.24130249,2174,3253,2984
358.15167236,2178,3259,2992
358.00399780,2182,3269,3001
357.97674561,2187,3270,3004
357.88357544,2191,3280,3010
357.80273438,2193,3284,3014
357.71395874,2199,3293,3021
357.54611206,2204,3301,3029
357.45117188,2210,3309,3038
357.45117188,2213,3316,3042
357.28857422,2219,3321,3048
357.18750000,2222,3330,3056
357.09960938,2228,3336,3063
356.97128296,2235,3344,3069
356.84912109,2237,3351,3076
356.78671265,2244,3360,3086
356.66015625,2250,3369,3093
356.56085205,2257,3379,3101
356.39648438,2261,3387,3109
356.30331421,2268,3394,3116
356.21719360,2273,3403,3123
356.05197144,2279,3412,3130
355.95791626,2284,3420,3140
355.86035156,2291,3430,3147
355.69775391,2295,3438,3154
355.60546875,2300,3445,3162
355.51757813,2306,3452,3167
355.41210938,2313,3461,3178
355.25390625,2316,3469,3182
355.18887329,2321,3474,3189
355.07812500,2326,3481,3196
354.99023438,2331,3490,3203
354.90322876,2337,3496,3207
354.81445313,2340,3506,3217
354.72656250,2343,3511,3221
354.55429077,2349,3519,3229
354.46377563,2353,3523,3235
354.42510986,2357,3530,3241
354.37411499,2361,3536,3244
354.27920532,2365,3542,3251
354.19833374,2369,3547,3255
354.09112549,2375,3553,3262
354.02166748,2377,3558,3265
353.93554688,2379,3562,3270
353.87667847,2382,3568,3274
353.81600952,2386,3574,3279
353.75976563,2388,3577,3281
353.71670532,2392,3582,3287
353.67187500,2394,3585,3290
353.58486938,2396,3588,3292
353.50488281,2399,3593,3297
353.49609375,2401,3596,3299
353.39590454,2405,3602,3306
353.34140015,2407,3604,3306
353.23419189,2411,3611,3311
353.14804077,2415,3615,3318
353.14453125,2417,3621,3321
353.14364624,2421,3622,3322
353.13223267,2419,3621,3324
352.97052002,2423,3630,3329
352.96084595,2426,3633,3334
352.87997437,2430,3638,3336
352.78945923,2435,3645,3344
352.70507813,2438,3649,3348
352.67959595,2438,3651,3350
352.61630249,2442,3657,3354
352.52929688,2446,3663,3360
352.43963623,2450,3669,3366
352.35351563,2454,3673,3370
352.24804688,2460,3681,3377
352.17596436,2463,3687,3381
352.04150391,2467,3692,3387
351.98437500,2470,3698,3394
351.91494751,2473,3703,3395
351.82794189,2477,3708,3401
351.73828125,2479,3714,3407
351.63369751,2486,3721,3415
351.56250000,2490,3727,3419
351.40252686,2494,3734,3426
351.33572388,2498,3740,3432
351.21093750,2502,3749,3438
351.12304688,2508,3755,3444
351.03427124,2512,3763,3451
350.91387939,2517,3768,3458
350.77148438,2521,3777,3464
350.68270874,2526,3784,3472
350.59570313,2532,3791,3476
350.43927002,2535,3799,3483
350.33203125,2542,3807,3490
350.24237061,2547,3816,3498
350.07186890,2551,3820,3504
349.98046875,2555,3828,3510
349.89257813,2561,3834,3515
349.80206299,2565,3840,3523
349.62890625,2571,3850,3531
349.54101563,2574,3857,3537
349.45135498,2579,3861,3542
349.34414673,2584,3871,3549
349.23956299,2587,3875,3554
349.11212158,2591,3882,3559
349.01895142,2596,3888,3564
348.92578125,2600,3894,3570
348.83877563,2604,3899,3574
348.75000000,2609,3905,3580
348.66210938,2612,3910,3587
348.57421875,2615,3918,3591
348.48632813,2619,3922,3598
348.37384033,2623,3930,3602
348.31054688,2626,3932,3604
348.20419312,2631,3940,3612
348.13476563,2633,3944,3617
348.05126953,2637,3947,3620
348.00204468,2639,3952,3624
347.95898438,2641,3954,3624
347.87109375,2642,3958,3630
347.78320313,2647,3965,3635
347.72433472,2649,3966,3637
347.69442749,2651,3970,3642
347.60919189,2655,3973,3643
347.58016968,2657,3978,3647
347.51953125,2658,3980,3648
347.43515015,2661,3984,3654
347.38330078,2665,3988,3659
347.28750610,2666,3991,3660
347.25497437,2668,3996,3663
347.16796875,2672,4000,3666
347.16796875,2672,4003,3668
347.08007813,2675,4003,3671
346.99307251,2677,4009,3676
346.98779297,2679,4010,3678
346.90429688,2682,4016,3683
346.82870483,2684,4018,3686
346.81463623,2687,4024,3689
346.72851563,2690,4029,3692
346.63973999,2691,4032,3695
346.55184937,2696,4038,3701
346.46484375,2700,4040,3705
346.37695313,2702,4046,3709
346.28994751,2705,4049,3713
346.25128174,2707,4053,3717
346.12033081,2711,4060,3721
346.02276611,2717,4068,3728
345.93750000,2718,4072,3732
345.84960938,2723,4076,3736
345.76171875,2725,4081,3740
345.67471313,2729,4085,3743
345.58593750,2733,4090,3751
345.49716187,2735,4095,3754
345.41015625,2738,4102,3760
345.29852295,2743,4105,3762
345.16583252,2746,4112,3769
345.05859375,2751,4117,3774
344.97070313,2754,4122,3779
344.88192749,2758,4130,3784
344.73251343,2761,4134,3789
344.61914063,2766,4141,3796
344.52246094,2769,4145,3801
344.44335938,2774,4153,3807
344.26757813,2779,4161,3812
344.17880249,2782,4165,3818
344.09091187,2786,4171,3822
343.91690063,2789,4177,3828
343.82812500,2795,4181,3832
343.73934937,2796,4189,3840
343.58291626,2801,4195,3844
343.47744751,2805,4199,3852
343.38867188,2811,4205,3855
343.29550171,2812,4210,3861
343.16632080,2817,4217,3865
343.08544922,2820,4223,3870
342.95712280,2822,4225,3873
342.87713623,2825,4230,3875
342.77432251,2828,4237,3881
342.68466187,2832,4238,3884
342.59765625,2834,4244,3889
342.50976563,2838,4251,3894
342.42187500,2842,4254,3900
342.33398438,2843,4258,3901
342.24609375,2845,4261,3906
342.15820313,2849,4264,3908
342.07031250,2852,4270,3914
341.98242188,2855,4273,3916
341.97537231,2855,4274,3918
341.89453125,2859,4281,3923
341.89013672,2860,4281,3923
341.76007080,2861,4287,3926
341.71875000,2863,4287,3928
341.67831421,2866,4289,3930
341.62118530,2867,4291,3933
341.54296875,2868,4295,3934
341.48760986,2870,4298,3937
341.38388062,2872,4300,3940
341.36367798,2874,4303,3942
341.27929688,2875,4306,3944
341.23184204,2878,4308,3946
341.19052124,2881,4311,3951
341.14395142,2881,4314,3953
341.10263062,2883,4317,3954
341.01562500,2885,4319,3958
340.92773438,2887,4323,3961
340.91983032,2888,4326,3962
340.83984375,2890,4328,3966
340.75195313,2892,4329,3967
340.66406250,2895,4334,3968
340.65966797,2897,4336,3973
340.57617188,2899,4338,3976
340.44345093,2902,4343,3980
340.38281250,2904,4346,3983
340.26855469,2905,4349,3985
340.15164185,2908,4355,3989
340.04971313,2913,4358,3995
339.97235107,2914,4362,3996
339.87304688,2917,4368,4002
339.80889893,2920,4369,4003
339.76580811,2922,4372,4006
339.60937500,2925,4378,4011
339.52148438,2928,4381,4016
339.43359375,2929,4387,4016
339.34570313,2934,4389,4022
339.25781250,2936,4393,4024
339.16641235,2938,4397,4028
339.00820923,2941,4402,4032
338.90713501,2943,4406,4036
338.81835938,2946,4411,4041
338.73046875,2949,4414,4044
338.56610107,2954,4418,4048
338.46679688,2955,4425,4053
338.37274170,2958,4428,4056
338.20312500,2961,4435,4059
338.11611938,2963,4439,4064
338.02734375,2967,4442,4067
337.91220093,2972,4446,4070
337.76629639,2973,4449,4077
337.65643311,2976,4454,4081
337.58789063,2979,4457,4084
337.48593140,2982,4461,4086
337.32421875,2984,4468,4091
337.23544312,2988,4471,4094
337.14843750,2989,4475,4096
337.05966187,2990,4477,4099
336.97265625,2994,4480,4103
336.88476563,2996,4483,4107
336.71249390,3000,4489,4110
336.63076782,3000,4490,4113
336.53408813,3003,4493,4115
336.44970703,3004,4497,4117
336.35742188,3006,4499,4120
336.27481079,3009,4503,4123
336.18603516,3011,4506,4127
336.09552002,3013,4507,4126
336.02432251,3014,4510,4131
336.00585938,3013,4514,4131
335.91885376,3015,4513,4133
335.84677124,3018,4517,4135
335.80633545,3020,4519,4138
335.74218750,3021,4521,4139
335.65606689,3020,4523,4140
335.65429688,3022,4524,4141
335.63409424,3023,4526,4144
335.49609375,3027,4527,4145
335.47940063,3026,4529,4146
335.39062500,3029,4531,4150
335.33612061,3030,4534,4152
335.29833984,3031,4535,4153
335.13400269,3034,4540,4156
335.12695313,3033,4540,4155
335.12606812,3034,4539,4156
335.05926514,3035,4541,4158
335.02413940,3037,4544,4159
334.94326782,3038,4545,4161
334.86416626,3039,4547,4163
334.77627563,3042,4552,4167
334.68927002,3043,4551,4168
334.68750000,3044,4554,4167
334.59872437,3044,4555,4168
334.51171875,3045,4558,4174
334.41943359,3049,4561,4176
334.33593750,3049,4563,4176
334.24542236,3053,4567,4181
334.16104126,3052,4567,4181
334.05468750,3054,4570,4185
333.91583252,3058,4574,4188
333.89648438,3057,4573,4188
333.80859375,3058,4576,4190
333.71981812,3060,4581,4192
333.60205078,3062,4582,4193
333.47723389,3064,4585,4196
333.37002563,3066,4587,4198
333.28125000,3068,4590,4201
333.19335938,3070,4592,4203
333.10546875,3071,4594,4206
332.99649048,3074,4595,4207
332.89190674,3074,4600,4212
332.75390625,3076,4600,4213
332.65545654,3079,4604,4216
332.57812500,3079,4606,4218
332.42959595,3080,4608,4220
332.31445313,3083,4611,4221
332.16680908,3084,4617,4225
332.05166626,3087,4617,4228
331.96289063,3088,4621,4231
331.87411499,3089,4623,4233
331.75283813,3090,4625,4233
331.61132813,3094,4630,4236
331.52343750,3096,4630,4238
331.40127563,3096,4633,4240
331.26766968,3097,4635,4240
331.20877075,3098,4634,4243
331.15780640,3100,4639,4247
331.00665283,3100,4641,4247
330.90908813,3102,4641,4246
330.82208252,3103,4643,4249
330.73242188,3104,4644,4251
330.64453125,3107,4646,4250
330.55664063,3107,4650,4255
330.46697998,3107,4650,4254
330.37997437,3108,4654,4254
330.29296875,3109,4653,4258
330.20068359,3111,4655,4258
330.11718750,3112,4659,4259
330.03280640,3113,4657,4263
330.01260376,3112,4658,4262
329.94052124,3113,4659,4262
329.85351563,3115,4659,4263
329.80868530,3115,4660,4265
329.74365234,3116,4661,4264
329.67684937,3117,4663,4265
329.66192627,3117,4664,4267
329.58984375,3118,4662,4266
329.50195313,3117,4665,4266
329.48526001,3119,4668,4270
329.41406250,3119,4666,4271
329.32705688,3121,4668,4270
329.23828125,3120,4668,4272
329.15039063,3122,4671,4273
329.15127563,3121,4670,4271
329.13720703,3121,4670,4272
329.06161499,3123,4674,4275
328.97460938,3123,4673,4276
328.88671875,3124,4674,4276
328.88671875,3123,4675,4276
328.79794312,3126,4675,4279
328.72500610,3126,4675,4276
328.62744141,3126,4677,4277
328.61776733,3126,4676,4279
328.44815063,3127,4677,4280
328.36026001,3128,4679,4280
328.27148438,3128,4678,4280
328.25213623,3129,4681,4281
328.09570313,3129,4683,4284
328.00781250,3130,4682,4283
327.92080688,3131,4683,4284
327.83908081,3131,4685,4286
327.74414063,3132,4686,4286
327.65625000,3133,4687,4286
327.56835938,3133,4689,4287
327.47958374,3133,4686,4288
327.39257813,3134,4690,4288
327.21768188,3134,4690,4290
327.12979126,3136,4691,4290
327.04101563,3138,4692,4291
326.95312500,3137,4694,4293
326.77911377,3137,4692,4292
326.68945313,3140,4696,4292
326.58135986,3139,4695,4295
326.43368530,3138,4696,4293
326.33789063,3141,4697,4296
326.25000000,3139,4698,4299
326.07421875,3142,4698,4296
325.98632813,3142,4698,4298
325.89755249,3142,4700,4298
325.77276611,3144,4701,4298
325.65936279,3144,4700,4299
325.55303955,3142,4700,4297
325.45898438,3142,4702,4300
325.32275391,3144,4703,4298
325.26913452,3142,4702,4300
325.18212891,3144,4702,4298
325.10479736,3143,4703,4299
325.00811768,3144,4703,4298
324.85079956,3143,4703,4299
324.76113892,3145,4703,4300
324.66796875,3143,4703,4298
324.58007813,3143,4703,4300
324.49218750,3145,4706,4300
324.40518188,3144,4704,4300
324.31729126,3144,4703,4300
324.22851563,3145,4703,4300
324.14151001,3144,4702,4299
324.05273438,3145,4705,4301
324.04745483,3143,4702,4299
323.96484375,3145,4703,4300
323.87695313,3145,4704,4300
323.85409546,3144,4703,4300
323.78906250,3145,4702,4301
323.70117188,3144,4704,4299
323.70117188,3144,4704,4300
323.61328125,3146,4703,4300
323.52978516,3143,4700,4297
323.49374390,3144,4702,4299
323.43487549,3145,4702,4297
323.34960938,3144,4700,4297
323.26348877,3144,4702,4297
323.20809937,3143,4700,4298
323.17822266,3144,4701,4300
323.17382813,3144,4701,4298
323.08593750,3145,4701,4299
322.99804688,3144,4701,4296
322.94793701,3144,4699,4296
322.90136719,3142,4699,4298
322.82226563,3142,4698,4296
322.73437500,3143,4700,4295
322.67108154,3142,4700,4296
322.64648438,3143,4700,4297
322.48651123,3142,4699,4295
322.41357422,3142,4698,4295
322.32217407,3142,4697,4293
322.22021484,3141,4697,4293
322.12265015,3141,4696,4293
322.03125000,3142,4698,4291
321.94335938,3139,4693,4293
321.88800049,3140,4696,4291
321.83261108,3140,4693,4290
321.69815063,3138,4693,4287
321.59179688,3137,4693,4291
321.50390625,3138,4691,4288
321.41601563,3138,4691,4288
321.32812500,3136,4688,4285
321.22088623,3137,4687,4285
321.08554077,3136,4688,4282
320.97656250,3134,4688,4282
320.88778687,3135,4685,4281
320.75946045,3134,4684,4280
320.62588501,3133,4684,4279
320.53710938,3131,4682,4278
320.44042969,3132,4680,4277
320.27343750,3130,4679,4276
320.18554688,3128,4677,4273
320.09765625,3128,4677,4271
319.99484253,3127,4674,4271
319.83398438,3127,4674,4270
319.74609375,3126,4671,4269
319.62304688,3125,4670,4268
319.57031250,3124,4668,4267
319.39541626,3125,4667,4264
319.30664063,3122,4665,4264
319.21875000,3120,4665,4262
319.12823486,3119,4662,4260
319.03945923,3119,4662,4260
318.95507813,3120,4661,4258
318.86718750,3119,4661,4258
318.77841187,3118,4658,4256
318.60791016,3116,4656,4253
318.51562500,3114,4653,4253
318.42773438,3114,4653,4252
318.34072876,3112,4651,4249
318.26864624,3112,4650,4248
318.16494751,3111,4648,4246
318.07879639,3109,4646,4244
318.07617188,3109,4646,4243
317.98828125,3109,4643,4243
317.91619873,3106,4642,4241
317.89071655,3107,4643,4244
317.81250000,3105,4641,4240
317.72460938,3104,4640,4240
317.68594360,3104,4637,4235
317.63671875,3103,4637,4238
317.55059814,3102,4635,4235
317.53475952,3103,4635,4234
317.46093750,3101,4631,4234
317.37304688,3100,4632,4233
317.37127686,3099,4630,4230
317.28515625,3099,4631,4231
317.19726563,3098,4627,4226
317.17529297,3097,4630,4230
317.08828735,3097,4627,4226
317.02148438,3096,4627,4225
316.96612549,3095,4624,4225
316.93270874,3094,4624,4223
316.84570313,3094,4622,4220
316.82989502,3093,4618,4221
316.69894409,3090,4618,4218
316.58380127,3090,4617,4217
316.53103638,3089,4615,4216
316.49414063,3087,4613,4212
316.40625000,3086,4613,4213
316.31835938,3086,4609,4210
316.23046875,3084,4606,4208
316.08456421,3082,4606,4206
315.99493408,3081,4604,4205
315.95010376,3080,4601,4203
315.81826782,3078,4599,4201
315.79101563,3078,4598,4199
315.62664795,3077,4593,4198
315.52822876,3074,4592,4194
315.43945313,3074,4591,4193
315.35156250,3071,4586,4190
315.26367188,3069,4584,4189
315.17578125,3068,4581,4186
315.08789063,3065,4579,4182
314.91387939,3064,4575,4182
314.82421875,3062,4574,4177
314.73632813,3060,4569,4175
314.56054688,3057,4567,4173
314.47793579,3054,4564,4170
314.38476563,3052,4561,4166
314.23800659,3051,4556,4164
314.12109375,3049,4555,4159
314.03320313,3048,4551,4158
313.94531250,3045,4548,4154
313.83193970,3044,4543,4150
313.68164063,3041,4539,4147
313.59286499,3039,4537,4143
313.42852783,3036,4533,4141
313.33007813,3035,4529,4139
313.24307251,3033,4528,4134
313.15429688,3029,4524,4131
313.06640625,3029,4520,4129
312.97851563,3026,4517,4125
312.89062500,3024,4514,4124
312.78338623,3019,4507,4115
312.64013672,3017,4504,4114
312.53906250,3013,4502,4109
312.45117188,3013,4498,4107
312.39755249,3011,4497,4106
312.27627563,3010,4494,4103
312.23406982,3008,4490,4100
312.09960938,3005,4487,4096
312.07147217,3004,4486,4095
312.01171875,3003,4483,4094
311.92382813,3001,4480,4092
311.91677856,2999,4480,4091
311.82888794,3000,4476,4090
311.74804688,2996,4474,4087
311.66104126,2996,4473,4082
311.65838623,2994,4472,4082
311.57315063,2996,4469,4082
311.50546265,2992,4466,4079
311.48437500,2990,4465,4076
311.39648438,2988,4461,4076
311.35870361,2988,4461,4072
311.30859375,2987,4457,4073
311.22070313,2985,4458,4068
311.13281250,2984,4453,4067
311.12664795,2982,4454,4066
311.04492188,2982,4448,4063
310.95880127,2980,4446,4062
310.93768311,2978,4444,4060
310.86914063,2978,4444,4057
310.78387451,2976,4440,4054
310.71444702,2972,4437,4051
310.69158936,2971,4434,4050
310.60458374,2968,4432,4047
310.51757813,2968,4428,4045
310.42968750,2965,4423,4041
310.34002686,2961,4422,4039
310.25390625,2959,4418,4036
310.16601563,2959,4416,4033
310.07812500,2955,4412,4029
309.90496826,2953,4407,4024
309.90145874,2950,4406,4024
309.81445313,2949,4402,4020
309.72039795,2947,4398,4016
309.55255127,2943,4394,4012
309.51300049,2942,4392,4008
309.38204956,2938,4386,4004
309.33193970,2935,4382,4002
309.19921875,2931,4376,3997
309.09197998,2930,4371,3992
309.01904297,2928,4370,3989
308.91534424,2923,4364,3984
308.76065063,2922,4362,3980
308.66748047,2919,4354,3975
308.57781982,2916,4352,3974
308.40908813,2911,4345,3966
308.32031250,2907,4340,3965
308.22714233,2905,4335,3957
308.06542969,2902,4330,3954
307.96875000,2898,4325,3950
307.87908936,2895,4321,3945
307.71386719,2892,4315,3940
307.61981201,2887,4309,3936
307.52929688,2885,4306,3932
307.44140625,2882,4301,3928
307.28497314,2878,4296,3922
307.21377563,2877,4293,3917
307.14785767,2872,4290,3916
307.08016968,2871,4285,3911
306.97647095,2869,4280,3906
306.87716675,2866,4275,3903
306.73828125,2862,4271,3897
306.62490845,2859,4265,3893
306.54843140,2855,4260,3887
306.47460938,2853,4256,3886
306.38671875,2850,4253,3881
306.29882813,2848,4248,3877
306.21093750,2843,4244,3872
306.12304688,2842,4240,3871
306.03778076,2840,4237,3867
305.96484375,2838,4234,3865
305.94726563,2835,4230,3860
305.86026001,2834,4228,3859
305.78204346,2830,4225,3854
305.77148438,2829,4221,3851
305.68447876,2828,4220,3848
305.68359375,2826,4216,3848
305.59570313,2823,4211,3847
305.50869751,2822,4210,3843
305.48406982,2820,4208,3840
305.41992188,2818,4204,3838
305.33291626,2817,4201,3836
305.26171875,2813,4199,3830
305.24325562,2811,4194,3828
305.15713501,2811,4193,3824
305.15625000,2809,4192,3825
305.15536499,2808,4190,3823
305.05957031,2806,4185,3819
304.97958374,2804,4184,3815
304.89346313,2801,4179,3813
304.80468750,2798,4173,3807
304.79327393,2796,4171,3805
304.71417236,2794,4170,3802
304.62890625,2792,4166,3797
304.53573608,2789,4158,3794
304.39425659,2783,4152,3787
304.34677124,2780,4147,3784
304.27383423,2778,4145,3781
304.11386108,2775,4139,3774
304.01367188,2770,4131,3768
303.99346924,2768,4130,3768
303.92578125,2766,4126,3764
303.80010986,2762,4121,3758
303.66299438,2758,4115,3752
303.57421875,2755,4109,3749
303.48632813,2750,4104,3744
303.39843750,2747,4098,3738
303.31054688,2745,4094,3734
303.15234375,2740,4088,3728
303.04687500,2736,4082,3723
302.95898438,2734,4076,3717
302.87109375,2730,4069,3712
302.71289063,2723,4063,3707
302.60830688,2720,4055,3700
302.51953125,2716,4050,3694
302.37188721,2711,4047,3688
302.25585938,2706,4037,3682
302.16796875,2702,4030,3677
302.07830811,2698,4025,3670
301.90518188,2694,4017,3664
301.81640625,2690,4010,3657
301.71093750,2684,4004,3652
301.55361938,2679,3997,3647
301.46572876,2677,3992,3644
301.37783813,2674,3985,3636
301.28906250,2669,3980,3630
301.20117188,2665,3974,3625
301.11328125,2661,3970,3620
301.02801514,2659,3965,3616
301.02188110,2659,3963,3615
300.91552734,2654,3958,3609
300.84872437,2650,3952,3605
300.76171875,2647,3945,3600
300.64306641,2642,3938,3593
300.50067139,2637,3933,3588
300.46817017,2635,3928,3583
300.32226563,2632,3923,3579
300.23526001,2628,3918,3573
300.23437500,2625,3913,3569
300.14648438,2623,3909,3567
300.05859375,2619,3903,3559
299.95840454,2615,3898,3555
299.88281250,2613,3895,3553
299.85995483,2610,3891,3549
299.74920654,2607,3886,3545
299.70703125,2604,3883,3542
299.61914063,2603,3879,3537
299.61297607,2599,3874,3534
299.53125000,2597,3871,3532
299.44335938,2595,3868,3529
299.43106079,2592,3864,3523
299.35546875,2588,3860,3521
299.26757813,2586,3854,3517
299.24121094,2585,3852,3515
299.17791748,2582,3848,3510
299.09179688,2580,3845,3508
299.00479126,2576,3840,3502
299.00390625,2573,3836,3500
298.91690063,2573,3834,3497
298.84481812,2570,3830,3494
298.77713013,2567,3826,3490
298.73934937,2563,3822,3483
298.65234375,2560,3816,3481
298.56796265,2557,3812,3476
298.50292969,2555,3808,3473
298.38867188,2550,3800,3466
298.30517578,2546,3794,3461
298.21377563,2543,3789,3456
298.13027954,2539,3781,3451
298.03710938,2533,3775,3445
297.94833374,2530,3770,3438
297.86044312,2526,3764,3433
297.77343750,2522,3758,3428
297.68203735,2519,3752,3422
297.59765625,2514,3744,3414
297.46582031,2509,3739,3409
297.38934326,2505,3735,3405
297.24609375,2499,3724,3396
297.15820313,2496,3717,3390
297.07031250,2492,3712,3385
296.97625732,2485,3704,3377
296.81192017,2481,3697,3373
296.70996094,2474,3686,3363
296.56143188,2470,3679,3357
296.46649170,2466,3674,3351
296.36981201,2463,3666,3343
296.27929688,2457,3658,3337
296.10614014,2450,3648,3328
296.01562500,2444,3640,3322
295.92773438,2439,3632,3316
295.77392578,2434,3625,3306
295.66494751,2430,3618,3301
295.57617188,2423,3612,3293
295.48565674,2420,3603,3286
295.34063721,2414,3596,3280
295.22723389,2409,3588,3272
295.20086670,2405,3581,3267
295.05059814,2401,3572,3260
294.96093750,2396,3567,3254
294.87304688,2393,3561,3250
294.78164673,2386,3551,3242
294.69375610,2381,3544,3233
294.55575562,2377,3539,3230
294.46875000,2374,3534,3221
294.43096924,2370,3527,3216
294.30175781,2364,3520,3211
294.24023438,2360,3515,3204
294.12246704,2358,3507,3202
294.08203125,2354,3502,3197
294.00381470,2351,3502,3195
293.99414063,2350,3496,3190
293.90713501,2348,3492,3187
293.82098389,2344,3485,3182
293.79461670,2341,3483,3177
293.72958374,2339,3479,3173
293.64434814,2335,3476,3170
293.64169312,2332,3471,3166
293.55468750,2330,3466,3163
293.46679688,2326,3462,3159
293.41406250,2323,3457,3155
293.37890625,2319,3453,3151
293.29190063,2318,3446,3148
293.25411987,2315,3445,3143
293.20312500,2313,3441,3140
293.11523438,2310,3435,3134
293.03439331,2307,3432,3133
293.02645874,2303,3427,3127
292.93945313,2301,3423,3124
292.87353516,2298,3419,3120
292.85156250,2295,3414,3116
292.76367188,2293,3410,3111
292.67578125,2287,3404,3105
292.58966064,2284,3397,3100
292.51934814,2282,3394,3095
292.43847656,2276,3385,3090
292.40594482,2272,3381,3085
292.25567627,2268,3375,3077
292.14843750,2263,3365,3070
292.06054688,2256,3358,3062
291.97354126,2253,3352,3059
291.88476563,2248,3345,3052
291.79687500,2244,3337,3044
291.70809937,2238,3331,3038
291.62109375,2234,3324,3032
291.53320313,2228,3316,3025
291.42684937,2224,3310,3019
291.27658081,2219,3300,3011
291.18164063,2213,3293,3005
291.09375000,2209,3285,2996
290.93905640,2202,3274,2989
290.91796875,2197,3269,2983
290.74218750,2192,3260,2975
290.64901733,2185,3249,2963
290.47940063,2178,3240,2956
290.39062500,2173,3232,2950
290.29833984,2165,3220,2939
290.14276123,2162,3214,2931
290.03906250,2157,3206,2925
289.95117188,2150,3197,2917
289.82989502,2145,3190,2909
289.68838501,2137,3178,2902
289.59960938,2134,3171,2894
289.51171875,2128,3164,2888
289.40097046,2122,3156,2880
289.32977295,2120,3148,2873
289.16104126,2112,3141,2866
289.07226563,2108,3132,2858
289.00195313,2103,3125,2852
288.89999390,2100,3121,2847
288.81036377,2094,3113,2841
288.72070313,2089,3106,2834
288.63281250,2084,3097,2825
288.54229736,2077,3089,2817
288.45703125,2073,3083,2812
288.36914063,2069,3077,2807
288.28302002,2066,3069,2800
288.19335938,2060,3062,2794
288.10546875,2057,3056,2788
288.01846313,2053,3052,2784
288.01669312,2050,3050,2782
287.92968750,2047,3041,2776
287.91033936,2046,3039,2773
287.84179688,2041,3031,2766
287.75653076,2039,3029,2763
287.74334717,2036,3026,2760
287.66601563,2033,3022,2756
287.58953857,2031,3018,2754
287.50781250,2027,3012,2747
287.49023438,2023,3007,2743
287.40234375,2019,3001,2737
287.33465576,2015,2997,2734
287.23712158,2013,2991,2728
287.22656250,2009,2985,2724
287.22128296,2008,2984,2722
287.13867188,2005,2979,2718
287.05340576,2002,2975,2715
286.98837280,1998,2968,2707
286.96289063,1995,2964,2704
286.87500000,1992,2960,2701
286.78710938,1988,2954,2694
286.76162720,1985,2947,2689
286.69921875,1982,2945,2687
286.61132813,1976,2938,2681
286.52343750,1973,2931,2673
286.43554688,1967,2923,2666
286.34765625,1962,2916,2660
286.25976563,1958,2910,2655
286.17187500,1953,2900,2648
285.99697876,1947,2893,2637
285.99520874,1943,2887,2634
285.90820313,1940,2880,2628
285.82031250,1934,2873,2622
285.64981079,1928,2862,2612
285.55752563,1922,2852,2603
285.46875000,1919,2848,2597
285.38085938,1913,2839,2591
285.29296875,1908,2831,2585
285.14883423,1900,2821,2573
285.03106689,1895,2814,2566
284.94140625,1887,2804,2558
284.85351563,1884,2795,2551
284.67773438,1876,2785,2541
284.58984375,1868,2774,2533
284.50106812,1863,2767,2524
284.33584595,1858,2756,2515
284.23651123,1850,2747,2506
284.07479858,1844,2738,2498
283.98165894,1838,2729,2491
283.89990234,1833,2723,2483
283.79882813,1827,2711,2475
283.71093750,1822,2705,2468
283.59051514,1815,2695,2461
283.49737549,1812,2689,2454
283.39276123,1807,2680,2446
283.27938843,1802,2673,2438
283.25128174,1796,2666,2433
283.09747314,1792,2658,2425
283.07461548,1788,2651,2419
282.96914673,1783,2644,2413
282.90673828,1777,2638,2406
282.79071045,1771,2630,2398
282.65625000,1765,2621,2390
282.57540894,1761,2613,2384
282.48046875,1756,2605,2376
282.41632080,1753,2600,2374
282.30468750,1746,2592,2364
282.21679688,1744,2585,2360
282.21591187,1739,2580,2356
282.13067627,1736,2575,2350
282.04278564,1733,2571,2346
281.96804810,1729,2565,2340
281.92938232,1725,2559,2335
281.86523438,1722,2554,2331
281.77822876,1719,2548,2324
281.76855469,1716,2544,2322
281.66748047,1712,2539,2316
281.60156250,1708,2533,2312
281.57080078,1705,2529,2307
281.48379517,1701,2522,2303
281.42578125,1699,2518,2297
281.34051514,1695,2513,2294
281.33084106,1692,2508,2289
281.24737549,1688,2504,2284
281.16210938,1684,2498,2280
281.09356689,1681,2494,2275
281.07421875,1678,2490,2272
280.98632813,1675,2484,2266
280.98544312,1672,2479,2262
280.89843750,1668,2473,2258
280.81143188,1664,2470,2252
280.75692749,1661,2464,2249
280.64443970,1658,2457,2242
280.61630249,1654,2452,2237
280.53106689,1648,2444,2231
280.45898438,1644,2440,2227
280.37109375,1641,2432,2218
280.28320313,1634,2423,2210
280.19531250,1629,2415,2205
280.10742188,1624,2409,2197
280.01864624,1620,2402,2191
279.85604858,1614,2393,2185
279.83758545,1611,2388,2179
279.68466187,1605,2377,2169
279.60205078,1599,2370,2162
279.49218750,1592,2361,2153
279.40429688,1587,2352,2147
279.30322266,1582,2345,2139
279.14413452,1574,2334,2130
279.05450439,1568,2325,2120
278.96484375,1564,2317,2114
278.86114502,1557,2308,2105
278.70117188,1550,2298,2096
278.61239624,1543,2287,2087
278.52539063,1537,2278,2079
278.43661499,1532,2271,2071
278.26171875,1524,2259,2060
278.17120361,1518,2250,2052
277.99893188,1513,2242,2044
277.91015625,1506,2231,2035
277.82226563,1499,2220,2027
277.68075562,1493,2212,2018
277.59902954,1488,2207,2012
277.47332764,1483,2197,2004
277.38369751,1478,2191,1998
277.29492188,1472,2181,1990
277.20703125,1467,2173,1981
277.11914063,1462,2166,1975
277.03125000,1458,2159,1969
276.94335938,1452,2150,1962
276.85284424,1446,2142,1955
276.73770142,1441,2135,1946
276.59356689,1436,2127,1941
276.58651733,1432,2121,1933
276.50390625,1426,2113,1927
276.41250610,1422,2105,1921
276.32461548,1418,2098,1915
276.24023438,1414,2094,1909
276.15234375,1408,2087,1903
276.06445313,1405,2080,1897
275.97656250,1401,2074,1892
275.96337891,1397,2068,1887
275.88867188,1394,2065,1882
275.80078125,1389,2058,1877
275.71551514,1386,2052,1873
275.70498657,1383,2047,1869
275.62500000,1380,2043,1865
275.53710938,1377,2038,1860
275.45449829,1374,2033,1854
275.36749268,1370,2028,1850
275.36132813,1368,2024,1846
275.28134155,1365,2019,1840
275.27255249,1360,2013,1836
275.18643188,1357,2009,1833
275.10028076,1354,2004,1829
275.09765625,1352,1999,1824
275.00976563,1348,1995,1820
274.92364502,1345,1991,1815
274.91925049,1342,1986,1813
274.83398438,1338,1979,1806
274.74609375,1335,1975,1802
274.68457031,1330,1968,1796
274.65469360,1327,1963,1791
274.57031250,1324,1958,1787
274.48242188,1319,1951,1780
274.39453125,1314,1943,1773
274.30664063,1309,1936,1766
274.18621826,1303,1928,1760
274.13085938,1298,1921,1752
274.02188110,1293,1911,1744
273.93222046,1288,1906,1737
273.79071045,1283,1897,1730
273.73095703,1279,1892,1725
273.60528564,1273,1883,1718
273.51562500,1268,1874,1710
273.42773438,1262,1866,1702
273.33984375,1257,1858,1696
273.25106812,1251,1850,1687
273.07617188,1245,1841,1680
272.98828125,1239,1831,1671
272.90039063,1234,1823,1664
272.81250000,1228,1813,1655
272.63671875,1221,1804,1647
272.54794312,1215,1795,1638
272.38360596,1208,1786,1630
272.28515625,1203,1778,1621
272.19903564,1197,1767,1614
272.09881592,1189,1758,1604
271.93359375,1183,1750,1596
271.79119873,1177,1739,1587
271.66992188,1170,1729,1577
271.58203125,1165,1720,1570
271.49414063,1159,1713,1562
271.40625000,1154,1705,1556
271.31835938,1149,1698,1548
271.15927124,1143,1688,1541
271.05468750,1138,1680,1533
270.97119141,1133,1673,1527
270.88507080,1129,1667,1521
270.79190063,1123,1659,1514
270.70312500,1118,1651,1507
270.60995483,1112,1641,1498
270.51327515,1108,1636,1493
270.43945313,1103,1629,1487
270.35156250,1100,1624,1480
270.26367188,1095,1617,1475