
1.29,6272,1354
2.58,6325,1368
3.87,6328,1370
5.16,6327,1370
6.45,6320,1368
7.73,6288,1361
9.02,6302,1364
10.31,6300,1363
11.60,6292,1361
12.89,6265,1357
14.18,6232,1349
15.47,6188,1340
16.76,6142,1330
18.05,6110,1323
19.34,6086,1318
20.62,6027,1307
21.91,5981,1297
23.20,5998,1301
24.49,5955,1292
25.78,5894,1278
27.07,5829,1265
28.36,5771,1254
29.65,5698,1239
30.94,5626,1224
32.23,5529,1203
33.52,5445,1186
34.80,5360,1168
36.09,5265,1148
37.38,5164,1126
38.67,5039,1100
39.96,4936,1079
41.25,4833,1059
42.54,4716,1034
43.83,4610,1011
45.12,4469,983
46.41,4342,955
47.70,4224,930
48.98,4093,904
50.27,3956,876
51.56,3819,848
52.85,3699,821
54.14,3555,793
55.43,3425,765
56.72,3294,738
58.01,3159,710
59.30,3014,679
60.59,2878,652
61.88,2747,625
63.16,2601,594
64.45,2471,567
65.74,2345,541
67.03,2219,516
68.32,2083,487
69.61,1943,459
70.90,1813,431
72.19,1704,410
73.48,1576,383
74.77,1463,360
76.05,1343,334
77.34,1241,313
78.63,1127,290
79.92,1024,269
81.21,921,249
82.50,834,230
83.79,739,211
85.08,648,192
86.37,575,177
87.66,508,163
88.95,443,150
90.23,378,136
91.52,329,127
92.81,289,118
94.10,247,109
95.39,214,103
96.68,186,97
97.97,166,93
99.26,152,90
100.55,146,89
101.84,144,88
103.12,148,89
104.41,160,91
105.70,177,95
106.99,200,100
108.28,230,106
109.57,265,114
110.86,309,122
112.15,352,131
113.44,403,143
114.73,463,155
116.02,532,169
117.30,601,183
118.59,672,197
119.88,761,216
121.17,851,235
122.46,942,253
123.75,1022,270
125.04,1125,292
126.33,1229,312
127.62,1328,333
128.91,1428,354
130.20,1544,377
131.48,1668,403
132.77,1776,425
134.06,1897,451
135.35,2018,476
136.64,2149,503
137.93,2266,527
139.22,2387,552
140.51,2518,580
141.80,2654,608
143.09,2791,635
144.38,2928,663
145.66,3071,693
146.95,3214,722
148.24,3341,749
149.53,3471,776
150.82,3620,807
152.11,3761,836
153.40,3911,867
154.69,4032,892
155.98,4187,925
157.27,4335,955
158.55,4451,979
159.84,4586,1007
161.13,4715,1034
162.42,4836,1058
163.71,4955,1083
165.00,5075,1109
166.29,5187,1131
167.58,5303,1155
168.87,5412,1178
170.16,5515,1199
171.45,5608,1218
172.73,5705,1238
174.02,5797,1257
175.31,5864,1272
176.60,5952,1291
177.89,6033,1306
179.18,6094,1320
180.47,6148,1331
181.76,6206,1342
183.05,6256,1352
184.34,6285,1359
185.63,6320,1367
186.91,6345,1372
188.20,6360,1374
189.49,6373,1378
190.78,6374,1378
192.07,6366,1375
193.36,6351,1373
194.65,6336,1371
195.94,6308,1365
197.23,6283,1359
198.52,6245,1350
199.80,6197,1341
201.09,6147,1331
202.38,6088,1318
203.67,6031,1307
204.96,5960,1291
206.25,5890,1276
207.54,5815,1260
208.83,5729,1243
210.12,5649,1227
211.41,5559,1207
212.70,5464,1189
213.98,5365,1168
215.27,5260,1146
216.56,5153,1123
217.85,5049,1102
219.14,4937,1078
220.43,4828,1056
221.72,4703,1030
223.01,4578,1005
224.30,4452,978
225.59,4323,951
226.88,4190,923
228.16,4062,896
229.45,3938,870
230.74,3805,842
232.03,3675,816
233.32,3544,789
234.61,3411,762
235.90,3285,735
237.19,3155,709
238.48,3019,681
239.77,2873,650
241.05,2759,626
242.34,2641,602
243.63,2506,574
244.92,2373,547
246.21,2252,522
247.50,2131,496
248.79,2000,470
250.08,1878,445
251.37,1765,421
252.66,1649,397
253.95,1539,374
255.23,1418,350
256.52,1321,329
257.81,1213,307
259.10,1103,284
260.39,1006,264
261.68,907,244
262.97,824,226
264.26,741,210
265.55,660,193
266.84,586,178
268.13,522,165
269.41,459,151
270.70,395,138
271.99,345,128
273.28,293,118
274.57,256,110
275.86,222,103
277.15,194,96
278.44,171,92
279.73,154,88
281.02,144,86
282.30,139,85
283.59,142,86
284.88,150,88
286.17,166,91
287.46,187,95
288.75,216,101
290.04,249,108
291.33,293,117
292.62,344,128
293.91,395,138
295.20,458,152
296.48,534,167
297.77,611,182
299.06,681,197
300.35,772,216
301.64,866,236
302.93,946,252
304.22,1041,271
305.51,1157,295
306.80,1276,319
308.09,1365,338
309.38,1460,357
310.66,1589,384
311.95,1699,407
313.24,1820,432
314.53,1941,458
315.82,2062,483
317.11,2184,507
318.40,2316,536
319.69,2450,563
320.98,2588,592
322.27,2716,618
323.55,2836,644
324.84,2977,673
326.13,3106,699
327.42,3235,727
328.71,3379,756
330.00,3503,782
331.29,3636,809
332.58,3772,838
333.87,3897,864
335.16,4015,888
336.45,4156,917
337.73,4265,940
339.02,4374,962
340.31,4488,987
341.60,4615,1013
342.89,4719,1035
344.18,4820,1057
345.47,4947,1082
346.76,5036,1101
348.05,5128,1121
349.34,5213,1138
350.63,5311,1159
351.91,5389,1175
353.20,5481,1195
354.49,5563,1211
355.78,5638,1227
357.07,5706,1241
358.36,5776,1257
359.65,5844,1271
360.94,5902,1282
362.23,5948,1290
363.52,5997,1302
364.80,6037,1310
366.09,6067,1316
367.38,6093,1322
368.67,6128,1330
369.96,6134,1331
371.25,6142,1332
372.54,6143,1333
373.83,6151,1334
375.12,6140,1332
376.41,6126,1328
377.70,6104,1323
378.98,6080,1319
380.27,6054,1314
381.56,6006,1303
382.85,5960,1293
384.14,5913,1283
385.43,5855,1273
386.72,5792,1259
388.01,5728,1245
389.30,5646,1229
390.59,5560,1211
391.88,5488,1196
393.16,5388,1175
394.45,5292,1155
395.74,5197,1135
397.03,5084,1112
398.32,4963,1086
399.61,4857,1064
400.90,4728,1036
402.19,4610,1011
403.48,4470,982
404.77,4335,955
406.05,4217,930
407.34,4089,904
408.63,3957,876
409.92,3824,849
411.21,3682,819
412.50,3555,792
413.79,3431,767
415.08,3283,736
416.37,3147,708
417.66,3034,685
418.95,2899,656
420.23,2750,625
421.52,2630,600
422.81,2496,573
424.10,2370,548
425.39,2237,520
426.68,2120,496
427.97,2003,471
429.26,1881,446
430.55,1760,420
431.84,1645,398
433.13,1534,374
434.41,1417,351
435.70,1309,327
436.99,1201,306
438.28,1099,285
439.57,1009,267
440.86,914,247
442.15,833,230
443.44,755,214
444.73,682,199
446.02,605,183
447.30,541,170
448.59,483,158
449.88,422,145
451.17,366,134
452.46,323,125
453.75,284,117
455.04,248,110
456.33,215,103
457.62,192,98
458.91,171,94
460.20,155,91
461.48,146,89
462.77,144,89
464.06,146,89
465.35,156,91
466.64,170,94
467.93,191,98
469.22,222,105
470.51,252,111
471.80,295,120
473.09,341,129
474.38,394,141
475.66,451,152
476.95,518,166
478.24,586,180
479.53,656,194
480.82,738,211
482.11,829,230
483.40,931,251
484.69,1022,270
485.98,1126,291
487.27,1233,314
488.55,1326,333
489.84,1445,357
491.13,1566,383
492.42,1698,410
493.71,1808,432
495.00,1956,463
496.29,2096,492
497.58,2220,518
498.87,2363,547
500.16,2517,579
501.45,2642,604
502.73,2808,639
504.02,2953,670
505.31,3101,701
506.60,3260,733
507.89,3424,767
509.18,3573,798
510.47,3715,827
511.76,3877,860
513.05,4020,891
514.34,4157,919
515.63,4302,949
516.91,4427,974
518.20,4562,1004
519.49,4663,1023
520.78,4819,1055
522.07,4928,1077
523.36,5047,1103
524.65,5145,1124
525.94,5257,1147
527.23,5361,1168
528.52,5459,1188
529.80,5572,1212
531.09,5653,1229
532.38,5746,1248
533.67,5825,1265
534.96,5903,1281
536.25,5979,1297
537.54,6047,1312
538.83,6115,1325
540.12,6160,1334
541.41,6209,1344
542.70,6254,1354
543.98,6290,1361
545.27,6317,1367
546.56,6339,1372
547.85,6359,1375
549.14,6367,1378
550.43,6375,1380
551.72,6372,1378
553.01,6367,1377
554.30,6356,1374
555.59,6337,1372
556.88,6313,1367
558.16,6280,1359
559.45,6250,1352
560.74,6215,1347
562.03,6169,1337
563.32,6113,1325
564.61,6059,1312
565.90,5999,1300
567.19,5923,1285
568.48,5851,1269
569.77,5772,1253
571.05,5696,1237
572.34,5630,1224
573.63,5534,1204
574.92,5423,1181
576.21,5326,1161
577.50,5214,1137
578.79,5090,1112
580.08,4984,1089
581.37,4877,1067
582.66,4731,1036
583.95,4607,1010
585.23,4491,987
586.52,4371,962
587.81,4231,932
589.10,4087,903
590.39,3956,875
591.68,3804,843
592.97,3666,815
594.26,3542,789
595.55,3390,758
596.84,3263,731
598.13,3122,702
599.41,2967,670
600.70,2823,639
601.99,2681,612
603.28,2546,583
604.57,2405,553
605.86,2268,525
607.15,2123,496
608.44,1991,468
609.73,1854,440
611.02,1729,414
612.30,1604,388
613.59,1460,358
614.88,1348,335
616.17,1238,312
617.46,1121,289
618.75,1030,270
620.04,937,250
621.33,850,233
622.62,751,213
623.91,680,198
625.20,603,181
626.48,530,167
627.77,470,154
629.06,406,141
630.35,361,131
631.64,308,121
632.93,270,113
634.22,234,106
635.51,202,98
636.80,177,94
638.09,160,90
639.38,148,87
640.66,141,86
641.95,139,86
643.24,145,87
644.53,153,88
645.82,172,93
647.11,194,97
648.40,224,102
649.69,257,110
650.98,292,117
652.27,340,127
653.55,387,136
654.84,437,147
656.13,496,159
657.42,567,173
658.71,632,187
660.00,703,202
661.29,787,219
662.58,873,236
663.87,953,253
665.16,1025,268
666.45,1139,291
667.73,1221,308
669.02,1327,330
670.31,1426,351
671.60,1541,374
672.89,1656,398
674.18,1772,422
675.47,1886,446
676.76,2004,470
678.05,2141,498
679.34,2261,524
680.63,2390,550
681.91,2527,579
683.20,2663,607
684.49,2798,635
685.78,2947,666
687.07,3069,691
688.36,3218,723
689.65,3347,749
690.94,3473,775
692.23,3596,801
693.52,3749,832
694.80,3872,859
696.09,3992,884
697.38,4143,914
698.67,4258,938
699.96,4364,960
701.25,4499,988
702.54,4615,1012
703.83,4728,1037
705.12,4841,1061
706.41,4979,1088
707.70,5080,1110
708.98,5184,1130
710.27,5286,1153
711.56,5365,1169
712.85,5465,1189
714.14,5551,1209
715.43,5635,1225
716.72,5705,1240
718.01,5788,1257
719.30,5856,1272
720.59,5901,1282
switching colors
721.88,10910,610
723.16,10989,614
724.45,11054,618
725.74,11104,619
727.03,11154,623
728.32,11179,624
729.61,11200,626
730.90,11211,627
732.19,11220,627
733.48,11192,626
734.77,11177,624
736.05,11148,622
737.34,11104,620
738.63,11052,617
739.92,10974,613
741.21,10866,606
742.50,10790,602
743.79,10705,597
745.08,10600,591
746.37,10488,585
747.66,10393,580
748.95,10230,571
750.23,10064,561
751.52,9928,554
752.81,9779,544
754.10,9586,534
755.39,9389,523
756.68,9236,513
757.97,9047,505
759.26,8854,493
760.55,8646,482
761.84,8466,471
763.13,8264,460
764.41,8016,445
765.70,7800,433
766.99,7572,421
768.28,7362,409
769.57,7144,398
770.86,6913,385
772.15,6683,371
773.44,6472,360
774.73,6236,347
776.02,5966,332
777.30,5721,319
778.59,5491,305
779.88,5252,291
781.17,4990,276
782.46,4773,266
783.75,4532,252
785.04,4312,240
786.33,4036,224
787.62,3815,212
788.91,3566,198
790.20,3320,184
791.48,3094,172
792.77,2873,160
794.06,2672,148
795.35,2455,137
796.64,2270,127
797.93,2075,116
799.22,1859,104
800.51,1686,94
801.80,1484,83
803.09,1334,75
804.38,1179,67
805.66,1033,58
806.95,893,51
808.24,762,43
809.53,642,37
810.82,535,31
812.11,426,26
813.40,335,20
814.69,264,16
815.98,201,12
817.27,144,9
818.55,103,7
819.84,75,5
821.13,59,4
822.42,56,5
823.71,68,5
825.00,91,7
826.29,129,9
827.58,173,11
828.87,236,15
830.16,317,19
831.45,391,23
832.73,485,28
834.02,594,34
835.31,713,41
836.60,841,48
837.89,1002,56
839.18,1138,64
840.47,1277,72
841.76,1437,80
843.05,1616,90
844.34,1778,99
845.63,1978,110
846.91,2181,122
848.20,2411,134
849.49,2590,143
850.78,2813,156
852.07,3024,168
853.36,3255,181
854.65,3488,194
855.94,3733,207
857.23,3995,222
858.52,4248,236
859.80,4496,250
861.09,4734,263
862.38,4980,276
863.67,5238,291
864.96,5491,304
866.25,5701,316
867.54,5945,330
868.83,6207,344
870.12,6483,360
871.41,6701,372
872.70,6965,386
873.98,7218,400
875.27,7402,411
876.56,7644,423
877.85,7870,437
879.14,8117,450
880.43,8326,461
881.72,8543,474
883.01,8790,488
884.30,8995,500
885.59,9203,512
886.88,9390,521
888.16,9577,531
889.45,9776,544
890.74,9952,554
892.03,10140,563
893.32,10293,573
894.61,10488,582
895.90,10617,591
897.19,10747,596
898.48,10870,605
899.77,10997,611
901.05,11097,618
902.34,11181,622
903.63,11269,627
904.92,11339,630
906.21,11394,634
907.50,11448,638
908.79,11485,638
910.08,11502,640
911.37,11513,641
912.66,11513,640
913.95,11506,640
915.23,11479,639
916.52,11435,636
917.81,11392,634
919.10,11327,631
920.39,11252,626
921.68,11181,622
922.97,11069,616
924.26,10968,609
925.55,10847,603
926.84,10713,595
928.13,10562,588
929.41,10375,576
930.70,10220,568
931.99,10054,559
933.28,9888,550
934.57,9686,538
935.86,9471,525
937.15,9293,517
938.44,9059,503
939.73,8849,491
941.02,8567,475
942.30,8384,464
943.59,8161,452
944.88,7915,439
946.17,7692,426
947.46,7444,412
948.75,7209,400
950.04,6972,386
951.33,6718,373
952.62,6433,356
953.91,6192,344
955.20,5962,330
956.48,5700,315
957.77,5444,301
959.06,5193,288
960.35,4946,274
961.64,4693,260
962.93,4419,245
964.22,4205,233
965.51,3941,218
966.80,3689,205
968.09,3479,192
969.38,3256,181
970.66,3038,168
971.95,2817,157
973.24,2616,146
974.53,2431,135
975.82,2230,124
977.11,2019,113
978.40,1854,104
979.69,1700,95
980.98,1544,86
982.27,1371,76
983.55,1205,68
984.84,1087,61
986.13,953,54
987.42,797,45
988.71,701,40
990.00,594,34
991.29,489,29
992.58,400,24
993.87,324,19
995.16,251,15
996.45,196,12
997.73,139,9
999.02,103,7
1000.31,72,6
1001.60,58,5
1002.89,54,5
1004.18,61,5
1005.47,78,5
1006.76,110,8
1008.05,145,9
1009.34,199,12
1010.63,262,15
1011.91,338,20
1013.20,430,25
1014.49,520,30
1015.78,622,35
1017.07,746,42
1018.36,898,51
1019.65,1011,57
1020.94,1151,65
1022.23,1329,74
1023.52,1506,84
1024.80,1681,94
1026.09,1897,106
1027.38,2067,115
1028.67,2287,127
1029.96,2484,138
1031.25,2716,152
1032.54,2948,164
1033.83,3192,178
1035.12,3467,193
1036.41,3729,208
1037.70,3963,221
1038.98,4207,234
1040.27,4455,247
1041.56,4710,263
1042.85,4936,275
1044.14,5219,291
1045.43,5482,305
1046.72,5715,319
1048.01,5974,333
1049.30,6242,348
1050.59,6456,360
1051.88,6657,370
1053.16,6916,386
1054.45,7170,400
1055.74,7423,414
1057.03,7629,425
1058.32,7883,439
1059.61,8113,452
1060.90,8306,463
1062.19,8514,475
1063.48,8713,486
1064.77,8941,499
1066.05,9121,510
1067.34,9306,519
1068.63,9498,530
1069.92,9675,540
1071.21,9836,549
1072.50,9998,558
1073.79,10124,565
1075.08,10267,573
1076.37,10397,581
1077.66,10514,588
1078.95,10624,593
1080.23,10735,600
1081.52,10814,604
1082.81,10894,609
1084.10,10967,613
1085.39,11025,615
1086.68,11068,618
1087.97,11106,621
1089.26,11138,621
1090.55,11169,624
1091.84,11179,625
1093.13,11187,626
1094.41,11163,624
1095.70,11133,622
1096.99,11113,620
1098.28,11070,617
1099.57,11045,616
1100.86,10958,612
1102.15,10877,607
1103.44,10791,602
1104.73,10711,597
1106.02,10589,591
1107.30,10479,585
1108.59,10383,579
1109.88,10241,571
1111.17,10061,561
1112.46,9920,553
1113.75,9768,545
1115.04,9601,534
1116.33,9402,524
1117.62,9228,514
1118.91,8998,501
1120.20,8805,491
1121.48,8593,478
1122.77,8385,468
1124.06,8159,455
1125.35,7944,443
1126.64,7696,428
1127.93,7465,415
1129.22,7192,400
1130.51,6969,388
1131.80,6660,370
1133.09,6432,358
1134.38,6214,345
1135.66,5929,330
1136.95,5671,315
1138.24,5423,301
1139.53,5162,286
1140.82,4879,272
1142.11,4597,255
1143.40,4373,243
1144.69,4124,229
1145.98,3862,215
1147.27,3608,200
1148.55,3379,187
1149.84,3166,176
1151.13,2927,163
1152.42,2716,151
1153.71,2476,138
1155.00,2272,126
1156.29,2098,117
1157.58,1888,105
1158.87,1727,97
1160.16,1552,87
1161.45,1396,79
1162.73,1232,69
1164.02,1081,61
1165.31,945,53
1166.60,816,46
1167.89,693,40
1169.18,589,34
1170.47,481,28
1171.76,394,23
1173.05,307,18
1174.34,240,15
1175.63,178,12
1176.91,132,9
1178.20,96,7
1179.49,73,5
1180.78,59,5
1182.07,55,5
1183.36,62,5
1184.65,79,6
1185.94,106,7
1187.23,148,9
1188.52,205,13
1189.80,254,15
1191.09,319,19
1192.38,400,23
1193.67,486,28
1194.96,583,34
1196.25,693,40
1197.54,809,46
1198.83,949,54
1200.12,1102,61
1201.41,1245,69
1202.70,1390,76
1203.98,1554,87
1205.27,1731,96
1206.56,1916,106
1207.85,2113,117
1209.14,2315,128
1210.43,2524,140
1211.72,2748,152
1213.01,2986,165
1214.30,3213,178
1215.59,3455,191
1216.88,3705,205
1218.16,3931,218
1219.45,4202,233
1220.74,4417,245
1222.03,4683,260
1223.32,4962,275
1224.61,5260,291
1225.90,5507,305
1227.19,5732,317
1228.48,6000,333
1229.77,6277,348
1231.05,6525,362
1232.34,6782,376
1233.63,7064,392
1234.92,7356,408
1236.21,7594,421
1237.50,7834,435
1238.79,8099,449
1240.08,8351,463
1241.37,8598,477
1242.66,8849,491
1243.95,9086,504
1245.23,9292,516
1246.52,9544,530
1247.81,9722,540
1249.10,9917,551
1250.39,10116,561
1251.68,10300,573
1252.97,10448,580
1254.26,10589,588
1255.55,10747,596
1256.84,10884,604
1258.13,10980,610
1259.41,11105,617
1260.70,11188,622
1261.99,11264,627
1263.28,11332,630
1264.57,11388,633
1265.86,11435,636
1267.15,11475,638
1268.44,11501,640
1269.73,11514,641
1271.02,11522,641
1272.30,11516,641
1273.59,11491,639
1274.88,11472,638
1276.17,11428,636
1277.46,11383,633
1278.75,11302,628
1280.04,11239,624
1281.33,11145,620
1282.62,11052,615
1283.91,10951,609
1285.20,10836,602
1286.48,10712,595
1287.77,10576,587
1289.06,10459,581
1290.35,10296,571
1291.64,10150,564
1292.93,9982,553
1294.22,9808,544
1295.51,9627,535
1296.80,9443,525
1298.09,9244,513
1299.38,9078,504
1300.66,8869,492
1301.95,8645,479
1303.24,8458,469
1304.53,8199,455
1305.82,7969,442
1307.11,7726,429
1308.40,7514,417
1309.69,7288,404
1310.98,7040,391
1312.27,6785,376
1313.55,6535,362
1314.84,6255,346
1316.13,6004,333
1317.42,5699,316
1318.71,5458,303
1320.00,5248,290
1321.29,4980,276
1322.58,4709,261
1323.87,4453,247
1325.16,4219,234
1326.45,3975,220
1327.73,3716,206
1329.02,3462,192
1330.31,3225,179
1331.60,3018,167
1332.89,2778,154
1334.18,2576,143
1335.47,2361,131
1336.76,2161,121
1338.05,1954,109
1339.34,1784,99
1340.63,1590,89
1341.91,1411,78
1343.20,1217,68
1344.49,1085,61
1345.78,946,53
1347.07,793,45
1348.36,663,38
1349.65,537,31
1350.94,460,27
1352.23,345,20
1353.52,268,15
1354.80,205,12
1356.09,151,9
1357.38,108,7
1358.67,77,5
1359.96,62,5
1361.25,53,4
1362.54,59,4
1363.83,73,5
1365.12,107,7
1366.41,143,9
1367.70,193,12
1368.98,249,15
1370.27,322,19
1371.56,398,23
1372.85,479,27
1374.14,597,34
1375.43,709,40
1376.72,826,47
1378.01,952,53
1379.30,1102,61
1380.59,1240,70
1381.88,1388,78
1383.16,1557,87
1384.45,1734,97
1385.74,1924,107
1387.03,2085,116
1388.32,2330,130
1389.61,2507,139
1390.90,2690,149
1392.19,2896,161
1393.48,3130,173
1394.77,3346,186
1396.05,3555,198
1397.34,3780,210
1398.63,4015,224
1399.92,4231,235
1401.21,4472,249
1402.50,4710,262
1403.79,4918,274
1405.08,5217,290
1406.37,5386,300
1407.66,5633,314
1408.95,5869,327
1410.23,6133,342
1411.52,6359,354
1412.81,6597,368
1414.10,6827,381
1415.39,7090,395
1416.68,7285,406
1417.97,7537,420
1419.26,7758,432
1420.55,8018,447
1421.84,8214,458
1423.13,8440,471
1424.41,8656,483
1425.70,8846,493
1426.99,9086,507
1428.28,9243,516
1429.57,9423,526
1430.86,9601,536
1432.15,9769,545
1433.44,9936,555
1434.73,10086,562
1436.02,10245,572
1437.30,10369,579
1438.59,10492,586
1439.88,10602,592
1441.17,10710,599
switching colors
1442.46,4625,99
1443.75,4657,100
1445.04,4690,101
1446.33,4713,101
1447.62,4738,102
1448.91,4752,102
1450.20,4765,102
1451.48,4772,102
1452.77,4773,102
1454.06,4763,103
1455.35,4746,102
1456.64,4732,102
1457.93,4717,101
1459.22,4690,100
1460.51,4659,99
1461.80,4618,99
1463.09,4580,98
1464.38,4532,97
1465.66,4494,96
1466.95,4434,95
1468.24,4381,94
1469.53,4318,92
1470.82,4254,91
1472.11,4183,90
1473.40,4117,89
1474.69,4045,86
1475.98,3971,85
1477.27,3890,83
1478.55,3802,81
1479.84,3715,80
1481.13,3627,77
1482.42,3536,76
1483.71,3445,74
1485.00,3353,72
1486.29,3254,70
1487.58,3154,68
1488.87,3048,66
1490.16,2954,63
1491.45,2843,61
1492.73,2741,59
1494.02,2635,56
1495.31,2533,55
1496.60,2438,53
1497.89,2326,50
1499.18,2226,48
1500.47,2130,45
1501.76,2033,44
1503.05,1928,42
1504.34,1821,40
1505.63,1730,37
1506.91,1629,35
1508.20,1536,34
1509.49,1449,32
1510.78,1362,30
1512.07,1270,28
1513.36,1182,26
1514.65,1100,25
1515.94,1007,23
1517.23,920,21
1518.52,843,19
1519.80,762,17
1521.09,697,16
1522.38,625,14
1523.67,554,13
1524.96,483,11
1526.25,424,10
1527.54,365,9
1528.83,309,8
1530.12,261,7
1531.41,219,6
1532.70,177,5
1533.98,140,4
1535.27,111,4
1536.56,85,3
1537.85,63,3
1539.14,44,3
1540.43,33,2
1541.72,26,2
1543.01,25,2
1544.30,28,2
1545.59,36,1
1546.88,51,2
1548.16,69,2
1549.45,95,3
1550.74,127,4
1552.03,163,4
1553.32,200,5
1554.61,246,6
1555.90,294,7
1557.19,350,9
1558.48,411,10
1559.77,484,11
1561.05,548,13
1562.34,618,14
1563.63,707,16
1564.92,798,18
1566.21,875,20
1567.50,960,22
1568.79,1063,23
1570.08,1159,25
1571.37,1252,27
1572.66,1344,29
1573.95,1466,32
1575.23,1561,34
1576.52,1670,36
1577.81,1772,38
1579.10,1878,41
1580.39,1975,43
1581.68,2099,45
1582.97,2198,47
1584.26,2307,49
1585.55,2425,53
1586.84,2540,55
1588.13,2638,57
1589.41,2754,60
1590.70,2867,61
1591.99,2966,64
1593.28,3077,66
1594.57,3183,68
1595.86,3297,71
1597.15,3385,73
1598.44,3495,75
1599.73,3603,77
1601.02,3695,79
1602.30,3800,81
1603.59,3874,83
1604.88,3956,84
1606.17,4051,87
1607.46,4119,88
1608.75,4199,90
1610.04,4279,91
1611.33,4352,93
1612.62,4416,94
1613.91,4481,96
1615.20,4540,97
1616.48,4606,98
1617.77,4658,99
1619.06,4699,100
1620.35,4745,102
1621.64,4790,103
1622.93,4818,103
1624.22,4855,103
1625.51,4880,104
1626.80,4902,105
1628.09,4918,105
1629.38,4929,105
1630.66,4939,106
1631.95,4937,106
1633.24,4937,105
1634.53,4929,105
1635.82,4914,105
1637.11,4888,105
1638.40,4872,104
1639.69,4848,104
1640.98,4816,103
1642.27,4776,102
1643.55,4735,101
1644.84,4688,101
1646.13,4642,99
1647.42,4582,97
1648.71,4526,97
1650.00,4463,96
1651.29,4384,94
1652.58,4316,93
1653.87,4244,91
1655.16,4153,89
1656.45,4073,88
1657.73,3981,85
1659.02,3888,83
1660.31,3796,81
1661.60,3700,80
1662.89,3601,77
1664.18,3500,75
1665.47,3379,73
1666.76,3277,70
1668.05,3162,68
1669.34,3055,66
1670.63,2938,63
1671.91,2825,61
1673.20,2699,58
1674.49,2584,56
1675.78,2486,54
1677.07,2379,51
1678.36,2260,49
1679.65,2149,47
1680.94,2042,44
1682.23,1931,42
1683.52,1827,40
1684.80,1731,38
1686.09,1630,36
1687.38,1526,33
1688.67,1420,31
1689.96,1325,29
1691.25,1242,27
1692.54,1146,25
1693.83,1049,23
1695.12,964,21
1696.41,894,20
1697.70,809,18
1698.98,736,17
1700.27,665,15
1701.56,590,13
1702.85,519,12
1704.14,451,11
1705.43,396,10
1706.72,341,9
1708.01,295,7
1709.30,247,6
1710.59,204,6
1711.88,168,4
1713.16,137,4
1714.45,105,3
1715.74,83,3
1717.03,61,3
1718.32,46,2
1719.61,33,2
1720.90,28,2
1722.19,24,2
1723.48,26,2
1724.77,31,2
1726.05,41,2
1727.34,57,3
1728.63,75,3
1729.92,100,3
1731.21,125,4
1732.50,157,5
1733.79,196,6
1735.08,239,6
1736.37,284,8
1737.66,334,8
1738.95,400,9
1740.23,459,11
1741.52,534,13
1742.81,591,14
1744.10,662,15
1745.39,738,17
1746.68,821,19
1747.97,898,20
1749.26,987,22
1750.55,1080,24
1751.84,1163,26
1753.13,1258,28
1754.41,1356,30
1755.70,1457,32
1756.99,1555,34
1758.28,1668,36
1759.57,1756,38
1760.86,1870,41
1762.15,1983,43
1763.44,2089,46
1764.73,2194,48
1766.02,2315,50
1767.30,2423,52
1768.59,2524,54
1769.88,2655,57
1771.17,2777,60
1772.46,2874,62
1773.75,2981,64
1775.04,3090,67
1776.33,3224,69
1777.62,3306,71
1778.91,3407,73
1780.20,3509,76
1781.48,3595,77
1782.77,3681,79
1784.06,3758,81
1785.35,3862,82
1786.64,3924,85
1787.93,4001,86
1789.22,4076,88
1790.51,4136,89
1791.80,4204,90
1793.09,4274,92
1794.38,4327,92
1795.66,4382,94
1796.95,4453,95
1798.24,4491,96
1799.53,4523,97
1800.82,4570,98
1802.11,4611,99
1803.40,4633,99
1804.69,4661,100
1805.98,4684,100
1807.27,4707,101
1808.55,4720,101
1809.84,4728,102
1811.13,4729,102
1812.42,4737,102
1813.71,4728,101
1815.00,4715,101
1816.29,4708,101
1817.58,4687,100
1818.87,4661,100
1820.16,4647,100
1821.45,4611,99
1822.73,4576,98
1824.02,4549,97
1825.31,4509,97
1826.60,4471,96
1827.89,4422,95
1829.18,4377,93
1830.47,4318,92
1831.76,4251,91
1833.05,4091,88
1834.34,4116,89
1835.63,4072,87
1836.91,3983,85
1838.20,3899,83
1839.49,3815,82
1840.78,3715,79
1842.07,3614,78
1843.36,3536,76
1844.65,3443,74
1845.94,3328,72
1847.23,3225,69
1848.52,3136,67
1849.80,3033,65
1851.09,2935,64
1852.38,2834,61
1853.67,2726,59
1854.96,2623,56
1856.25,2507,54
1857.54,2381,52
1858.83,2287,50
1860.12,2190,47
1861.41,2090,45
1862.70,1984,43
1863.98,1890,41
1865.27,1775,39
1866.56,1669,37
1867.85,1558,34
1869.14,1467,33
1870.43,1383,30
1871.72,1284,28
1873.01,1188,26
1874.30,1094,24
1875.59,1001,23
1876.88,905,20
1878.16,814,19
1879.45,734,17
1880.74,642,15
1882.03,577,14
1883.32,509,12
1884.61,438,11
1885.90,380,9
1887.19,327,8
1888.48,272,7
1889.77,221,6
1891.05,182,5
1892.34,145,4
1893.63,115,4
1894.92,87,3
1896.21,65,3
1897.50,49,2
1898.79,36,2
1900.08,27,2
1901.37,25,2
1902.66,26,2
1903.95,33,2
1905.23,44,3
1906.52,61,3
1907.81,80,3
1909.10,107,4
1910.39,135,4
1911.68,173,5
1912.97,214,6
1914.26,257,7
1915.55,311,8
1916.84,364,9
1918.13,417,10
1919.41,478,11
1920.70,550,13
1921.99,612,14
1923.28,675,16
1924.57,749,17
1925.86,833,18
1927.15,918,21
1928.44,1000,22
1929.73,1082,24
1931.02,1175,25
1932.30,1258,27
1933.59,1345,29
1934.88,1444,32
1936.17,1551,34
1937.46,1642,36
1938.75,1756,38
1940.04,1854,40
1941.33,1957,43
1942.62,2071,45
1943.91,2167,47
1945.20,2276,48
1946.48,2395,52
1947.77,2501,54
1949.06,2612,56
1950.35,2741,59
1951.64,2858,61
1952.93,2961,63
1954.22,3059,66
1955.51,3174,68
1956.80,3288,71
1958.09,3381,71
1959.38,3485,75
1960.66,3591,77
1961.95,3702,79
1963.24,3805,81
1964.53,3896,83
1965.82,3976,85
1967.11,4083,87
1968.40,4160,89
1969.69,4236,90
1970.98,4309,92
1972.27,4399,93
1973.55,4483,96
1974.84,4533,97
1976.13,4602,98
1977.42,4646,98
1978.71,4699,100
1980.00,4749,101
1981.29,4808,103
1982.58,4842,103
1983.87,4871,104
1985.16,4902,105
1986.45,4926,105
1987.73,4940,106
1989.02,4948,106
1990.31,4946,106
1991.60,4950,106
1992.89,4940,105
1994.18,4928,105
1995.47,4908,105
1996.76,4889,104
1998.05,4863,103
1999.34,4828,103
2000.63,4794,103
2001.91,4757,102
2003.20,4709,100
2004.49,4665,99
2005.78,4617,99
2007.07,4556,98
2008.36,4487,96
2009.65,4419,95
2010.94,4358,94
2012.23,4285,92
2013.52,4190,90
2014.80,4130,89
2016.09,4050,87
2017.38,3953,85
2018.67,3863,82
2019.96,3775,81
2021.25,3680,79
2022.54,3579,77
2023.83,3494,75
2025.12,3395,73
2026.41,3289,71
2027.70,3197,69
2028.98,3101,67
2030.27,2992,65
2031.56,2893,62
2032.85,2791,60
2034.14,2676,58
2035.43,2575,55
2036.72,2479,53
2038.01,2379,51
2039.30,2276,49
2040.59,2177,47
2041.88,2064,45
2043.16,1972,42
2044.45,1850,41
2045.74,1757,38
2047.03,1664,36
2048.32,1559,34
2049.61,1461,33
2050.90,1366,30
2052.19,1279,28
2053.48,1172,26
2054.77,1076,24
2056.05,993,22
2057.34,904,20
2058.63,819,19
2059.92,741,17
2061.21,665,15
2062.50,598,14
2063.79,527,12
2065.08,466,11
2066.37,400,9
2067.66,341,9
2068.95,292,8
2070.23,231,7
2071.52,202,6
2072.81,161,5
2074.10,129,4
2075.39,97,4
2076.68,76,3
2077.97,51,2
2079.26,39,3
2080.55,29,2
2081.84,24,2
2083.12,25,2
2084.41,32,2
2085.70,46,3
2086.99,59,3
2088.28,85,3
2089.57,106,4
2090.86,147,5
2092.15,183,5
2093.44,224,5
2094.73,268,7
2096.02,332,8
2097.30,387,9
2098.59,441,11
2099.88,505,12
2101.17,583,13
2102.46,649,15
2103.75,708,16
2105.04,811,18
2106.33,876,20
2107.62,947,21
2108.91,1038,22
2110.20,1120,24
2111.48,1208,27
2112.77,1318,29
2114.06,1417,31
2115.35,1502,33
2116.64,1601,35
2117.93,1704,37
2119.22,1804,38
2120.51,1894,41
2121.80,2002,43
2123.09,2107,45
2124.37,2214,48
2125.66,2311,50
2126.95,2444,53
2128.24,2523,54
2129.53,2641,57
2130.82,2723,59
2132.11,2838,61
2133.40,2921,63
2134.69,3034,66
2135.98,3119,67
2137.27,3216,69
2138.55,3293,71
2139.84,3392,72
2141.13,3485,75
2142.42,3571,77
2143.71,3649,78
2145.00,3729,80
2146.29,3827,82
2147.58,3897,83
2148.87,3964,85
2150.16,4055,87
2151.45,4112,88
2152.73,4194,90
2154.02,4243,91
2155.31,4311,92
2156.60,4365,94
2157.89,4418,95
2159.18,4477,95
2160.47,4521,97
2161.76,4566,97