
1.29,787,275
2.58,878,305
3.87,996,331
5.16,1134,360
6.45,1277,390
7.73,1455,426
9.02,1633,463
10.31,1780,493
11.60,1976,534
12.89,2156,571
14.18,2358,612
15.47,2592,660
16.76,2791,702
18.05,3045,753
19.34,3249,795
20.62,3506,848
21.91,3784,906
23.20,4040,959
24.49,4281,1009
25.78,4544,1063
27.07,4811,1119
28.36,5042,1165
29.65,5312,1220
30.94,5565,1274
32.23,5837,1331
33.52,6126,1389
34.80,6393,1445
36.09,6716,1512
37.38,6983,1567
38.67,7236,1622
39.96,7536,1685
41.25,7832,1746
42.54,8149,1813
43.83,8495,1885
45.12,8722,1932
46.41,9045,2000
47.70,9280,2050
48.98,9555,2105
50.27,9852,2169
51.56,10090,2218
52.85,10342,2271
54.14,10625,2329
55.43,10879,2382
56.72,11091,2427
58.01,11325,2476
59.30,11543,2523
60.59,11731,2560
61.88,11937,2603
63.16,12104,2637
64.45,12293,2678
65.74,12456,2710
67.03,12601,2742
68.32,12749,2773
69.61,12926,2809
70.90,13003,2826
72.19,13107,2848
73.48,13185,2862
74.77,13277,2882
76.05,13340,2896
77.34,13386,2906
78.63,13431,2915
79.92,13446,2918
81.21,13450,2920
82.50,13460,2921
83.79,13427,2914
85.08,13389,2905
86.37,13341,2895
87.66,13275,2881
88.95,13205,2868
90.23,13111,2847
91.52,12991,2821
92.81,12868,2795
94.10,12752,2771
95.39,12575,2735
96.68,12439,2706
97.97,12277,2672
99.26,12098,2635
100.55,11896,2593
101.84,11679,2548
103.12,11507,2511
104.41,11276,2464
105.70,11024,2412
106.99,10846,2374
108.28,10595,2322
109.57,10352,2272
110.86,10069,2214
112.15,9851,2166
113.44,9590,2113
114.73,9285,2051
116.02,9040,2001
117.30,8749,1940
118.59,8462,1880
119.88,8176,1822
121.17,7890,1763
122.46,7611,1704
123.75,7276,1635
125.04,6983,1574
126.33,6686,1513
127.62,6375,1450
128.91,6109,1396
130.20,5836,1338
131.48,5522,1274
132.77,5243,1217
134.06,5022,1169
135.35,4738,1111
136.64,4446,1051
137.93,4214,1004
139.22,3931,946
140.51,3683,894
141.80,3425,841
143.09,3237,803
144.38,3013,757
145.66,2769,706
146.95,2544,660
148.24,2329,616
149.53,2121,574
150.82,1936,536
152.11,1743,495
153.40,1529,452
154.69,1407,426
155.98,1251,395
157.27,1097,362
158.55,964,336
159.84,841,310
161.13,725,287
162.42,616,265
163.71,530,247
165.00,466,233
166.29,406,221
167.58,358,211
168.87,328,206
170.16,305,200
171.45,301,200
172.73,309,201
174.02,331,206
175.31,372,214
176.60,420,224
177.89,478,235
179.18,565,253
180.47,646,270
181.76,761,294
183.05,868,316
184.34,1013,345
185.63,1159,376
186.91,1312,407
188.20,1530,452
189.49,1718,490
190.78,1902,528
192.07,2133,576
193.36,2354,622
194.65,2579,666
195.94,2796,712
197.23,3056,765
198.52,3318,819
199.80,3581,873
201.09,3854,931
202.38,4188,998
203.67,4430,1048
204.96,4695,1102
206.25,5017,1171
207.54,5305,1228
208.83,5571,1284
210.12,5884,1349
211.41,6184,1411
212.70,6437,1463
213.98,6751,1527
215.27,7046,1587
216.56,7324,1646
217.85,7626,1709
219.14,7964,1778
220.43,8206,1830
221.72,8468,1883
223.01,8751,1942
224.30,9064,2007
225.59,9291,2054
226.88,9562,2110
228.16,9832,2167
229.45,10106,2222
230.74,10369,2277
232.03,10638,2334
233.32,10832,2374
234.61,11075,2425
235.90,11276,2468
237.19,11469,2507
238.48,11677,2550
239.77,11844,2585
241.05,12009,2620
242.34,12197,2658
243.63,12352,2692
244.92,12547,2733
246.21,12651,2753
247.50,12772,2779
248.79,12861,2798
250.08,12998,2826
251.37,13065,2840
252.66,13140,2856
253.95,13201,2868
255.23,13272,2883
256.52,13318,2893
257.81,13345,2899
259.10,13371,2905
260.39,13387,2906
261.68,13384,2909
262.97,13381,2906
264.26,13331,2895
265.55,13305,2892
266.84,13243,2877
268.13,13175,2862
269.41,13120,2850
270.70,13054,2838
271.99,12935,2812
273.28,12812,2787
274.57,12671,2756
275.86,12520,2725
277.15,12330,2685
278.44,12138,2646
279.73,11953,2606
281.02,11755,2565
282.30,11586,2527
283.59,11418,2495
284.88,11209,2450
286.17,11010,2409
287.46,10768,2358
288.75,10482,2299
290.04,10255,2252
291.33,9942,2188
292.62,9733,2144
293.91,9448,2085
295.20,9160,2025
296.48,8876,1967
297.77,8580,1905
299.06,8260,1838
300.35,7951,1776
301.64,7598,1701
302.93,7299,1640
304.22,6967,1570
305.51,6719,1519
306.80,6355,1444
308.09,6067,1384
309.38,5795,1329
310.66,5492,1267
311.95,5192,1204
313.24,4897,1144
314.53,4644,1090
315.82,4328,1026
317.11,4072,973
318.40,3834,923
319.69,3585,873
320.98,3342,822
322.27,3094,771
323.55,2857,722
324.84,2610,672
326.13,2402,628
327.42,2210,589
328.71,2016,549
330.00,1835,511
331.29,1640,472
332.58,1479,439
333.87,1320,406
335.16,1167,374
336.45,1033,346
337.73,892,318
339.02,774,293
340.31,671,272
341.60,595,257
342.89,500,237
344.18,449,227
345.47,392,215
346.76,349,206
348.05,316,199
349.34,300,196
350.63,292,195
351.91,299,196
353.20,315,199
354.49,342,203
355.78,382,213
357.07,432,223
358.36,498,236
359.65,574,252
360.94,659,270
362.23,762,291
363.52,873,314
364.80,1004,340
366.09,1120,365
367.38,1288,399
368.67,1448,432
369.96,1642,472
371.25,1800,505
372.54,2016,549
373.83,2222,592
375.12,2432,635
376.41,2647,679
377.70,2903,731
378.98,3147,781
380.27,3347,823
381.56,3614,877
382.85,3897,936
384.14,4193,998
385.43,4439,1048
386.72,4779,1119
388.01,5035,1172
389.30,5308,1228
390.59,5606,1289
391.88,5906,1351
393.16,6159,1405
394.45,6507,1476
395.74,6867,1551
397.03,7102,1599
398.32,7402,1662
399.61,7790,1742
400.90,8030,1792
402.19,8328,1853
403.48,8646,1920
404.77,8991,1992
406.05,9258,2047
407.34,9580,2112
408.63,9890,2179
409.92,10152,2234
411.21,10371,2281
412.50,10669,2341
413.79,10931,2396
415.08,11124,2436
416.37,11330,2480
417.66,11593,2533
418.95,11768,2569
420.23,11987,2616
421.52,12128,2644
422.81,12299,2681
424.10,12449,2713
425.39,12588,2741
426.68,12761,2777
427.97,12858,2797
429.26,12980,2823
430.55,13124,2851
431.84,13179,2864
433.13,13265,2882
434.41,13314,2890
435.70,13398,2910
436.99,13427,2915
438.28,13442,2919
439.57,13460,2921
440.86,13453,2920
442.15,13448,2918
443.44,13413,2911
444.73,13380,2903
446.02,13341,2894
447.30,13287,2884
448.59,13214,2869
449.88,13142,2854
451.17,13040,2832
452.46,12936,2811
453.75,12832,2789
455.04,12696,2762
456.33,12541,2728
457.62,12405,2699
458.91,12252,2668
460.20,12117,2640
461.48,11919,2598
462.77,11770,2567
464.06,11568,2526
465.35,11349,2480
466.64,11091,2427
467.93,10874,2381
469.22,10685,2342
470.51,10450,2293
471.80,10201,2242
473.09,9924,2184
474.38,9690,2135
475.66,9382,2072
476.95,9113,2015
478.24,8753,1943
479.53,8508,1888
480.82,8214,1829
482.11,7908,1766
483.40,7588,1699
484.69,7312,1643
485.98,7068,1594
487.27,6709,1518
488.55,6439,1462
489.84,6122,1398
491.13,5795,1330
492.42,5480,1265
493.71,5216,1210
495.00,4946,1155
496.29,4639,1092
497.58,4367,1034
498.87,4131,986
500.16,3832,925
501.45,3525,861
502.73,3271,810
504.02,3044,764
505.31,2793,711
506.60,2541,660
507.89,2268,604
509.18,2098,569
510.47,1883,524
511.76,1691,485
513.05,1468,440
514.34,1304,406
515.63,1156,375
516.91,1008,344
518.20,866,316
519.49,742,291
520.78,654,272
522.07,563,254
523.36,478,236
524.65,414,223
525.94,364,212
527.23,330,206
528.52,308,202
529.80,301,200
531.09,304,201
532.38,322,204
533.67,353,210
534.96,406,221
536.25,465,233
537.54,526,245
538.83,615,265
540.12,704,282
541.41,808,304
542.70,921,327
543.98,1070,357
545.27,1231,390
546.56,1359,416
547.85,1553,457
549.14,1749,497
550.43,1958,539
551.72,2145,578
553.01,2327,616
554.30,2561,664
555.59,2750,703
556.88,2959,746
558.16,3165,787
559.45,3490,855
560.74,3690,896
562.03,3914,942
563.32,4204,1002
564.61,4441,1051
565.90,4672,1099
567.19,4978,1162
568.48,5272,1223
569.77,5496,1269
571.05,5792,1329
572.34,6135,1402
573.63,6369,1450
574.92,6674,1513
576.21,6929,1565
577.50,7232,1629
578.79,7521,1688
580.08,7845,1756
581.37,8119,1812
582.66,8408,1871
583.95,8701,1933
585.23,9045,2003
586.52,9281,2052
587.81,9582,2114
589.10,9805,2161
590.39,10093,2222
591.68,10344,2273
592.97,10607,2329
594.26,10833,2375
595.55,11078,2425
596.84,11312,2475
598.13,11514,2517
599.41,11729,2561
600.70,11917,2602
601.99,12123,2644
603.28,12279,2678
604.57,12456,2714
605.86,12641,2753
607.15,12754,2777
608.44,12890,2807
609.73,13019,2831
611.02,13117,2853
612.30,13191,2868
613.59,13283,2887
614.88,13331,2896
616.17,13392,2909
617.46,13414,2916
618.75,13447,2921
620.04,13432,2916
621.33,13438,2920
622.62,13403,2912
623.91,13373,2904
625.20,13314,2893
626.48,13272,2883
627.77,13212,2871
629.06,13119,2852
630.35,13023,2830
631.64,12879,2802
632.93,12773,2779
634.22,12623,2747
635.51,12460,2712
636.80,12244,2668
638.09,12078,2633
639.38,11899,2596
640.66,11699,2553
641.95,11492,2510
643.24,11314,2475
644.53,11170,2443
645.82,10955,2399
647.11,10679,2343
648.40,10440,2293
649.69,10203,2243
650.98,9954,2190
652.27,9691,2137
653.55,9421,2080
654.84,9130,2019
656.13,8834,1958
657.42,8598,1909
658.71,8302,1849
660.00,7990,1784
661.29,7766,1738
662.58,7464,1674
663.87,7191,1619
665.16,6891,1556
666.45,6629,1503
667.73,6338,1442
669.02,6035,1378
670.31,5791,1330
671.60,5544,1278
672.89,5251,1217
674.18,4975,1159
675.47,4730,1110
676.76,4445,1050
678.05,4117,983
679.34,3904,940
680.63,3690,894
681.91,3421,840
683.20,3162,786
684.49,2962,746
685.78,2731,697
687.07,2477,644
688.36,2264,601
689.65,2037,554
690.94,1855,517
692.23,1661,477
693.52,1495,442
694.80,1330,409
696.09,1174,377
697.38,1047,351
698.67,911,323
699.96,781,296
701.25,677,274
702.54,585,255
703.83,490,236
705.12,434,224
706.41,378,212
707.70,340,205
708.98,307,198
710.27,298,197
711.56,296,196
712.85,312,200
714.14,338,204
715.43,386,215
716.72,437,225
718.01,505,238
719.30,603,259
720.59,690,277
switching colors
721.88,1025,57
723.16,1240,68
724.45,1512,83
725.74,1817,100
727.03,2109,115
728.32,2465,135
729.61,2807,153
730.90,3199,175
732.19,3493,190
733.48,4006,219
734.77,4501,245
736.05,4853,264
737.34,5274,286
738.63,5748,313
739.92,6229,339
741.21,6653,363
742.50,7209,393
743.79,7620,415
745.08,8183,446
746.37,8715,475
747.66,9263,506
748.95,9756,533
750.23,10297,562
751.52,10847,592
752.81,11308,619
754.10,11883,650
755.39,12474,681
756.68,13017,712
757.97,13552,742
759.26,14019,767
760.55,14671,803
761.84,15086,826
763.13,15635,857
764.41,16205,888
765.70,16576,909
766.99,17049,935
768.28,17491,960
769.57,17996,988
770.86,18469,1014
772.15,18896,1038
773.44,19358,1064
774.73,19865,1091
776.02,20225,1111
777.30,20521,1127
778.59,20956,1151
779.88,21280,1169
781.17,21621,1189
782.46,21958,1207
783.75,22303,1227
785.04,22620,1244
786.33,22840,1256
787.62,23108,1271
788.91,23372,1285
790.20,23629,1299
791.48,23796,1308
792.77,23987,1319
794.06,24138,1327
795.35,24273,1336
796.64,24421,1343
797.93,24480,1347
799.22,24527,1350
800.51,24568,1351
801.80,24564,1350
803.09,24573,1350
804.38,24525,1348
805.66,24431,1343
806.95,24355,1337
808.24,24244,1331
809.53,24092,1323
810.82,23947,1315
812.11,23745,1303
813.40,23518,1290
814.69,23331,1278
815.98,23061,1264
817.27,22762,1248
818.55,22415,1227
819.84,22124,1212
821.13,21737,1190
822.42,21307,1166
823.71,20900,1143
825.00,20539,1124
826.29,20081,1098
827.58,19678,1076
828.87,19178,1047
830.16,18662,1020
831.45,18153,991
832.73,17647,964
834.02,17028,929
835.31,16630,907
836.60,16013,872
837.89,15451,842
839.18,14981,816
840.47,14415,785
841.76,13760,748
843.05,13325,725
844.34,12661,689
845.63,12200,664
846.91,11625,633
848.20,11065,602
849.49,10499,571
850.78,10027,546
852.07,9508,516
853.36,8901,483
854.65,8246,447
855.94,7889,427
857.23,7326,397
858.52,6874,374
859.80,6359,345
861.09,5942,323
862.38,5437,295
863.67,5063,274
864.96,4561,248
866.25,4100,223
867.54,3736,203
868.83,3343,181
870.12,3015,164
871.41,2688,146
872.70,2353,128
873.98,2047,112
875.27,1769,96
876.56,1539,84
877.85,1277,70
879.14,1031,57
880.43,872,48
881.72,696,39
883.01,560,31
884.30,402,23
885.59,287,17
886.88,202,12
888.16,124,8
889.45,84,6
890.74,62,5
892.03,63,4
893.32,87,6
894.61,135,8
895.90,206,12
897.19,302,17
898.48,430,24
899.77,627,34
901.05,756,42
902.34,989,54
903.63,1176,64
904.92,1421,78
906.21,1717,94
907.50,1986,108
908.79,2343,127
910.08,2694,145
911.37,3068,166
912.66,3447,187
913.95,3875,210
915.23,4303,233
916.52,4648,252
917.81,5053,275
919.10,5506,298
920.39,6074,330
921.68,6475,352
922.97,7116,386
924.26,7599,412
925.55,8106,441
926.84,8753,476
928.13,9268,505
929.41,9766,531
930.70,10367,564
931.99,10969,598
933.28,11514,628
934.57,12179,663
935.86,12836,700
937.15,13354,729
938.44,13960,763
939.73,14495,792
941.02,15105,825
942.30,15590,852
943.59,16182,885
944.88,16679,911
946.17,17177,940
947.46,17645,966
948.75,18134,993
950.04,18699,1025
951.33,19148,1050
952.62,19512,1069
953.91,19915,1093
955.20,20323,1115
956.48,20754,1138
957.77,21205,1163
959.06,21498,1181
960.35,21849,1201
961.64,22232,1221
962.93,22457,1234
964.22,22776,1252
965.51,23023,1267
966.80,23278,1281
968.09,23503,1291
969.38,23712,1305
970.66,23909,1315
971.95,24054,1323
973.24,24193,1331
974.53,24286,1337
975.82,24382,1341
977.11,24442,1345
978.40,24487,1348
979.69,24506,1348
980.98,24499,1349
982.27,24478,1347
983.55,24410,1345
984.84,24363,1340
986.13,24257,1335
987.42,24171,1330
988.71,24124,1327
990.00,24016,1320
991.29,23862,1312
992.58,23624,1298
993.87,23404,1286
995.16,23146,1271
996.45,22772,1250
997.73,22405,1231
999.02,22119,1215
1000.31,21786,1196
1001.60,21412,1174
1002.89,21091,1157
1004.18,20728,1136
1005.47,20441,1121
1006.76,20044,1099
1008.05,19483,1067
1009.34,19036,1043
1010.63,18608,1019
1011.91,18090,990
1013.20,17649,965
1014.49,17152,939
1015.78,16665,911
1017.07,16132,881
1018.36,15570,850
1019.65,14959,817
1020.94,14429,788
1022.23,13893,759
1023.52,13381,730
1024.80,12744,694
1026.09,12301,671
1027.38,11637,633
1028.67,11067,602
1029.96,10385,566
1031.25,9979,543
1032.54,9404,512
1033.83,8849,482
1035.12,8339,454
1036.41,7784,423
1037.70,7151,388
1038.98,6606,360
1040.27,6198,337
1041.56,5699,309
1042.85,5124,278
1044.14,4652,252
1045.43,4295,234
1046.72,3829,209
1048.01,3471,189
1049.30,3084,168
1050.59,2688,147
1051.88,2393,131
1053.16,2057,112
1054.45,1781,97
1055.74,1496,82
1057.03,1255,69
1058.32,1030,57
1059.61,803,44
1060.90,655,36
1062.19,517,29
1063.48,378,22
1064.77,247,14
1066.05,167,10
1067.34,106,7
1068.63,76,5
1069.92,59,5
1071.21,67,5
1072.50,101,7
1073.79,156,10
1075.08,239,14
1076.37,338,19
1077.66,469,26
1078.95,629,35
1080.23,790,43
1081.52,965,53
1082.81,1187,65
1084.10,1398,76
1085.39,1716,94
1086.68,1941,106
1087.97,2260,123
1089.26,2567,140
1090.55,2878,156
1091.84,3226,176
1093.13,3505,190
1094.41,3895,212
1095.70,4350,237
1096.99,4717,257
1098.28,5196,283
1099.57,5607,305
1100.86,6076,330
1102.15,6541,356
1103.44,6975,381
1104.73,7485,409
1106.02,7978,436
1107.30,8587,468
1108.59,9044,493
1109.88,9676,528
1111.17,10155,555
1112.46,10832,592
1113.75,11263,615
1115.04,11839,647
1116.33,12434,681
1117.62,12992,711
1118.91,13498,738
1120.20,13998,766
1121.48,14597,799
1122.77,15059,826
1124.06,15661,860
1125.35,16307,895
1126.64,16778,920
1127.93,17216,945
1129.22,17634,969
1130.51,18196,999
1131.80,18675,1025
1133.09,19086,1048
1134.38,19692,1082
1135.66,20168,1109
1136.95,20532,1129
1138.24,20967,1152
1139.53,21289,1170
1140.82,21760,1197
1142.11,22085,1214
1143.40,22449,1234
1144.69,22736,1252
1145.98,23029,1267
1147.27,23331,1284
1148.55,23649,1301
1149.84,23792,1309
1151.13,23999,1321
1152.42,24139,1328
1153.71,24299,1336
1155.00,24404,1344
1156.29,24511,1348
1157.58,24571,1351
1158.87,24601,1353
1160.16,24612,1353
1161.45,24625,1354
1162.73,24587,1351
1164.02,24519,1348
1165.31,24450,1343
1166.60,24337,1336
1167.89,24168,1328
1169.18,24027,1318
1170.47,23872,1310
1171.76,23671,1299
1173.05,23458,1287
1174.34,23207,1272
1175.63,22954,1258
1176.91,22690,1244
1178.20,22363,1225
1179.49,22054,1209
1180.78,21690,1187
1182.07,21341,1168
1183.36,20882,1143
1184.65,20562,1125
1185.94,20191,1104
1187.23,19777,1081
1188.52,19304,1055
1189.80,18891,1032
1191.09,18487,1010
1192.38,18038,985
1193.67,17537,958
1194.96,16987,927
1196.25,16511,901
1197.54,15944,870
1198.83,15555,849
1200.12,15054,820
1201.41,14554,793
1202.70,13946,760
1203.98,13445,732
1205.27,12883,701
1206.56,12360,672
1207.85,11742,639
1209.14,11233,610
1210.43,10679,581
1211.72,10204,555
1213.01,9642,524
1214.30,9081,493
1215.59,8559,465
1216.88,7994,434
1218.16,7389,402
1219.45,6887,374
1220.74,6496,353
1222.03,5992,325
1223.32,5501,299
1224.61,5120,278
1225.90,4614,250
1227.19,4187,227
1228.48,3738,203
1229.77,3378,183
1231.05,2994,163
1232.34,2662,145
1233.63,2306,125
1234.92,1959,107
1236.21,1729,95
1237.50,1461,80
1238.79,1204,65
1240.08,948,52
1241.37,744,42
1242.66,584,32
1243.95,415,24
1245.23,296,17
1246.52,206,12
1247.81,126,8
1249.10,78,5
1250.39,60,4
1251.68,69,5
1252.97,109,7
1254.26,183,11
1255.55,278,16
1256.84,400,23
1258.13,560,32
1259.41,713,39
1260.70,932,51
1261.99,1114,61
1263.28,1364,74
1264.57,1657,90
1265.86,1947,106
1267.15,2287,124
1268.44,2623,142
1269.73,2972,161
1271.02,3383,184
1272.30,3748,203
1273.59,4118,224
1274.88,4512,245
1276.17,4880,265
1277.46,5314,289
1278.75,5798,315
1280.04,6258,341
1281.33,6710,365
1282.62,7329,398
1283.91,7743,422
1285.20,8247,449
1286.48,8901,484
1287.77,9412,513
1289.06,9900,539
1290.35,10450,569
1291.64,11000,598
1292.93,11522,629
1294.22,12061,658
1295.51,12494,682
1296.80,13061,714
1298.09,13608,743
1299.38,14115,770
1300.66,14635,799
1301.95,15165,829
1303.24,15629,854
1304.53,16113,881
1305.82,16616,909
1307.11,17162,939
1308.40,17550,961
1309.69,18022,988
1310.98,18497,1013
1312.27,19036,1044
1313.55,19474,1068
1314.84,19805,1085
1316.13,20225,1110
1317.42,20701,1135
1318.71,21038,1155
1320.00,21471,1179
1321.29,21811,1199
1322.58,22209,1220
1323.87,22462,1234
1325.16,22821,1254
1326.45,23025,1266
1327.73,23265,1280
1329.02,23492,1293
1330.31,23710,1305
1331.60,23924,1316
1332.89,24087,1326
1334.18,24209,1333
1335.47,24311,1338
1336.76,24395,1343
1338.05,24468,1347
1339.34,24509,1350
1340.63,24531,1351
1341.91,24516,1350
1343.20,24471,1347
1344.49,24406,1344
1345.78,24328,1339
1347.07,24260,1335
1348.36,24138,1329
1349.65,24058,1323
1350.94,23864,1314
1352.23,23611,1298
1353.52,23407,1286
1354.80,23097,1269
1356.09,22745,1249
1357.38,22295,1224
1358.67,21919,1202
1359.96,21542,1182
1361.25,21207,1164
1362.54,20796,1141
1363.83,20471,1122
1365.12,20147,1104
1366.41,19673,1079
1367.70,19150,1050
1368.98,18667,1022
1370.27,18218,998
1371.56,17770,972
1372.85,17249,944
1374.14,16762,917
1375.43,16249,889
1376.72,15771,862
1378.01,15243,832
1379.30,14654,801
1380.59,14176,775
1381.88,13591,742
1383.16,13016,710
1384.45,12470,681
1385.74,11914,649
1387.03,11449,623
1388.32,10910,595
1389.61,10371,565
1390.90,9788,534
1392.19,9290,506
1393.48,8713,475
1394.77,8150,444
1396.05,7755,422
1397.34,7170,390
1398.63,6751,367
1399.92,6312,343
1401.21,5764,314
1402.50,5467,298
1403.79,5017,274
1405.08,4605,250
1406.37,4171,227
1407.66,3780,205
1408.95,3455,188
1410.23,3072,168
1411.52,2737,149
1412.81,2465,134
1414.10,2160,118
1415.39,1850,101
1416.68,1569,86
1417.97,1338,73
1419.26,1065,59
1420.55,907,50
1421.84,723,40
1423.13,567,32
1424.41,405,23
1425.70,284,16
1426.99,195,12
1428.28,131,8
1429.57,79,5
1430.86,59,4
1432.15,65,5
1433.44,97,6
1434.73,148,9
1436.02,231,14
1437.30,345,20
1438.59,462,26
1439.88,634,35
1441.17,825,45
switching colors
1442.46,443,10
1443.75,553,12
1445.04,644,14
1446.33,797,17
1447.62,907,19
1448.91,1040,22
1450.20,1194,25
1451.48,1370,29
1452.77,1551,32
1454.06,1731,36
1455.35,1923,40
1456.64,2131,44
1457.93,2314,48
1459.22,2563,53
1460.51,2767,57
1461.80,3023,62
1463.09,3272,67
1464.38,3498,72
1465.66,3761,77
1466.95,3979,81
1468.24,4249,88
1469.53,4466,92
1470.82,4707,97
1472.11,5013,103
1473.40,5198,106
1474.69,5514,113
1475.98,5696,116
1477.27,6019,124
1478.55,6206,128
1479.84,6422,132
1481.13,6652,137
1482.42,6954,143
1483.71,7098,145
1485.00,7367,151
1486.29,7604,156
1487.58,7765,159
1488.87,8009,164
1490.16,8237,169
1491.45,8417,173
1492.73,8639,178
1494.02,8856,182
1495.31,9032,186
1496.60,9177,188
1497.89,9365,192
1499.18,9515,196
1500.47,9731,200
1501.76,9850,202
1503.05,10010,206
1504.34,10140,208
1505.63,10232,210
1506.91,10345,213
1508.20,10463,215
1509.49,10573,218
1510.78,10631,218
1512.07,10728,221
1513.36,10802,222
1514.65,10854,223
1515.94,10910,224
1517.23,10949,224
1518.52,11004,226
1519.80,10995,226
1521.09,11002,226
1522.38,11003,226
1523.67,10992,226
1524.96,10982,225
1526.25,10943,225
1527.54,10923,224
1528.83,10878,224
1530.12,10818,221
1531.41,10734,221
1532.70,10640,219
1533.98,10541,216
1535.27,10445,214
1536.56,10314,212
1537.85,10193,210
1539.14,10051,206
1540.43,9923,204
1541.72,9779,201
1543.01,9597,196
1544.30,9416,193
1545.59,9254,189
1546.88,9062,186
1548.16,8856,181
1549.45,8654,177
1550.74,8453,174
1552.03,8244,169
1553.32,7989,164
1554.61,7776,159
1555.90,7531,154
1557.19,7300,149
1558.48,7004,144
1559.77,6799,140
1561.05,6522,134
1562.34,6275,129
1563.63,6020,123
1564.92,5703,117
1566.21,5502,113
1567.50,5197,107
1568.79,4943,101
1570.08,4683,96
1571.37,4405,91
1572.66,4172,86
1573.95,3928,80
1575.23,3657,74
1576.52,3447,71
1577.81,3239,67
1579.10,2959,61
1580.39,2744,56
1581.68,2533,52
1582.97,2335,48
1584.26,2126,44
1585.55,1934,40
1586.84,1749,36
1588.13,1561,32
1589.41,1417,30
1590.70,1258,26
1591.99,1043,22
1593.28,966,20
1594.57,831,17
1595.86,717,15
1597.15,600,13
1598.44,495,11
1599.73,403,9
1601.02,305,7
1602.30,242,6
1603.59,178,4
1604.88,123,3
1606.17,81,2
1607.46,53,2
1608.75,36,2
1610.04,27,1
1611.33,29,1
1612.62,39,1
1613.91,64,2
1615.20,94,2
1616.48,138,3
1617.77,194,5
1619.06,260,6
1620.35,323,7
1621.64,414,9
1622.93,496,10
1624.22,601,13
1625.51,696,15
1626.80,832,17
1628.09,967,20
1629.38,1123,23
1630.66,1283,27
1631.95,1459,30
1633.24,1630,34
1634.53,1788,37
1635.82,1966,41
1637.11,2139,44
1638.40,2339,48
1639.69,2565,52
1640.98,2786,57
1642.27,2982,61
1643.55,3225,66
1644.84,3451,71
1646.13,3660,75
1647.42,3949,81
1648.71,4171,86
1650.00,4378,90
1651.29,4674,96
1652.58,4910,100
1653.87,5156,106
1655.16,5417,111
1656.45,5628,115
1657.73,5908,121
1659.02,6157,126
1660.31,6397,131
1661.60,6687,137
1662.89,6919,141
1664.18,7185,147
1665.47,7432,152
1666.76,7623,156
1668.05,7866,161
1669.34,8098,166
1670.63,8385,171
1671.91,8594,177
1673.20,8798,180
1674.49,8993,184
1675.78,9175,188
1677.07,9371,192
1678.36,9579,196
1679.65,9712,199
1680.94,9890,202
1682.23,10013,205
1683.52,10191,209
1684.80,10316,212
1686.09,10407,213
1687.38,10503,215
1688.67,10630,218
1689.96,10699,219
1691.25,10766,221
1692.54,10804,221
1693.83,10852,223
1695.12,10907,224
1696.41,10930,225
1697.70,10953,226
1698.98,10965,226
1700.27,10980,226
1701.56,10957,226
1702.85,10917,224
1704.14,10893,223
1705.43,10848,223
1706.72,10815,223
1708.01,10761,220
1709.30,10659,219
1710.59,10554,217
1711.88,10446,215
1713.16,10356,212
1714.45,10241,209
1715.74,10101,207
1717.03,9948,204
1718.32,9835,202
1719.61,9685,200
1720.90,9526,195
1722.19,9379,193
1723.48,9220,190
1724.77,9048,186
1726.05,8919,183
1727.34,8753,179
1728.63,8555,176
1729.92,8362,171
1731.21,8178,167
1732.50,7958,163
1733.79,7735,158
1735.08,7516,154
1736.37,7304,149
1737.66,7065,145
1738.95,6844,140
1740.23,6611,135
1741.52,6369,131
1742.81,6108,125
1744.10,5880,120
1745.39,5608,115
1746.68,5345,110
1747.97,5120,105
1749.26,4875,101
1750.55,4633,95
1751.84,4401,90
1753.13,4152,85
1754.41,3928,80
1755.70,3667,75
1756.99,3443,71
1758.28,3187,65
1759.57,2972,61
1760.86,2772,57
1762.15,2577,53
1763.44,2366,49
1764.73,2161,45
1766.02,1978,41
1767.30,1777,37
1768.59,1593,33
1769.88,1417,29
1771.17,1226,26
1772.46,1095,23
1773.75,958,20
1775.04,817,17
1776.33,679,15
1777.62,569,12
1778.91,457,10
1780.20,351,8
1781.48,268,6
1782.77,199,5
1784.06,150,4
1785.35,91,2
1786.64,60,2
1787.93,39,1
1789.22,27,1
1790.51,27,1
1791.80,38,1
1793.09,59,2
1794.38,99,3
1795.66,134,3
1796.95,194,4
1798.24,250,6
1799.53,316,7
1800.82,406,9
1802.11,492,10
1803.40,604,13
1804.69,718,16
1805.98,863,19
1807.27,994,21
1808.55,1124,24
1809.84,1279,27
1811.13,1439,30
1812.42,1571,33
1813.71,1755,37
1815.00,1951,40
1816.29,2129,44
1817.58,2363,49
1818.87,2549,53
1820.16,2722,56
1821.45,2951,61
1822.73,3151,65
1824.02,3338,69
1825.31,3547,73
1826.60,3855,79
1827.89,4041,83
1829.18,4308,87
1830.47,4482,92
1831.76,4690,96
1833.05,4917,101
1834.34,5180,106
1835.63,5427,111
1836.91,5645,116
1838.20,5878,121
1839.49,6169,127
1840.78,6397,131
1842.07,6590,136
1843.36,6808,140
1844.65,7025,144
1845.94,7311,149
1847.23,7517,154
1848.52,7718,159
1849.80,7948,164
1851.09,8215,169
1852.38,8403,173
1853.67,8633,177
1854.96,8841,182
1856.25,9031,186
1857.54,9163,188
1858.83,9369,192
1860.12,9516,195
1861.41,9731,200
1862.70,9856,203
1863.98,10044,206
1865.27,10163,208
1866.56,10269,210
1867.85,10431,214
1869.14,10514,216
1870.43,10616,218
1871.72,10708,220
1873.01,10775,221
1874.30,10859,223
1875.59,10920,224
1876.88,10969,226
1878.16,11013,226
1879.45,11001,225
1880.74,11015,226
1882.03,11017,226
1883.32,10999,226
1884.61,10974,225
1885.90,10931,224
1887.19,10905,224
1888.48,10862,222
1889.77,10789,221
1891.05,10672,219
1892.34,10588,217
1893.63,10484,215
1894.92,10344,212
1896.21,10236,209
1897.50,10113,207
1898.79,9961,204
1900.08,9787,201
1901.37,9653,197
1902.66,9490,194
1903.95,9308,190
1905.23,9111,187
1906.52,8945,183
1907.81,8741,178
1909.10,8539,175
1910.39,8321,171
1911.68,8131,167
1912.97,7914,162
1914.26,7674,157
1915.55,7459,152
1916.84,7169,147
1918.13,6970,142
1919.41,6727,137
1920.70,6455,132
1921.99,6180,125
1923.28,5992,122
1924.57,5762,118
1925.86,5489,113
1927.15,5241,107
1928.44,5052,103
1929.73,4811,98
1931.02,4565,93
1932.30,4309,88
1933.59,4104,84
1934.88,3858,79
1936.17,3613,74
1937.46,3428,70
1938.75,3237,67
1940.04,3001,62
1941.33,2786,57
1942.62,2613,54
1943.91,2389,49
1945.20,2167,44
1946.48,1983,41
1947.77,1821,37
1949.06,1658,34
1950.35,1471,30
1951.64,1309,27
1952.93,1158,25
1954.22,1009,21
1955.51,869,18
1956.80,731,16
1958.09,613,13
1959.38,510,11
1960.66,417,10
1961.95,321,7
1963.24,248,6
1964.53,180,4
1965.82,127,3
1967.11,83,3
1968.40,53,2
1969.69,34,1
1970.98,26,1
1972.27,30,1
1973.55,42,2
1974.84,71,2
1976.13,116,3
1977.42,160,4
1978.71,225,5
1980.00,295,7
1981.29,392,8
1982.58,497,11
1983.87,599,13
1985.16,719,15
1986.45,841,18
1987.73,998,20
1989.02,1177,25
1990.31,1349,28
1991.60,1535,31
1992.89,1742,36
1994.18,1904,39
1995.47,2082,43
1996.76,2278,46
1998.05,2489,51
1999.34,2728,56
2000.63,2924,60
2001.91,3193,66
2003.20,3395,70
2004.49,3635,75
2005.78,3919,81
2007.07,4136,85
2008.36,4347,89
2009.65,4582,94
2010.94,4849,99
2012.23,5035,103
2013.52,5316,109
2014.80,5557,113
2016.09,5797,119
2017.38,6018,122
2018.67,6294,129
2019.96,6530,134
2021.25,6768,139
2022.54,6998,144
2023.83,7263,149
2025.12,7470,153
2026.41,7744,159
2027.70,7911,162
2028.98,8143,167
2030.27,8375,172
2031.56,8539,175
2032.85,8749,179
2034.14,8922,183
2035.43,9087,187
2036.72,9264,190
2038.01,9451,194
2039.30,9619,197
2040.59,9774,201
2041.88,9904,202
2043.16,10013,205
2044.45,10170,209
2045.74,10289,212
2047.03,10383,212
2048.32,10499,216
2049.61,10596,217
2050.90,10670,219
2052.19,10735,220
2053.48,10774,221
2054.77,10843,222
2056.05,10894,224
2057.34,10920,224
2058.63,10936,225
2059.92,10963,226
2061.21,10964,225
2062.50,10965,225
2063.79,10914,224
2065.08,10890,224
2066.37,10865,223
2067.66,10826,222
2068.95,10767,222
2070.23,10693,218
2071.52,10594,217
2072.81,10463,215
2074.10,10366,213
2075.39,10236,210
2076.68,10101,207
2077.97,9938,204
2079.26,9805,201
2080.55,9638,197
2081.84,9474,194
2083.12,9340,191
2084.41,9147,187
2085.70,8981,184
2086.99,8767,179
2088.28,8592,177
2089.57,8369,172
2090.86,8165,168
2092.15,7922,162
2093.44,7686,158
2094.73,7448,152
2096.02,7217,148
2097.30,6942,142
2098.59,6682,137
2099.88,6435,133
2101.17,6142,126
2102.46,5938,122
2103.75,5662,116
2105.04,5445,112
2106.33,5176,107
2107.62,4935,101
2108.91,4695,96
2110.20,4457,91
2111.48,4194,86
2112.77,3976,82
2114.06,3764,78
2115.35,3528,72
2116.64,3271,68
2117.93,3096,64
2119.22,2877,59
2120.51,2646,55
2121.80,2427,50
2123.09,2259,47
2124.37,2067,43
2125.66,1892,39
2126.95,1676,35
2128.24,1549,33
2129.53,1376,29
2130.82,1199,25
2132.11,1062,22
2133.40,913,19
2134.69,803,17
2135.98,691,15
2137.27,567,12
2138.55,469,10
2139.84,395,8
2141.13,318,7
2142.42,244,6
2143.71,173,4
2145.00,134,4
2146.29,81,2
2147.58,61,2
2148.87,37,2
2150.16,27,1
2151.45,26,1
2152.73,35,2
2154.02,49,2
2155.31,98,3
2156.60,120,3
2157.89,192,4
2159.18,223,5
2160.47,292,7
2161.76,373,8

