
3.87,12678,2680
5.16,12505,2644
6.45,12262,2596
7.73,11963,2535
9.02,11666,2472
10.31,11364,2412
11.60,11071,2351
12.89,10758,2287
14.18,10430,2218
15.47,10132,2156
16.76,9783,2083
18.05,9439,2012
19.34,9107,1945
20.62,8775,1875
21.91,8420,1803
23.20,8081,1731
24.49,7774,1668
25.78,7455,1603
27.07,7106,1530
28.36,6767,1461
29.65,6460,1398
30.94,6156,1335
32.23,5821,1266
33.52,5502,1201
34.80,5175,1132
36.09,4910,1078
37.38,4622,1019
38.67,4330,959
39.96,4043,900
41.25,3748,840
42.54,3504,790
43.83,3171,721
45.12,2947,677
46.41,2720,629
47.70,2463,576
48.98,2246,533
50.27,2011,484
51.56,1801,440
52.85,1600,401
54.14,1385,356
55.43,1215,321
56.72,1055,288
58.01,884,254
59.30,764,229
60.59,645,205
61.88,528,181
63.16,439,163
64.45,365,148
65.74,297,134
67.03,247,123
68.32,216,116
69.61,199,113
70.90,200,113
72.19,217,117
73.48,247,123
74.77,297,133
76.05,369,148
77.34,426,160
78.63,535,182
79.92,658,207
81.21,798,236
82.50,922,261
83.79,1081,294
85.08,1273,334
86.37,1454,370
87.66,1662,413
88.95,1898,460
90.23,2143,511
91.52,2416,567
92.81,2688,623
94.10,2926,672
95.39,3212,731
96.68,3528,795
97.97,3814,855
99.26,4089,911
100.55,4441,982
101.84,4738,1044
103.12,5072,1114
104.41,5402,1181
105.70,5760,1255
106.99,6088,1323
108.28,6406,1388
109.57,6751,1458
110.86,7121,1536
112.15,7405,1595
113.44,7769,1669
114.73,8116,1741
116.02,8496,1819
117.30,8821,1887
118.59,9140,1952
119.88,9474,2021
121.17,9832,2096
122.46,10146,2161
123.75,10506,2236
125.04,10815,2300
126.33,11136,2367
127.62,11451,2433
128.91,11739,2491
130.20,12022,2549
131.48,12339,2616
132.77,12592,2670
134.06,12821,2716
135.35,13055,2767
136.64,13323,2822
137.93,13565,2873
139.22,13782,2919
140.51,13973,2958
141.80,14175,3000
143.09,14360,3039
144.38,14506,3071
145.66,14696,3109
146.95,14841,3138
148.24,14974,3167
149.53,15102,3194
150.82,15223,3220
152.11,15331,3242
153.40,15402,3256
154.69,15480,3274
155.98,15546,3285
157.27,15593,3296
158.55,15618,3301
159.84,15616,3300
161.13,15627,3305
162.42,15616,3300
163.71,15589,3294
165.00,15537,3282
166.29,15471,3268
167.58,15385,3254
168.87,15276,3232
170.16,15194,3212
171.45,15058,3184
172.73,14896,3148
174.02,14766,3122
175.31,14612,3090
176.60,14406,3048
177.89,14209,3006
179.18,14008,2964
180.47,13758,2912
181.76,13537,2866
183.05,13260,2808
184.34,13033,2759
185.63,12740,2700
186.91,12444,2638
188.20,12167,2580
189.49,11860,2515
190.78,11543,2450
192.07,11198,2378
193.36,10855,2306
194.65,10528,2239
195.94,10203,2173
197.23,9815,2091
198.52,9441,2014
199.80,9106,1946
201.09,8714,1864
202.38,8340,1785
203.67,7972,1711
204.96,7648,1643
206.25,7274,1565
207.54,6907,1491
208.83,6582,1423
210.12,6247,1354
211.41,5907,1285
212.70,5600,1221
213.98,5222,1143
215.27,4928,1083
216.56,4622,1021
217.85,4318,959
219.14,4019,896
220.43,3689,829
221.72,3430,776
223.01,3169,722
224.30,2902,667
225.59,2641,614
226.88,2396,564
228.16,2152,514
229.45,1918,466
230.74,1729,427
232.03,1539,388
233.32,1314,342
234.61,1155,310
235.90,1011,280
237.19,871,251
238.48,733,223
239.77,620,200
241.05,526,180
242.34,443,164
243.63,360,146
244.92,300,134
246.21,253,124
247.50,222,118
248.79,203,115
250.08,199,114
251.37,207,116
252.66,228,120
253.95,264,127
255.23,325,139
256.52,390,152
257.81,475,170
259.10,564,187
260.39,662,208
261.68,781,233
262.97,938,264
264.26,1079,293
265.55,1253,329
266.84,1436,367
268.13,1656,411
269.41,1869,455
270.70,2078,499
271.99,2288,542
273.28,2539,593
274.57,2796,646
275.86,3064,700
277.15,3325,756
278.44,3658,822
279.73,3924,878
281.02,4269,949
282.30,4563,1009
283.59,4850,1068
284.88,5172,1135
286.17,5518,1205
287.46,5872,1279
288.75,6176,1342
290.04,6549,1420
291.33,6918,1495
292.62,7257,1565
293.91,7603,1637
295.20,7964,1712
296.48,8382,1798
297.77,8743,1872
299.06,9090,1945
300.35,9434,2016
301.64,9784,2089
302.93,10154,2166
304.22,10510,2240
305.51,10829,2308
306.80,11145,2372
308.09,11477,2443
309.38,11771,2502
310.66,12050,2562
311.95,12366,2628
313.24,12628,2682
314.53,12901,2738
315.82,13146,2791
317.11,13414,2844
318.40,13603,2887
319.69,13829,2931
320.98,14031,2974
322.27,14225,3015
323.55,14377,3047
324.84,14550,3084
326.13,14719,3119
327.42,14880,3151
328.71,14995,3174
330.00,15107,3198
331.29,15198,3217
332.58,15289,3238
333.87,15344,3251
335.16,15402,3259
336.45,15438,3268
337.73,15464,3273
339.02,15470,3274
340.31,15469,3272
341.60,15439,3270
342.89,15417,3264
344.18,15367,3252
345.47,15301,3237
346.76,15239,3226
348.05,15138,3205
349.34,15036,3181
350.63,14903,3156
351.91,14782,3130
353.20,14644,3099
354.49,14504,3072
355.78,14353,3038
357.07,14158,2998
358.36,13951,2956
359.65,13774,2919
360.94,13552,2873
362.23,13300,2820
363.52,13045,2766
364.80,12810,2717
366.09,12572,2667
367.38,12317,2613
368.67,12033,2554
369.96,11709,2487
371.25,11400,2422
372.54,11129,2365
373.83,10795,2296
375.12,10443,2222
376.41,10171,2167
377.70,9827,2095
378.98,9485,2024
380.27,9150,1953
381.56,8839,1890
382.85,8487,1817
384.14,8104,1738
385.43,7776,1671
386.72,7439,1600
388.01,7079,1527
389.30,6727,1454
390.59,6414,1390
391.88,6070,1318
393.16,5714,1245
394.45,5411,1184
395.74,5043,1106
397.03,4700,1036
398.32,4417,977
399.61,4061,905
400.90,3786,848
402.19,3486,785
403.48,3163,721
404.77,2882,663
406.05,2647,614
407.34,2368,558
408.63,2109,504
409.92,1871,456
411.21,1666,414
412.50,1458,371
413.79,1260,331
415.08,1092,296
416.37,950,267
417.66,800,237
418.95,662,208
420.23,543,185
421.52,451,165
422.81,373,150
424.10,308,136
425.39,259,126
426.68,223,119
427.97,203,114
429.26,199,114
430.55,209,116
431.84,239,122
433.13,276,129
434.41,336,142
435.70,400,155
436.99,486,172
438.28,579,192
439.57,703,217
440.86,858,248
442.15,982,274
443.44,1144,307
444.73,1337,347
446.02,1519,384
447.30,1698,421
448.59,1901,461
449.88,2124,508
451.17,2377,559
452.46,2562,598
453.75,2806,648
455.04,3064,700
456.33,3353,760
457.62,3602,812
458.91,3894,871
460.20,4132,920
461.48,4453,987
462.77,4724,1042
464.06,5016,1102
465.35,5330,1169
466.64,5693,1242
467.93,6035,1312
469.22,6353,1377
470.51,6657,1441
471.80,7004,1511
473.09,7326,1578
474.38,7686,1654
475.66,8023,1724
476.95,8400,1801
478.24,8733,1870
479.53,9130,1953
480.82,9445,2018
482.11,9782,2087
483.40,10099,2152
484.69,10444,2225
485.98,10775,2292
487.27,11087,2359
488.55,11400,2424
489.84,11726,2491
491.13,12031,2554
492.42,12347,2621
493.71,12651,2683
495.00,12868,2731
496.29,13146,2787
497.58,13397,2839
498.87,13642,2889
500.16,13875,2940
501.45,14099,2985
502.73,14357,3039
504.02,14501,3070
505.31,14702,3113
506.60,14864,3145
507.89,15029,3181
509.18,15161,3210
510.47,15291,3234
511.76,15377,3253
513.05,15459,3270
514.34,15542,3288
515.63,15593,3298
516.91,15617,3303
518.20,15647,3309
519.49,15651,3310
520.78,15646,3309
522.07,15630,3305
523.36,15579,3293
524.65,15524,3284
525.94,15441,3266
527.23,15335,3246
528.52,15220,3219
529.80,15112,3197
531.09,14989,3172
532.38,14846,3141
533.67,14680,3106
534.96,14525,3074
536.25,14310,3029
537.54,14109,2987
538.83,13882,2941
540.12,13665,2896
541.41,13426,2844
542.70,13185,2794
543.98,12908,2735
545.27,12644,2680
546.56,12364,2621
547.85,12099,2567
549.14,11777,2500
550.43,11433,2429
551.72,11178,2376
553.01,10875,2312
554.30,10554,2245
555.59,10236,2181
556.88,9939,2119
558.16,9622,2054
559.45,9297,1986
560.74,8961,1915
562.03,8631,1848
563.32,8284,1777
564.61,7982,1714
565.90,7655,1646
567.19,7331,1579
568.48,7004,1511
569.77,6677,1444
571.05,6349,1377
572.34,6021,1310
573.63,5689,1240
574.92,5311,1163
576.21,5025,1104
577.50,4746,1046
578.79,4443,984
580.08,4102,913
581.37,3807,853
582.66,3521,795
583.95,3261,741
585.23,2926,672
586.52,2696,625
587.81,2451,576
589.10,2192,522
590.39,1975,478
591.68,1763,434
592.97,1575,396
594.26,1351,350
595.55,1180,315
596.84,1017,282
598.13,861,250
599.41,728,222
600.70,615,199
601.99,497,175
603.28,415,158
604.57,341,143
605.86,270,128
607.15,234,121
608.44,208,116
609.73,199,114
611.02,205,115
612.30,228,120
613.59,269,128
614.88,336,142
616.17,416,157
617.46,501,175
618.75,617,198
620.04,746,226
621.33,908,259
622.62,1048,288
623.91,1208,320
625.20,1407,360
626.48,1612,403
627.77,1839,449
629.06,2049,492
630.35,2292,542
631.64,2544,594
632.93,2761,639
634.22,3035,694
635.51,3276,745
636.80,3565,804
638.09,3830,858
639.38,4131,921
640.66,4438,983
641.95,4782,1055
643.24,5065,1113
644.53,5379,1177
645.82,5720,1248
647.11,6040,1314
648.40,6341,1377
649.69,6666,1444
650.98,7013,1516
652.27,7392,1595
653.55,7722,1661
654.84,8053,1731
656.13,8421,1807
657.42,8742,1874
658.71,9064,1941
660.00,9372,2005
661.29,9722,2077
662.58,10013,2137
663.87,10305,2197
665.16,10608,2262
666.45,10925,2327
667.73,11212,2385
669.02,11494,2446
670.31,11772,2504
671.60,12024,2557
672.89,12279,2613
674.18,12538,2663
675.47,12788,2716
676.76,13036,2767
678.05,13283,2821
679.34,13508,2866
680.63,13730,2912
681.91,13916,2952
683.20,14126,2994
684.49,14306,3033
685.78,14469,3068
687.07,14630,3100
688.36,14778,3131
689.65,14909,3159
690.94,15028,3183
692.23,15132,3205
693.52,15224,3226
694.80,15288,3239
696.09,15346,3252
697.38,15391,3259
698.67,15398,3261
699.96,15419,3264
701.25,15419,3265
702.54,15395,3260
703.83,15371,3255
705.12,15305,3241
706.41,15236,3226
707.70,15164,3211
708.98,15034,3184
710.27,14961,3169
711.56,14805,3137
712.85,14658,3106
714.14,14489,3070
715.43,14330,3036
716.72,14142,2997
718.01,13904,2946
719.30,13698,2903
720.59,13430,2846
721.88,13131,2783
723.16,12899,2736
724.45,12622,2679
725.74,12308,2614
727.03,12046,2559
728.32,11730,2493
729.61,11386,2421
730.90,11098,2360
732.19,10797,2298
733.48,10511,2239
734.77,10192,2173
736.05,9851,2102
737.34,9529,2034
738.63,9171,1961
739.92,8845,1892
741.21,8532,1829
742.50,8220,1764
743.79,7836,1684
745.08,7486,1611
746.37,7205,1554
747.66,6860,1482
748.95,6500,1407
750.23,6156,1336
751.52,5852,1274
752.81,5512,1203
754.10,5230,1147
755.39,4904,1080
756.68,4610,1018
757.97,4279,949
759.26,3984,889
760.55,3688,829
761.84,3418,773
763.13,3137,716
764.41,2890,664
765.70,2640,614
766.99,2402,565
768.28,2198,523
769.57,1974,478
770.86,1763,434
772.15,1575,395
773.44,1381,356
774.73,1218,323
776.02,1067,292
777.30,934,264
778.59,803,238
779.88,675,210
781.17,563,188
782.46,464,168
783.75,396,154
785.04,321,139
786.33,272,129
787.62,235,121
788.91,209,115
790.20,199,113
791.48,205,115
792.77,225,119
794.06,262,127
795.35,321,139
796.64,388,152
797.93,479,171
799.22,571,190
800.51,683,213
801.80,815,239
803.09,943,266
804.38,1096,297
805.66,1302,339
806.95,1479,375
808.24,1671,415
809.53,1916,465
810.82,2133,509
812.11,2386,562
813.40,2600,606
814.69,2856,658
815.98,3135,715
817.27,3429,775
818.55,3713,834
819.84,4034,900
821.13,4401,975
822.42,4667,1029
823.71,4997,1098
825.00,5334,1169
826.29,5716,1247
827.58,6088,1322
828.87,6445,1397
830.16,6876,1485
831.45,7209,1554
832.73,7606,1636
834.02,7907,1699
835.31,8299,1780
836.60,8681,1859
837.89,9020,1929
839.18,9384,2004
840.47,9700,2069
841.76,10065,2144
843.05,10374,2209
844.34,10770,2293
845.63,11024,2346
846.91,11337,2409
848.20,11623,2470
849.49,11941,2536
850.78,12238,2597
852.07,12512,2654
853.36,12801,2714
854.65,13043,2765
855.94,13284,2815
857.23,13540,2869
858.52,13760,2916
859.80,13988,2960
861.09,14180,3002
862.38,14391,3045
863.67,14567,3083
864.96,14733,3116
866.25,14899,3151
867.54,15052,3183
868.83,15176,3206
870.12,15283,3231
871.41,15371,3248
872.70,15461,3269
873.98,15532,3281
875.27,15577,3292
876.56,15621,3302
877.85,15636,3304
879.14,15642,3306
880.43,15656,3309
881.72,15634,3304
883.01,15612,3300
884.30,15566,3291
885.59,15505,3280
886.88,15444,3265
888.16,15349,3246
889.45,15254,3227
890.74,15136,3201
892.03,14998,3172
893.32,14872,3148
894.61,14706,3111
895.90,14552,3081
897.19,14356,3038
898.48,14156,2997
899.77,13911,2945
901.05,13676,2898
902.34,13474,2855
903.63,13204,2797
904.92,12958,2748
906.21,12674,2687
907.50,12377,2626
908.79,12165,2580
910.08,11831,2512
911.37,11510,2446
912.66,11179,2377
913.95,10873,2312
915.23,10538,2243
916.52,10219,2176
917.81,9889,2109
919.10,9542,2037
920.39,9206,1967
921.68,8860,1895
922.97,8464,1813
924.26,8102,1739
925.55,7750,1666
926.84,7403,1595
928.13,7053,1521
929.41,6678,1444
930.70,6302,1367
931.99,5954,1295
933.28,5619,1225
934.57,5201,1139
935.86,4849,1067
937.15,4508,997
938.44,4173,929
939.73,3916,876
941.02,3570,805
942.30,3281,744
943.59,3006,688
944.88,2721,630
946.17,2459,577
947.46,2220,528
948.75,2002,484
950.04,1795,442
951.33,1592,400
952.62,1379,355
953.91,1225,324
955.20,1055,289
956.48,908,260
957.77,780,232
959.06,647,206
960.35,537,183
961.64,449,164
962.93,369,149
964.22,307,136
965.51,256,125
966.80,225,119
968.09,202,114
969.38,199,114
970.66,209,115
971.95,242,122
973.24,279,129
974.53,331,141
975.82,404,156
977.11,499,175
978.40,587,193
979.69,685,213
980.98,801,237
982.27,944,267
983.55,1096,297
984.84,1245,328
986.13,1443,369
987.42,1610,403
988.71,1794,440
990.00,1996,482
991.29,2217,527
992.58,2445,574
993.87,2686,624
995.16,2944,677
996.45,3209,731
997.73,3479,786
999.02,3743,841
1000.31,4022,897
1001.60,4324,960
1002.89,4670,1032
1004.18,4970,1093
1005.47,5287,1159
1006.76,5626,1228
1008.05,5990,1305
1009.34,6303,1369
1010.63,6621,1434
1011.91,6974,1507
1013.20,7320,1579
1014.49,7649,1648
1015.78,7988,1718
1017.07,8353,1794
1018.36,8711,1867
1019.65,9057,1938
1020.94,9392,2010
1022.23,9743,2082
1023.52,10056,2147
1024.80,10393,2217
1026.09,10694,2279
1027.38,11010,2346
1028.67,11360,2417
1029.96,11688,2487
1031.25,11968,2544
1032.54,12225,2599
1033.83,12529,2662
1035.12,12814,2721
1036.41,13073,2776
1037.70,13336,2832
1038.98,13564,2878
1040.27,13813,2931
1041.56,14029,2976
1042.85,14240,3020
1044.14,14436,3060
1045.43,14588,3093
1046.72,14731,3122
1048.01,14885,3155
1049.30,14989,3174
1050.59,15094,3197
1051.88,15203,3221
1053.16,15261,3233
1054.45,15338,3248
1055.74,15401,3262
1057.03,15408,3261
1058.32,15437,3271
1059.61,15432,3269
1060.90,15414,3264
1062.19,15392,3259
1063.48,15362,3252
1064.77,15283,3235
1066.05,15204,3222
1067.34,15106,3200
1068.63,15001,3177
1069.92,14861,3147
1071.21,14762,3127
1072.50,14626,3100
1073.79,14461,3062
1075.08,14282,3025
1076.37,14089,2986
1077.66,13858,2937
1078.95,13676,2897
1080.23,13445,2849
1081.52,13256,2809
1082.81,12964,2748
1084.10,12729,2701
1085.39,12477,2648
1086.68,12244,2600
1087.97,11972,2542
1089.26,11684,2483
1090.55,11389,2422
1091.84,11117,2365
1093.13,10832,2304
1094.41,10519,2239
1095.70,10227,2179
1096.99,9934,2120
1098.28,9602,2049
1099.57,9277,1983
1100.86,8905,1905
1102.15,8616,1844
1103.44,8294,1780
1104.73,7933,1705
1106.02,7643,1644
1107.30,7294,1571
1108.59,6967,1506
1109.88,6608,1431
1111.17,6276,1361
1112.46,5934,1292
1113.75,5600,1222
1115.04,5270,1154
1116.33,4947,1088
1117.62,4646,1025
1118.91,4339,962
1120.20,4026,898
1121.48,3742,840
1122.77,3452,780
1124.06,3157,720
1125.35,2903,668
1126.64,2644,614
1127.93,2386,562
1129.22,2140,511
1130.51,1923,466
1131.80,1716,424
1133.09,1517,383
1134.38,1300,339
1135.66,1122,302
1136.95,971,271
1138.24,823,241
1139.53,669,210
1140.82,564,187
1142.11,465,168
1143.40,386,152
1144.69,314,137
1145.98,257,126
1147.27,217,117
1148.55,201,114
1149.84,200,114
1151.13,218,118
1152.42,257,126
1153.71,305,136
1155.00,369,149
1156.29,445,164
1157.58,544,184
1158.87,661,208
1160.16,801,237
1161.45,929,263
1162.73,1082,295
1164.02,1253,329
1165.31,1436,367
1166.60,1618,404
1167.89,1821,446
1169.18,2055,494
1170.47,2320,548
1171.76,2543,595
1173.05,2776,641
1174.34,3027,694
1175.63,3310,752
1176.91,3557,801
1178.20,3884,869
1179.49,4162,926
1180.78,4490,993
1182.07,4784,1054
1183.36,5132,1126
1184.65,5438,1190
1185.94,5765,1257
1187.23,6086,1323
1188.52,6434,1395
1189.80,6741,1459
1191.09,7044,1520
1192.38,7360,1586
1193.67,7739,1665
1194.96,8053,1728
1196.25,8409,1802
1197.54,8713,1865
1198.83,9044,1933
1200.12,9357,1999
1201.41,9654,2060
1202.70,9982,2129
1203.98,10283,2192
1205.27,10649,2268
1206.56,10946,2330
1207.85,11240,2390
1209.14,11548,2455
1210.43,11820,2511
1211.72,12112,2573
1213.01,12423,2637
1214.30,12694,2694
1215.59,12959,2748
1216.88,13200,2798
1218.16,13475,2854
1219.45,13731,2909
1220.74,13934,2952
1222.03,14135,2992
1223.32,14344,3036
1224.61,14530,3076
1225.90,14700,3111
1227.19,14859,3143
1228.48,15027,3179
1229.77,15154,3207
1231.05,15285,3235
1232.34,15375,3250
1233.63,15465,3270
1234.92,15542,3288
1236.21,15595,3298
1237.50,15641,3308
1238.79,15661,3311
1240.08,15675,3316
1241.37,15653,3311
1242.66,15628,3306
1243.95,15593,3298
1245.23,15531,3284
1246.52,15436,3265
1247.81,15359,3248
1249.10,15232,3222
1250.39,15116,3197
1251.68,14967,3166
1252.97,14804,3132
1254.26,14639,3099
1255.55,14427,3053
1256.84,14222,3011
1258.13,13997,2964
1259.41,13743,2911
1260.70,13539,2869
1261.99,13262,2810
1263.28,13017,2759
1264.57,12749,2702
1265.86,12406,2631
1267.15,12179,2584
1268.44,11855,2517
1269.73,11585,2461
1271.02,11225,2386
1272.30,10948,2327
1273.59,10664,2269
1274.88,10329,2198
1276.17,9967,2124
1277.46,9634,2055
1278.75,9327,1990
1280.04,8973,1919
1281.33,8633,1847
1282.62,8314,1782
1283.91,7960,1710
1285.20,7609,1636
1286.48,7237,1560
1287.77,6909,1492
1289.06,6564,1420
1290.35,6236,1352
1291.64,5916,1287
1292.93,5610,1224
1294.22,5245,1148
1295.51,4967,1092
1296.80,4673,1031
1298.09,4386,971
1299.38,4068,906
1300.66,3800,851
1301.95,3490,788
1303.24,3276,744
1304.53,3015,692
1305.82,2760,638
1307.11,2489,583
1308.40,2284,541
1309.69,2072,498
1310.98,1856,453
1312.27,1637,408
1313.55,1460,372
1314.84,1275,334
1316.13,1112,301
1317.42,955,269
1318.71,830,243
1320.00,696,215
1321.29,581,192
1322.58,470,169
1323.87,377,150
1325.16,318,138
1326.45,266,127
1327.73,227,119
1329.02,205,115
1330.31,199,113
1331.60,206,115
1332.89,231,120
1334.18,272,128
1335.47,325,139
1336.76,402,156
1338.05,497,175
1339.34,593,195
1340.63,697,216
1341.91,841,245
1343.20,976,273
1344.49,1127,303
1345.78,1345,349
1347.07,1541,389
1348.36,1780,437
1349.65,1965,475
1350.94,2201,524
1352.23,2446,574
1353.52,2743,635
1354.80,3015,689
1356.09,3283,746
1357.38,3589,808
1358.67,3915,876
1359.96,4274,950
1361.25,4584,1013
1362.54,4881,1075
1363.83,5258,1152
1365.12,5601,1224
1366.41,5889,1282
1367.70,6239,1356
1368.98,6602,1430
1370.27,6966,1505
1371.56,7258,1566
1372.85,7615,1640
1374.14,7959,1710
1375.43,8273,1777
1376.72,8605,1844
1378.01,8951,1917
1379.30,9256,1981
1380.59,9579,2049
1381.88,9936,2121
1383.16,10267,2191
1384.45,10550,2249
1385.74,10890,2320
1387.03,11156,2376
1388.32,11466,2442
1389.61,11781,2506
1390.90,12048,2562
1392.19,12302,2616
1393.48,12573,2672
1394.77,12884,2739
1396.05,13105,2784
1397.34,13325,2829
1398.63,13540,2874
1399.92,13778,2923
1401.21,13953,2961
1402.50,14125,2997
1403.79,14302,3033
1405.08,14478,3069
1406.37,14628,3101
1407.66,14758,3131
1408.95,14881,3156
1410.23,14985,3177
1411.52,15089,3197
1412.81,15186,3219
1414.10,15258,3234
1415.39,15315,3246
1416.68,15351,3253
1417.97,15395,3262
1419.26,15412,3263
1420.55,15420,3267
1421.84,15383,3260
1423.13,15378,3256
1424.41,15358,3254
1425.70,15265,3234
1426.99,15215,3224
1428.28,15125,3204
1429.57,15002,3178
1430.86,14897,3156
1432.15,14777,3129
1433.44,14641,3104
1434.73,14473,3067
1436.02,14304,3030
1437.30,14121,2992
1438.59,13886,2943
1439.88,13694,2903
1441.17,13441,2851
1442.46,13228,2805
1443.75,12957,2750
1445.04,12695,2694
1446.33,12420,2638
1447.62,12161,2582
1448.91,11871,2522
1450.20,11606,2468
1451.48,11274,2397
1452.77,10918,2325
1454.06,10599,2258
1455.35,10279,2191
1456.64,9936,2119
1457.93,9610,2053
1459.22,9256,1978
1460.51,8869,1898
1461.80,8543,1830
1463.09,8169,1754
1464.38,7787,1673
1465.66,7425,1599
1466.95,7070,1528
1468.24,6700,1449
1469.53,6329,1373
1470.82,6014,1307
1472.11,5653,1233
1473.40,5355,1173
1474.69,5030,1105
1475.98,4705,1037
1477.27,4401,976
1478.55,4062,906
1479.84,3751,841
1481.13,3507,792
1482.42,3222,733
1483.71,2987,684
1485.00,2746,636
1486.29,2476,580
1487.58,2225,529
1488.87,1988,480
1490.16,1787,440
1491.45,1605,401
1492.73,1388,357
1494.02,1228,324
1495.31,1081,294
1496.60,912,260
1497.89,776,231
1499.18,656,208
1500.47,530,181
1501.76,447,165
1503.05,368,149
1504.34,311,137
1505.63,259,126
1506.91,229,120
1508.20,206,115
1509.49,199,114
1510.78,206,115
1512.07,227,119
1513.36,266,127
1514.65,313,136
1515.94,372,149
1517.23,444,164
1518.52,537,183
1519.80,634,203
1521.09,744,225
1522.38,893,255
1523.67,1045,287
1524.96,1193,318
1526.25,1378,355
1527.54,1539,389
1528.83,1761,433
1530.12,1968,476
1531.41,2214,527
1532.70,2459,576
1533.98,2696,625
1535.27,2950,678
1536.56,3226,735
1537.85,3490,789
1539.14,3827,858
1540.43,4090,913
1541.72,4409,977
1543.01,4680,1034
1544.30,5016,1102
1545.59,5378,1177
1546.88,5723,1248
1548.16,6063,1319
1549.45,6416,1392
1550.74,6730,1456
1552.03,7092,1531
1553.32,7438,1603
1554.61,7792,1676
1555.90,8116,1743
1557.19,8501,1822
1558.48,8906,1907
1559.77,9246,1978
1561.05,9590,2049
1562.34,9969,2126
1563.63,10289,2193
1564.92,10690,2275
1566.21,11032,2346
1567.50,11317,2408
1568.79,11654,2478
1570.08,12048,2558
1571.37,12325,2615
1572.66,12609,2676
1573.95,12878,2732
1575.23,13169,2792
1576.52,13428,2846
1577.81,13680,2900
1579.10,13906,2945
1580.39,14133,2994
1581.68,14292,3027
1582.97,14492,3070
1584.26,14687,3109
1585.55,14843,3141
1586.84,14987,3172
1588.13,15124,3201
1589.41,15250,3227
1590.70,15356,3250
1591.99,15431,3265
1593.28,15500,3281
1594.57,15577,3296
1595.86,15616,3304
1597.15,15640,3308
1598.44,15644,3311
1599.73,15661,3313
1601.02,15651,3312
1602.30,15625,3305
1603.59,15573,3296
1604.88,15505,3280
1606.17,15423,3262
1607.46,15325,3242
1608.75,15238,3223
1610.04,15123,3199
1611.33,14970,3168
1612.62,14854,3144
1613.91,14693,3111
1615.20,14540,3079
1616.48,14348,3039
1617.77,14159,2999
1619.06,13949,2954
1620.35,13729,2908
1621.64,13538,2868
1622.93,13296,2816
1624.22,13065,2769
1625.51,12815,2718
1626.80,12506,2652
1628.09,12272,2603
1629.38,11952,2537
1630.66,11679,2480
1631.95,11398,2421
1633.24,11119,2363
1634.53,10786,2294
1635.82,10471,2230
1637.11,10099,2152
1638.40,9781,2087
1639.69,9456,2018
1640.98,9103,1946
1642.27,8690,1861
1643.55,8392,1798
1644.84,8048,1727
1646.13,7683,1652
1647.42,7308,1574
1648.71,6999,1509
1650.00,6673,1444
1651.29,6299,1365
1652.58,5934,1292
1653.87,5616,1225
1655.16,5269,1154
1656.45,4964,1092
1657.73,4630,1023
1659.02,4295,955
1660.31,4020,897
1661.60,3704,833
1662.89,3388,767
1664.18,3107,709
1665.47,2850,656
1666.76,2560,598
1668.05,2311,546
1669.34,2048,492
1670.63,1824,446
1671.91,1600,401
1673.20,1376,355
1674.49,1212,321
1675.78,1017,281
1677.07,863,250
1678.36,719,220
1679.65,596,195
1680.94,489,173
1682.23,396,154
1683.52,331,140
1684.80,271,129
1686.09,229,120
1687.38,208,116
1688.67,199,114
1689.96,206,115
1691.25,224,119
1692.54,261,126
1693.83,323,139
1695.12,383,151
1696.41,455,165
1697.70,560,187
1698.98,673,211
1700.27,795,236
1701.56,939,265
1702.85,1077,294
1704.14,1234,326
1705.43,1415,362
1706.72,1599,401
1708.01,1829,447
1709.30,2022,488
1710.59,2264,536
1711.88,2504,586
1713.16,2754,638
1714.45,3019,692
1715.74,3252,739
1717.03,3555,802
1718.32,3797,851
1719.61,4061,906
1720.90,4357,967
1722.19,4721,1042
1723.48,5032,1107
1724.77,5306,1164
1726.05,5592,1222
1727.34,5872,1279
1728.63,6207,1348
1729.92,6542,1417
1731.21,6832,1478
1732.50,7150,1544
1733.79,7499,1617
1735.08,7848,1688
1736.37,8183,1759
1737.66,8497,1824
1738.95,8838,1895
1740.23,9145,1957
1741.52,9503,2030
1742.81,9826,2100
1744.10,10169,2172
1745.39,10501,2240
1746.68,10825,2308
1747.97,11139,2373
1749.26,11433,2434
1750.55,11749,2501
1751.84,12043,2563
1753.13,12289,2612
1754.41,12551,2666
1755.70,12884,2737
1756.99,13101,2782
1758.28,13347,2834
1759.57,13575,2882
1760.86,13820,2931
1762.15,14008,2970
1763.44,14202,3011
1764.73,14404,3053
1766.02,14561,3088
1767.30,14718,3119
1768.59,14866,3149
1769.88,14993,3177
1771.17,15117,3202
1772.46,15209,3223
1773.75,15282,3237
1775.04,15354,3252
1776.33,15397,3262
1777.62,15417,3264
1778.91,15422,3268
1780.20,15418,3267
1781.48,15407,3264
1782.77,15390,3260
1784.06,15307,3243
1785.35,15238,3228
1786.64,15132,3203
1787.93,15046,3187
1789.22,14954,3166
1790.51,14791,3135
1791.80,14678,3109
1793.09,14504,3072
1794.38,14351,3041
1795.66,14154,2999
1796.95,13938,2953
1798.24,13760,2916
1799.53,13546,2871
1800.82,13323,2826
switching colors
1802.11,27320,1508
1803.40,26912,1484
1804.69,26390,1454
1805.98,25815,1423
1807.27,25202,1388
1808.55,24651,1356
1809.84,24061,1324
1811.13,23418,1288
1812.42,22724,1250
1813.71,22012,1210
1815.00,21391,1175
1816.29,20702,1136
1817.58,19928,1093
1818.87,19256,1057
1820.16,18616,1021
1821.45,17910,981
1822.73,17212,942
1824.02,16481,903
1825.31,15883,870
1826.60,15205,833
1827.89,14454,790
1829.18,13769,753
1830.47,13081,716
1831.76,12446,681
1833.05,11676,638
1834.34,11174,610
1835.63,10538,575
1836.91,9911,540
1838.20,9268,506
1839.49,8517,464
1840.78,7914,431
1842.07,7372,402
1843.36,6791,371
1844.65,6272,342
1845.94,5725,312
1847.23,5180,283
1848.52,4598,251
1849.80,4137,225
1851.09,3656,200
1852.38,3208,175
1853.67,2786,153
1854.96,2426,133
1856.25,2064,113
1857.54,1726,95
1858.83,1441,79
1860.12,1129,63
1861.41,896,50
1862.70,684,39
1863.98,505,29
1865.27,361,21
1866.56,252,15
1867.85,186,12
1869.14,134,9
1870.43,126,8
1871.72,147,10
1873.01,201,12
1874.30,321,19
1875.59,445,26
1876.88,576,32
1878.16,783,43
1879.45,1033,57
1880.74,1296,71
1882.03,1613,89
1883.32,1961,107
1884.61,2369,129
1885.90,2780,152
1887.19,3196,175
1888.48,3724,203
1889.77,4196,229
1891.05,4770,260
1892.34,5270,287
1893.63,5800,316
1894.92,6391,348
1896.21,7042,384
1897.50,7629,416
1898.79,8262,451
1900.08,9018,492
1901.37,9603,523
1902.66,10266,560
1903.95,10924,596
1905.23,11708,639
1906.52,12409,678
1907.81,13190,720
1909.10,13795,753
1910.39,14597,797
1911.68,15293,836
1912.97,15975,874
1914.26,16719,916
1915.55,17511,958
1916.84,18174,996
1918.13,18953,1039
1919.41,19682,1078
1920.70,20407,1119
1921.99,21120,1159
1923.28,21824,1198
1924.57,22528,1236
1925.86,23182,1274
1927.15,23815,1308
1928.44,24416,1342
1929.73,25032,1375
1931.02,25579,1407
1932.30,26215,1443
1933.59,26785,1474
1934.88,27345,1505
1936.17,27866,1535
1937.46,28317,1559
1938.75,28769,1585
1940.04,29272,1612
1941.33,29702,1636
1942.62,30119,1661
1943.91,30510,1682
1945.20,30885,1702
1946.48,31298,1725
1947.77,31576,1741
1949.06,31853,1755
1950.35,32106,1770
1951.64,32372,1786
1952.93,32525,1794
1954.22,32686,1803
1955.51,32863,1812
1956.80,32921,1816
1958.09,33021,1822
1959.38,33034,1823
1960.66,33071,1825
1961.95,33024,1821
1963.24,32974,1819
1964.53,32926,1817
1965.82,32771,1808
1967.11,32591,1798
1968.40,32424,1788
1969.69,32210,1775
1970.98,31948,1760
1972.27,31610,1742
1973.55,31374,1727
1974.84,31008,1708
1976.13,30654,1687
1977.42,30175,1662
1978.71,29757,1639
1980.00,29289,1612
1981.29,28730,1581
1982.58,28199,1551
1983.87,27665,1522
1985.16,27068,1487
1986.45,26450,1455
1987.73,25814,1417
1989.02,25155,1381
1990.31,24476,1343
1991.60,23742,1302
1992.89,22984,1260
1994.18,22302,1222
1995.47,21604,1183
1996.76,20812,1140
1998.05,19962,1093
1999.34,19395,1061
2000.63,18609,1018
2001.91,17725,970
2003.20,16957,927
2004.49,16277,889
2005.78,15588,852
2007.07,14812,809
2008.36,14110,770
2009.65,13342,729
2010.94,12700,693
2012.23,11980,653
2013.52,11140,607
2014.80,10551,575
2016.09,9866,538
2017.38,9269,504
2018.67,8541,466
2019.96,7947,433
2021.25,7404,403
2022.54,6790,369
2023.83,6146,335
2025.12,5581,304
2026.41,5039,275
2027.70,4515,246
2028.98,4024,220
2030.27,3610,197
2031.56,3140,171
2032.85,2746,150
2034.14,2370,130
2035.43,2045,112
2036.72,1760,97
2038.01,1445,80
2039.30,1178,65
2040.59,952,53
2041.88,729,41
2043.16,568,32
2044.45,417,24
2045.74,313,19
2047.03,216,14
2048.32,159,10
2049.61,127,8
2050.90,131,9
2052.19,165,11
2053.48,229,14
2054.77,325,19
2056.05,448,25
2057.34,626,35
2058.63,800,45
2059.92,1056,58
2061.21,1299,72
2062.50,1601,87
2063.79,1966,108
2065.08,2294,125
2066.37,2665,146
2067.66,3077,167
2068.95,3556,194
2070.23,3966,216
2071.52,4457,243
2072.81,4981,271
2074.10,5561,303
2075.39,6162,336
2076.68,6693,366
2077.97,7359,402
2079.26,7900,431
2080.55,8559,467
2081.84,9253,506
2083.12,9976,545
2084.41,10595,579
2085.70,11336,620
2086.99,12108,662
2088.28,12846,703
2089.57,13606,745
2090.86,14383,787
2092.15,15170,832
2093.44,15942,875
2094.73,16727,917
2096.02,17544,963
2097.30,18257,1003
2098.59,19017,1045
2099.88,19802,1089
2101.17,20524,1129
2102.46,21277,1170
2103.75,22017,1210
2105.04,22650,1247
2106.33,23395,1289
2107.62,23963,1320
2108.91,24621,1357
2110.20,25220,1391
2111.48,25831,1425
2112.77,26417,1457
2114.06,26903,1486
2115.35,27440,1515
2116.64,27971,1546
2117.93,28426,1571
2119.22,28879,1596
2120.51,29354,1623
2121.80,29789,1648
2123.09,30124,1666
2124.37,30517,1689
2125.66,30827,1707
2126.95,31120,1723
2128.24,31388,1737
2129.53,31592,1749
2130.82,31849,1764
2132.11,32016,1772
2133.40,32165,1781
2134.69,32283,1788
2135.98,32387,1793
2137.27,32406,1795
2138.55,32472,1798
2139.84,32472,1798
2141.13,32383,1794
2142.42,32377,1792
2143.71,32309,1789
2145.00,32124,1780
2146.29,32003,1770
2147.58,31815,1760
2148.87,31565,1747
2150.16,31407,1738
2151.45,31151,1724
2152.73,30859,1707
2154.02,30566,1690
2155.31,30215,1670
2156.60,29826,1647
2157.89,29419,1625
2159.18,28987,1601
2160.47,28562,1576
2161.76,28109,1551
2163.05,27508,1518
2164.34,27033,1490
2165.62,26506,1461
2166.91,25962,1430
2168.20,25364,1396
2169.49,24725,1360
2170.78,24087,1325
2172.07,23500,1293
2173.36,22785,1254
2174.65,22125,1217
2175.94,21510,1182
2177.23,20818,1145
2178.52,20023,1098
2179.80,19341,1060
2181.09,18569,1018
2182.38,17896,980
2183.67,17159,940
2184.96,16402,897
2186.25,15757,863
2187.54,14995,820
2188.83,14206,777
2190.12,13542,740
2191.41,12739,696
2192.70,11977,654
2193.98,11340,618
2195.27,10633,580
2196.56,9921,542
2197.85,9264,505
2199.14,8467,461
2200.43,7799,425
2201.72,7118,389
2203.01,6505,355
2204.30,5897,322
2205.59,5344,292
2206.87,4820,263
2208.16,4237,231
2209.45,3762,205
2210.74,3345,183
2212.03,2917,160
2213.32,2478,136
2214.61,2098,115
2215.90,1794,99
2217.19,1480,82
2218.48,1173,65
2219.77,918,51
2221.05,736,42
2222.34,554,32
2223.63,414,24
2224.92,289,17
2226.21,204,13
2227.50,149,10
2228.79,126,9
2230.08,134,9
2231.37,171,11
2232.66,258,16
2233.95,358,21
2235.23,513,29
2236.52,676,38
2237.81,855,48
2239.10,1098,61
2240.39,1378,76
2241.68,1652,91
2242.97,1978,108
2244.26,2337,128
2245.55,2744,150
2246.84,3049,166
2248.12,3463,189
2249.41,3917,213
2250.70,4438,243
2251.99,4909,268
2253.28,5389,294
2254.57,5871,320
2255.86,6421,350
2257.15,6975,380
2258.44,7517,410
2259.73,8167,445
2261.02,8805,480
2262.30,9420,514
2263.59,10083,550
2264.88,10751,586
2266.17,11456,626
2267.46,12132,662
2268.75,12820,700
2270.04,13548,740
2271.33,14317,782
2272.62,15042,822
2273.91,15804,866
2275.20,16565,908
2276.48,17336,950
2277.77,18029,987
2279.06,18809,1032
2280.35,19545,1073
2281.64,20257,1111
2282.93,20931,1149
2284.22,21669,1190
2285.51,22430,1231
2286.80,23106,1268
2288.09,23793,1307
2289.37,24430,1344
2290.66,25061,1378
2291.95,25779,1419
2293.24,26305,1448
2294.53,26893,1480
2295.82,27489,1514
2297.11,28200,1554
2298.40,28704,1582
2299.69,29127,1604
2300.98,29655,1634
2302.27,30105,1659
2303.55,30531,1684
2304.84,30887,1704
2306.13,31248,1724
2307.42,31608,1745
2308.71,31925,1761
2310.00,32221,1777
2311.29,32375,1788
2312.58,32543,1797
2313.87,32775,1809
2315.16,32847,1813
2316.45,33020,1822
2317.73,32987,1821
2319.02,33049,1824
2320.31,33017,1823
2321.60,33015,1822
2322.89,32948,1819
2324.18,32818,1811
2325.47,32658,1803
2326.76,32476,1791
2328.05,32267,1779
2329.34,32076,1770
2330.62,31787,1754
2331.91,31478,1735
2333.20,31068,1712
2334.49,30752,1693
2335.78,30444,1678
2337.07,30048,1655
2338.36,29481,1623
2339.65,29103,1603
2340.94,28626,1575
2342.23,28031,1543
2343.52,27525,1514
2344.80,26941,1482
2346.09,26344,1448
2347.38,25847,1419
2348.67,25147,1381
2349.96,24540,1347
2351.25,23979,1317
2352.54,23407,1284
2353.83,22648,1241
2355.12,22043,1208
2356.41,21347,1170
2357.70,20684,1133
2358.98,19950,1092
2360.27,19311,1057
2361.56,18684,1023
2362.85,17915,980
2364.14,17229,943
2365.43,16482,900
2366.72,15841,866
2368.01,15010,821
2369.30,14326,782
2370.59,13631,744
2371.87,12952,707
2373.16,12283,670
2374.45,11498,627
2375.74,10867,593
2377.03,10154,553
2378.32,9485,516
2379.61,8729,475
2380.90,8088,440
2382.19,7510,408
2383.48,6928,377
2384.77,6218,340
2386.05,5696,310
2387.34,5164,281
2388.63,4625,252
2389.92,4066,221
2391.21,3648,199
2392.50,3148,172
2393.79,2721,148
2395.08,2353,129
2396.37,1931,106
2397.66,1670,92
2398.95,1375,76
2400.23,1104,61
2401.52,846,48
2402.81,641,37
2404.10,462,27
2405.39,322,19
2406.68,225,14
2407.97,158,10
2409.26,127,9
2410.55,135,9
2411.84,186,12
2413.12,264,16
2414.41,394,23
2415.70,563,32
2416.99,752,42
2418.28,986,55
2419.57,1252,69
2420.86,1596,88
2422.15,1859,103
2423.44,2168,119
2424.73,2614,143
2426.02,3043,165
2427.30,3551,194
2428.59,3938,215
2429.88,4408,240
2431.17,4873,266
2432.46,5379,293
2433.75,5926,322
2435.04,6493,354
2436.33,7165,391
2437.62,7752,422
2438.91,8352,456
2440.20,8960,489
2441.48,9702,531
2442.77,10352,565
2444.06,10962,599
2445.35,11630,636
2446.64,12449,682
2447.93,13056,714
2449.22,13745,753
2450.51,14545,797
2451.80,15221,834
2453.09,15901,871
2454.37,16573,909
2455.66,17386,954
2456.95,17976,987
2458.24,18688,1026
2459.53,19335,1063
2460.82,20082,1104
2462.11,20772,1142
2463.40,21385,1176
2464.69,22048,1214
2465.98,22644,1247
2467.27,23257,1282
2468.55,23915,1317
2469.84,24464,1349
2471.13,25040,1382
2472.42,25707,1417
2473.71,26224,1447
2475.00,26745,1475
2476.29,27318,1508
2477.58,27798,1536
2478.87,28254,1561
2480.16,28695,1585
2481.45,29155,1611
2482.73,29646,1641
2484.02,30000,1659
2485.31,30387,1681
2486.60,30749,1701
2487.89,31000,1715
2489.18,31322,1735
2490.47,31560,1747
2491.76,31786,1759
2493.05,31984,1770
2494.34,32107,1777
2495.62,32225,1785
2496.91,32343,1791
2498.20,32367,1792
2499.49,32426,1797
2500.78,32434,1797
2502.07,32403,1795
2503.36,32355,1791
2504.65,32259,1785
2505.94,32081,1776
2507.23,31917,1768
2508.52,31662,1753
2509.80,31477,1742
2511.09,31143,1723
2512.38,30888,1710
2513.67,30458,1686
2514.96,30130,1666
2516.25,29746,1643
2517.54,29206,1615
2518.83,28775,1590
2520.12,28183,1557
2521.41,27711,1530
2522.70,27062,1495
2523.98,26494,1462
2525.27,25817,1423
2526.56,25280,1393
2527.85,24761,1366
2529.14,23997,1322
2530.43,23400,1287
2531.72,22835,1256
2533.01,22185,1220
2534.30,21427,1178
2535.59,20842,1145
2536.87,20241,1112
2538.16,19482,1071
2539.45,18710,1027
2540.74,18139,996
2542.03,17418,957
2543.32,16516,906
2544.61,15845,868
2545.90,15173,831
2547.19,14560,797
2548.48,13750,752
2549.77,13097,716
2551.05,12446,680
2552.34,11659,638
2553.63,11007,602
2554.92,10331,564
2556.21,9661,529
2557.50,9050,494
2558.79,8368,457
2560.08,7694,419
2561.37,7135,390
2562.66,6696,365
2563.95,6186,337
2565.23,5622,307
2566.52,5075,277
2567.81,4617,252
2569.10,4120,226
2570.39,3683,202
2571.68,3315,181
2572.97,2899,159
2574.26,2523,138
2575.55,2122,117
2576.84,1873,103
2578.12,1524,84
2579.41,1249,69
2580.70,1016,56
2581.99,796,45
2583.28,634,36
2584.57,464,27
2585.86,333,20
2587.15,234,14
2588.44,167,11
2589.73,130,9
2591.02,130,9
2592.30,167,11
2593.59,227,14
2594.88,325,19
2596.17,480,28
2597.46,628,35
2598.75,809,45
2600.04,1060,59
2601.33,1319,73
2602.62,1613,89
2603.91,1958,107
2605.20,2326,127
2606.48,2798,153
2607.77,3094,168
2609.06,3539,193
2610.35,4028,220
2611.64,4553,248
2612.93,5080,277
2614.22,5670,310
2615.51,6222,339
2616.80,6839,373
2618.09,7404,404
2619.37,8092,441
2620.66,8773,479
2621.95,9503,519
2623.24,10186,556
2624.53,10926,596
2625.82,11766,642
2627.11,12661,692
2628.40,13283,726
2629.69,14012,767
2630.98,14869,813
2632.27,15662,857
2633.55,16273,891
2634.84,17064,935
2636.13,17852,979
2637.42,18657,1022
2638.71,19350,1061
2640.00,20112,1103
2641.29,20777,1140
2642.58,21463,1177
2643.87,22159,1217
2645.16,22845,1256
2646.45,23475,1291
2647.73,24217,1333
2649.02,24873,1368
2650.31,25411,1398
2651.60,26002,1431
2652.89,26626,1466
2654.18,27174,1497
2655.47,27692,1525
2656.76,28197,1553
2658.05,28726,1582
2659.34,29252,1612
2660.62,29649,1635
2661.91,30137,1662
2663.20,30466,1682
2664.49,30835,1701
2665.78,31203,1721
2667.07,31546,1741
2668.36,31804,1755
2669.65,32042,1768
2670.94,32266,1781
2672.23,32464,1791
2673.52,32604,1800
2674.80,32769,1808
2676.09,32841,1813
2677.38,32942,1818
2678.67,32964,1821
2679.96,32996,1821
2681.25,32938,1819
2682.54,32953,1818
2683.83,32810,1810
2685.12,32750,1807
2686.41,32622,1800
2687.70,32467,1792
2688.98,32261,1780
2690.27,32046,1766
2691.56,31767,1752
2692.85,31466,1735
2694.14,31178,1718
2695.43,30850,1700
2696.72,30418,1676
2698.01,29975,1650
2699.30,29523,1626
2700.59,29069,1601
2701.87,28584,1573
2703.16,28087,1545
2704.45,27570,1516
2705.74,27012,1485
2707.03,26363,1449
2708.32,25830,1419
2709.61,25119,1379
2710.90,24464,1344
2712.19,23845,1310
2713.48,23240,1275
2714.77,22396,1229
2716.05,21763,1194
2717.34,21161,1160
2718.63,20338,1114
2719.92,19574,1071
2721.21,18783,1027
2722.50,18025,986
2723.79,17230,943
2725.08,16473,900
2726.37,15692,858
2727.66,14861,811
2728.95,14122,771
2730.23,13242,723
2731.52,12495,682
2732.81,11821,644
2734.10,10978,598
2735.39,10255,559
2736.68,9515,519
2737.97,8833,481
2739.26,8252,449
2740.55,7575,413
2741.84,6936,378
2743.12,6388,347
2744.41,5815,317
2745.70,5163,281
2746.99,4716,257
2748.28,4193,229
2749.57,3741,204
2750.86,3295,180
2752.15,2911,159
2753.44,2464,135
2754.73,2075,114
2756.02,1772,97
2757.30,1504,83
2758.59,1214,67
2759.88,973,54
2761.17,737,41
2762.46,572,33
2763.75,418,24
2765.04,295,17
2766.33,199,12
2767.62,146,10
2768.91,126,8
2770.20,135,9
2771.48,176,11
2772.77,249,15
2774.06,351,20
2775.35,472,27
2776.64,655,37
2777.93,825,46
2779.22,1059,58
2780.51,1291,71
2781.80,1571,86
2783.09,1834,101
2784.37,2143,118
2785.66,2543,139
2786.95,2912,159
2788.24,3309,181
2789.53,3784,207
2790.82,4238,231
2792.11,4723,257
2793.40,5252,287
2794.69,5709,311
2795.98,6332,345
2797.27,6917,377
2798.55,7511,410
2799.84,8066,440
2801.13,8723,477
2802.42,9483,518
2803.71,10152,555
2805.00,10753,588
2806.29,11444,626
2807.58,12292,673
2808.87,12907,707
2810.16,13600,745
2811.45,14292,783
2812.73,15119,829
2814.02,15811,867
2815.31,16555,909
2816.60,17359,953
2817.89,18029,991
2819.18,18814,1034
2820.47,19491,1072
2821.76,20200,1111
2823.05,21008,1156
2824.34,21627,1191
2825.62,22416,1234
2826.91,23069,1271
2828.20,23708,1307
2829.49,24395,1345
2830.78,25039,1382
2832.07,25718,1419
2833.36,26285,1452
2834.65,26823,1482
2835.94,27434,1515
2837.23,28004,1548
2838.52,28494,1576
2839.80,28940,1601
2841.09,29397,1627
2842.38,29814,1651
2843.67,30216,1672
2844.96,30515,1690
2846.25,30842,1709
2847.54,31118,1722
2848.83,31391,1739
2850.12,31611,1752
2851.41,31846,1764
2852.70,32004,1774
2853.98,32168,1782
2855.27,32240,1787
2856.56,32326,1791
2857.85,32362,1793
2859.14,32379,1795
2860.43,32276,1789
2861.72,32290,1789
2863.01,32277,1788
2864.30,32034,1774
2865.59,31982,1771
2866.87,31762,1759
2868.16,31519,1745
2869.45,31349,1735
2870.74,31075,1720
2872.03,30798,1703
2873.32,30427,1683
2874.61,30080,1663
2875.90,29722,1643
2877.19,29375,1624
2878.48,28888,1596
2879.77,28412,1569
2881.05,28051,1549
2882.34,27433,1513
2883.63,26959,1487
2884.92,26459,1459
2886.21,25882,1426
2887.50,25415,1401
2888.79,24841,1369
2890.08,24184,1332
2891.37,23639,1300
2892.66,23073,1270
2893.95,22440,1234
2895.23,21698,1193
2896.52,21034,1156
2897.81,20376,1119
2899.10,19747,1084
2900.39,18984,1042
2901.68,18372,1008
2902.97,17583,963
2904.26,16927,928
2905.55,16020,876
2906.84,15495,848
2908.12,14690,804
2909.41,13877,759
2910.70,13165,720
2911.99,12529,684
2913.28,11796,644
2914.57,11140,609
2915.86,10473,573
2917.15,9838,538
2918.44,9154,499
2919.73,8419,459
2921.02,7702,420
2922.30,7158,391
2923.59,6641,363
2924.88,6050,330
2926.17,5471,298
2927.46,4952,270
2928.75,4455,243
2930.04,3922,214
2931.33,3454,189
2932.62,3015,165
2933.91,2587,142
2935.20,2207,122
2936.48,1834,101
2937.77,1502,83
2939.06,1218,68
2940.35,944,53
2941.64,716,41
2942.93,538,31
2944.22,376,23
2945.51,258,15
2946.80,185,12
2948.09,134,9
2949.37,125,8
2950.66,153,10
2951.95,214,13
2953.24,316,19
2954.53,456,26
2955.82,580,33
2957.11,816,46
2958.40,1022,57
2959.69,1230,68
2960.98,1532,84
2962.27,1835,101
2963.55,2170,119
2964.84,2581,141
2966.13,2985,162
2967.42,3413,186
2968.71,3889,211
2970.00,4354,237
2971.29,4875,266
2972.58,5345,291
2973.87,5838,318
2975.16,6455,352
2976.45,7034,384
2977.73,7742,423
2979.02,8312,453
2980.31,9029,492
2981.60,9534,520
2982.89,10253,559
2984.18,10921,596
2985.47,11510,629
2986.76,12185,667
2988.05,13016,710
2989.34,13594,743
2990.62,14284,781
2991.91,15013,822
2993.20,15759,862
2994.49,16317,894
2995.78,16996,931
2997.07,17756,973
2998.36,18489,1014
2999.65,19125,1050
3000.94,19839,1089
3002.23,20568,1129
3003.52,21238,1165
3004.80,21889,1203
3006.09,22707,1248
3007.38,23241,1278
3008.67,23882,1313
3009.96,24573,1351
3011.25,25187,1386
3012.54,25796,1421
3013.83,26576,1464
3015.12,27082,1492
3016.41,27562,1518
3017.70,28074,1547
3018.98,28632,1578
3020.27,29133,1607
3021.56,29582,1631
3022.85,29998,1654
3024.14,30411,1676
3025.43,30855,1702
3026.72,31193,1721
3028.01,31548,1741
3029.30,31781,1755
3030.59,32057,1770
3031.87,32301,1783
3033.16,32455,1791
3034.45,32630,1801
3035.74,32775,1808
3037.03,32855,1813
3038.32,32939,1818
3039.61,32965,1821
3040.90,32967,1820
3042.19,32908,1818
3043.48,32800,1810
3044.77,32704,1807
3046.05,32548,1796
3047.34,32358,1785
3048.63,32119,1772
3049.92,31893,1759
3051.21,31610,1744
3052.50,31278,1724
3053.79,30929,1706
3055.08,30544,1683
3056.37,30111,1658
3057.66,29683,1634
3058.95,29195,1608
3060.23,28699,1581
3061.52,28192,1551
3062.81,27674,1522
3064.10,27084,1490
3065.39,26597,1463
3066.68,25949,1427
3067.97,25361,1393
3069.26,24689,1356
3070.55,24036,1320
3071.84,23418,1285
3073.12,22752,1247
3074.41,22080,1211
3075.70,21343,1171
3076.99,20713,1135
3078.28,19974,1094
3079.57,19281,1057
3080.86,18492,1011
3082.15,17710,969
3083.44,16993,930
3084.73,16282,891
3086.02,15532,849
3087.30,14820,809
3088.59,14151,773
3089.88,13399,732
3091.17,12770,696
3092.46,12089,659
3093.75,11450,625
3095.04,10731,585
3096.33,10053,548
3097.62,9426,514
3098.91,8769,478
3100.20,8267,450
3101.48,7650,416
3102.77,7086,386
3104.06,6523,355
3105.35,5953,324
3106.64,5331,291
3107.93,4866,266
3109.22,4335,235
3110.51,3896,213
3111.80,3445,188
3113.09,3077,168
3114.37,2622,143
3115.66,2251,124
3116.95,1854,102
3118.24,1589,87
3119.53,1248,69
3120.82,1002,56
3122.11,768,43
3123.40,607,35
3124.69,431,25
3125.98,312,19
3127.27,214,13
3128.55,155,10
3129.84,125,8
3131.13,134,9
3132.42,176,11
3133.71,252,15
3135.00,365,21
3136.29,503,29
3137.58,719,40
3138.87,913,51
3140.16,1142,63
3141.45,1432,78
3142.73,1744,96
3144.02,2056,113
3145.31,2466,135
3146.60,2896,159
3147.89,3393,185
3149.18,3830,208
3150.47,4354,237
3151.76,4855,265
3153.05,5482,299
3154.34,6153,335
3155.62,6728,367
3156.91,7338,400
3158.20,7965,435
3159.49,8627,471
3160.78,9313,509
3162.07,10001,547
3163.36,10686,584
3164.65,11414,624
3165.94,12111,663
3167.23,12790,700
3168.52,13571,744
3169.80,14167,776
3171.09,14848,814
3172.38,15592,855
3173.67,16315,896
3174.96,17027,935
3176.25,17717,973
3177.54,18568,1021
3178.83,19183,1054
3180.12,19897,1094
3181.41,20579,1133
3182.70,21227,1169
3183.98,21933,1208
3185.27,22566,1244
3186.56,23200,1279
3187.85,23861,1317
3189.14,24500,1353
3190.43,25115,1386
3191.72,25657,1416
3193.01,26190,1446
3194.30,26832,1483
3195.59,27247,1507
3196.87,27714,1533
3198.16,28182,1559
3199.45,28620,1583
3200.74,29033,1607
3202.03,29478,1631
3203.32,29844,1652
3204.61,30214,1672
3205.90,30483,1687
3207.19,30770,1705
3208.48,31062,1719
3209.77,31323,1735
3211.05,31541,1748
3212.34,31706,1757
3213.63,31897,1767
3214.92,32048,1777
3216.21,32126,1779
3217.50,32214,1785
3218.79,32232,1786
3220.08,32259,1788
3221.37,32284,1789
3222.66,32220,1785
3223.95,32203,1783
3225.23,32062,1774
3226.52,31905,1768
3227.81,31766,1758
3229.10,31480,1744
3230.39,31306,1732
3231.68,31037,1718
3232.97,30781,1703
3234.26,30366,1679
3235.55,30023,1661
3236.84,29676,1640
3238.12,29221,1616
3239.41,28797,1591
3240.70,28350,1566
3241.99,27812,1536
3243.28,27203,1501
3244.57,26750,1477
3245.86,26197,1445
3247.15,25465,1404
3248.44,24864,1370
3249.73,24363,1342
3251.02,23661,1303
3252.30,23052,1269
3253.59,22354,1230
3254.88,21523,1183
3256.17,20758,1140
3257.46,20154,1107
3258.75,19409,1066
3260.04,18610,1020
3261.33,17853,980
3262.62,17152,940
3263.91,16293,893
3265.20,15596,854
3266.48,14854,814
3267.77,14133,774
3269.06,13434,734
3270.35,12678,693
3271.64,11895,650
3272.93,11268,616
3274.22,10548,577
3275.51,9969,545
3276.80,9325,509
3278.09,8621,471
3279.37,8062,439
3280.66,7463,407
3281.95,6865,374
3283.24,6241,341
3284.53,5696,310
3285.82,5190,283
3287.11,4647,254
3288.40,4194,229
3289.69,3748,205
3290.98,3289,180
3292.27,2823,155
3293.55,2438,134
3294.84,2095,115
3296.13,1765,98
3297.42,1454,80
3298.71,1186,66
3300.00,974,55
3301.29,736,42
3302.58,583,33
3303.87,443,26
3305.16,322,19
3306.45,224,14
3307.73,159,10
3309.02,129,9
3310.31,126,9
3311.60,156,10
3312.89,204,12
3314.18,297,18
3315.47,427,24
3316.76,549,31
3318.05,749,42
3319.34,952,53
3320.62,1172,65
3321.91,1434,79
3323.20,1724,95
3324.49,2043,112
3325.78,2429,133
3327.07,2831,154
3328.36,3269,178
3329.65,3697,202
3330.94,4221,230
3332.23,4776,260
3333.52,5219,285
3334.80,5735,312
3336.09,6343,346
3337.38,6901,377
3338.67,7499,409
3339.96,8140,443
3341.25,8823,481
3342.54,9490,518
3343.83,10208,558
3345.12,10869,594
3346.41,11543,631
3347.70,12260,671
3348.98,13162,720
3350.27,13762,753
3351.56,14537,795
3352.85,15313,837
3354.14,16084,882
3355.43,16825,921
3356.72,17634,967
3358.01,18395,1008
3359.30,19265,1057
3360.59,20034,1100
3361.87,20724,1137
3363.16,21498,1180
3364.45,22274,1223
3365.74,23056,1266
3367.03,23689,1302
3368.32,24405,1341
3369.61,25246,1389
3370.90,25701,1415
3372.19,26279,1446
3373.48,26906,1480
3374.77,27501,1514
3376.05,28010,1544
3377.34,28557,1573
3378.63,29052,1601
3379.92,29537,1629
3381.21,29913,1650
3382.50,30284,1671
3383.79,30647,1689
3385.08,31058,1713
3386.37,31383,1731
3387.66,31689,1748
3388.95,31958,1765
3390.23,32208,1779
3391.52,32325,1784
3392.81,32551,1798
3394.10,32717,1805
3395.39,32817,1812
3396.68,32930,1818
3397.97,32958,1820
3399.26,32982,1821
3400.55,32925,1818
3401.84,32877,1814
3403.12,32806,1811
3404.41,32713,1805
3405.70,32572,1798
3406.99,32413,1787
3408.28,32188,1775
3409.57,32031,1767
3410.86,31750,1751
3412.15,31441,1733
3413.44,31182,1720
3414.73,30869,1702
3416.02,30464,1679
3417.30,30067,1656
3418.59,29752,1640
3419.88,29271,1613
3421.17,28799,1586
3422.46,28284,1556
3423.75,27818,1531
3425.04,27230,1498
3426.33,26682,1468
3427.62,26105,1437
3428.91,25625,1409
3430.20,24952,1372
3431.48,24168,1327
3432.77,23596,1296
3434.06,23008,1264
3435.35,22231,1219
3436.64,21549,1181
3437.93,20815,1142
3439.22,20093,1101
3440.51,19404,1063
3441.80,18639,1020
3443.09,17932,981
3444.37,17226,943
3445.66,16403,897
3446.95,15606,854
3448.24,14881,813
3449.53,14118,770
3450.82,13339,727
3452.11,12722,694
3453.40,12003,654
3454.69,11235,613
3455.98,10547,576
3457.27,9824,535
3458.55,9123,497
3459.84,8413,458
3461.13,7795,425
3462.42,7093,387
3463.71,6508,355
3465.00,5915,322
3466.29,5281,287
3467.58,4687,256
3468.87,4161,227
3470.16,3694,201
3471.45,3173,173
3472.73,2670,146
3474.02,2352,129
3475.31,1914,105
3476.60,1610,89
3477.89,1302,72
3479.18,1040,58
3480.47,825,45
3481.76,617,35
3483.05,451,26
3484.34,317,19
3485.62,226,14
3486.91,165,11
3488.20,130,8
3489.49,130,8
3490.78,157,10
3492.07,220,13
3493.36,337,20
3494.65,454,26
3495.94,609,34
3497.23,797,45
3498.52,1045,58
3499.80,1263,69
3501.09,1546,85
3502.38,1841,101
3503.67,2212,121
3504.96,2580,141
3506.25,3025,166
3507.54,3458,189
3508.83,3906,213
3510.12,4349,237
3511.41,4806,263
3512.70,5336,291
3513.98,5801,316
3515.27,6419,350
3516.56,6946,379
3517.85,7552,411
3519.14,8118,444
3520.43,8711,476
3521.72,9355,510
3523.01,9965,545
3524.30,10593,578
3525.59,11233,615
3526.87,11900,651
3528.16,12601,690
3529.45,13307,729
3530.74,14007,767
3532.03,14687,804
3533.32,15408,844
3534.61,16099,883
3535.90,16806,922
3537.19,17554,964
3538.48,18293,1005
3539.77,19027,1045
3541.05,19770,1087
3542.34,20487,1127
3543.63,21181,1166
3544.92,21869,1203
3546.21,22553,1242
3547.50,23205,1277
3548.79,23794,1311
3550.08,24440,1347
3551.37,25083,1383
3552.66,25709,1417
3553.95,26275,1450
3555.23,26885,1483
3556.52,27370,1511
3557.81,27838,1539
3559.10,28359,1567
3560.39,28836,1595
3561.68,29278,1620
3562.97,29709,1645
3564.26,30110,1667
3565.55,30475,1687
3566.84,30799,1706
3568.12,31086,1720
3569.41,31411,1740
3570.70,31660,1754
3571.99,31824,1763
3573.28,31925,1770
3574.57,32069,1777
3575.86,32194,1784
3577.15,32262,1788
3578.44,32293,1789
3579.73,32261,1788
3581.02,32267,1788
3582.30,32212,1784
3583.59,32054,1775
3584.88,31992,1770
3586.17,31796,1760
3587.46,31612,1749
3588.75,31403,1738
3590.04,31149,1724
3591.33,30873,1708
3592.62,30539,1690
3593.91,30229,1672
3595.20,29879,1653
3596.48,29455,1628
3597.77,28981,1601
3599.06,28445,1570
3600.35,28096,1552
3601.64,27453,1514
switching colors
3602.93,11380,236
3604.22,11176,231
3605.51,10946,227
3606.80,10736,222
3608.09,10450,216
3609.37,10178,211
3610.66,9944,205
3611.95,9615,199
3613.24,9337,193
3614.53,9057,187
3615.82,8810,182
3617.11,8480,175
3618.40,8226,170
3619.69,7974,165
3620.98,7673,160
3622.27,7375,153
3623.55,7099,147
3624.84,6802,141
3626.13,6532,135
3627.42,6242,129
3628.71,5961,123
3630.00,5688,118
3631.29,5397,112
3632.58,5110,106
3633.87,4825,100
3635.16,4537,94
3636.45,4269,88
3637.73,4019,84
3639.02,3742,78
3640.31,3474,72
3641.60,3215,66
3642.89,2971,62
3644.18,2710,57
3645.47,2467,51
3646.76,2244,47
3648.05,2003,42
3649.34,1804,38
3650.62,1607,34
3651.91,1414,30
3653.20,1208,26
3654.49,1064,23
3655.78,913,20
3657.07,763,17
3658.36,622,14
3659.65,508,12
3660.94,404,9
3662.23,303,8
3663.52,225,6
3664.80,167,5
3666.09,118,4
3667.38,82,3
3668.67,55,3
3669.96,47,2
3671.25,54,2
3672.54,72,2
3673.83,116,4
3675.12,170,5
3676.41,224,5
3677.70,306,7
3678.98,416,9
3680.27,527,12
3681.56,657,14
3682.85,813,18
3684.14,962,20
3685.43,1144,24
3686.72,1304,28
3688.01,1518,32
3689.30,1691,35
3690.59,1947,40
3691.87,2142,44
3693.16,2383,49
3694.45,2636,55
3695.74,2865,60
3697.03,3102,64
3698.32,3370,69
3699.61,3629,75
3700.90,3896,81
3702.19,4179,87
3703.48,4457,92
3704.77,4767,99
3706.05,5097,105
3707.34,5412,111
3708.63,5647,117
3709.92,6003,124
3711.21,6282,130
3712.50,6541,135
3713.79,6836,141
3715.08,7167,148
3716.37,7485,154
3717.66,7828,161
3718.95,8112,167
3720.23,8402,173
3721.52,8672,179
3722.81,8958,184
3724.10,9272,191
3725.39,9532,196
3726.68,9778,201
3727.97,10011,206
3729.26,10296,213
3730.55,10563,218
3731.84,10820,222
3733.12,11028,227
3734.41,11229,231
3735.70,11451,236
3736.99,11685,241
3738.28,11889,245
3739.57,12079,249
3740.86,12291,254
3742.15,12436,256
3743.44,12594,260
3744.73,12767,263
3746.02,12920,267
3747.30,13049,269
3748.59,13195,272
3749.88,13298,275
3751.17,13401,277
3752.46,13491,279
3753.75,13562,279
3755.04,13632,282
3756.33,13681,282
3757.62,13721,283
3758.91,13739,284
3760.20,13739,283
3761.48,13743,283
3762.77,13732,283
3764.06,13689,282
3765.35,13630,281
3766.64,13576,280
3767.93,13502,279
3769.22,13426,277
3770.51,13330,275
3771.80,13176,272
3773.09,13065,270
3774.37,12888,266
3775.66,12752,263
3776.95,12582,259
3778.24,12379,255
3779.53,12179,252
3780.82,11979,247
3782.11,11719,242
3783.40,11517,238
3784.69,11243,232
3785.98,11000,227
3787.27,10687,220
3788.55,10432,216
3789.84,10151,209
3791.13,9880,203
3792.42,9589,198
3793.71,9283,192
3795.00,9028,187
3796.29,8705,179
3797.58,8372,173
3798.87,8092,167
3800.16,7796,161
3801.45,7465,154
3802.73,7161,148
3804.02,6865,142
3805.31,6584,136
3806.60,6236,129
3807.89,5913,122
3809.18,5646,116
3810.47,5337,110
3811.76,5027,104
3813.05,4715,98
3814.34,4473,93
3815.62,4160,87
3816.91,3919,81
3818.20,3613,75
3819.49,3378,70
3820.78,3102,65
3822.07,2856,59
3823.36,2612,54
3824.65,2384,50
3825.94,2167,46
3827.23,1956,42
3828.52,1719,37
3829.80,1563,33
3831.09,1397,30
3832.38,1233,27
3833.67,1039,22
3834.96,914,20
3836.25,775,17
3837.54,653,15
3838.83,544,12
3840.12,435,11
3841.41,348,8
3842.70,270,7
3843.98,200,5
3845.27,148,4
3846.56,100,4
3847.85,70,3
3849.14,52,2
3850.43,47,3
3851.72,53,3
3853.01,74,3
3854.30,107,4
3855.59,155,4
3856.87,222,6
3858.16,302,8
3859.45,402,9
3860.74,479,11
3862.03,607,14
3863.32,725,16
3864.61,871,19
3865.90,1017,22
3867.19,1188,26
3868.48,1378,29
3869.77,1567,33
3871.05,1770,37
3872.34,1967,42
3873.63,2193,46
3874.92,2415,50
3876.21,2651,55
3877.50,2903,61
3878.79,3147,65
3880.08,3416,71
3881.37,3721,78
3882.66,4014,83
3883.95,4302,89
3885.23,4577,95
3886.52,4900,101
3887.81,5196,108
3889.10,5529,115
3890.39,5864,121
3891.68,6173,128
3892.97,6540,135
3894.26,6851,142
3895.55,7188,149
3896.84,7460,154
3898.12,7774,161
3899.41,8109,168
3900.70,8394,174
3901.99,8707,180
3903.28,9023,186
3904.57,9289,191
3905.86,9563,197
3907.15,9835,204
3908.44,10082,208
3909.73,10329,213
3911.02,10599,219
3912.30,10782,223
3913.59,11037,228
3914.88,11295,233
3916.17,11530,238
3917.46,11726,242
3918.75,11873,245
3920.04,12095,250
3921.33,12296,255
3922.62,12457,258
3923.91,12613,261
3925.20,12765,264
3926.48,12913,267
3927.77,13038,270
3929.06,13141,272
3930.35,13248,274
3931.64,13326,275
3932.93,13408,276
3934.22,13471,279
3935.51,13500,279
3936.80,13535,280
3938.09,13537,280
3939.37,13558,280
3940.66,13547,280
3941.95,13522,279
3943.24,13500,280
3944.53,13474,279
3945.82,13424,277
3947.11,13385,277
3948.40,13294,275
3949.69,13211,273
3950.98,13087,270
3952.27,12985,269
3953.55,12856,266
3954.84,12734,263
3956.13,12602,261
3957.42,12419,256
3958.71,12240,253
3960.00,12073,250
3961.29,11854,245
3962.58,11646,240
3963.87,11400,235
3965.16,11184,231
3966.45,10973,227
3967.73,10697,221
3969.02,10439,215
3970.31,10186,210
3971.60,9945,205
3972.89,9647,199
3974.18,9361,193
3975.47,9079,187
3976.76,8800,182
3978.05,8468,175
3979.34,8182,169
3980.62,7885,163
3981.91,7592,157
3983.20,7290,151
3984.49,6984,145
3985.78,6630,137
3987.07,6345,131
3988.36,6000,124
3989.65,5706,118
3990.94,5420,112
3992.23,5091,105
3993.52,4785,99
3994.80,4482,93
3996.09,4195,87
3997.38,3906,81
3998.67,3543,74
3999.96,3295,68
4001.25,3002,62
4002.54,2785,58
4003.83,2525,53
4005.12,2274,48
4006.41,2073,44
4007.70,1855,39
4008.98,1640,35
4010.27,1447,31
4011.56,1258,27
4012.85,1076,23
4014.14,931,20
4015.43,801,18
4016.72,653,15
4018.01,540,12
4019.30,437,10
4020.59,337,8
4021.87,254,7
4023.16,188,5
4024.45,132,4
4025.74,92,3
4027.03,65,3
4028.32,49,2
4029.61,47,3
4030.90,60,3
4032.19,84,3
4033.48,125,4
4034.77,196,5
4036.05,244,7
4037.34,310,8
4038.63,418,10
4039.92,515,12
4041.21,635,14
4042.50,744,16
4043.79,871,19
4045.08,1042,22
4046.37,1184,25
4047.66,1365,29
4048.95,1536,33
4050.23,1714,36
4051.52,1930,40
4052.81,2108,44
4054.10,2313,48
4055.39,2560,53
4056.68,2806,59
4057.97,3009,63
4059.26,3272,68
4060.55,3501,73
4061.84,3801,79
4063.12,4040,84
4064.41,4327,90
4065.70,4615,95
4066.99,4911,102
4068.28,5222,108
4069.57,5548,115
4070.86,5844,120
4072.15,6130,126
4073.44,6420,133
4074.73,6742,139
4076.02,7056,145
4077.30,7357,152
4078.59,7685,159
4079.88,8032,165
4081.17,8322,171
4082.46,8631,178
4083.75,8926,183
4085.04,9248,191
4086.33,9541,196
4087.62,9787,202
4088.91,10015,206
4090.20,10273,212
4091.48,10597,219
4092.77,10926,225
4094.06,11140,230
4095.35,11338,234
4096.64,11581,238
4097.93,11800,244
4099.22,12019,248
4100.51,12235,252
4101.80,12434,257
4103.09,12605,260
4104.37,12790,264
4105.66,12941,266
4106.95,13084,270
4108.24,13211,272
4109.53,13317,275
4110.82,13409,277
4112.11,13489,278
4113.40,13544,279
4114.69,13598,281
4115.98,13651,281
4117.27,13660,280
4118.55,13684,282
4119.84,13685,282
4121.13,13669,282
4122.42,13653,282
4123.71,13603,280
4125.00,13541,279
4126.29,13464,277
4127.58,13362,276
4128.87,13273,274
4130.16,13165,271
4131.45,13049,269
4132.73,12932,266
4134.02,12780,263
4135.31,12626,260
4136.60,12443,257
4137.89,12270,252
4139.18,12089,250
4140.47,11885,245
4141.76,11673,241
4143.05,11466,237
4144.34,11215,231
4145.62,10991,227
4146.91,10760,222
4148.20,10540,218
4149.49,10282,212
4150.78,9983,206
4152.07,9750,201
4153.36,9478,196
4154.65,9218,190
4155.94,9026,186
4157.23,8681,179
4158.52,8382,173
4159.80,8108,167
4161.09,7814,161
4162.38,7489,155
4163.67,7176,148
4164.96,6902,142
4166.25,6620,136
4167.54,6318,130
4168.83,6031,125
4170.12,5726,119
4171.41,5422,112
4172.70,5133,106
4173.98,4850,101
4175.27,4509,93
4176.56,4233,88
4177.85,3959,83
4179.14,3680,76
4180.43,3398,71
4181.72,3151,66
4183.01,2909,61
4184.30,2646,55
4185.59,2410,51
4186.87,2174,46
4188.16,1949,41
4189.45,1715,37
4190.74,1548,33
4192.03,1359,29
4193.32,1181,26
4194.61,1006,22
4195.90,857,19
4197.19,724,16
4198.48,586,13
4199.77,466,11
4201.05,365,9
4202.34,276,7
4203.63,197,6
4204.92,133,4
4206.21,91,3
4207.50,62,2
4208.79,48,3
4210.08,50,3
4211.37,67,2
4212.66,97,3
4213.95,146,4
4215.23,212,6
4216.52,290,7
4217.81,370,9
4219.10,471,11
4220.39,605,14
4221.68,708,16
4222.97,841,19
4224.26,1010,22
4225.55,1164,25
4226.84,1335,28
4228.12,1513,32
4229.41,1707,36
4230.70,1899,40
4231.99,2093,45
4233.28,2328,49
4234.57,2579,54
4235.86,2815,59
4237.15,3048,63
4238.44,3316,69
4239.73,3563,74
4241.02,3850,79
4242.30,4148,86
4243.59,4383,90
4244.88,4673,97
4246.17,5012,103
4247.46,5266,109
4248.75,5530,115
4250.04,5810,120
4251.33,6139,127
4252.62,6403,132
4253.91,6671,138
4255.20,6980,144
4256.48,7310,151
4257.77,7578,157
4259.06,7856,162
4260.35,8119,167
4261.64,8392,173
4262.93,8670,179
4264.22,8939,184
4265.51,9203,191
4266.80,9503,197
4268.09,9740,202
4269.37,10042,208
4270.66,10275,213
4271.95,10530,217
4273.24,10755,223
4274.53,10982,227
4275.82,11234,232
4277.11,11599,239
4278.40,11680,242
4279.69,11877,246
4280.98,12122,251
4282.27,12318,254
4283.55,12445,257
4284.84,12613,260
4286.13,12763,264
4287.42,12926,267
4288.71,13043,269
4290.00,13125,271
4291.29,13254,273
4292.58,13342,276
4293.87,13416,278
4295.16,13486,278
4296.45,13527,280
4297.73,13548,280
4299.02,13579,281
4300.31,13601,281
4301.60,13588,281
4302.89,13573,280
4304.18,13532,280
4305.47,13465,278
4306.76,13415,278
4308.05,13350,276
4309.34,13251,274
4310.62,13117,271
4311.91,12985,268
4313.20,12854,266
4314.49,12708,263
4315.78,12534,259
4317.07,12323,254
4318.36,12142,251
4319.65,11944,247
4320.94,11726,242
4322.23,11476,237
4323.52,11241,232
4324.80,11028,228
4326.09,10735,222
4327.38,10491,216
4328.67,10233,211
4329.96,10013,207
4331.25,9726,201
4332.54,9455,196
4333.83,9152,189
4335.12,8898,184
4336.41,8623,178
4337.70,8310,171
4338.98,8012,165
4340.27,7714,159
4341.56,7435,154
4342.85,7150,148
4344.14,6792,141
4345.43,6549,136
4346.72,6249,129
4348.01,5910,122
4349.30,5623,117
4350.59,5312,110
4351.87,5026,104
4353.16,4733,98
4354.45,4462,92
4355.74,4218,88
4357.03,3931,82
4358.32,3694,77
4359.61,3428,72
4360.90,3193,66
4362.19,2952,62
4363.48,2685,56
4364.77,2465,52
4366.05,2262,47
4367.34,2060,43
4368.63,1870,39
4369.92,1656,35
4371.21,1465,31
4372.50,1315,28
4373.79,1132,25
4375.08,976,21
4376.37,844,18
4377.66,713,16
4378.95,590,13
4380.23,469,11
4381.52,367,9
4382.81,284,7
4384.10,213,5
4385.39,154,5
4386.68,99,3
4387.97,69,3
4389.26,52,3
4390.55,47,2
4391.84,56,2
4393.12,76,3
4394.41,114,4
4395.70,184,5
4396.99,229,6
4398.28,308,8
4399.57,420,10
4400.86,532,12
4402.15,647,14
4403.44,755,17
4404.73,909,20
4406.02,1085,23
4407.30,1234,27
4408.59,1426,30
4409.88,1649,34
4411.17,1869,39
4412.46,2092,44
4413.75,2306,48
4415.04,2525,52
4416.33,2800,58
4417.62,3063,64
4418.91,3346,69
4420.20,3630,75
4421.48,3956,82
4422.77,4250,88
4424.06,4518,93
4425.35,4858,100
4426.64,5221,107
4427.93,5496,113
4429.22,5783,119
4430.51,6098,125
4431.80,6417,132
4433.09,6699,138
4434.37,7017,144
4435.66,7343,151
4436.95,7649,158
4438.24,7988,165
4439.53,8270,171
4440.82,8551,177
4442.11,8854,183
4443.40,9121,188
4444.69,9424,194
4445.98,9686,200
4447.27,9936,204
4448.55,10211,209
4449.84,10459,216
4451.13,10757,222
4452.42,11010,227
4453.71,11226,232
4455.00,11433,236
4456.29,11682,241
4457.58,11918,245
4458.87,12102,250
4460.16,12259,253
4461.45,12431,257
4462.73,12592,259
4464.02,12753,263
4465.31,12902,266
4466.60,13025,268
4467.89,13143,271
4469.18,13257,274
4470.47,13346,276
4471.76,13424,277
4473.05,13491,279
4474.34,13557,280
4475.62,13614,281
4476.91,13635,281
4478.20,13657,282
4479.49,13662,282
4480.78,13674,282
4482.07,13671,282
4483.36,13646,281
4484.65,13614,281
4485.94,13565,280
4487.23,13481,278
4488.52,13402,276
4489.80,13318,275
4491.09,13219,273
4492.38,13074,270
4493.67,12950,267
4494.96,12809,264
4496.25,12650,261
4497.54,12476,258
4498.83,12292,253
4500.12,12113,250
4501.41,11893,245
4502.70,11663,241
4503.98,11457,237
4505.27,11191,231
4506.56,10975,226
4507.85,10724,221
4509.14,10441,216
4510.43,10150,210
4511.72,9897,204
4513.01,9635,198
4514.30,9324,193
4515.59,9045,186
4516.87,8738,180
4518.16,8400,174
4519.45,8086,167
4520.74,7746,161
4522.03,7442,153
4523.32,7101,146
4524.61,6752,139
4525.90,6455,133
4527.19,6053,125
4528.48,5710,118
4529.77,5402,112
4531.05,5145,107
4532.34,4828,100
4533.63,4494,93
4534.92,4205,87
4536.21,3870,81
4537.50,3613,75
4538.79,3341,70
4540.08,3125,65
4541.37,2875,60
4542.66,2676,56
4543.95,2425,51
4545.23,2199,46
4546.52,1995,42
4547.81,1767,37
4549.10,1570,33
4550.39,1371,29
4551.68,1235,26
4552.97,1054,23
4554.26,914,20
4555.55,767,17
4556.84,649,14
4558.12,536,12
4559.41,421,10
4560.70,327,8
4561.99,258,7
4563.28,182,5
4564.57,132,4
4565.86,89,3
4567.15,63,2
4568.44,49,3
4569.73,47,2
4571.02,55,2
4572.30,77,3
4573.59,111,4
4574.88,158,5
4576.17,221,6
4577.46,288,7
4578.75,363,9
4580.04,454,11
4581.33,573,13
4582.62,679,15
4583.91,800,18
4585.20,894,19
4586.48,1058,23
4587.77,1217,26
4589.06,1373,29
4590.35,1572,33
4591.64,1818,38
4592.93,2028,42
4594.22,2254,48
4595.51,2500,52
4596.80,2730,57
4598.09,3007,63
4599.37,3239,67
4600.66,3490,73
4601.95,3781,78
4603.24,4077,85
4604.53,4330,90
4605.82,4614,96
4607.11,4927,101
4608.40,5217,109
4609.69,5546,114
4610.98,5836,121
4612.27,6165,128
4613.55,6415,133
4614.84,6769,140
4616.13,7056,146
4617.42,7364,152
4618.71,7711,159
4620.00,7979,165
4621.29,8323,172
4622.58,8634,178
4623.87,8904,184
4625.16,9203,190
4626.45,9525,197
4627.73,9825,203
4629.02,10207,211
4630.31,10483,217
4631.60,10755,222
4632.89,11034,229
4634.18,11314,234
4635.47,11564,239
4636.76,11827,245
4638.05,12063,249
4639.34,12238,254
4640.62,12447,257
4641.91,12635,261
4643.20,12823,266
4644.49,12951,268
4645.78,13094,271
4647.07,13225,274
4648.36,13345,275
4649.65,13436,278
4650.94,13546,280
4652.23,13644,282
4653.52,13697,282
4654.80,13748,285
4656.09,13787,284
4657.38,13803,285
4658.67,13824,286
4659.96,13829,285
4661.25,13807,286
4662.54,13780,285
4663.83,13745,284
4665.12,13676,283
4666.41,13605,280
4667.70,13520,279
4668.98,13417,277
4670.27,13310,275
4671.56,13197,273
4672.85,13069,270
4674.14,12911,267
4675.43,12787,264
4676.72,12623,261
4678.01,12429,257
4679.30,12262,253
4680.59,12057,249
4681.87,11853,244
4683.16,11618,240
4684.45,11409,235
4685.74,11213,232
4687.03,10977,227
4688.32,10740,221
4689.61,10475,215
4690.90,10223,211
4692.19,9964,206
4693.48,9688,200
4694.77,9399,194
4696.05,9138,189
4697.34,8852,183
4698.63,8545,177
4699.92,8220,170
4701.21,7934,164
4702.50,7636,158
4703.79,7309,151
4705.08,6943,142
4706.37,6706,138
4707.66,6407,132
4708.95,6073,126
4710.23,5800,120
4711.52,5483,113
4712.81,5175,107
4714.10,4855,100
4715.39,4559,95
4716.68,4279,89
4717.97,4004,83
4719.26,3709,77
4720.55,3429,71
4721.84,3171,66
4723.12,2925,61
4724.41,2644,55
4725.70,2406,50
4726.99,2158,46
4728.28,1946,41
4729.57,1729,37
4730.86,1513,32
4732.15,1329,29
4733.44,1108,24
4734.73,954,21
4736.02,800,17
4737.30,661,15
4738.59,525,12
4739.88,415,9
4741.17,310,8
4742.46,228,6
4743.75,164,5
4745.04,118,4
4746.33,80,3
4747.62,55,2
4748.91,48,2
4750.20,55,2
4751.48,77,3
4752.77,113,4
4754.06,162,5
4755.35,218,6
4756.64,294,7
4757.93,383,9
4759.22,484,12
4760.51,613,14
4761.80,746,17
4763.09,857,19
4764.37,1044,23
4765.66,1187,25
4766.95,1354,29
4768.24,1546,33
4769.53,1733,36
4770.82,2005,42
4772.11,2176,45
4773.40,2408,50
4774.69,2653,55
4775.98,2895,60
4777.27,3128,65
4778.55,3399,71
4779.84,3655,76
4781.13,3915,81
4782.42,4183,87
4783.71,4473,92
4785.00,4721,98
4786.29,5038,104
4787.58,5327,109
4788.87,5627,116
4790.16,5877,121
4791.45,6165,127
4792.73,6456,134
4794.02,6747,139
4795.31,7049,145
4796.60,7362,151
4797.89,7707,159
4799.18,8001,165
4800.47,8276,171
4801.76,8603,176
4803.05,8875,182
4804.34,9166,189
4805.62,9502,195
4806.91,9775,202
4808.20,10049,207
4809.49,10338,213
4810.78,10609,219
4812.07,10879,224
4813.36,11172,230
4814.65,11379,234
4815.94,11597,239
4817.23,11846,244
4818.52,12095,250
4819.80,12303,254
4821.09,12501,258
4822.38,12676,261
4823.67,12848,266
4824.96,13016,268
4826.25,13182,272
4827.54,13317,274
4828.83,13444,277
4830.12,13551,280
4831.41,13664,282
4832.70,13748,283
4833.98,13816,286
4835.27,13876,286
4836.56,13914,287
4837.85,13942,287
4839.14,13957,288
4840.43,13959,288
4841.72,13942,288
4843.01,13894,287
4844.30,13844,286
4845.59,13777,285
4846.87,13700,283
4848.16,13599,280
4849.45,13498,279
4850.74,13375,276
4852.03,13241,273
4853.32,13089,270
4854.61,12917,267
4855.90,12773,263
4857.19,12564,260
4858.48,12383,255
4859.77,12176,251
4861.05,11975,248
4862.34,11750,242
4863.63,11523,239
4864.92,11260,233
4866.21,10989,227
4867.50,10788,222
4868.79,10512,217
4870.08,10229,211
4871.37,9964,206
4872.66,9703,201
4873.95,9416,194
4875.23,9093,188
4876.52,8788,181
4877.81,8530,176
4879.10,8213,170
4880.39,7897,163
4881.68,7590,157
4882.97,7304,152
4884.26,6996,145
4885.55,6684,138
4886.84,6409,133
4888.12,6114,126
4889.41,5817,120
4890.70,5510,114
4891.99,5232,108
4893.28,4965,103
4894.57,4644,96
4895.86,4391,91
4897.15,4114,85
4898.44,3872,81
4899.73,3597,75
4901.02,3335,69
4902.30,3084,65
4903.59,2845,59
4904.88,2598,55
4906.17,2369,50
4907.46,2153,45
4908.75,1940,41
4910.04,1723,36
4911.33,1531,32
4912.62,1321,29
4913.91,1139,24
4915.20,979,22
4916.48,829,18
4917.77,706,16
4919.06,576,13
4920.35,455,11
4921.64,356,8
4922.93,279,7
4924.22,197,6
4925.51,143,4
4926.80,95,3
4928.09,65,3
4929.37,50,3
4930.66,49,3
4931.95,62,3
4933.24,91,3
4934.53,130,4
4935.82,186,5
4937.11,281,7
4938.40,372,9
4939.69,450,10
4940.98,572,13
4942.27,710,15
4943.55,844,18
4944.84,1008,21
4946.13,1188,26
4947.42,1394,29
4948.71,1602,34
4950.00,1816,38
4951.29,2028,43
4952.58,2287,48
4953.87,2538,53
4955.16,2792,58
4956.45,3041,63
4957.73,3287,68
4959.02,3568,74
4960.31,3863,80
4961.60,4142,85
4962.89,4453,92
4964.18,4690,97
4965.47,4976,103
4966.76,5277,109
4968.05,5606,116
4969.34,5871,121
4970.62,6163,128
4971.91,6494,134
4973.20,6820,141
4974.49,7143,148
4975.78,7411,153
4977.07,7722,159
4978.36,8053,165
4979.65,8298,172
4980.94,8618,177
4982.23,8936,184
4983.52,9236,191
4984.80,9526,197
4986.09,9803,203
4987.38,10065,208
4988.67,10329,213
4989.96,10617,220
4991.25,10838,224
4992.54,11059,229
4993.83,11311,233
4995.12,11550,239
4996.41,11770,243
4997.70,11980,248
4998.98,12195,252
5000.27,12378,256
5001.56,12546,259
5002.85,12730,263
5004.14,12883,266
5005.43,13042,269
5006.72,13180,272
5008.01,13323,275
5009.30,13450,279
5010.59,13532,280
5011.87,13645,282
5013.16,13739,284
5014.45,13815,285
5015.74,13863,287
5017.03,13910,288
5018.32,13933,288
5019.61,13958,289
5020.90,13959,288
5022.19,13936,287
5023.48,13921,288
5024.77,13884,286
5026.05,13814,286
5027.34,13754,284
5028.63,13661,283
5029.92,13552,280
5031.21,13441,277
5032.50,13329,275
5033.79,13190,272
5035.08,13042,270
5036.37,12872,266
5037.66,12702,262
5038.95,12497,258
5040.23,12318,254
5041.52,12106,249
5042.81,11841,244
5044.10,11608,240
5045.39,11338,234
5046.68,11089,229
5047.97,10845,224
5049.26,10569,218
5050.55,10248,212
5051.84,9989,207
5053.12,9682,199
5054.41,9359,194
5055.70,9044,187
5056.99,8729,181
5058.28,8419,174
5059.57,8101,167
5060.86,7759,160
5062.15,7496,155
5063.44,7142,148
5064.73,6842,141
5066.02,6514,135
5067.30,6194,128
5068.59,5876,122
5069.88,5574,115
5071.17,5289,109
5072.46,4999,104
5073.75,4695,97
5075.04,4417,92
5076.33,4112,86
5077.62,3826,80
5078.91,3549,74
5080.20,3298,69
5081.48,3038,63
5082.77,2747,57
5084.06,2561,53
5085.35,2323,49
5086.64,2090,44
5087.93,1889,40
5089.22,1676,36
5090.51,1481,32
5091.80,1270,27
5093.09,1107,24
5094.37,976,21
5095.66,827,18
5096.95,687,15
5098.24,584,14
5099.53,476,11
5100.82,360,8
5102.11,280,7
5103.40,214,6
5104.69,156,5
5105.98,110,4
5107.27,78,3
5108.55,58,3
5109.84,49,2
5111.13,51,2
5112.42,68,3
5113.71,110,4
5115.00,143,4
5116.29,205,6
5117.58,268,7
5118.87,348,8
5120.16,446,10
5121.45,553,12
5122.73,698,16
5124.02,826,18
5125.31,981,21
5126.60,1161,25
5127.89,1324,28
5129.18,1517,32
5130.47,1711,36
5131.76,1973,41
5133.05,2162,45
5134.34,2381,50
5135.62,2636,55
5136.91,2882,60
5138.20,3138,65
5139.49,3437,72
5140.78,3688,77
5142.07,3973,82
5143.36,4259,88
5144.65,4559,94
5145.94,4829,99
5147.23,5176,106
5148.52,5571,115
5149.80,5830,120
5151.09,6135,127
5152.38,6497,134
5153.67,6842,141
5154.96,7153,147
5156.25,7496,154
5157.54,7844,162
5158.83,8224,169
5160.12,8565,177
5161.41,8870,183
5162.70,9191,189
5163.98,9493,195
5165.27,9820,202
5166.56,10113,208
5167.85,10369,214
5169.14,10688,220
5170.43,10964,225
5171.72,11210,231
5173.01,11453,236
5174.30,11692,242
5175.59,11933,246
5176.87,12129,250
5178.16,12336,254
5179.45,12536,259
5180.74,12704,262
5182.03,12891,265
5183.32,13065,270
5184.61,13236,273
5185.90,13355,275
5187.19,13490,278
5188.48,13605,281
5189.77,13698,282
5191.05,13795,285
5192.34,13874,286
5193.63,13937,287
5194.92,13985,289
5196.21,14029,289
5197.50,14044,290
5198.79,14048,290
5200.08,14054,290
5201.37,14041,290
5202.66,14017,289
5203.95,13979,289
5205.23,13924,288
5206.52,13859,286
5207.81,13783,284
5209.10,13699,283
5210.39,13590,280
5211.68,13484,278
5212.97,13352,276
5214.26,13207,273
5215.55,13038,269
5216.84,12915,266
5218.12,12744,263
5219.41,12522,259
5220.70,12337,255
5221.99,12139,250
5223.28,11913,245
5224.57,11696,241
5225.86,11459,236
5227.15,11190,231
5228.44,10931,225
5229.73,10661,220
5231.02,10347,213
5232.30,10067,207
5233.59,9831,203
5234.88,9523,196
5236.17,9229,190
5237.46,8903,183
5238.75,8622,178
5240.04,8321,171
5241.33,7981,165
5242.62,7660,159
5243.91,7347,152
5245.20,7030,145
5246.48,6708,139
5247.77,6382,131
5249.06,6083,125
5250.35,5768,119
5251.64,5479,113
5252.93,5132,106
5254.22,4815,100
5255.51,4506,93
5256.80,4203,87
5258.09,3919,81
5259.37,3604,75
5260.66,3338,69
5261.95,3027,63
5263.24,2781,59
5264.53,2519,53
5265.82,2227,47
5267.11,1992,42
5268.40,1779,38
5269.69,1579,34
5270.98,1367,29
5272.27,1178,25
5273.55,1025,22
5274.84,862,19
5276.13,731,16
5277.42,589,13
5278.71,472,11
5280.00,369,9
5281.29,288,7
5282.58,215,6
5283.87,152,5
5285.16,106,3
5286.45,75,3
5287.73,53,3
5289.02,48,2
5290.31,55,2
5291.60,75,3
5292.89,110,3
5294.18,162,5
5295.47,220,6
5296.76,296,8
5298.05,388,9
5299.34,481,11
5300.62,605,13
5301.91,729,16
5303.20,874,19
5304.49,1018,22
5305.78,1192,25
5307.07,1357,29
5308.36,1539,33
5309.65,1702,36
5310.94,1901,40
5312.23,2128,45
5313.52,2332,49
5314.80,2601,54
5316.09,2777,58
5317.38,3040,63
5318.67,3274,67
5319.96,3504,73
5321.25,3768,78
5322.54,4052,84
5323.83,4342,90
5325.12,4612,95
5326.41,4894,102
5327.70,5192,107
5328.98,5481,114
5330.27,5792,120
5331.56,6068,125
5332.85,6384,132
5334.14,6695,138
5335.43,7006,145
5336.72,7385,153
5338.01,7681,159
5339.30,8011,165
5340.59,8257,171
5341.87,8595,178
5343.16,8906,184
5344.45,9203,190
5345.74,9483,196
5347.03,9786,202
5348.32,10068,208
5349.61,10362,214
5350.90,10634,220
5352.19,10893,225
5353.48,11140,231
5354.77,11412,236
5356.05,11633,241
5357.34,11868,246
5358.63,12108,250
5359.92,12332,256
5361.21,12523,258
5362.50,12718,263
5363.79,12905,267
5365.08,13072,270
5366.37,13229,273
5367.66,13375,277
5368.95,13499,279
5370.23,13628,281
5371.52,13726,284
5372.81,13811,285
5374.10,13879,288
5375.39,13933,288
5376.68,13958,288
5377.97,13976,289
5379.26,13974,289
5380.55,13971,289
5381.84,13955,288
5383.12,13935,288
5384.41,13854,285
5385.70,13794,284
5386.99,13716,284
5388.28,13633,282
5389.57,13525,279
5390.86,13403,276
5392.15,13282,275
5393.44,13135,271
5394.73,12972,269
5396.02,12805,265
5397.30,12620,261
5398.59,12444,257
5399.88,12225,253
5401.17,12015,249
5402.46,11785,244