
1.29,13908,2918
2.58,13864,2912
3.87,13762,2893
5.16,13640,2866
6.45,13540,2848
7.73,13396,2818
9.02,13253,2787
10.31,13109,2757
11.60,12925,2721
12.89,12752,2682
14.18,12593,2649
15.47,12408,2612
16.76,12215,2571
18.05,12035,2532
19.34,11820,2489
20.62,11600,2443
21.91,11334,2388
23.20,11046,2327
24.49,10819,2281
25.78,10534,2222
27.07,10274,2168
28.36,10031,2117
29.65,9746,2058
30.94,9429,1993
32.23,9098,1926
33.52,8826,1869
34.80,8506,1805
36.09,8187,1740
37.38,7855,1671
38.67,7535,1605
39.96,7204,1538
41.25,6919,1479
42.54,6567,1407
43.83,6223,1337
45.12,5909,1272
46.41,5602,1210
47.70,5282,1144
48.98,4972,1080
50.27,4687,1022
51.56,4399,963
52.85,4111,904
54.14,3789,838
55.43,3577,795
56.72,3327,743
58.01,3058,690
59.30,2811,639
60.59,2583,593
61.88,2342,544
63.16,2136,501
64.45,1941,462
65.74,1755,424
67.03,1587,390
68.32,1393,350
69.61,1205,313
70.90,1080,287
72.19,945,260
73.48,804,231
74.77,684,207
76.05,569,183
77.34,474,164
78.63,390,147
79.92,319,132
81.21,272,124
82.50,225,114
83.79,197,109
85.08,182,105
86.37,180,105
87.66,192,107
88.95,216,112
90.23,250,120
91.52,294,129
92.81,358,142
94.10,447,160
95.39,532,177
96.68,639,200
97.97,742,220
99.26,861,246
100.55,1002,274
101.84,1172,309
103.12,1327,340
104.41,1513,378
105.70,1740,425
106.99,1907,460
108.28,2118,501
109.57,2350,549
110.86,2590,600
112.15,2823,646
113.44,3074,698
114.73,3373,759
116.02,3645,815
117.30,3923,872
118.59,4210,931
119.88,4508,992
121.17,4809,1054
122.46,5098,1113
123.75,5406,1177
125.04,5683,1234
126.33,6022,1304
127.62,6334,1368
128.91,6643,1430
130.20,6956,1496
131.48,7277,1563
132.77,7561,1621
134.06,7843,1679
135.35,8162,1744
136.64,8464,1807
137.93,8772,1870
139.22,9095,1936
140.51,9411,2003
141.80,9710,2062
143.09,9991,2121
144.38,10268,2178
145.66,10548,2236
146.95,10831,2295
148.24,11090,2347
149.53,11336,2397
150.82,11598,2453
152.11,11805,2495
153.40,12030,2542
154.69,12238,2585
155.98,12444,2628
157.27,12670,2675
158.55,12832,2707
159.84,12986,2739
161.13,13126,2768
162.42,13292,2802
163.71,13411,2827
165.00,13522,2851
166.29,13652,2876
167.58,13740,2895
168.87,13797,2904
170.16,13862,2919
171.45,13897,2924
172.73,13938,2933
174.02,13955,2935
175.31,13955,2937
176.60,13944,2934
177.89,13924,2930
179.18,13894,2923
180.47,13852,2914
181.76,13805,2905
183.05,13735,2889
184.34,13651,2870
185.63,13558,2854
186.91,13464,2832
188.20,13302,2799
189.49,13167,2771
190.78,13031,2743
192.07,12880,2710
193.36,12702,2672
194.65,12536,2638
195.94,12346,2599
197.23,12152,2558
198.52,11968,2518
199.80,11744,2473
201.09,11500,2422
202.38,11266,2375
203.67,11025,2324
204.96,10793,2274
206.25,10558,2227
207.54,10269,2165
208.83,10005,2111
210.12,9720,2054
211.41,9454,2001
212.70,9137,1934
213.98,8877,1880
215.27,8563,1815
216.56,8215,1744
217.85,7951,1691
219.14,7635,1625
220.43,7300,1558
221.72,6971,1489
223.01,6635,1420
224.30,6262,1343
225.59,5962,1282
226.88,5667,1224
228.16,5339,1155
229.45,5044,1095
230.74,4751,1035
232.03,4452,974
233.32,4145,911
234.61,3838,848
235.90,3589,798
237.19,3308,740
238.48,3066,691
239.77,2778,632
241.05,2572,590
242.34,2361,547
243.63,2128,500
244.92,1903,455
246.21,1691,411
247.50,1500,373
248.79,1314,335
250.08,1140,300
251.37,1000,272
252.66,860,243
253.95,719,215
255.23,584,187
256.52,495,170
257.81,404,151
259.10,328,136
260.39,266,124
261.68,227,116
262.97,200,110
264.26,184,107
265.55,184,108
266.84,200,110
268.13,228,117
269.41,276,126
270.70,330,137
271.99,399,152
273.28,479,168
274.57,563,185
275.86,665,206
277.15,785,231
278.44,916,257
279.73,1052,285
281.02,1223,320
282.30,1388,353
283.59,1556,389
284.88,1744,427
286.17,1991,478
287.46,2168,514
288.75,2358,552
290.04,2621,607
291.33,2852,655
292.62,3109,708
293.91,3366,760
295.20,3641,817
296.48,3909,872
297.77,4140,919
299.06,4442,981
300.35,4712,1037
301.64,4982,1092
302.93,5282,1153
304.22,5583,1216
305.51,5885,1277
306.80,6184,1340
308.09,6511,1406
309.38,6808,1467
310.66,7053,1518
311.95,7424,1595
313.24,7694,1649
314.53,7967,1708
315.82,8307,1777
317.11,8668,1852
318.40,8946,1909
319.69,9225,1967
320.98,9555,2035
322.27,9836,2091
323.55,10119,2151
324.84,10429,2215
326.13,10731,2276
327.42,11006,2334
328.71,11275,2390
330.00,11529,2443
331.29,11798,2498
332.58,12031,2547
333.87,12247,2593
335.16,12448,2634
336.45,12651,2674
337.73,12864,2718
339.02,13054,2757
340.31,13217,2791
341.60,13377,2823
342.89,13508,2852
344.18,13632,2876
345.47,13721,2893
346.76,13844,2919
348.05,13947,2940
349.34,13957,2941
350.63,14086,2968
351.91,14125,2975
353.20,14144,2978
354.49,14173,2984
355.78,14183,2987
357.07,14165,2981
358.36,14125,2975
359.65,14086,2967
360.94,14024,2953
362.23,13965,2938
363.52,13890,2923
364.80,13799,2903
366.09,13695,2881
367.38,13560,2853
368.67,13418,2824
369.96,13247,2789
371.25,13100,2758
372.54,12924,2721
373.83,12725,2679
375.12,12529,2639
376.41,12330,2598
377.70,12110,2552
378.98,11889,2504
380.27,11699,2466
381.56,11457,2415
382.85,11174,2357
384.14,10943,2309
385.43,10679,2253
386.72,10428,2203
388.01,10142,2143
389.30,9879,2089
390.59,9626,2037
391.88,9326,1976
393.16,9036,1915
394.45,8701,1846
395.74,8406,1786
397.03,8140,1732
398.32,7835,1669
399.61,7483,1597
400.90,7200,1539
402.19,6903,1475
403.48,6607,1416
404.77,6240,1341
406.05,5964,1284
407.34,5705,1232
408.63,5390,1168
409.92,5034,1095
411.21,4769,1040
412.50,4494,984
413.79,4233,930
415.08,4002,883
416.37,3719,825
417.66,3456,771
418.95,3228,724
420.23,2952,670
421.52,2729,624
422.81,2452,567
424.10,2225,520
425.39,2015,478
426.68,1799,434
427.97,1630,400
429.26,1427,358
430.55,1271,327
431.84,1096,290
433.13,945,261
434.41,780,227
435.70,641,200
436.99,542,179
438.28,444,159
439.57,367,144
440.86,291,129
442.15,251,120
443.44,210,112
444.73,189,108
446.02,183,107
447.30,191,109
448.59,215,113
449.88,257,122
451.17,309,134
452.46,373,147
453.75,453,163
455.04,545,181
456.33,685,210
457.62,791,232
458.91,929,260
460.20,1081,291
461.48,1250,326
462.77,1431,362
464.06,1620,402
465.35,1837,445
466.64,2073,494
467.93,2283,538
469.22,2537,590
470.51,2796,643
471.80,3061,698
473.09,3315,750
474.38,3586,804
475.66,3883,866
476.95,4147,920
478.24,4476,988
479.53,4716,1037
480.82,5029,1102
482.11,5350,1168
483.40,5681,1236
484.69,5929,1287
485.98,6203,1342
487.27,6533,1411
488.55,6794,1466
489.84,7075,1523
491.13,7396,1587
492.42,7765,1665
493.71,8020,1718
495.00,8321,1780
496.29,8604,1836
497.58,8899,1897
498.87,9230,1967
500.16,9505,2024
501.45,9801,2084
502.73,10126,2151
504.02,10357,2201
505.31,10660,2262
506.60,10939,2320
507.89,11209,2375
509.18,11482,2432
510.47,11699,2476
511.76,11890,2514
513.05,12115,2562
514.34,12319,2604
515.63,12504,2642
516.91,12661,2674
518.20,12826,2709
519.49,13009,2748
520.78,13152,2776
522.07,13374,2824
523.36,13524,2852
524.65,13667,2883
525.94,13787,2906
527.23,13898,2928
528.52,14015,2953
529.80,14088,2967
531.09,14150,2979
532.38,14196,2990
533.67,14236,2996
534.96,14258,2999
536.25,14266,3001
537.54,14259,3002
538.83,14218,2991
540.12,14127,2974
541.41,14091,2963
542.70,14021,2950
543.98,13936,2933
545.27,13810,2907
546.56,13695,2882
547.85,13569,2856
549.14,13413,2823
550.43,13262,2792
551.72,13114,2760
553.01,12932,2722
554.30,12719,2679
555.59,12534,2640
556.88,12361,2603
558.16,12098,2550
559.45,11871,2504
560.74,11657,2457
562.03,11359,2396
563.32,11102,2343
564.61,10823,2284
565.90,10554,2229
567.19,10266,2168
568.48,9982,2111
569.77,9634,2038
571.05,9359,1982
572.34,9047,1918
573.63,8704,1846
574.92,8372,1779
576.21,8070,1717
577.50,7774,1656
578.79,7455,1591
580.08,7100,1517
581.37,6781,1453
582.66,6496,1393
583.95,6178,1328
585.23,5797,1250
586.52,5516,1193
587.81,5250,1138
589.10,4916,1070
590.39,4681,1023
591.68,4388,962
592.97,4151,913
594.26,3840,849
595.55,3649,811
596.84,3414,763
598.13,3117,702
599.41,2900,657
600.70,2672,612
601.99,2451,567
603.28,2161,509
604.57,2012,478
605.86,1783,432
607.15,1602,395
608.44,1424,359
609.73,1244,322
611.02,1074,287
612.30,931,258
613.59,816,235
614.88,683,207
616.17,581,187
617.46,473,165
618.75,405,151
620.04,326,136
621.33,270,124
622.62,233,116
623.91,201,110
625.20,185,107
626.48,182,107
627.77,190,108
629.06,216,114
630.35,257,122
631.64,312,133
632.93,385,148
634.22,445,161
635.51,539,180
636.80,668,206
638.09,769,228
639.38,904,255
640.66,1048,284
641.95,1217,319
643.24,1380,352
644.53,1584,395
645.82,1799,438
647.11,2030,485
648.40,2247,530
649.69,2470,576
650.98,2715,626
652.27,2974,679
653.55,3217,728
654.84,3469,780
656.13,3762,841
657.42,4043,900
658.71,4341,960
660.00,4622,1018
661.29,4911,1078
662.58,5229,1143
663.87,5521,1203
665.16,5801,1260
666.45,6103,1323
667.73,6464,1398
669.02,6808,1469
670.31,7110,1531
671.60,7452,1602
672.89,7780,1671
674.18,8086,1733
675.47,8397,1797
676.76,8738,1865
678.05,9059,1933
679.34,9366,1997
680.63,9680,2062
681.91,10013,2132
683.20,10298,2190
684.49,10582,2247
685.78,10874,2307
687.07,11135,2362
688.36,11378,2412
689.65,11638,2468
690.94,11873,2515
692.23,12119,2566
693.52,12329,2608
694.80,12536,2652
696.09,12712,2687
697.38,12881,2723
698.67,13069,2763
699.96,13207,2790
701.25,13354,2821
702.54,13499,2851
703.83,13633,2880
705.12,13719,2896
706.41,13801,2911
707.70,13920,2938
708.98,14000,2952
710.27,14066,2965
711.56,14116,2976
712.85,14159,2984
714.14,14170,2985
715.43,14164,2986
716.72,14162,2983
718.01,14141,2980
719.30,14098,2970
720.59,14054,2959
721.88,13996,2948
723.16,13923,2932
724.45,13846,2915
725.74,13754,2897
727.03,13651,2874
728.32,13531,2849
729.61,13390,2822
730.90,13233,2787
732.19,13094,2759
733.48,12926,2722
734.77,12729,2682
736.05,12549,2643
737.34,12350,2603
738.63,12097,2548
739.92,11871,2503
741.21,11623,2452
742.50,11404,2406
743.79,11159,2355
745.08,10916,2304
746.37,10606,2241
747.66,10377,2194
748.95,10043,2126
750.23,9767,2067
751.52,9434,1998
752.81,9100,1930
754.10,8814,1870
755.39,8521,1811
756.68,8200,1743
757.97,7903,1683
759.26,7580,1616
760.55,7220,1543
761.84,6907,1478
763.13,6610,1417
764.41,6266,1347
765.70,5933,1278
766.99,5661,1223
768.28,5359,1161
769.57,5060,1099
770.86,4743,1035
772.15,4479,980
773.44,4186,921
774.73,3867,856
776.02,3598,801
777.30,3317,743
778.59,3056,690
779.88,2824,643
781.17,2564,591
782.46,2308,538
783.75,2106,496
785.04,1872,448
786.33,1652,405
787.62,1479,369
788.91,1312,335
790.20,1148,301
791.48,976,266
792.77,824,236
794.06,700,211
795.35,593,189
796.64,487,168
797.93,407,152
799.22,336,138
800.51,276,126
801.80,233,117
803.09,206,111
804.38,187,107
805.66,182,107
806.95,189,108
808.24,210,112
809.53,242,119
810.82,290,129
812.11,351,141
813.40,436,159
814.69,540,180
815.98,626,198
817.27,752,223
818.55,851,244
819.84,988,272
821.13,1169,309
822.42,1357,348
823.71,1539,385
825.00,1707,419
826.29,1909,460
827.58,2148,511
828.87,2327,547
830.16,2566,597
831.45,2799,643
832.73,3078,701
834.02,3331,753
835.31,3546,796
836.60,3787,847
837.89,4087,908
839.18,4347,962
840.47,4619,1017
841.76,4890,1073
843.05,5158,1128
844.34,5485,1196
845.63,5811,1263
846.91,6115,1325
848.20,6497,1403
849.49,6769,1460
850.78,7057,1518
852.07,7401,1590
853.36,7749,1661
854.65,8061,1725
855.94,8353,1787
857.23,8693,1857
858.52,9039,1927
859.80,9317,1985
861.09,9619,2046
862.38,9940,2113
863.67,10227,2172
864.96,10477,2223
866.25,10754,2282
867.54,11038,2340
868.83,11302,2395
870.12,11550,2445
871.41,11750,2487
872.70,11939,2525
873.98,12151,2571
875.27,12366,2614
876.56,12584,2658
877.85,12811,2705
879.14,13014,2746
880.43,13215,2788
881.72,13370,2821
883.01,13528,2854
884.30,13678,2883
885.59,13769,2902
886.88,13878,2924
888.16,13973,2944
889.45,14064,2962
890.74,14109,2972
892.03,14152,2979
893.32,14164,2981
894.61,14170,2984
895.90,14179,2986
897.19,14150,2979
898.48,14113,2969
899.77,14062,2958
901.05,14000,2945
902.34,13937,2933
903.63,13848,2911
904.92,13730,2890
906.21,13624,2867
907.50,13541,2849
908.79,13327,2805
910.08,13152,2768
911.37,13029,2743
912.66,12893,2717
913.95,12673,2668
915.23,12465,2627
916.52,12274,2585
917.81,12083,2546
919.10,11862,2499
920.39,11606,2448
921.68,11382,2402
922.97,11121,2348
924.26,10856,2292
925.55,10584,2235
926.84,10336,2185
928.13,10042,2122
929.41,9762,2064
930.70,9497,2010
931.99,9188,1947
933.28,8894,1886
934.57,8613,1828
935.86,8273,1758
937.15,8028,1709
938.44,7744,1648
939.73,7448,1588
941.02,7170,1532
942.30,6870,1471
943.59,6558,1406
944.88,6323,1358
946.17,5928,1277
947.46,5657,1221
948.75,5369,1162
950.04,5030,1092
951.33,4716,1028
952.62,4423,969
953.91,4174,918
955.20,3912,865
956.48,3639,809
957.77,3414,762
959.06,3098,699
960.35,2870,652
961.64,2610,600
962.93,2302,536
964.22,2107,495
965.51,1893,453
966.80,1685,410
968.09,1503,373
969.38,1293,331
970.66,1157,303
971.95,994,271
973.24,838,239
974.53,712,213
975.82,585,188
977.11,484,167
978.40,409,151
979.69,333,136
980.98,269,123
982.27,227,115
983.55,196,108
984.84,183,106
986.13,181,106
987.42,195,109
988.71,226,115
990.00,268,123
991.29,324,135
992.58,398,150
993.87,493,170
995.16,595,191
996.45,712,215
997.73,862,246
999.02,1005,275
1000.31,1148,303
1001.60,1323,341
1002.89,1511,379
1004.18,1707,419
1005.47,1893,457
1006.76,2118,503
1008.05,2345,551
1009.34,2583,599
1010.63,2840,652
1011.91,3058,696
1013.20,3333,753
1014.49,3563,799
1015.78,3830,855
1017.07,4052,899
1018.36,4342,960
1019.65,4633,1020
1020.94,4937,1082
1022.23,5211,1138
1023.52,5507,1200
1024.80,5785,1257
1026.09,6035,1309
1027.38,6356,1375
1028.67,6668,1439
1029.96,6992,1507
1031.25,7321,1574
1032.54,7648,1642
1033.83,7971,1708
1035.12,8251,1766
1036.41,8511,1821
1037.70,8819,1885
1038.98,9098,1941
1040.27,9365,1996
1041.56,9610,2047
1042.85,9915,2111
1044.14,10236,2176
1045.43,10479,2226
1046.72,10744,2282
1048.01,10955,2326
1049.30,11212,2378
1050.59,11461,2429
1051.88,11714,2480
1053.16,11940,2527
1054.45,12156,2571
1055.74,12381,2619
1057.03,12576,2659
1058.32,12763,2699
1059.61,12958,2738
1060.90,13089,2767
1062.19,13231,2794
1063.48,13397,2829
1064.77,13536,2856
1066.05,13646,2880
1067.34,13745,2901
1068.63,13840,2920
1069.92,13936,2939
1071.21,13987,2949
1072.50,14043,2962
1073.79,14064,2964
1075.08,14078,2967
1076.37,14081,2966
1077.66,14071,2966
1078.95,14019,2953
1080.23,13991,2948
switching colors
1081.52,30349,1670
1082.81,30336,1668
1084.10,30303,1665
1085.39,30251,1662
1086.68,30153,1656
1087.97,29936,1643
1089.26,29763,1631
1090.55,29605,1623
1091.84,29409,1610
1093.13,29124,1593
1094.41,28842,1577
1095.70,28548,1559
1096.99,28213,1539
1098.28,27865,1519
1099.57,27462,1496
1100.86,27013,1470
1102.15,26624,1448
1103.44,26136,1420
1104.73,25582,1390
1106.02,25100,1361
1107.30,24546,1330
1108.59,24033,1301
1109.88,23391,1266
1111.17,22795,1233
1112.46,22280,1203
1113.75,21654,1169
1115.04,21096,1138
1116.33,20358,1097
1117.62,19791,1065
1118.91,19241,1034
1120.20,18719,1004
1121.48,17971,964
1122.77,17399,934
1124.06,16652,892
1125.35,16027,858
1126.64,15275,816
1127.93,14707,785
1129.22,14066,750
1130.51,13480,719
1131.80,12755,678
1133.09,12203,649
1134.38,11504,612
1135.66,10903,579
1136.95,10210,541
1138.24,9660,511
1139.53,8895,470
1140.82,8376,441
1142.11,7736,407
1143.40,7071,372
1144.69,6643,349
1145.98,6077,319
1147.27,5627,294
1148.55,5065,265
1149.84,4640,242
1151.13,4190,218
1152.42,3735,194
1153.71,3277,170
1155.00,2804,145
1156.29,2503,130
1157.58,2163,112
1158.87,1861,96
1160.16,1582,82
1161.45,1288,66
1162.73,1017,52
1164.02,826,42
1165.31,659,34
1166.60,499,26
1167.89,360,19
1169.18,240,14
1170.47,171,10
1171.76,129,8
1173.05,115,9
1174.34,145,12
1175.63,208,16
1176.91,298,21
1178.20,420,28
1179.49,598,39
1180.78,769,48
1182.07,1004,61
1183.36,1279,78
1184.65,1540,92
1185.94,1840,108
1187.23,2192,128
1188.52,2558,149
1189.80,2953,170
1191.09,3334,192
1192.38,3787,217
1193.67,4252,243
1194.96,4732,270
1196.25,5264,299
1197.54,5811,330
1198.83,6357,360
1200.12,6974,394
1201.41,7572,427
1202.70,8190,461
1203.98,8847,497
1205.27,9562,537
1206.56,10193,572
1207.85,10887,610
1209.14,11602,649
1210.43,12278,687
1211.72,12937,723
1213.01,13736,767
1214.30,14432,806
1215.59,15062,841
1216.88,15783,880
1218.16,16409,914
1219.45,17197,958
1220.74,17731,987
1222.03,18454,1027
1223.32,19170,1066
1224.61,19702,1096
1225.90,20323,1130
1227.19,20942,1163
1228.48,21528,1196
1229.77,22102,1227
1231.05,22753,1263
1232.34,23322,1293
1233.63,23795,1321
1234.92,24328,1350
1236.21,24778,1374
1237.50,25205,1397
1238.79,25735,1426
1240.08,26217,1453
1241.37,26852,1486
1242.66,27248,1508
1243.95,27738,1534
1245.23,28160,1556
1246.52,28520,1575
1247.81,28873,1594
1249.10,29177,1610
1250.39,29514,1627
1251.68,29711,1638
1252.97,29945,1649
1254.26,30148,1660
1255.55,30344,1671
1256.84,30466,1676
1258.13,30602,1682
1259.41,30672,1686
1260.70,30734,1689
1261.99,30739,1689
1263.28,30749,1687
1264.57,30734,1685
1265.86,30695,1681
1267.15,30575,1674
1268.44,30440,1666
1269.73,30168,1649
1271.02,30015,1641
1272.30,29785,1628
1273.59,29530,1611
1274.88,29199,1593
1276.17,28861,1573
1277.46,28585,1557
1278.75,28235,1535
1280.04,27783,1511
1281.33,27355,1486
1282.62,26934,1463
1283.91,26479,1436
1285.20,25963,1407
1286.48,25497,1379
1287.77,24938,1349
1289.06,24383,1318
1290.35,23760,1283
1291.64,23155,1250
1292.93,22558,1216
1294.22,21931,1181
1295.51,21361,1148
1296.80,20688,1112
1298.09,20048,1076
1299.38,19391,1040
1300.66,18759,1005
1301.95,17906,958
1303.24,17262,922
1304.53,16463,879
1305.82,15869,847
1307.11,15067,802
1308.40,14447,770
1309.69,13672,727
1310.98,13031,692
1312.27,12237,649
1313.55,11586,615
1314.84,10957,580
1316.13,10297,545
1317.42,9625,509
1318.71,8895,468
1320.00,8308,437
1321.29,7723,405
1322.58,7147,375
1323.87,6517,341
1325.16,6015,315
1326.45,5516,288
1327.73,5002,261
1329.02,4543,237
1330.31,4164,217
1331.60,3744,195
1332.89,3306,172
1334.18,2894,150
1335.47,2608,134
1336.76,2200,113
1338.05,1819,93
1339.34,1579,81
1340.63,1294,66
1341.91,1045,54
1343.20,786,41
1344.49,641,33
1345.78,496,26
1347.07,347,19
1348.36,253,14
1349.65,167,10
1350.94,125,8
1352.23,116,9
1353.52,137,11
1354.80,185,14
1356.09,268,19
1357.38,375,26
1358.67,539,35
1359.96,689,44
1361.25,865,53
1362.54,1093,67
1363.83,1393,84
1365.12,1643,98
1366.41,1923,114
1367.70,2238,131
1368.98,2609,152
1370.27,2954,171
1371.56,3366,194
1372.85,3840,220
1374.14,4328,248
1375.43,4745,271
1376.72,5260,299
1378.01,5761,327
1379.30,6274,355
1380.59,6893,391
1381.88,7523,425
1383.16,8143,459
1384.45,8834,497
1385.74,9429,530
1387.03,10066,565
1388.32,10722,601
1389.61,11405,638
1390.90,12093,677
1392.19,12679,709
1393.48,13403,749
1394.77,14119,790
1396.05,14826,828
1397.34,15470,865
1398.63,16177,902
1399.92,16837,939
1401.21,17428,972
1402.50,18107,1010
1403.79,18788,1047
1405.08,19436,1081
1406.37,20152,1122
1407.66,20816,1159
1408.95,21459,1194
1410.23,22055,1225
1411.52,22716,1262
1412.81,23332,1296
1414.10,23891,1327
1415.39,24491,1359
1416.68,25024,1389
1417.97,25566,1418
1419.26,26071,1447
1420.55,26603,1475
1421.84,27029,1498
1423.13,27418,1520
1424.41,27830,1543
1425.70,28234,1564
1426.99,28566,1580
1428.28,28890,1597
1429.57,29187,1613
1430.86,29469,1629
1432.15,29647,1638
1433.44,29853,1648
1434.73,29987,1654
1436.02,30122,1661
1437.30,30236,1666
1438.59,30272,1667
1439.88,30362,1671
1441.17,30415,1673
1442.46,30406,1673
1443.75,30367,1669
1445.04,30272,1662
1446.33,30195,1658
1447.62,30113,1652
1448.91,29980,1644
1450.20,29811,1635
1451.48,29593,1620
1452.77,29353,1605
1454.06,29078,1590
1455.35,28776,1573
1456.64,28398,1550
1457.93,28090,1531
1459.22,27732,1511
1460.51,27342,1490
1461.80,26914,1464
1463.09,26553,1445
1464.38,26067,1417
1465.66,25599,1391
1466.95,25069,1361
1468.24,24614,1334
1469.53,24089,1304
1470.82,23655,1280
1472.11,23119,1250
1473.40,22481,1214
1474.69,21947,1185
1475.98,21425,1156
1477.27,20779,1120
1478.55,20162,1086
1479.84,19479,1048
1481.13,18858,1012
1482.42,18080,970
1483.71,17394,932
1485.00,16778,899
1486.29,16044,859
1487.58,15359,821
1488.87,14665,783
1490.16,14001,747
1491.45,13198,701
1492.73,12428,661
1494.02,11863,631
1495.31,11141,591
1496.60,10500,556
1497.89,9896,524
1499.18,9220,487
1500.47,8589,454
1501.76,7954,420
1503.05,7347,387
1504.34,6726,352
1505.63,6169,324
1506.91,5682,298
1508.20,5136,268
1509.49,4656,242
1510.78,4151,216
1512.07,3734,194
1513.36,3213,166
1514.65,2786,145
1515.94,2452,127
1517.23,2051,106
1518.52,1755,91
1519.80,1421,73
1521.09,1189,61
1522.38,922,48
1523.67,694,36
1524.96,524,28
1526.25,359,20
1527.54,260,15
1528.83,174,10
1530.12,133,9
1531.41,116,9
1532.70,129,10
1533.98,182,14
1535.27,257,19
1536.56,346,24
1537.85,469,31
1539.14,641,41
1540.43,864,53
1541.72,1067,65
1543.01,1284,77
1544.30,1618,96
1545.59,1878,111
1546.88,2248,131
1548.16,2583,150
1549.45,3009,174
1550.74,3391,195
1552.03,3815,220
1553.32,4239,242
1554.61,4766,272
1555.90,5130,292
1557.19,5674,322
1558.48,6206,351
1559.77,6752,381
1561.05,7331,415
1562.34,7879,444
1563.63,8515,480
1564.92,9105,512
1566.21,9748,547
1567.50,10382,583
1568.79,10975,615
1570.08,11654,652
1571.37,12230,684
1572.66,12914,722
1573.95,13555,756
1575.23,14265,796
1576.52,14862,829
1577.81,15456,862
1579.10,16243,904
1580.39,16916,941
1581.68,17550,977
1582.97,18268,1017
1584.26,18965,1055
1585.55,19717,1096
1586.84,20249,1125
1588.13,20925,1162
1589.41,21550,1196
1590.70,22169,1231
1591.99,22741,1262
1593.28,23259,1290
1594.57,23867,1324
1595.86,24510,1358
1597.15,25151,1392
1598.44,25674,1421
1599.73,26175,1448
1601.02,26663,1475
1602.30,27132,1499
1603.59,27560,1522
1604.88,28004,1546
1606.17,28411,1567
1607.46,28771,1586
1608.75,29062,1603
1610.04,29378,1618
1611.33,29644,1634
1612.62,29880,1645
1613.91,30070,1655
1615.20,30252,1664
1616.48,30382,1670
1617.77,30541,1679
1619.06,30646,1682
1620.35,30679,1682
1621.64,30711,1685
1622.93,30696,1685
1624.22,30649,1681
1625.51,30528,1673
1626.80,30408,1664
1628.09,30247,1655
1629.38,30097,1645
1630.66,29840,1631
1631.95,29610,1616
1633.24,29337,1599
1634.53,29031,1582
1635.82,28736,1564
1637.11,28298,1542
1638.40,28028,1524
1639.69,27569,1498
1640.98,27120,1473
1642.27,26658,1446
1643.55,26277,1424
1644.84,25725,1394
1646.13,25295,1370
1647.42,24774,1339
1648.71,24264,1311
1650.00,23821,1285
1651.29,23191,1250
1652.58,22554,1215
1653.87,21994,1184
1655.16,21263,1143
1656.45,20746,1115
1657.73,20253,1087
1659.02,19473,1045
1660.31,18936,1015
1661.60,18388,984
1662.89,17682,947
1664.18,17033,910
1665.47,16191,865
1666.76,15377,819
1668.05,14715,784
1669.34,14026,746
1670.63,13501,718
1671.91,12746,677
1673.20,12181,646
1674.49,11613,615
1675.78,10980,582
1677.07,10389,550
1678.36,9687,512
1679.65,9153,483
1680.94,8629,455
1682.23,7967,418
1683.52,7265,381
1684.80,6724,352
1686.09,6232,327
1687.38,5744,301
1688.67,5259,275
1689.96,4616,241
1691.25,4246,221
1692.54,3795,197
1693.83,3379,175
1695.12,2956,152
1696.41,2582,133
1697.70,2164,112
1698.98,1778,92
1700.27,1520,78
1701.56,1222,62
1702.85,945,48
1704.14,745,38
1705.43,565,29
1706.72,391,21
1708.01,279,15
1709.30,200,12
1710.59,140,9
1711.88,116,9
1713.16,127,10
1714.45,179,14
1715.74,249,18
1717.03,349,24
1718.32,491,32
1719.61,664,42
1720.90,854,53
1722.19,1068,65
1723.48,1344,81
1724.77,1676,99
1726.05,1977,117
1727.34,2320,135
1728.63,2718,157
1729.92,3138,182
1731.21,3551,204
1732.50,4018,231
1733.79,4541,259
1735.08,5048,288
1736.37,5629,319
1737.66,6205,352
1738.95,6760,382
1740.23,7355,415
1741.52,7941,447
1742.81,8610,485
1744.10,9151,515
1745.39,9815,551
1746.68,10432,586
1747.97,11109,623
1749.26,11774,660
1750.55,12431,696
1751.84,13138,735
1753.13,13617,761
1754.41,14283,797
1755.70,14950,835
1756.99,15576,869
1758.28,16373,915
1759.57,16888,943
1760.86,17574,980
1762.15,18160,1013
1763.44,18827,1050
1764.73,19494,1087
1766.02,20089,1119
1767.30,20719,1153
1768.59,21371,1189
1769.88,21971,1223
1771.17,22628,1260
1772.46,23260,1294
1773.75,23784,1321
1775.04,24329,1352
1776.33,24896,1383
1777.62,25370,1409
1778.91,25804,1431
1780.20,26234,1455
1781.48,26729,1483
1782.77,27161,1507
1784.06,27557,1528
1785.35,27891,1545
1786.64,28192,1562
1787.93,28538,1579
1789.22,28826,1596
1790.51,29129,1611
1791.80,29399,1627
1793.09,29634,1638
1794.38,29837,1648
1795.66,30016,1657
1796.95,30159,1664
1798.24,30268,1668
1799.53,30336,1672
1800.82,30381,1672
1802.11,30419,1674
1803.40,30398,1672
1804.69,30359,1667
1805.98,30292,1662
1807.27,30160,1655
1808.55,30025,1647
1809.84,29846,1635
1811.13,29659,1625
1812.42,29419,1609
1813.71,29162,1594
1815.00,28936,1580
1816.29,28583,1562
1817.58,28233,1541
1818.87,27880,1520
1820.16,27473,1496
1821.45,27069,1473
1822.73,26625,1447
1824.02,26202,1423
1825.31,25704,1395
1826.60,25202,1367
1827.89,24665,1338
1829.18,24118,1306
1830.47,23460,1269
1831.76,22880,1236
1833.05,22244,1201
1834.34,21670,1171
1835.63,20971,1131
1836.91,20376,1098
1838.20,19636,1056
1839.49,18923,1018
1840.78,18331,985
1842.07,17472,937
1843.36,16849,903
1844.65,16180,866
1845.94,15543,831
1847.23,14831,792
1848.52,14083,752
1849.80,13538,722
1851.09,12823,682
1852.38,12156,646
1853.67,11395,605
1854.96,10791,573
1856.25,10221,541
1857.54,9633,510
1858.83,8940,473
1860.12,8393,444
1861.41,7904,417
1862.70,7287,385
1863.98,6734,355
1865.27,6172,324
1866.56,5605,294
1867.85,5221,273
1869.14,4692,245
1870.43,4289,224
1871.72,3848,200
1873.01,3422,177
1874.30,2917,151
1875.59,2556,132
1876.88,2242,116
1878.16,1839,95
1879.45,1541,79
1880.74,1297,67
1882.03,1033,53
1883.32,828,43
1884.61,676,35
1885.90,515,27
1887.19,388,21
1888.48,248,14
1889.77,185,11
1891.05,138,9
1892.34,116,9
1893.63,126,10
1894.92,167,13
1896.21,237,17
1897.50,322,23
1898.79,432,28
1900.08,598,39
1901.37,790,49
1902.66,1039,64
1903.95,1253,75
1905.23,1576,94
1906.52,1869,111
1907.81,2243,131
1909.10,2567,149
1910.39,3008,173
1911.68,3396,196
1912.97,3901,224
1914.26,4428,252
1915.55,4881,279
1916.84,5376,306
1918.13,5929,336
1919.41,6517,369
1920.70,7033,397
1921.99,7666,433
1923.28,8263,466
1924.57,8885,500
1925.86,9576,538
1927.15,10181,571
1928.44,10783,604
1929.73,11425,640
1931.02,12128,678
1932.30,12767,713
1933.59,13474,753
1934.88,14197,792
1936.17,14962,835
1937.46,15651,872
1938.75,16387,913
1940.04,17059,951
1941.33,17763,989
1942.62,18446,1027
1943.91,19148,1065
1945.20,19862,1104
1946.48,20533,1142
1947.77,21207,1178
1949.06,21855,1215
1950.35,22459,1247
1951.64,23017,1278
1952.93,23579,1310
1954.22,24137,1341
1955.51,24704,1371
1956.80,25307,1402
1958.09,25820,1431
1959.38,26320,1457
1960.66,26775,1483
1961.95,27308,1511
1963.24,27676,1530
1964.53,28065,1552
1965.82,28455,1572
1967.11,28861,1593
1968.40,29149,1608
1969.69,29436,1623
1970.98,29690,1637
1972.27,29980,1651
1973.55,30167,1662
1974.84,30329,1669
1976.13,30480,1676
1977.42,30621,1684
1978.71,30709,1687
1980.00,30776,1690
1981.29,30784,1690
1982.58,30781,1689
1983.87,30768,1686
1985.16,30735,1684
1986.45,30635,1679
1987.73,30438,1666
1989.02,30199,1652
1990.31,30028,1642
1991.60,29822,1630
1992.89,29565,1615
1994.18,29257,1596
1995.47,28953,1579
1996.76,28662,1562
1998.05,28282,1540
1999.34,27980,1521
2000.63,27616,1501
2001.91,27144,1474
2003.20,26690,1450
2004.49,26279,1426
2005.78,25778,1398
2007.07,25334,1372
2008.36,24801,1342
2009.65,24316,1315
2010.94,23753,1283
2012.23,23199,1251
2013.52,22495,1211
2014.80,21969,1183
2016.09,21265,1145
2017.38,20676,1112
2018.67,19873,1068
2019.96,19194,1030
2021.25,18629,999
2022.54,17905,959
2023.83,17099,914
2025.12,16465,880
2026.41,15816,844
2027.70,15069,804
2028.98,14352,765
2030.27,13678,728
2031.56,12968,689
2032.85,12291,652
2034.14,11575,613
2035.43,10889,577
2036.72,10244,542
2038.01,9646,509
2039.30,9007,476
2040.59,8378,442
2041.88,7730,407
2043.16,7136,376
2044.45,6457,338
2045.74,5983,314
2047.03,5431,283
2048.32,4890,256
2049.61,4345,226
2050.90,3883,202
2052.19,3465,180
2053.48,3019,157
2054.77,2569,133
2056.05,2179,112
2057.34,1895,98
2058.63,1582,82
2059.92,1277,65
2061.21,1047,54
2062.50,801,41
2063.79,626,32
2065.08,468,25
2066.37,335,18
2067.66,239,14
2068.95,172,10
2070.23,127,9
2071.52,116,9
2072.81,131,11
2074.10,171,13
2075.39,251,18
2076.68,358,25
2077.97,501,33
2079.26,640,41
2080.55,830,52
2081.84,1043,64
2083.12,1314,79
2084.41,1585,94
2085.70,1917,113
2086.99,2218,129
2088.28,2615,152
2089.57,3004,174
2090.86,3408,196
2092.15,3816,219
2093.44,4240,243
2094.73,4759,272
2096.02,5249,299
2097.30,5683,323
2098.59,6201,352
2099.88,6736,382
2101.17,7309,413
2102.46,7896,445
2103.75,8462,477
2105.04,9024,508
2106.33,9702,545
2107.62,10263,577
2108.91,10871,611
2110.20,11446,643
2111.48,12194,683
2112.77,12919,723
2114.06,13579,760
2115.35,14204,794
2116.64,14920,834
2117.93,15524,867
2119.22,16221,906
2120.51,16972,948
2121.80,17698,988
2123.09,18347,1024
2124.37,19057,1063
2125.66,19761,1102
2126.95,20411,1137
2128.24,20992,1169
2129.53,21633,1204
2130.82,22248,1239
2132.11,22842,1271
2133.40,23425,1303
2134.69,23999,1334
2135.98,24553,1364
2137.27,25108,1394
2138.55,25614,1422
2139.84,26022,1444
2141.13,26531,1472
2142.42,26973,1495
2143.71,27376,1517
2145.00,27699,1534
2146.29,28145,1558
2147.58,28567,1580
2148.87,28771,1592
2150.16,29124,1611
2151.45,29391,1623
2152.73,29622,1636
2154.02,29826,1648
2155.31,30016,1657
2156.60,30161,1663
2157.89,30249,1668
2159.18,30312,1672
2160.47,30370,1673
switching colors
2161.76,12696,265
2163.05,12740,265
2164.34,12780,267
2165.62,12804,267
2166.91,12809,266
2168.20,12791,265
2169.49,12779,266
2170.78,12747,265
2172.07,12690,263
2173.36,12638,262
2174.65,12575,260
2175.94,12505,259
2177.23,12409,257
2178.52,12295,254
2179.80,12214,252
2181.09,12075,249
2182.38,11925,247
2183.67,11783,244
2184.96,11654,241
2186.25,11497,237
2187.54,11315,233
2188.83,11135,229
2190.12,10938,225
2191.41,10737,221
2192.70,10531,217
2193.98,10309,212
2195.27,10065,207
2196.56,9836,202
2197.85,9617,198
2199.14,9364,192
2200.43,9085,186
2201.72,8865,182
2203.01,8610,176
2204.30,8353,171
2205.59,8022,164
2206.87,7792,160
2208.16,7499,153
2209.45,7258,149
2210.74,7008,144
2212.03,6683,137
2213.32,6448,132
2214.61,6185,126
2215.90,5882,120
2217.19,5615,115
2218.48,5292,108
2219.77,5055,103
2221.05,4782,98
2222.34,4503,92
2223.63,4232,86
2224.92,3922,81
2226.21,3645,74
2227.50,3379,69
2228.79,3139,64
2230.08,2858,58
2231.37,2613,54
2232.66,2415,50
2233.95,2182,45
2235.23,1942,40
2236.52,1741,36
2237.81,1557,32
2239.10,1354,29
2240.39,1172,25
2241.68,1044,22
2242.97,871,19
2244.26,735,16
2245.55,619,14
2246.84,492,11
2248.12,406,10
2249.41,311,8
2250.70,244,7
2251.99,176,5
2253.28,120,4
2254.57,87,4
2255.86,62,3
2257.15,54,3
2258.44,59,3
2259.73,79,3
2261.02,115,4
2262.30,161,6
2263.59,220,8
2264.88,302,9
2266.17,380,10
2267.46,478,12
2268.75,605,16
2270.04,723,17
2271.33,883,21
2272.62,994,23
2273.91,1146,27
2275.20,1315,31
2276.48,1482,34
2277.77,1694,39
2279.06,1865,42
2280.35,2057,46
2281.64,2248,50
2282.93,2478,55
2284.22,2692,60
2285.51,2928,65
2286.80,3137,68
2288.09,3449,75
2289.37,3654,79
2290.66,3857,84
2291.95,4110,89
2293.24,4408,95
2294.53,4647,99
2295.82,4949,106
2297.11,5232,112
2298.40,5501,118
2299.69,5805,124
2300.98,6046,128
2302.27,6346,135
2303.55,6574,140
2304.84,6893,146
2306.13,7143,152
2307.42,7470,158
2308.71,7734,163
2310.00,7979,168
2311.29,8269,174
2312.58,8497,178
2313.87,8728,184
2315.16,8941,188
2316.45,9194,194
2317.73,9443,199
2319.02,9629,202
2320.31,9887,208
2321.60,10198,215
2322.89,10466,220
2324.18,10662,223
2325.47,10824,227
2326.76,11059,231
2328.05,11281,236
2329.34,11432,239
2330.62,11613,243
2331.91,11785,247
2333.20,11949,250
2334.49,12060,251
2335.78,12195,254
2337.07,12328,257
2338.36,12405,259
2339.65,12493,260
2340.94,12562,261
2342.23,12630,263
2343.52,12673,263
2344.80,12702,264
2346.09,12718,264
2347.38,12721,264
2348.67,12710,264
2349.96,12692,264
2351.25,12667,263
2352.54,12619,262
2353.83,12551,260
2355.12,12484,258
2356.41,12407,256
2357.70,12294,254
2358.98,12184,252
2360.27,12066,249
2361.56,11934,246
2362.85,11786,243
2364.14,11617,240
2365.43,11463,236
2366.72,11275,232
2368.01,11077,228
2369.30,10882,224
2370.59,10637,219
2371.87,10431,214
2373.16,10201,209
2374.45,9955,205
2375.74,9705,200
2377.03,9488,195
2378.32,9253,190
2379.61,8984,185
2380.90,8731,179
2382.19,8463,173
2383.48,8156,168
2384.77,7885,161
2386.05,7611,156
2387.34,7350,151
2388.63,7105,145
2389.92,6817,140
2391.21,6581,134
2392.50,6290,129
2393.79,5993,122
2395.08,5709,116
2396.37,5501,113
2397.66,5230,106
2398.95,4967,101
2400.23,4723,96
2401.52,4403,90
2402.81,4132,84
2404.10,3859,79
2405.39,3613,74
2406.68,3366,69
2407.97,3150,64
2409.26,2913,59
2410.55,2662,55
2411.84,2466,50
2413.12,2251,46
2414.41,2055,42
2415.70,1871,39
2416.99,1663,35
2418.28,1489,31
2419.57,1305,27
2420.86,1146,24
2422.15,994,20
2423.44,885,19
2424.73,723,15
2426.02,606,13
2427.30,517,12
2428.59,406,10
2429.88,316,8
2431.17,234,6
2432.46,179,5
2433.75,134,4
2435.04,93,3
2436.33,65,4
2437.62,54,3
2438.91,56,3
2440.20,71,3
2441.48,104,4
2442.77,152,6
2444.06,212,6
2445.35,282,8
2446.64,370,10
2447.93,459,12
2449.22,561,14
2450.51,689,17
2451.80,823,20
2453.09,961,23
2454.37,1122,26
2455.66,1282,30
2456.95,1455,34
2458.24,1634,37
2459.53,1826,41
2460.82,2036,46
2462.11,2270,51
2463.40,2482,55
2464.69,2707,60
2465.98,2938,64
2467.27,3208,70
2468.55,3473,75
2469.84,3726,81
2471.13,4003,86
2472.42,4311,93
2473.71,4589,98
2475.00,4851,104
2476.29,5184,111
2477.58,5502,118
2478.87,5756,122
2480.16,6042,128
2481.45,6348,135
2482.73,6639,141
2484.02,6904,146
2485.31,7226,154
2486.60,7503,159
2487.89,7734,164
2489.18,8020,170
2490.47,8317,176
2491.76,8557,181
2493.05,8804,186
2494.34,9050,191
2495.62,9304,196
2496.91,9550,201
2498.20,9815,206
2499.49,10016,211
2500.78,10256,215
2502.07,10466,220
2503.36,10711,225
2504.65,10834,227
2505.94,10998,230
2507.23,11248,236
2508.52,11408,239
2509.80,11550,242
2511.09,11736,245
2512.38,11927,250
2513.67,12076,252
2514.96,12185,254
2516.25,12300,256
2517.54,12415,259
2518.83,12494,259
2520.12,12567,261
2521.41,12620,263
2522.70,12663,263
2523.98,12727,264
2525.27,12765,266
2526.56,12790,266
2527.85,12789,266
2529.14,12785,266
2530.43,12796,265
2531.72,12763,264
2533.01,12720,264
2534.30,12672,263
2535.59,12616,261
2536.87,12529,259
2538.16,12445,257
2539.45,12336,255
2540.74,12227,253
2542.03,12090,250
2543.32,11942,246
2544.61,11778,243
2545.90,11621,240
2547.19,11449,236
2548.48,11242,232
2549.77,11048,227
2551.05,10864,224
2552.34,10637,219
2553.63,10432,214
2554.92,10173,209
2556.21,9922,203
2557.50,9691,199
2558.79,9440,194
2560.08,9158,188
2561.37,8891,182
2562.66,8636,177
2563.95,8375,172
2565.23,8071,165
2566.52,7812,160
2567.81,7496,153
2569.10,7201,147
2570.39,6870,140
2571.68,6630,136
2572.97,6366,130
2574.26,6051,124
2575.55,5744,117
2576.84,5434,111
2578.12,5148,105
2579.41,4881,99
2580.70,4584,94
2581.99,4278,87
2583.28,4017,82
2584.57,3763,77
2585.86,3479,71
2587.15,3236,66
2588.44,3022,62
2589.73,2783,57
2591.02,2543,52
2592.30,2332,48
2593.59,2081,43
2594.88,1861,38
2596.17,1693,35
2597.46,1507,31
2598.75,1349,28
2600.04,1177,25
2601.33,1011,21
2602.62,883,19
2603.91,746,15
2605.20,626,14
2606.48,532,12
2607.77,412,10
2609.06,334,8
2610.35,266,7
2611.64,200,6
2612.93,141,5
2614.22,94,3
2615.51,72,3
2616.80,57,3
2618.09,54,3
2619.37,63,4
2620.66,84,4
2621.95,127,5
2623.24,170,6
2624.53,224,7
2625.82,305,9
2627.11,391,11
2628.40,486,13
2629.69,607,15
2630.98,715,18
2632.27,849,20
2633.55,981,23
2634.84,1127,27
2636.13,1283,30
2637.42,1440,32
2638.71,1646,37
2640.00,1814,41
2641.29,2028,45
2642.58,2219,50
2643.87,2451,55
2645.16,2685,59
2646.45,2927,64
2647.73,3216,70
2649.02,3457,75
2650.31,3711,80
2651.60,3994,87
2652.89,4269,92
2654.18,4559,97
2655.47,4815,103
2656.76,5103,109
2658.05,5410,115
2659.34,5654,121
2660.62,5954,126
2661.91,6258,133
2663.20,6553,139
2664.49,6822,145
2665.78,7118,151
2667.07,7407,157
2668.36,7664,163
2669.65,7937,168
2670.94,8194,173
2672.23,8465,179
2673.52,8746,184
2674.80,9023,190
2676.09,9309,196
2677.38,9583,201
2678.67,9861,207
2679.96,10067,211
2681.25,10309,216
2682.54,10567,221
2683.83,10810,226
2685.12,11030,230
2686.41,11215,235
2687.70,11396,239
2688.98,11600,242
2690.27,11740,245
2691.56,11883,248
2692.85,12027,251
2694.14,12152,252
2695.43,12249,255
2696.72,12344,257
2698.01,12449,259
2699.30,12525,260
2700.59,12615,262
2701.87,12661,263
2703.16,12696,264
2704.45,12724,265
2705.74,12735,264
2707.03,12741,264
2708.32,12727,264
2709.61,12701,263
2710.90,12669,262
2712.19,12626,262
2713.48,12565,260
2714.77,12493,258
2716.05,12418,258
2717.34,12330,255
2718.63,12232,253
2719.92,12098,249
2721.21,11984,247
2722.50,11821,244
2723.79,11678,241
2725.08,11529,238
2726.37,11364,234
2727.66,11190,231
2728.95,10990,227
2730.23,10833,223
2731.52,10593,218
2732.81,10405,214
2734.10,10206,210
2735.39,9946,205
2736.68,9741,200
2737.97,9527,196
2739.26,9295,190
2740.55,9057,186
2741.84,8831,181
2743.12,8591,177
2744.41,8304,170
2745.70,7980,163
2746.99,7666,157
2748.28,7386,150
2749.57,7149,146
2750.86,6821,139
2752.15,6591,135
2753.44,6287,129
2754.73,6024,123
2756.02,5708,117
2757.30,5448,111
2758.59,5113,105
2759.88,4792,98
2761.17,4540,93
2762.46,4244,87
2763.75,3988,82
2765.04,3726,77
2766.33,3458,71
2767.62,3202,66
2768.91,2956,60
2770.20,2725,56
2771.48,2471,51
2772.77,2255,46
2774.06,2080,43
2775.35,1843,38
2776.64,1639,34
2777.93,1475,30
2779.22,1288,27
2780.51,1122,24
2781.80,956,20
2783.09,825,18
2784.37,681,15
2785.66,554,13
2786.95,454,11
2788.24,356,9
2789.53,270,7
2790.82,199,5
2792.11,141,5
2793.40,99,4
2794.69,71,3
2795.98,56,3
2797.27,55,3
2798.55,68,3
2799.84,91,4
2801.13,128,5
2802.42,186,6
2803.71,243,7
2805.00,315,9
2806.29,413,11
2807.58,504,13
2808.87,609,16
2810.16,731,18
2811.45,845,20
2812.73,987,24
2814.02,1133,27
2815.31,1297,31
2816.60,1468,33
2817.89,1634,37
2819.18,1806,40
2820.47,2012,45
2821.76,2240,50
2823.05,2467,55
2824.34,2652,59
2825.62,2874,63
2826.91,3105,68
2828.20,3385,74
2829.49,3614,78
2830.78,3866,84
2832.07,4160,89
2833.36,4445,96
2834.65,4670,101
2835.94,4888,105
2837.23,5161,110
2838.52,5470,117
2839.80,5718,122
2841.09,5975,127
2842.38,6254,133
2843.67,6532,138
2844.96,6765,144
2846.25,7045,149
2847.54,7330,156
2848.83,7617,161
2850.12,7903,167
2851.41,8210,173
2852.70,8504,180
2853.98,8744,185
2855.27,9043,190
2856.56,9287,196
2857.85,9537,200
2859.14,9795,206
2860.43,10018,210
2861.72,10274,216
2863.01,10523,221
2864.30,10765,226
2865.59,10968,229
2866.87,11158,233
2868.16,11347,238
2869.45,11541,241
2870.74,11694,244
2872.03,11868,248
2873.32,12000,250
2874.61,12141,253
2875.90,12237,256
2877.19,12352,258
2878.48,12438,259
2879.77,12510,260
2881.05,12586,261
2882.34,12644,262
2883.63,12648,263
2884.92,12745,265
2886.21,12761,264
2887.50,12779,265
2888.79,12751,265
2890.08,12728,264
2891.37,12703,263
2892.66,12642,261
2893.95,12601,261
2895.23,12545,260
2896.52,12450,258
2897.81,12352,255
2899.10,12233,253
2900.39,12108,250
2901.68,11976,247
2902.97,11827,244
2904.26,11673,241
2905.55,11515,237
2906.84,11352,234
2908.12,11134,229
2909.41,10965,225
2910.70,10744,220
2911.99,10539,217
2913.28,10312,212
2914.57,10104,207
2915.86,9900,202
2917.15,9649,198
2918.44,9413,194
2919.73,9160,187
2921.02,8893,182
2922.30,8631,177
2923.59,8381,172
2924.88,8113,166
2926.17,7802,159
2927.46,7580,155
2928.75,7313,149
2930.04,7012,144
2931.33,6711,137
2932.62,6475,132
2933.91,6182,126
2935.20,5882,120
2936.48,5586,114
2937.77,5351,109
2939.06,5062,103
2940.35,4804,98
2941.64,4537,93
2942.93,4257,87
2944.22,3996,81
2945.51,3734,77
2946.80,3489,71
2948.09,3276,67
2949.37,3044,62
2950.66,2810,57
2951.95,2589,53
2953.24,2371,49
2954.53,2146,44
2955.82,1930,39
2957.11,1716,35
2958.40,1515,31
2959.69,1379,28
2960.98,1189,25
2962.27,1041,22
2963.55,881,18
2964.84,750,16
2966.13,636,14
2967.42,515,12
2968.71,399,9
2970.00,312,8
2971.29,229,6
2972.58,162,5
2973.87,116,4
2975.16,82,3
2976.45,61,3
2977.73,54,3
2979.02,60,4
2980.31,81,4
2981.60,115,5
2982.89,163,6
2984.18,221,7
2985.47,287,9
2986.76,379,10
2988.05,474,12
2989.34,578,15
2990.62,708,17
2991.91,854,21
2993.20,1003,24
2994.49,1156,27
2995.78,1335,30
2997.07,1511,34
2998.36,1708,38
2999.65,1921,43
3000.94,2152,48
3002.23,2385,53
3003.52,2637,58
3004.80,2895,63
3006.09,3138,68
3007.38,3387,73
3008.67,3655,79
3009.96,3911,85
3011.25,4159,90
3012.54,4405,95
3013.83,4710,101
3015.12,4974,107
3016.41,5258,112
3017.70,5520,117
3018.98,5789,123
3020.27,6026,128
3021.56,6317,134
3022.85,6585,140
3024.14,6830,144
3025.43,7123,151
3026.72,7429,157
3028.01,7724,163
3029.30,7962,168
3030.59,8193,173
3031.87,8469,178
3033.16,8691,183
3034.45,8943,188
3035.74,9214,194
3037.03,9463,198
3038.32,9683,203
3039.61,9948,209
3040.90,10204,214
3042.19,10393,217
3043.48,10607,222
3044.77,10798,226
3046.05,10985,230
3047.34,11165,233
3048.63,11368,238
3049.92,11584,241
3051.21,11729,245
3052.50,11858,247
3053.79,11968,250
3055.08,12095,251
3056.37,12202,255
3057.66,12297,256
3058.95,12386,257
3060.23,12454,259
3061.52,12530,261
3062.81,12598,261
3064.10,12644,262
3065.39,12677,263
3066.68,12695,263
3067.97,12690,263
3069.26,12676,262
3070.55,12661,262
3071.84,12621,262
3073.12,12571,260
3074.41,12495,258
3075.70,12412,256
3076.99,12339,254
3078.28,12229,252
3079.57,12125,250
3080.86,11979,247
3082.15,11866,244
3083.44,11714,241
3084.73,11554,238
3086.02,11383,234
3087.30,11190,230
3088.59,11006,227
3089.88,10803,222
3091.17,10576,218
3092.46,10369,213
3093.75,10134,208
3095.04,9930,204
3096.33,9644,198
3097.62,9393,193
3098.91,9149,187
3100.20,8894,181
3101.48,8584,175
3102.77,8332,171
3104.06,8050,165
3105.35,7770,159
3106.64,7469,153
3107.93,7190,147
3109.22,6853,140
3110.51,6603,134
3111.80,6301,128
3113.09,6060,124
3114.37,5741,117
3115.66,5464,111
3116.95,5207,105
3118.24,4919,100
3119.53,4637,94
3120.82,4355,89
3122.11,4081,83
3123.40,3796,78
3124.69,3588,73
3125.98,3375,69
3127.27,3135,64
3128.55,2922,60
3129.84,2697,55
3131.13,2481,51
3132.42,2227,46
3133.71,2044,42
3135.00,1890,39
3136.29,1694,35
3137.58,1461,30
3138.87,1334,28
3140.16,1169,25
3141.45,1000,21
3142.73,848,17
3144.02,712,15
3145.31,600,13
3146.60,506,11
3147.89,410,9
3149.18,308,7
3150.47,236,6
3151.76,179,5
3153.05,134,4
3154.34,94,3
3155.62,64,2
3156.91,54,2
3158.20,55,3
3159.49,66,3
3160.78,86,4
3162.07,126,5
3163.36,176,6
3164.65,234,7
3165.94,297,9
3167.23,394,11
3168.52,503,13
3169.80,596,15
3171.09,713,17
3172.38,854,21
3173.67,999,24
3174.96,1149,27
3176.25,1311,30
3177.54,1509,35
3178.83,1721,39
3180.12,1941,44
3181.41,2130,48
3182.70,2354,52
3183.98,2571,56
3185.27,2799,61
3186.56,3040,67
3187.85,3269,71
3189.14,3557,77
3190.43,3814,83
3191.72,4077,88
3193.01,4345,94
3194.30,4625,100
3195.59,4880,105
3196.87,5150,110
3198.16,5445,116
3199.45,5703,122
3200.74,5954,127
3202.03,6283,133
3203.32,6617,141
3204.61,6884,146
3205.90,7188,152
3207.19,7480,158
3208.48,7760,164
3209.77,8057,170
3211.05,8350,176
3212.34,8669,183
3213.63,8942,189
3214.92,9250,195
3216.21,9516,200
3217.50,9758,205
3218.79,9967,210
3220.08,10244,214
3221.37,10471,220
3222.66,10677,223
3223.95,10891,227
3225.23,11094,232
3226.52,11282,236
3227.81,11438,239
3229.10,11650,244
3230.39,11765,245
3231.68,11892,248
3232.97,12046,251
3234.26,12146,254
3235.55,12260,255
3236.84,12391,258
3238.12,12472,259
3239.41,12555,262
3240.70,12611,262

