
1.29,2837,685
2.58,3012,724
3.87,3219,767
5.16,3461,816
6.45,3679,862
7.73,3927,914
9.02,4131,955
10.31,4368,1004
11.60,4635,1061
12.89,4874,1110
14.18,5122,1161
15.47,5365,1211
16.76,5632,1266
18.05,5906,1324
19.34,6125,1368
20.62,6357,1416
21.91,6597,1467
23.20,6867,1522
24.49,7055,1562
25.78,7299,1612
27.07,7554,1665
28.36,7789,1713
29.65,8032,1762
30.94,8240,1807
32.23,8440,1849
33.52,8645,1892
34.80,8836,1930
36.09,9034,1973
37.38,9209,2009
38.67,9403,2050
39.96,9578,2086
41.25,9743,2120
42.54,9906,2154
43.83,10088,2191
45.12,10216,2217
46.41,10353,2247
47.70,10471,2271
48.98,10579,2295
50.27,10678,2315
51.56,10772,2334
52.85,10845,2351
54.14,10926,2368
55.43,10968,2377
56.72,11013,2385
58.01,11044,2392
59.30,11071,2397
60.59,11080,2398
61.88,11078,2399
63.16,11074,2397
64.45,11051,2392
65.74,11016,2386
67.03,10973,2375
68.32,10932,2367
69.61,10857,2350
70.90,10778,2335
72.19,10709,2321
73.48,10619,2301
74.77,10498,2277
76.05,10397,2257
77.34,10295,2234
78.63,10157,2204
79.92,10018,2176
81.21,9877,2146
82.50,9693,2108
83.79,9542,2076
85.08,9337,2035
86.37,9140,1994
87.66,8933,1951
88.95,8714,1906
90.23,8526,1866
91.52,8323,1823
92.81,8124,1782
94.10,7895,1735
95.39,7675,1688
96.68,7488,1649
97.97,7215,1593
99.26,7031,1556
100.55,6765,1500
101.84,6531,1452
103.12,6326,1410
104.41,6096,1362
105.70,5841,1309
106.99,5617,1263
108.28,5376,1212
109.57,5151,1166
110.86,4900,1115
112.15,4683,1070
113.44,4458,1024
114.73,4234,976
116.02,3958,920
117.30,3755,878
118.59,3539,835
119.88,3316,789
121.17,3106,745
122.46,2895,702
123.75,2665,655
125.04,2483,617
126.33,2296,580
127.62,2100,539
128.91,1907,498
130.20,1736,464
131.48,1569,430
132.77,1411,397
134.06,1259,366
135.35,1109,335
136.64,961,304
137.93,867,285
139.22,759,262
140.51,656,241
141.80,564,223
143.09,496,209
144.38,414,192
145.66,351,179
146.95,307,171
148.24,271,163
149.53,249,158
150.82,235,156
152.11,234,156
153.40,245,158
154.69,269,163
155.98,301,169
157.27,349,179
158.55,412,191
159.84,478,204
161.13,557,221
162.42,661,243
163.71,751,261
165.00,846,281
166.29,958,304
167.58,1101,334
168.87,1224,359
170.16,1370,388
171.45,1541,424
172.73,1691,455
174.02,1858,488
175.31,2038,526
176.60,2215,562
177.89,2420,605
179.18,2607,644
180.47,2817,687
181.76,3050,734
183.05,3267,779
184.34,3447,815
185.63,3657,858
186.91,3908,911
188.20,4122,954
189.49,4364,1005
190.78,4579,1049
192.07,4803,1096
193.36,5088,1155
194.65,5318,1203
195.94,5529,1245
197.23,5770,1296
198.52,6015,1347
199.80,6224,1391
201.09,6436,1435
202.38,6660,1481
203.67,6942,1539
204.96,7120,1575
206.25,7339,1621
207.54,7555,1666
208.83,7757,1710
210.12,7960,1751
211.41,8185,1797
212.70,8373,1835
213.98,8548,1873
215.27,8755,1916
216.56,8951,1956
217.85,9128,1994
219.14,9305,2031
220.43,9475,2066
221.72,9641,2100
223.01,9824,2138
224.30,9968,2168
225.59,10102,2198
226.88,10235,2224
228.16,10360,2250
229.45,10465,2274
230.74,10551,2292
232.03,10645,2312
233.32,10727,2328
234.61,10790,2342
235.90,10844,2353
237.19,10894,2362
238.48,10920,2368
239.77,10940,2372
241.05,10946,2374
242.34,10934,2370
243.63,10925,2369
244.92,10905,2364
246.21,10867,2354
247.50,10819,2347
248.79,10787,2340
250.08,10732,2327
251.37,10651,2311
252.66,10580,2296
253.95,10471,2273
255.23,10370,2252
256.52,10227,2222
257.81,10111,2197
259.10,9961,2166
260.39,9814,2134
261.68,9665,2104
262.97,9496,2068
264.26,9291,2026
265.55,9107,1987
266.84,8909,1947
268.13,8703,1905
269.41,8481,1856
270.70,8276,1815
271.99,8062,1770
273.28,7875,1732
274.57,7613,1677
275.86,7364,1624
277.15,7136,1577
278.44,6912,1530
279.73,6725,1492
281.02,6488,1443
282.30,6264,1395
283.59,6048,1352
284.88,5801,1300
286.17,5565,1253
287.46,5343,1206
288.75,5140,1163
290.04,4898,1114
291.33,4666,1065
292.62,4481,1029
293.91,4249,980
295.20,4005,931
296.48,3770,881
297.77,3601,846
299.06,3362,797
300.35,3143,752
301.64,2908,703
302.93,2746,671
304.22,2556,631
305.51,2361,591
306.80,2167,551
308.09,2008,518
309.38,1827,482
310.66,1660,447
311.95,1501,414
313.24,1376,389
314.53,1230,357
315.82,1093,331
317.11,976,306
318.40,864,283
319.69,755,261
320.98,652,240
322.27,560,220
323.55,478,204
324.84,412,190
326.13,366,181
327.42,313,170
328.71,277,162
330.00,251,157
331.29,234,154
332.58,231,152
333.87,240,155
335.16,259,159
336.45,290,165
337.73,342,176
339.02,389,186
340.31,445,197
341.60,522,213
342.89,608,231
344.18,701,250
345.47,802,270
346.76,936,298
348.05,1064,325
349.34,1184,349
350.63,1326,378
351.91,1492,413
353.20,1656,446
354.49,1802,476
355.78,2021,521
357.07,2235,565
358.36,2420,604
359.65,2621,644
360.94,2837,689
362.23,3069,737
363.52,3315,787
364.80,3527,831
366.09,3762,879
367.38,3983,926
368.67,4256,982
369.96,4518,1035
371.25,4766,1087
372.54,4975,1130
373.83,5229,1183
375.12,5467,1231
376.41,5701,1280
377.70,5929,1327
378.98,6169,1378
380.27,6395,1424
381.56,6660,1479
382.85,6873,1523
384.14,7074,1565
385.43,7274,1607
386.72,7477,1648
388.01,7706,1695
389.30,7909,1739
390.59,8092,1776
391.88,8313,1822
393.16,8540,1868
394.45,8735,1909
395.74,8927,1950
397.03,9112,1989
398.32,9271,2024
399.61,9466,2063
400.90,9658,2103
402.19,9789,2130
403.48,9935,2161
404.77,10103,2196
406.05,10217,2219
407.34,10344,2247
408.63,10454,2270
409.92,10559,2291
411.21,10636,2309
412.50,10722,2326
413.79,10795,2340
415.08,10878,2357
416.37,10922,2365
417.66,10959,2374
418.95,10993,2381
420.23,11021,2387
421.52,11033,2390
422.81,11034,2390
424.10,11041,2391
425.39,11025,2388
426.68,11006,2384
427.97,10966,2377
429.26,10921,2367
430.55,10862,2354
431.84,10785,2339
433.13,10702,2320
434.41,10609,2300
435.70,10496,2276
436.99,10375,2253
438.28,10253,2228
439.57,10105,2197
440.86,9942,2162
442.15,9807,2134
443.44,9621,2094
444.73,9427,2055
446.02,9214,2010
447.30,9030,1971
448.59,8805,1925
449.88,8592,1881
451.17,8358,1833
452.46,8150,1787
453.75,7923,1740
455.04,7719,1699
456.33,7483,1648
457.62,7239,1599
458.91,7043,1560
460.20,6773,1502
461.48,6504,1446
462.77,6252,1394
464.06,6017,1346
465.35,5770,1294
466.64,5553,1249
467.93,5307,1199
469.22,5054,1146
470.51,4793,1093
471.80,4533,1039
473.09,4333,997
474.38,4078,945
475.66,3838,897
476.95,3627,854
478.24,3418,810
479.53,3205,766
480.82,3001,724
482.11,2809,684
483.40,2608,644
484.69,2377,596
485.98,2219,563
487.27,2012,520
488.55,1836,485
489.84,1695,455
491.13,1535,423
492.42,1386,392
493.71,1254,366
495.00,1125,339
496.29,981,310
497.58,867,286
498.87,757,263
500.16,665,245
501.45,582,227
502.73,502,212
504.02,429,197
505.31,378,186
506.60,326,175
507.89,285,167
509.18,261,161
510.47,242,158
511.76,235,156
513.05,240,157
514.34,254,160
515.63,281,166
516.91,312,172
518.20,358,182
519.49,413,192
520.78,489,209
522.07,558,222
523.36,659,243
524.65,743,261
525.94,834,280
527.23,938,301
528.52,1074,329
529.80,1227,360
531.09,1357,387
532.38,1523,421
533.67,1672,452
534.96,1837,486
536.25,2024,524
537.54,2228,566
538.83,2450,612
540.12,2663,656
541.41,2868,698
542.70,3101,745
543.98,3327,792
545.27,3571,843
546.56,3819,894
547.85,4035,937
549.14,4281,989
550.43,4523,1040
551.72,4754,1087
553.01,5002,1139
554.30,5256,1190
555.59,5502,1243
556.88,5755,1294
558.16,6018,1349
559.45,6310,1409
560.74,6476,1443
562.03,6701,1491
563.32,6982,1549
564.61,7189,1592
565.90,7402,1636
567.19,7644,1687
568.48,7875,1734
569.77,8101,1782
571.05,8302,1823
572.34,8535,1871
573.63,8716,1909
574.92,8925,1951
576.21,9124,1993
577.50,9320,2035
578.79,9506,2072
580.08,9684,2111
581.37,9839,2142
582.66,9990,2175
583.95,10132,2204
585.23,10269,2233
586.52,10397,2259
587.81,10499,2283
589.10,10619,2307
590.39,10715,2326
591.68,10782,2342
592.97,10856,2357
594.26,10919,2370
595.55,10970,2381
596.84,11013,2388
598.13,11044,2395
599.41,11064,2399
600.70,11072,2400
601.99,11081,2401
603.28,11065,2398
604.57,11045,2396
605.86,11020,2390
607.15,10966,2378
608.44,10930,2370
609.73,10869,2357
611.02,10794,2340
612.30,10719,2325
613.59,10624,2306
614.88,10525,2285
616.17,10396,2258
617.46,10284,2234
618.75,10173,2212
620.04,10026,2182
621.33,9872,2149
622.62,9734,2120
623.91,9579,2088
625.20,9392,2048
626.48,9208,2010
627.77,9014,1970
629.06,8813,1928
630.35,8603,1884
631.64,8399,1842
632.93,8194,1798
634.22,7997,1757
635.51,7773,1712
636.80,7541,1662
638.09,7246,1602
639.38,6998,1551
640.66,6810,1511
641.95,6589,1465
643.24,6342,1414
644.53,6114,1367
645.82,5853,1314
647.11,5621,1265
648.40,5375,1214
649.69,5142,1167
650.98,4877,1112
652.27,4622,1059
653.55,4412,1016
654.84,4176,966
656.13,3936,918
657.42,3719,873
658.71,3511,830
660.00,3253,777
661.29,3011,726
662.58,2807,685
663.87,2607,644
665.16,2405,602
666.45,2239,567
667.73,2026,524
669.02,1838,486
670.31,1674,452
671.60,1531,422
672.89,1344,383
674.18,1194,353
675.47,1088,331
676.76,950,303
678.05,837,279
679.34,735,259
680.63,631,237
681.91,535,218
683.20,455,202
684.49,394,189
685.78,339,178
687.07,295,169
688.36,264,162
689.65,245,159
690.94,236,157
692.23,238,157
693.52,254,161
694.80,282,166
696.09,312,172
697.38,361,183
698.67,416,193
699.96,485,208
701.25,559,223
702.54,631,238
703.83,728,258
705.12,827,278
706.41,939,301
707.70,1078,329
708.98,1208,357
710.27,1340,383
711.56,1507,418
712.85,1662,449
714.14,1819,482
715.43,1991,516
716.72,2170,554
718.01,2383,598
719.30,2602,643
720.59,2800,683
721.88,3029,731
723.16,3242,775
724.45,3460,820
725.74,3663,861
727.03,3895,909
728.32,4114,954
729.61,4364,1005
730.90,4599,1055
732.19,4833,1103
733.48,5068,1152
734.77,5318,1204
736.05,5544,1250
737.34,5775,1299
738.63,6008,1347
739.92,6244,1395
741.21,6478,1444
742.50,6708,1491
743.79,6943,1540
745.08,7180,1589
746.37,7422,1640
747.66,7630,1683
748.95,7853,1731
750.23,8085,1778
751.52,8287,1819
752.81,8556,1877
754.10,8759,1918
755.39,8957,1958
756.68,9183,2005
757.97,9372,2044
759.26,9551,2082
760.55,9728,2120
761.84,9888,2152
763.13,10030,2182
764.41,10188,2215
765.70,10331,2244
766.99,10460,2272
768.28,10583,2297
769.57,10690,2320
770.86,10800,2342
772.15,10864,2355
773.44,10942,2372
774.73,11012,2387
776.02,11057,2396
777.30,11105,2406
778.59,11139,2412
779.88,11167,2418
781.17,11178,2421
782.46,11177,2420
783.75,11169,2420
785.04,11140,2412
786.33,11098,2404
787.62,11055,2395
788.91,11010,2384
790.20,10933,2369
791.48,10846,2351
792.77,10755,2331
794.06,10651,2310
795.35,10544,2288
796.64,10407,2259
797.93,10284,2235
799.22,10156,2207
800.51,9987,2173
801.80,9821,2136
803.09,9668,2104
804.38,9465,2062
805.66,9268,2022
806.95,9074,1981
808.24,8873,1938
809.53,8680,1899
810.82,8459,1854
812.11,8251,1812
813.40,8039,1766
814.69,7805,1716
815.98,7588,1672
817.27,7325,1617
818.55,7153,1582
819.84,6894,1529
821.13,6702,1488
822.42,6418,1429
823.71,6188,1382
825.00,5951,1334
826.29,5719,1285
827.58,5440,1227
828.87,5217,1181
830.16,5002,1136
831.45,4721,1079
832.73,4510,1035
834.02,4323,998
835.31,4109,953
836.60,3872,905
837.89,3657,860
839.18,3438,815
840.47,3251,777
841.76,3044,735
843.05,2849,693
844.34,2658,655
845.63,2450,612
846.91,2285,578
848.20,2088,538
849.49,1869,492
850.78,1715,460
852.07,1547,427
853.36,1410,398
854.65,1268,369
855.94,1118,338
857.23,984,310
858.52,844,283
859.80,748,262
861.09,651,243
862.38,548,221
863.67,467,205
864.96,406,192
866.25,344,180
867.54,306,171
868.83,273,165
870.12,250,160
871.41,238,158
872.70,239,157
873.98,250,160
875.27,278,166
876.56,313,173
877.85,350,181
879.14,413,194
880.43,480,207
881.72,562,224
883.01,649,242
884.30,754,264
885.59,874,288
886.88,996,313
888.16,1131,341
889.45,1278,371
890.74,1410,398
892.03,1591,435
893.32,1774,473
894.61,1971,513
895.90,2163,552
897.19,2366,595
898.48,2593,640
899.77,2804,684
901.05,3047,734
902.34,3276,782
903.63,3454,819
904.92,3689,866
906.21,3927,917
907.50,4133,959
908.79,4403,1013
910.08,4634,1063
911.37,4856,1107
912.66,5081,1154
913.95,5307,1201
915.23,5552,1253
916.52,5768,1297
917.81,6003,1346
919.10,6255,1399
920.39,6482,1445
921.68,6691,1489
922.97,6936,1540
924.26,7155,1585
925.55,7384,1633
926.84,7565,1670
928.13,7777,1715
929.41,8011,1763
930.70,8233,1809
931.99,8427,1849
933.28,8646,1897
934.57,8820,1931
935.86,9020,1974
937.15,9195,2008
938.44,9361,2045
939.73,9527,2080
941.02,9682,2111
942.30,9839,2145
943.59,9980,2173
944.88,10118,2202
946.17,10249,2229
947.46,10364,2254
948.75,10473,2276
950.04,10580,2300
951.33,10670,2318
952.62,10755,2336
953.91,10843,2352
955.20,10893,2364
956.48,10952,2378
957.77,10999,2386
959.06,11028,2392
960.35,11049,2396
961.64,11065,2399
962.93,11066,2400
964.22,11046,2395
965.51,11030,2391
966.80,11000,2384
968.09,10945,2374
969.38,10890,2363
970.66,10832,2349
971.95,10739,2331
973.24,10651,2312
974.53,10562,2294
975.82,10454,2271
977.11,10321,2242
978.40,10205,2217
979.69,10055,2187
980.98,9887,2151
982.27,9722,2116
983.55,9590,2090
984.84,9389,2047
986.13,9211,2011
987.42,8995,1965
988.71,8797,1924
990.00,8558,1874
991.29,8322,1825
992.58,8104,1779
993.87,7884,1735
995.16,7642,1684
996.45,7414,1636
997.73,7159,1584
999.02,6926,1534
1000.31,6665,1480
1001.60,6415,1428
1002.89,6167,1377
1004.18,5931,1330
1005.47,5706,1283
1006.76,5449,1230
1008.05,5196,1177
1009.34,5004,1137
1010.63,4780,1091
1011.91,4533,1040
1013.20,4276,987
1014.49,4068,943
1015.78,3834,895
1017.07,3643,856
1018.36,3421,810
1019.65,3228,771
1020.94,3000,723
1022.23,2799,682
1023.52,2633,648
1024.80,2419,604
1026.09,2222,563
1027.38,2051,529
1028.67,1872,491
1029.96,1700,456
1031.25,1553,426
1032.54,1416,398
1033.83,1265,367
1035.12,1119,337
1036.41,1001,313
1037.70,883,289
1038.98,768,265
1040.27,671,246
1041.56,583,228
1042.85,505,211
1044.14,429,196
1045.43,385,187
1046.72,336,176
1048.01,294,168
1049.30,263,161
1050.59,245,157
1051.88,235,156
1053.16,236,156
1054.45,248,159
1055.74,269,163
1057.03,304,169
1058.32,343,178
1059.61,399,189
1060.90,467,203
1062.19,540,218
1063.48,626,236
1064.77,724,256
1066.05,825,277
1067.34,942,301
1068.63,1085,330
1069.92,1219,357
1071.21,1377,391
1072.50,1538,423
1073.79,1716,460
1075.08,1886,495
1076.37,2072,532
1077.66,2275,574
1078.95,2481,617
1080.23,2706,663
switching colors
1081.52,4902,270
1082.81,5273,291
1084.10,5684,314
1085.39,6100,336
1086.68,6521,360
1087.97,6959,384
1089.26,7334,405
1090.55,7829,432
1091.84,8256,454
1093.13,8644,477
1094.41,9096,502
1095.70,9570,528
1096.99,10007,552
1098.28,10435,577
1099.57,10892,602
1100.86,11337,626
1102.15,11795,651
1103.44,12200,675
1104.73,12650,700
1106.02,13074,723
1107.30,13499,747
1108.59,13924,771
1109.88,14337,795
1111.17,14706,815
1112.46,14932,828
1113.75,15123,840
1115.04,15463,859
1116.33,15780,877
1117.62,16140,898
1118.91,16422,912
1120.20,16708,929
1121.48,17007,946
1122.77,17257,959
1124.06,17503,974
1125.35,17728,986
1126.64,17934,998
1127.93,18145,1009
1129.22,18323,1021
1130.51,18488,1030
1131.80,18643,1038
1133.09,18779,1046
1134.38,18881,1051
1135.66,18987,1057
1136.95,19077,1063
1138.24,19123,1065
1139.53,19184,1068
1140.82,19205,1070
1142.11,19213,1068
1143.40,19201,1069
1144.69,19182,1067
1145.98,19107,1062
1147.27,19054,1061
1148.55,18968,1055
1149.84,18883,1050
1151.13,18764,1043
1152.42,18635,1037
1153.71,18489,1027
1155.00,18314,1017
1156.29,18116,1006
1157.58,17914,995
1158.87,17710,984
1160.16,17474,970
1161.45,17217,956
1162.73,16932,939
1164.02,16641,924
1165.31,16279,903
1166.60,15883,881
1167.89,15476,857
1169.18,15125,838
1170.47,14749,817
1171.76,14353,796
1173.05,13944,772
1174.34,13576,750
1175.63,13125,725
1176.91,12690,702
1178.20,12280,678
1179.49,11881,657
1180.78,11426,631
1182.07,11014,608
1183.36,10551,582
1184.65,10126,559
1185.94,9719,536
1187.23,9305,513
1188.52,8812,485
1189.80,8400,463
1191.09,8034,442
1192.38,7588,418
1193.67,7201,396
1194.96,6825,376
1196.25,6436,354
1197.54,6080,335
1198.83,5694,313
1200.12,5340,293
1201.41,4959,273
1202.70,4582,252
1203.98,4191,231
1205.27,3864,213
1206.56,3480,191
1207.85,3158,173
1209.14,2832,156
1210.43,2505,138
1211.72,2235,123
1213.01,1952,108
1214.30,1677,92
1215.59,1426,79
1216.88,1230,68
1218.16,1020,57
1219.45,828,46
1220.74,683,39
1222.03,533,30
1223.32,392,22
1224.61,296,17
1225.90,201,12
1227.19,127,8
1228.48,87,6
1229.77,58,4
1231.05,42,4
1232.34,46,3
1233.63,66,5
1234.92,106,7
1236.21,166,9
1237.50,241,14
1238.79,337,20
1240.08,447,25
1241.37,614,35
1242.66,724,41
1243.95,879,49
1245.23,1078,60
1246.52,1260,69
1247.81,1496,83
1249.10,1744,96
1250.39,2015,111
1251.68,2243,123
1252.97,2501,137
1254.26,2827,156
1255.55,3125,172
1256.84,3474,191
1258.13,3777,208
1259.41,4147,227
1260.70,4535,249
1261.99,4886,270
1263.28,5247,290
1264.57,5583,307
1265.86,5967,329
1267.15,6339,350
1268.44,6729,371
1269.73,7095,391
1271.02,7563,418
1272.30,7977,440
1273.59,8415,465
1274.88,8800,487
1276.17,9244,511
1277.46,9636,533
1278.75,10106,558
1280.04,10546,584
1281.33,11009,609
1282.62,11412,633
1283.91,11830,655
1285.20,12265,679
1286.48,12663,703
1287.77,13067,725
1289.06,13457,747
1290.35,13838,768
1291.64,14201,789
1292.93,14567,809
1294.22,14971,831
1295.51,15295,851
1296.80,15685,872
1298.09,15988,889
1299.38,16267,906
1300.66,16546,921
1301.95,16807,936
1303.24,17096,952
1304.53,17321,965
1305.82,17554,978
1307.11,17830,994
1308.40,18031,1005
1309.69,18183,1014
1310.98,18352,1025
1312.27,18486,1032
1313.55,18630,1039
1314.84,18726,1045
1316.13,18812,1050
1317.42,18874,1054
1318.71,18932,1056
1320.00,18911,1055
1321.29,18944,1057
1322.58,18904,1055
1323.87,18904,1056
1325.16,18880,1053
1326.45,18780,1048
1327.73,18721,1044
1329.02,18620,1038
1330.31,18468,1030
1331.60,18347,1023
1332.89,18158,1012
1334.18,18029,1004
1335.47,17870,995
1336.76,17597,980
1338.05,17461,972
1339.34,17216,958
1340.63,16933,942
1341.91,16640,926
1343.20,16394,911
1344.49,16100,894
1345.78,15795,878
1347.07,15460,859
1348.36,15015,834
1349.65,14682,816
1350.94,14278,793
1352.23,13911,771
1353.52,13545,751
1354.80,13116,727
1356.09,12697,704
1357.38,12329,683
1358.67,11901,659
1359.96,11454,635
1361.25,11152,617
1362.54,10735,594
1363.83,10343,573
1365.12,9906,547
1366.41,9497,524
1367.70,9164,505
1368.98,8714,481
1370.27,8346,461
1371.56,8007,442
1372.85,7599,419
1374.14,7195,396
1375.43,6816,376
1376.72,6459,357
1378.01,6078,335
1379.30,5675,313
1380.59,5350,295
1381.88,4920,271
1383.16,4539,250
1384.45,4200,232
1385.74,3852,212
1387.03,3465,191
1388.32,3158,174
1389.61,2822,155
1390.90,2496,138
1392.19,2252,124
1393.48,1981,109
1394.77,1717,94
1396.05,1480,81
1397.34,1272,71
1398.63,1072,60
1399.92,839,47
1401.21,701,40
1402.50,537,30
1403.79,400,23
1405.08,302,18
1406.37,224,14
1407.66,150,9
1408.95,92,6
1410.23,61,4
1411.52,43,3
1412.81,48,4
1414.10,74,5
1415.39,128,8
1416.68,187,11
1417.97,281,16
1419.26,376,21
1420.55,503,28
1421.84,645,36
1423.13,824,46
1424.41,1012,56
1425.70,1230,68
1426.99,1461,81
1428.28,1662,91
1429.57,1922,105
1430.86,2221,122
1432.15,2459,135
1433.44,2762,151
1434.73,3076,169
1436.02,3425,189
1437.30,3768,208
1438.59,4114,226
1439.88,4476,247
1441.17,4790,264
1442.46,5175,285
1443.75,5539,305
1445.04,5877,323
1446.33,6292,347
1447.62,6676,368
1448.91,7084,391
1450.20,7469,412
1451.48,7914,438
1452.77,8275,457
1454.06,8682,479
1455.35,9108,503
1456.64,9546,528
1457.93,9971,552
1459.22,10347,572
1460.51,10807,599
1461.80,11269,624
1463.09,11598,643
1464.38,11996,664
1465.66,12416,688
1466.95,12821,709
1468.24,13230,732
1469.53,13534,751
1470.82,13951,775
1472.11,14327,795
1473.40,14680,814
1474.69,14979,831
1475.98,15346,853
1477.27,15651,870
1478.55,15961,887
1479.84,16243,902
1481.13,16556,920
1482.42,16855,937
1483.71,17108,951
1485.00,17355,965
1486.29,17587,979
1487.58,17819,991
1488.87,18074,1007
1490.16,18220,1014
1491.45,18396,1024
1492.73,18555,1033
1494.02,18690,1040
1495.31,18808,1047
1496.60,18910,1052
1497.89,18986,1057
1499.18,19019,1059
1500.47,19082,1062
1501.76,19091,1063
1503.05,19098,1062
1504.34,19088,1061
1505.63,19026,1059
1506.91,18959,1054
1508.20,18844,1049
1509.49,18775,1044
1510.78,18663,1038
1512.07,18555,1031
1513.36,18367,1020
1514.65,18205,1012
1515.94,18043,1001
1517.23,17815,989
1518.52,17530,972
1519.80,17286,960
1521.09,17020,945
1522.38,16700,926
1523.67,16432,912
1524.96,16055,891
1526.25,15655,868
1527.54,15243,845
1528.83,14840,823
1530.12,14410,799
1531.41,14015,777
1532.70,13615,754
1533.98,13207,731
1535.27,12809,708
1536.56,12327,681
1537.85,12017,665
1539.14,11565,639
1540.43,11221,620
1541.72,10759,594
1543.01,10363,572
1544.30,9893,546
1545.59,9564,528
1546.88,9197,507
1548.16,8741,482
1549.45,8371,461
1550.74,7997,441
1552.03,7572,417
1553.32,7185,395
1554.61,6826,375
1555.90,6468,356
1557.19,6130,337
1558.48,5747,316
1559.77,5373,295
1561.05,5060,279
1562.34,4719,260
1563.63,4343,239
1564.92,3995,220
1566.21,3636,201
1567.50,3307,182
1568.79,2995,165
1570.08,2684,148
1571.37,2386,132
1572.66,2154,119
1573.95,1913,105
1575.23,1658,91
1576.52,1420,78
1577.81,1204,67
1579.10,1017,56
1580.39,855,47
1581.68,681,38
1582.97,558,31
1584.26,420,24
1585.55,317,18
1586.84,224,13
1588.13,148,9
1589.41,92,6
1590.70,59,4
1591.99,43,3
1593.28,46,4
1594.57,66,5
1595.86,109,7
1597.15,169,10
1598.44,252,14
1599.73,367,21
1601.02,499,28
1602.30,631,35
1603.59,795,44
1604.88,956,53
1606.17,1169,65
1607.46,1365,75
1608.75,1592,88
1610.04,1878,103
1611.33,2176,119
1612.62,2436,134
1613.91,2714,150
1615.20,3044,168
1616.48,3375,186
1617.77,3751,207
1619.06,4102,226
1620.35,4441,244
1621.64,4842,267
1622.93,5228,288
1624.22,5636,310
1625.51,6024,332
1626.80,6448,356
1628.09,6838,378
1629.38,7263,401
1630.66,7704,426
1631.95,8155,451
1633.24,8552,473
1634.53,8972,496
1635.82,9454,523
1637.11,9916,549
1638.40,10311,571
1639.69,10718,595
1640.98,11168,620
1642.27,11650,646
1643.55,11960,663
1644.84,12394,688
1646.13,12783,710
1647.42,13150,731
1648.71,13524,751
1650.00,13902,773
1651.29,14254,792
1652.58,14583,811
1653.87,14919,830
1655.16,15241,847
1656.45,15544,865
1657.73,15897,884
1659.02,16165,900
1660.31,16439,916
1661.60,16688,931
1662.89,16944,944
1664.18,17185,959
1665.47,17428,972
1666.76,17644,984
1668.05,17849,996
1669.34,17993,1005
1670.63,18179,1015
1671.91,18331,1024
1673.20,18478,1031
1674.49,18561,1036
1675.78,18656,1041
1677.07,18734,1046
1678.36,18789,1048
1679.65,18830,1051
1680.94,18817,1050
1682.23,18842,1051
1683.52,18796,1049
1684.80,18800,1049
1686.09,18796,1048
1687.38,18733,1044
1688.67,18635,1040
1689.96,18541,1035
1691.25,18430,1027
1692.54,18268,1018
1693.83,18109,1009
1695.12,17966,1001
1696.41,17747,988
1697.70,17549,978
1698.98,17390,968
1700.27,17132,954
1701.56,16804,935
1702.85,16533,920
1704.14,16269,905
1705.43,15927,885
1706.72,15597,867
1708.01,15210,846
1709.30,14836,824
1710.59,14427,802
1711.88,13963,776
1713.16,13605,756
1714.45,13216,733
1715.74,12832,711
1717.03,12359,686
1718.32,11975,663
1719.61,11453,634
1720.90,11150,617
1722.19,10784,597
1723.48,10335,572
1724.77,9910,549
1726.05,9511,526
1727.34,9140,505
1728.63,8710,481
1729.92,8224,454
1731.21,7888,436
1732.50,7457,411
1733.79,7024,388
1735.08,6614,365
1736.37,6181,341
1737.66,5896,325
1738.95,5478,303
1740.23,5096,281
1741.52,4679,258
1742.81,4291,237
1744.10,3915,216
1745.39,3564,196
1746.68,3296,182
1747.97,2968,164
1749.26,2669,147
1750.55,2334,129
1751.84,2128,118
1753.13,1876,103
1754.41,1622,89
1755.70,1379,77
1756.99,1212,67
1758.28,1025,57
1759.57,836,47
1760.86,689,39
1762.15,544,31
1763.44,408,23
1764.73,308,18
1766.02,226,14
1767.30,159,10
1768.59,99,6
1769.88,65,4
1771.17,46,3
1772.46,44,3
1773.75,64,4
1775.04,94,6
1776.33,147,9
1777.62,243,14
1778.91,322,18
1780.20,424,24
1781.48,557,31
1782.77,709,39
1784.06,831,46
1785.35,1023,57
1786.64,1212,67
1787.93,1443,79
1789.22,1657,91
1790.51,1893,104
1791.80,2157,119
1793.09,2377,131
1794.38,2705,148
1795.66,2973,163
1796.95,3316,182
1798.24,3622,199
1799.53,3958,218
1800.82,4367,241
1802.11,4734,261
1803.40,5088,281
1804.69,5485,303
1805.98,5909,326
1807.27,6312,349
1808.55,6697,370
1809.84,7129,394
1811.13,7567,419
1812.42,8085,446
1813.71,8482,468
1815.00,8869,490
1816.29,9293,514
1817.58,9751,539
1818.87,10146,562
1820.16,10576,586
1821.45,11010,610
1822.73,11455,635
1824.02,11885,658
1825.31,12322,683
1826.60,12687,703
1827.89,13084,725
1829.18,13444,746
1830.47,13827,768
1831.76,14239,790
1833.05,14601,810
1834.34,14989,833
1835.63,15344,853
1836.91,15658,871
1838.20,15961,887
1839.49,16258,904
1840.78,16567,921
1842.07,16862,938
1843.36,17168,956
1844.65,17378,967
1845.94,17597,980
1847.23,17858,994
1848.52,18081,1007
1849.80,18237,1016
1851.09,18409,1026
1852.38,18530,1033
1853.67,18642,1039
1854.96,18728,1045
1856.25,18828,1049
1857.54,18889,1052
1858.83,18941,1055
1860.12,18954,1057
1861.41,18978,1057
1862.70,18991,1057
1863.98,18975,1056
1865.27,18882,1052
1866.56,18838,1048
1867.85,18778,1045
1869.14,18698,1041
1870.43,18548,1032
1871.72,18461,1027
1873.01,18308,1018
1874.30,18113,1008
1875.59,17964,1000
1876.88,17754,987
1878.16,17566,977
1879.45,17284,960
1880.74,17056,948
1882.03,16785,932
1883.32,16450,914
1884.61,16124,895
1885.90,15787,876
1887.19,15382,853
1888.48,15005,833
1889.77,14669,814
1891.05,14286,792
1892.34,13927,771
1893.63,13528,749
1894.92,13100,725
1896.21,12708,705
1897.50,12234,677
1898.79,11988,663
1900.08,11576,640
1901.37,11191,618
1902.66,10750,594
1903.95,10397,575
1905.23,9908,546
1906.52,9532,527
1907.81,9157,506
1909.10,8713,480
1910.39,8318,459
1911.68,7929,437
1912.97,7512,414
1914.26,7102,391
1915.55,6713,370
1916.84,6334,349
1918.13,5879,324
1919.41,5514,304
1920.70,5173,284
1921.99,4811,265
1923.28,4453,245
1924.57,4112,227
1925.86,3766,207
1927.15,3399,187
1928.44,3016,167
1929.73,2746,151
1931.02,2416,133
1932.30,2179,121
1933.59,1935,107
1934.88,1680,93
1936.17,1411,78
1937.46,1187,65
1938.75,1006,56
1940.04,830,46
1941.33,650,36
1942.62,511,29
1943.91,379,21
1945.20,277,16
1946.48,184,11
1947.77,126,8
1949.06,71,5
1950.35,48,4
1951.64,42,4
1952.93,57,4
1954.22,93,6
1955.51,144,9
1956.80,217,13
1958.09,322,18
1959.38,423,24
1960.66,556,31
1961.95,703,39
1963.24,865,48
1964.53,1035,57
1965.82,1243,69
1967.11,1490,82
1968.40,1697,93
1969.69,1930,106
1970.98,2185,120
1972.27,2421,133
1973.55,2687,148
1974.84,2978,164
1976.13,3306,182
1977.42,3660,202
1978.71,4013,221
1980.00,4317,238
1981.29,4689,258
1982.58,5055,279
1983.87,5438,300
1985.16,5806,320
1986.45,6213,343
1987.73,6611,365
1989.02,7023,388
1990.31,7416,410
1991.60,7804,431
1992.89,8249,456
1994.18,8620,477
1995.47,9025,500
1996.76,9406,522
1998.05,9871,546
1999.34,10234,567
2000.63,10647,590
2001.91,11072,614
2003.20,11427,635
2004.49,11784,653
2005.78,12184,676
2007.07,12602,699
2008.36,12966,720
2009.65,13326,741
2010.94,13710,762
2012.23,14095,784
2013.52,14489,806
2014.80,14811,824
2016.09,15117,842
2017.38,15456,861
2018.67,15774,878
2019.96,16087,896
2021.25,16390,913
2022.54,16642,928
2023.83,16929,944
2025.12,17198,959
2026.41,17385,970
2027.70,17615,984
2028.98,17813,994
2030.27,17968,1003
2031.56,18141,1013
2032.85,18260,1019
2034.14,18411,1028
2035.43,18519,1034
2036.72,18611,1039
2038.01,18660,1041
2039.30,18711,1045
2040.59,18706,1045
2041.88,18740,1046
2043.16,18680,1042
2044.45,18677,1043
2045.74,18662,1042
2047.03,18526,1033
2048.32,18509,1033
2049.61,18412,1028
2050.90,18242,1017
2052.19,18180,1013
2053.48,17965,1002
2054.77,17869,994
2056.05,17668,984
2057.34,17428,971
2058.63,17196,958
2059.92,16851,938
2061.21,16658,927
2062.50,16405,913
2063.79,16035,893
2065.08,15736,875
2066.37,15407,857
2067.66,15064,838
2068.95,14654,814
2070.23,14319,795
2071.52,13871,771
2072.81,13484,748
2074.10,13162,730
2075.39,12787,710
2076.68,12382,686
2077.97,11993,664
2079.26,11583,641
2080.55,11159,618
2081.84,10819,599
2083.12,10352,573
2084.41,10016,554
2085.70,9593,531
2086.99,9234,511
2088.28,8818,488
2089.57,8416,465
2090.86,8024,443
2092.15,7672,424
2093.44,7270,402
2094.73,6842,378
2096.02,6459,357
2097.30,6113,337
2098.59,5760,318
2099.88,5379,297
2101.17,5013,277
2102.46,4652,256
2103.75,4312,237
2105.04,3934,217
2106.33,3593,198
2107.62,3282,181
2108.91,3000,166
2110.20,2722,150
2111.48,2457,135
2112.77,2198,121
2114.06,1933,106
2115.35,1702,94
2116.64,1432,80
2117.93,1236,69
2119.22,1040,58
2120.51,821,46
2121.80,666,37
2123.09,547,31
2124.37,413,23
2125.66,303,18
2126.95,208,12
2128.24,142,9
2129.53,87,5
2130.82,52,4
2132.11,42,3
2133.40,53,4
2134.69,77,5
2135.98,130,8
2137.27,207,12
2138.55,289,17
2139.84,390,22
2141.13,531,30
2142.42,696,39
2143.71,832,46
2145.00,994,55
2146.29,1201,67
2147.58,1440,79
2148.87,1673,92
2150.16,1920,105
2151.45,2236,123
2152.73,2513,138
2154.02,2788,153
2155.31,3125,172
2156.60,3439,189
2157.89,3801,208
2159.18,4174,230
2160.47,4603,254
switching colors
2161.76,2283,48
2163.05,2468,51
2164.34,2666,55
2165.62,2864,59
2166.91,3049,63
2168.20,3268,67
2169.49,3458,71
2170.78,3643,75
2172.07,3837,79
2173.36,4033,84
2174.65,4215,87
2175.94,4400,91
2177.23,4628,95
2178.52,4800,99
2179.80,4949,102
2181.09,5132,106
2182.38,5330,110
2183.67,5503,113
2184.96,5659,117
2186.25,5843,121
2187.54,6028,124
2188.83,6190,127
2190.12,6373,131
2191.41,6544,135
2192.70,6690,138
2193.98,6870,141
2195.27,7014,145
2196.56,7169,148
2197.85,7308,151
2199.14,7470,154
2200.43,7597,157
2201.72,7716,159
2203.01,7834,160
2204.30,7956,164
2205.59,8061,165
2206.87,8165,168
2208.16,8251,170
2209.45,8345,172
2210.74,8417,173
2212.03,8496,175
2213.32,8551,176
2214.61,8612,178
2215.90,8652,178
2217.19,8684,179
2218.48,8713,180
2219.77,8741,180
2221.05,8756,180
2222.34,8759,180
2223.63,8759,181
2224.92,8746,180
2226.21,8723,180
2227.50,8696,179
2228.79,8657,178
2230.08,8605,178
2231.37,8542,176
2232.66,8475,175
2233.95,8396,172
2235.23,8307,171
2236.52,8207,170
2237.81,8117,167
2239.10,8007,164
2240.39,7884,162
2241.68,7772,160
2242.97,7631,157
2244.26,7497,154
2245.55,7336,151
2246.84,7177,148
2248.12,6994,144
2249.41,6827,141
2250.70,6669,137
2251.99,6492,134
2253.28,6321,130
2254.57,6118,126
2255.86,5915,122
2257.15,5707,117
2258.44,5551,114
2259.73,5348,109
2261.02,5152,106
2262.30,4951,102
2263.59,4767,98
2264.88,4554,94
2266.17,4350,90
2267.46,4136,85
2268.75,3938,81
2270.04,3732,77
2271.33,3527,73
2272.62,3371,70
2273.91,3166,65
2275.20,2963,61
2276.48,2816,58
2277.77,2658,55
2279.06,2488,51
2280.35,2295,47
2281.64,2152,45
2282.93,1978,40
2284.22,1831,38
2285.51,1689,34
2286.80,1534,32
2288.09,1397,29
2289.37,1268,26
2290.66,1130,24
2291.95,994,21
2293.24,884,19
2294.53,786,17
2295.82,672,14
2297.11,579,12
2298.40,493,11
2299.69,417,9
2300.98,335,7
2302.27,255,6
2303.55,204,5
2304.84,153,4
2306.13,106,2
2307.42,74,2
2308.71,47,1
2310.00,31,1
2311.29,22,1
2312.58,21,1
2313.87,27,1
2315.16,43,2
2316.45,66,2
2317.73,99,2
2319.02,141,4
2320.31,190,4
2321.60,243,5
2322.89,297,7
2324.18,370,8
2325.47,442,9
2326.76,542,11
2328.05,638,13
2329.34,763,16
2330.62,859,17
2331.91,971,20
2333.20,1104,22
2334.49,1226,25
2335.78,1365,28
2337.07,1540,32
2338.36,1719,36
2339.65,1886,39
2340.94,2059,43
2342.23,2237,46
2343.52,2429,50
2344.80,2613,54
2346.09,2798,57
2347.38,2968,61
2348.67,3162,65
2349.96,3364,69
2351.25,3560,73
2352.54,3759,78
2353.83,3963,81
2355.12,4149,85
2356.41,4334,89
2357.70,4535,94
2358.98,4720,98
2360.27,4906,101
2361.56,5103,104
2362.85,5311,110
2364.14,5496,114
2365.43,5651,117
2366.72,5866,120
2368.01,6032,125
2369.30,6229,128
2370.59,6403,132
2371.87,6578,136
2373.16,6751,139
2374.45,6894,143
2375.74,7071,146
2377.03,7233,149
2378.32,7371,152
2379.61,7507,154
2380.90,7634,157
2382.19,7780,161
2383.48,7866,162
2384.77,7995,165
2386.05,8100,168
2387.34,8180,169
2388.63,8282,171
2389.92,8356,172
2391.21,8421,173
2392.50,8486,175
2393.79,8528,176
2395.08,8570,177
2396.37,8617,178
2397.66,8651,179
2398.95,8667,179
2400.23,8687,179
2401.52,8694,179
2402.81,8697,179
2404.10,8677,179
2405.39,8662,179
2406.68,8630,178
2407.97,8600,177
2409.26,8554,176
2410.55,8504,176
2411.84,8446,174
2413.12,8376,173
2414.41,8308,172
2415.70,8207,170
2416.99,8123,167
2418.28,8038,165
2419.57,7938,164
2420.86,7808,161
2422.15,7688,159
2423.44,7557,155
2424.73,7435,153
2426.02,7290,150
2427.30,7165,148
2428.59,7016,145
2429.88,6856,142
2431.17,6693,138
2432.46,6516,134
2433.75,6336,131
2435.04,6156,127
2436.33,5982,124
2437.62,5789,120
2438.91,5601,115
2440.20,5400,111
2441.48,5206,107
2442.77,5019,104
2444.06,4807,99
2445.35,4609,95
2446.64,4391,91
2447.93,4206,86
2449.22,4015,83
2450.51,3819,79
2451.80,3628,74
2453.09,3440,71
2454.37,3268,67
2455.66,3069,64
2456.95,2841,59
2458.24,2699,56
2459.53,2509,52
2460.82,2344,49
2462.11,2163,45
2463.40,1993,41
2464.69,1845,38
2465.98,1670,35
2467.27,1510,32
2468.55,1360,29
2469.84,1198,25
2471.13,1096,23
2472.42,972,20
2473.71,849,18
2475.00,737,15
2476.29,628,13
2477.58,529,11
2478.87,440,9
2480.16,361,8
2481.45,276,6
2482.73,212,5
2484.02,156,4
2485.31,117,3
2486.60,76,2
2487.89,50,1
2489.18,34,1
2490.47,22,1
2491.76,21,1
2493.05,29,1
2494.34,43,1
2495.62,66,2
2496.91,99,2
2498.20,138,4
2499.49,182,5
2500.78,234,5
2502.07,303,7
2503.36,382,8
2504.65,458,10
2505.94,538,12
2507.23,650,14
2508.52,755,16
2509.80,850,18
2511.09,949,20
2512.38,1084,23
2513.67,1233,25
2514.96,1352,28
2516.25,1508,31
2517.54,1664,34
2518.83,1824,37
2520.12,1972,40
2521.41,2148,44
2522.70,2309,48
2523.98,2479,51
2525.27,2656,55
2526.56,2835,58
2527.85,3032,62
2529.14,3216,66
2530.43,3407,70
2531.72,3589,74
2533.01,3782,77
2534.30,3968,82
2535.59,4147,85
2536.87,4327,89
2538.16,4530,93
2539.45,4774,98
2540.74,4910,101
2542.03,5106,105
2543.32,5303,109
2544.61,5474,113
2545.90,5665,117
2547.19,5840,120
2548.48,6014,124
2549.77,6211,128
2551.05,6395,131
2552.34,6581,135
2553.63,6767,139
2554.92,6929,143
2556.21,7087,146
2557.50,7239,148
2558.79,7381,152
2560.08,7530,154
2561.37,7671,158
2562.66,7783,160
2563.95,7909,163
2565.23,8018,165
2566.52,8121,167
2567.81,8212,169
2569.10,8291,171
2570.39,8371,172
2571.68,8442,174
2572.97,8506,176
2574.26,8574,176
2575.55,8617,178
2576.84,8647,178
2578.12,8673,178
2579.41,8698,179
2580.70,8710,180
2581.99,8702,179
2583.28,8704,179
2584.57,8688,179
2585.86,8650,178
2587.15,8620,178
2588.44,8581,177
2589.73,8519,176
2591.02,8455,174
2592.30,8383,173
2593.59,8318,171
2594.88,8226,169
2596.17,8133,167
2597.46,8036,165
2598.75,7925,163
2600.04,7804,161
2601.33,7683,158
2602.62,7562,156
2603.91,7439,153
2605.20,7289,150
2606.48,7139,147
2607.77,6971,143
2609.06,6816,140
2610.35,6626,136
2611.64,6477,133
2612.93,6316,130
2614.22,6118,126
2615.51,5954,122
2616.80,5764,119
2618.09,5597,115
2619.37,5430,112
2620.66,5229,107
2621.95,4986,102
2623.24,4825,99
2624.53,4636,95
2625.82,4449,92
2627.11,4237,87
2628.40,4075,84
2629.69,3901,80
2630.98,3709,76
2632.27,3506,71
2633.55,3338,69
2634.84,3150,65
2636.13,2979,62
2637.42,2831,58
2638.71,2658,55
2640.00,2482,52
2641.29,2340,48
2642.58,2180,45
2643.87,2019,42
2645.16,1843,38
2646.45,1695,35
2647.73,1525,32
2649.02,1400,29
2650.31,1257,26
2651.60,1114,23
2652.89,992,21
2654.18,866,18
2655.47,753,16
2656.76,632,13
2658.05,531,11
2659.34,450,10
2660.62,366,8
2661.91,294,7
2663.20,224,5
2664.49,173,4
2665.78,127,3
2667.07,86,2
2668.36,53,1
2669.65,34,1
2670.94,22,1
2672.23,21,1
2673.52,26,1
2674.80,42,1
2676.09,68,2
2677.38,99,3
2678.67,143,3
2679.96,196,4
2681.25,265,6
2682.54,325,7
2683.83,401,9
2685.12,487,11
2686.41,581,12
2687.70,686,15
2688.98,807,17
2690.27,916,19
2691.56,1053,22
2692.85,1191,25
2694.14,1321,27
2695.43,1476,30
2696.72,1645,34
2698.01,1822,37
2699.30,1960,40
2700.59,2126,44
2701.87,2322,48
2703.16,2516,52
2704.45,2676,55
2705.74,2879,59
2707.03,3040,62
2708.32,3206,66
2709.61,3424,70
2710.90,3581,74
2712.19,3757,77
2713.48,3948,82
2714.77,4184,86
2716.05,4357,89
2717.34,4507,93
2718.63,4701,97
2719.92,4892,101
2721.21,5050,104
2722.50,5240,108
2723.79,5431,112
2725.08,5606,116
2726.37,5760,119
2727.66,5938,122
2728.95,6122,126
2730.23,6271,130
2731.52,6455,132
2732.81,6615,137
2734.10,6753,139
2735.39,6898,142
2736.68,7046,145
2737.97,7213,149
2739.26,7352,151
2740.55,7482,155
2741.84,7595,157
2743.12,7724,159
2744.41,7825,161
2745.70,7944,164
2746.99,8032,166
2748.28,8117,167
2749.57,8221,170
2750.86,8311,171
2752.15,8368,173
2753.44,8434,174
2754.73,8491,175
2756.02,8542,176
2757.30,8590,177
2758.59,8614,177
2759.88,8638,179
2761.17,8660,179
2762.46,8669,179
2763.75,8653,178
2765.04,8637,178
2766.33,8612,178
2767.62,8580,177
2768.91,8542,176
2770.20,8493,175
2771.48,8430,174
2772.77,8378,173
2774.06,8296,171
2775.35,8206,168
2776.64,8114,167
2777.93,8018,165
2779.22,7916,163
2780.51,7785,161
2781.80,7671,157
2783.09,7546,156
2784.37,7378,152
2785.66,7244,149
2786.95,7083,146
2788.24,6939,142
2789.53,6760,139
2790.82,6596,136
2792.11,6414,132
2793.40,6245,129
2794.69,6054,124
2795.98,5861,121
2797.27,5642,116
2798.55,5440,112
2799.84,5264,108
2801.13,5089,105
2802.42,4858,100
2803.71,4693,97
2805.00,4500,92
2806.29,4317,89
2807.58,4107,85
2808.87,3936,81
2810.16,3750,78
2811.45,3555,73
2812.73,3377,70
2814.02,3202,66
2815.31,3023,62
2816.60,2838,59
2817.89,2702,56
2819.18,2534,53
2820.47,2336,48
2821.76,2159,45
2823.05,2010,42
2824.34,1859,39
2825.62,1703,35
2826.91,1563,32
2828.20,1418,30
2829.49,1284,27
2830.78,1153,24
2832.07,1029,21
2833.36,892,19
2834.65,784,17
2835.94,694,15
2837.23,585,13
2838.52,488,11
2839.80,412,9
2841.09,351,8
2842.38,275,6
2843.67,207,5
2844.96,159,4
2846.25,119,3
2847.54,82,2
2848.83,55,2
2850.12,36,1
2851.41,23,1
2852.70,21,1
2853.98,29,1
2855.27,42,2
2856.56,70,2
2857.85,96,2
2859.14,135,4
2860.43,183,4
2861.72,243,5
2863.01,310,7
2864.30,385,9
2865.59,473,10
2866.87,566,12
2868.16,681,14
2869.45,790,16
2870.74,897,19
2872.03,1017,21
2873.32,1165,24
2874.61,1293,27
2875.90,1440,30
2877.19,1595,32
2878.48,1766,37
2879.77,1949,40
2881.05,2116,44
2882.34,2289,47
2883.63,2468,51
2884.92,2677,55
2886.21,2841,59
2887.50,3023,62
2888.79,3212,66
2890.08,3431,70
2891.37,3630,74
2892.66,3829,79
2893.95,4032,83
2895.23,4216,86
2896.52,4411,91
2897.81,4609,95
2899.10,4819,99
2900.39,5006,103
2901.68,5202,107
2902.97,5393,111
2904.26,5594,115
2905.55,5792,119
2906.84,5941,122
2908.12,6127,126
2909.41,6313,130
2910.70,6482,134
2911.99,6641,137
2913.28,6830,140
2914.57,6980,143
2915.86,7126,147
2917.15,7280,150
2918.44,7414,152
2919.73,7536,155
2921.02,7665,158
2922.30,7771,160
2923.59,7881,161
2924.88,7999,165
2926.17,8121,167
2927.46,8196,169
2928.75,8290,170
2930.04,8369,172
2931.33,8436,174
2932.62,8493,175
2933.91,8546,176
2935.20,8614,178
2936.48,8639,178
2937.77,8666,178
2939.06,8689,178
2940.35,8714,180
2941.64,8708,179
2942.93,8708,179
2944.22,8694,178
2945.51,8683,179
2946.80,8655,178
2948.09,8617,177
2949.37,8577,177
2950.66,8523,176
2951.95,8463,174
2953.24,8395,173
2954.53,8318,171
2955.82,8252,170
2957.11,8155,168
2958.40,8053,166
2959.69,7952,164
2960.98,7835,161
2962.27,7700,158
2963.55,7564,155
2964.84,7444,153
2966.13,7307,151
2967.42,7126,147
2968.71,6953,143
2970.00,6787,140
2971.29,6622,136
2972.58,6431,132
2973.87,6245,129
2975.16,6051,125
2976.45,5872,120
2977.73,5674,117
2979.02,5488,113
2980.31,5291,109
2981.60,5113,105
2982.89,4901,101
2984.18,4691,97
2985.47,4501,93
2986.76,4304,89
2988.05,4106,84
2989.34,3933,81
2990.62,3746,77
2991.91,3533,73
2993.20,3347,69
2994.49,3172,66
2995.78,2988,62
2997.07,2803,58
2998.36,2622,54
2999.65,2423,50
3000.94,2254,46
3002.23,2114,44
3003.52,1934,40
3004.80,1782,36
3006.09,1619,34
3007.38,1460,30
3008.67,1284,27
3009.96,1149,24
3011.25,1027,21
3012.54,916,19
3013.83,793,17
3015.12,684,14
3016.41,590,12
3017.70,484,10
3018.98,413,9
3020.27,337,8
3021.56,258,6
3022.85,202,5
3024.14,152,4
3025.43,107,2
3026.72,82,2
3028.01,52,1
3029.30,34,1
3030.59,23,1
3031.87,21,1
3033.16,26,1
3034.45,39,1
3035.74,60,2
3037.03,89,3
3038.32,128,3
3039.61,178,4
3040.90,238,5
3042.19,290,7
3043.48,369,8
3044.77,449,10
3046.05,540,11
3047.34,623,13
3048.63,727,15
3049.92,849,17
3051.21,936,20
3052.50,1059,22
3053.79,1181,24
3055.08,1329,28
3056.37,1460,30
3057.66,1628,34
3058.95,1770,36
3060.23,1918,40
3061.52,2079,43
3062.81,2243,46
3064.10,2437,50
3065.39,2597,53
3066.68,2788,58
3067.97,2970,61
3069.26,3149,65
3070.55,3354,69
3071.84,3521,73
3073.12,3727,77
3074.41,3941,81
3075.70,4154,86
3076.99,4362,90
3078.28,4548,94
3079.57,4743,98
3080.86,4953,102
3082.15,5125,106
3083.44,5326,110
3084.73,5495,113
3086.02,5687,117
3087.30,5866,121
3088.59,6016,124
3089.88,6186,127
3091.17,6373,131
3092.46,6578,136
3093.75,6690,138
3095.04,6834,140
3096.33,7000,145
3097.62,7158,148
3098.91,7306,151
3100.20,7422,153
3101.48,7495,155
3102.77,7626,157
3104.06,7712,159
3105.35,7833,162
3106.64,7913,163
3107.93,7883,163
3109.22,8154,169
3110.51,8243,170
3111.80,8320,172
3113.09,8386,173
3114.37,8439,174
3115.66,8516,176
3116.95,8550,177
3118.24,8568,176
3119.53,8601,178
3120.82,8607,178
3122.11,8650,178
3123.40,8667,179
3124.69,8632,178
3125.98,8611,177
3127.27,8579,177
3128.55,8542,176
3129.84,8494,175
3131.13,8443,174
3132.42,8374,173
3133.71,8305,172
3135.00,8227,170
3136.29,8131,167
3137.58,8032,166
3138.87,7932,164
3140.16,7811,161
3141.45,7695,159
3142.73,7580,156
3144.02,7448,154
3145.31,7293,150
3146.60,7168,148
3147.89,7011,145
3149.18,6854,142
3150.47,6667,138
3151.76,6498,135
3153.05,6331,130
3154.34,6180,127
3155.62,5972,123
3156.91,5834,120
3158.20,5611,115
3159.49,5464,113
3160.78,5267,109
3162.07,5104,106
3163.36,4900,101
3164.65,4729,97
3165.94,4551,94
3167.23,4352,90
3168.52,4163,86
3169.80,3994,82
3171.09,3797,78
3172.38,3595,74
3173.67,3410,71
3174.96,3243,67
3176.25,3047,62
3177.54,2853,58
3178.83,2703,56
3180.12,2514,52
3181.41,2332,48
3182.70,2140,44
3183.98,1972,41
3185.27,1802,38
3186.56,1626,34
3187.85,1502,31
3189.14,1337,27
3190.43,1198,25
3191.72,1067,22
3193.01,956,20
3194.30,835,18
3195.59,715,15
3196.87,617,13
3198.16,510,11
3199.45,425,9
3200.74,356,8
3202.03,283,6
3203.32,212,5
3204.61,157,4
3205.90,121,3
3207.19,80,2
3208.48,47,2
3209.77,32,1
3211.05,22,1
3212.34,21,1
3213.63,30,2
3214.92,49,2
3216.21,78,2
3217.50,117,3
3218.79,156,4
3220.08,215,5
3221.37,284,6
3222.66,352,7
3223.95,434,9
3225.23,538,11
3226.52,627,13
3227.81,720,15
3229.10,826,17
3230.39,948,20
3231.68,1075,22
3232.97,1231,26
3234.26,1337,27
3235.55,1465,30
3236.84,1603,33
3238.12,1762,37
3239.41,1926,40
3240.70,2104,43
