
1.29,3451,767
2.58,3201,717
3.87,2942,666
5.16,2702,616
6.45,2468,569
7.73,2243,523
9.02,2053,484
10.31,1846,441
11.60,1653,403
12.89,1470,365
14.18,1286,329
15.47,1117,294
16.76,993,268
18.05,823,234
19.34,712,211
20.62,619,192
21.91,499,168
23.20,420,152
24.49,348,137
25.78,291,126
27.07,240,115
28.36,208,109
29.65,185,104
30.94,182,104
32.23,188,105
33.52,214,111
34.80,247,117
36.09,311,131
37.38,374,143
38.67,459,161
39.96,592,188
41.25,701,212
42.54,826,237
43.83,975,268
45.12,1132,300
46.41,1282,331
47.70,1473,370
48.98,1681,412
50.27,1870,452
51.56,2082,496
52.85,2323,546
54.14,2577,598
55.43,2772,638
56.72,3030,691
58.01,3302,748
59.30,3574,804
60.59,3852,861
61.88,4150,923
63.16,4457,987
64.45,4745,1046
65.74,5077,1114
67.03,5389,1178
68.32,5739,1252
69.61,6085,1323
70.90,6400,1388
72.19,6748,1460
73.48,7064,1526
74.77,7427,1601
76.05,7771,1672
77.34,8036,1728
78.63,8410,1803
79.92,8756,1876
81.21,8991,1925
82.50,9293,1985
83.79,9616,2054
85.08,9966,2126
86.37,10174,2170
87.66,10456,2228
88.95,10754,2291
90.23,11005,2343
91.52,11264,2396
92.81,11518,2450
94.10,11752,2497
95.39,12000,2549
96.68,12216,2595
97.97,12460,2645
99.26,12663,2687
100.55,12855,2727
101.84,13089,2775
103.12,13203,2798
104.41,13389,2837
105.70,13557,2871
106.99,13713,2903
108.28,13853,2934
109.57,13955,2954
110.86,14070,2975
112.15,14176,3000
113.44,14240,3014
114.73,14316,3026
116.02,14386,3041
117.30,14440,3052
118.59,14461,3055
119.88,14457,3054
121.17,14473,3058
122.46,14444,3051
123.75,14415,3047
125.04,14364,3033
126.33,14206,3003
127.62,14084,2975
128.91,13953,2950
130.20,13805,2918
131.48,13664,2889
132.77,13565,2869
134.06,13393,2831
135.35,13262,2805
136.64,13097,2769
137.93,12894,2726
139.22,12753,2696
140.51,12535,2650
141.80,12269,2595
143.09,12074,2555
144.38,11806,2499
145.66,11561,2447
146.95,11269,2387
148.24,11026,2335
149.53,10772,2282
150.82,10518,2228
152.11,10246,2172
153.40,9965,2113
154.69,9651,2049
155.98,9371,1991
157.27,9007,1915
158.55,8706,1852
159.84,8408,1791
161.13,8124,1733
162.42,7749,1656
163.71,7470,1598
165.00,7171,1535
166.29,6831,1467
167.58,6480,1393
168.87,6124,1322
170.16,5837,1263
171.45,5543,1202
172.73,5197,1131
174.02,4949,1078
175.31,4594,1007
176.60,4322,950
177.89,4002,885
179.18,3745,832
180.47,3428,766
181.76,3176,715
183.05,2919,662
184.34,2662,610
185.63,2395,555
186.91,2201,515
188.20,1999,475
189.49,1823,439
190.78,1596,392
192.07,1449,363
193.36,1240,320
194.65,1109,292
195.94,967,264
197.23,847,239
198.52,719,213
199.80,596,188
201.09,505,170
202.38,422,153
203.67,353,139
204.96,291,127
206.25,250,118
207.54,212,111
208.83,191,107
210.12,183,104
211.41,192,107
212.70,213,111
213.98,248,119
215.27,299,128
216.56,359,141
217.85,434,156
219.14,532,176
220.43,616,194
221.72,743,220
223.01,866,245
224.30,992,271
225.59,1166,307
226.88,1317,338
228.16,1476,371
229.45,1655,407
230.74,1862,451
232.03,2048,489
233.32,2285,538
234.61,2501,583
235.90,2726,629
237.19,2989,683
238.48,3279,743
239.77,3561,802
241.05,3847,862
242.34,4131,919
243.63,4412,978
244.92,4749,1048
246.21,5069,1114
247.50,5397,1182
248.79,5706,1246
250.08,6036,1314
251.37,6360,1381
252.66,6677,1446
253.95,6966,1507
255.23,7329,1582
256.52,7635,1645
257.81,7886,1697
259.10,8279,1778
260.39,8607,1847
261.68,8901,1909
262.97,9189,1968
264.26,9478,2028
265.55,9775,2089
266.84,10021,2140
268.13,10336,2206
269.41,10619,2265
270.70,10935,2329
271.99,11227,2391
273.28,11517,2452
274.57,11809,2511
275.86,12004,2553
277.15,12225,2598
278.44,12442,2642
279.73,12648,2686
281.02,12891,2736
282.30,13120,2782
283.59,13318,2822
284.88,13438,2849
286.17,13607,2881
287.46,13781,2918
288.75,13843,2930
290.04,13991,2958
291.33,14035,2972
292.62,14147,2992
293.91,14197,3003
295.20,14262,3017
296.48,14294,3023
297.77,14330,3030
299.06,14315,3027
300.35,14316,3026
301.64,14294,3021
302.93,14268,3015
304.22,14240,3009
305.51,14198,3000
306.80,14126,2984
308.09,13989,2955
309.38,13848,2927
310.66,13740,2904
311.95,13526,2862
313.24,13416,2836
314.53,13251,2803
315.82,13059,2763
317.11,12898,2730
318.40,12692,2685
319.69,12506,2648
320.98,12301,2604
322.27,12082,2557
323.55,11857,2511
324.84,11647,2468
326.13,11412,2417
327.42,11189,2369
328.71,10934,2318
330.00,10693,2267
331.29,10438,2214
332.58,10131,2150
333.87,9885,2098
335.16,9615,2044
336.45,9372,1994
337.73,9123,1941
339.02,8850,1883
340.31,8547,1821
341.60,8283,1767
342.89,7960,1700
344.18,7596,1624
345.47,7299,1563
346.76,7011,1504
348.05,6629,1425
349.34,6341,1366
350.63,6023,1301
351.91,5651,1223
353.20,5304,1152
354.49,5026,1096
355.78,4727,1033
357.07,4334,952
358.36,4062,897
359.65,3795,841
360.94,3518,785
362.23,3240,728
363.52,3010,681
364.80,2740,626
366.09,2491,574
367.38,2251,525
368.67,2028,480
369.96,1810,435
371.25,1623,397
372.54,1444,360
373.83,1251,322
375.12,1117,294
376.41,956,261
377.70,811,233
378.98,665,202
380.27,555,180
381.56,469,161
382.85,384,145
384.14,321,132
385.43,252,118
386.72,218,111
388.01,191,105
389.30,181,104
390.59,185,105
391.88,207,109
393.16,244,117
394.45,296,128
395.74,357,140
397.03,434,157
398.32,527,176
399.61,612,193
400.90,734,218
402.19,848,242
403.48,993,272
404.77,1151,305
406.05,1305,336
407.34,1488,374
408.63,1661,409
409.92,1911,461
411.21,2061,492
412.50,2282,538
413.79,2547,594
415.08,2793,644
416.37,3032,692
417.66,3211,730
418.95,3476,784
420.23,3759,841
421.52,4024,898
422.81,4315,958
424.10,4582,1014
425.39,4906,1081
426.68,5213,1143
427.97,5561,1216
429.26,5864,1278
430.55,6146,1336
431.84,6462,1402
433.13,6743,1460
434.41,7065,1527
435.70,7398,1596
436.99,7699,1658
438.28,8032,1728
439.57,8326,1789
440.86,8644,1856
442.15,8929,1914
443.44,9212,1972
444.73,9546,2041
446.02,9860,2107
447.30,10136,2164
448.59,10413,2222
449.88,10724,2286
451.17,11010,2345
452.46,11253,2396
453.75,11544,2456
455.04,11812,2511
456.33,12057,2564
457.62,12280,2609
458.91,12487,2652
460.20,12715,2697
461.48,12941,2746
462.77,13122,2783
464.06,13283,2818
465.35,13468,2854
466.64,13595,2881
467.93,13747,2912
469.22,13858,2935
470.51,13951,2951
471.80,14052,2974
473.09,14153,2995
474.38,14235,3013
475.66,14309,3026
476.95,14339,3033
478.24,14368,3036
479.53,14338,3030
480.82,14364,3033
482.11,14341,3030
483.40,14287,3020
484.69,14226,3008
485.98,14167,2992
487.27,14079,2975
488.55,14005,2957
489.84,13898,2937
491.13,13750,2905
492.42,13614,2877
493.71,13406,2835
495.00,13198,2791
496.29,13010,2750
497.58,12793,2706
498.87,12596,2664
500.16,12414,2625
501.45,12179,2576
502.73,11898,2518
504.02,11717,2481
505.31,11482,2431
506.60,11186,2370
507.89,10942,2318
509.18,10710,2271
510.47,10439,2214
511.76,10133,2151
513.05,9828,2088
514.34,9571,2036
515.63,9310,1981
516.91,9006,1917
518.20,8732,1860
519.49,8441,1800
520.78,8173,1743
522.07,7944,1697
523.36,7692,1645
524.65,7297,1563
525.94,7037,1509
527.23,6787,1458
528.52,6445,1387
529.80,6112,1319
531.09,5840,1263
532.38,5421,1177
533.67,5122,1114
534.96,4891,1067
536.25,4654,1019
537.54,4317,951
538.83,4024,890
540.12,3749,834
541.41,3537,789
542.70,3266,733
543.98,2983,675
545.27,2706,620
546.56,2520,581
547.85,2291,535
549.14,2102,496
550.43,1892,454
551.72,1694,413
553.01,1489,370
554.30,1306,333
555.59,1162,304
556.88,1004,272
558.16,861,242
559.45,722,214
560.74,608,191
562.03,505,169
563.32,418,152
564.61,330,134
565.90,271,123
567.19,229,113
568.48,196,107
569.77,183,105
571.05,186,105
572.34,205,109
573.63,241,117
574.92,288,127
576.21,349,140
577.50,429,156
578.79,521,175
580.08,647,201
581.37,751,223
582.66,879,249
583.95,1023,279
585.23,1186,312
586.52,1354,348
587.81,1523,381
589.10,1738,426
590.39,1958,471
591.68,2165,514
592.97,2401,562
594.26,2651,614
595.55,2902,667
596.84,3152,717
598.13,3448,779
599.41,3758,843
600.70,4063,905
601.99,4348,965
603.28,4710,1039
604.57,4984,1097
605.86,5303,1161
607.15,5622,1227
608.44,5923,1291
609.73,6156,1339
611.02,6567,1425
612.30,6844,1481
613.59,7126,1541
614.88,7453,1608
616.17,7788,1677
617.46,8043,1729
618.75,8319,1787
620.04,8642,1853
621.33,8990,1926
622.62,9210,1971
623.91,9499,2031
625.20,9847,2104
626.48,10169,2170
627.77,10402,2218
629.06,10677,2275
630.35,10972,2336
631.64,11214,2387
632.93,11480,2443
634.22,11713,2491
635.51,11940,2538
636.80,12151,2582
638.09,12472,2646
639.38,12634,2681
640.66,12795,2715
641.95,13049,2768
643.24,13193,2796
644.53,13361,2832
645.82,13539,2870
647.11,13583,2878
648.40,13850,2932
649.69,13908,2946
650.98,13986,2961
652.27,14051,2975
653.55,14138,2994
654.84,14259,3017
656.13,14242,3014
657.42,14332,3031
658.71,14291,3023
660.00,14314,3026
661.29,14306,3025
662.58,14221,3007
663.87,14168,2997
665.16,14124,2986
666.45,14031,2968
667.73,13919,2945
669.02,13836,2926
670.31,13751,2909
671.60,13609,2879
672.89,13484,2853
674.18,13339,2821
675.47,13177,2786
676.76,13015,2751
678.05,12766,2700
679.34,12556,2656
680.63,12386,2622
681.91,12144,2571
683.20,11898,2521
684.49,11711,2479
685.78,11454,2426
687.07,11224,2377
688.36,10963,2324
689.65,10749,2278
690.94,10457,2216
692.23,10193,2161
693.52,9885,2098
694.80,9589,2037
696.09,9255,1968
697.38,8944,1902
698.67,8628,1838
699.96,8347,1780
701.25,8027,1713
702.54,7699,1646
703.83,7318,1567
705.12,7018,1505
706.41,6706,1442
707.70,6352,1369
708.98,6041,1304
710.27,5693,1232
711.56,5434,1180
712.85,5127,1116
714.14,4825,1055
715.43,4576,1003
716.72,4275,942
718.01,3978,879
719.30,3674,817
720.59,3438,769
721.88,3200,721
723.16,2951,669
724.45,2716,622
725.74,2478,572
727.03,2281,532
728.32,2063,487
729.61,1851,444
730.90,1662,406
732.19,1478,367
733.48,1306,333
734.77,1137,298
736.05,998,270
737.34,861,242
738.63,719,213
739.92,614,192
741.21,502,169
742.50,421,152
743.79,348,137
745.08,281,124
746.37,240,116
747.66,209,109
748.95,186,104
750.23,182,104
751.52,187,104
752.81,203,108
754.10,246,118
755.39,302,129
756.68,361,141
757.97,431,156
759.26,500,170
760.55,600,190
761.84,703,212
763.13,838,240
764.41,936,260
765.70,1141,302
766.99,1298,335
768.28,1461,367
769.57,1631,403
770.86,1860,451
772.15,2077,496
773.44,2295,541
774.73,2582,599
776.02,2816,649
777.30,3097,706
778.59,3387,766
779.88,3675,825
781.17,3945,883
782.46,4232,941
783.75,4504,997
785.04,4821,1062
786.33,5099,1120
787.62,5426,1188
788.91,5731,1251
790.20,6030,1313
791.48,6353,1380
792.77,6677,1445
794.06,6953,1504
795.35,7276,1571
796.64,7628,1645
797.93,7924,1706
799.22,8197,1763
800.51,8557,1836
801.80,8884,1904
803.09,9174,1964
804.38,9536,2040
805.66,9912,2118
806.95,10206,2179
808.24,10500,2240
809.53,10852,2314
810.82,11103,2365
812.11,11393,2426
813.40,11688,2485
814.69,11930,2536
815.98,12139,2580
817.27,12360,2627
818.55,12582,2673
819.84,12774,2712
821.13,12986,2755
822.42,13167,2792
823.71,13356,2830
825.00,13491,2860
826.29,13656,2893
827.58,13820,2927
828.87,13908,2945
830.16,13989,2963
831.45,14099,2986
832.73,14150,2994
834.02,14253,3017
835.31,14319,3028
836.60,14396,3045
837.89,14423,3048
839.18,14421,3049
840.47,14432,3051
841.76,14416,3047
843.05,14370,3037
844.34,14357,3033
845.63,14220,3006
846.91,14071,2975
848.20,13930,2947
849.49,13802,2920
850.78,13673,2892
852.07,13538,2862
853.36,13377,2831
854.65,13227,2800
855.94,13083,2769
857.23,12971,2747
858.52,12772,2703
859.80,12672,2680
861.09,12482,2641
862.38,12316,2607
863.67,12079,2558
864.96,11827,2506
866.25,11610,2460
867.54,11294,2395
868.83,11007,2333
870.12,10740,2279
871.41,10482,2225
872.70,10197,2163
873.98,9854,2092
875.27,9633,2047
876.56,9371,1992
877.85,9069,1930
879.14,8667,1845
880.43,8350,1781
881.72,8052,1718
883.01,7716,1647
884.30,7396,1583
885.59,7068,1516
886.88,6754,1451
888.16,6413,1380
889.45,6084,1312
890.74,5789,1253
892.03,5522,1197
893.32,5175,1125
894.61,4853,1059
895.90,4588,1004
897.19,4274,940
898.48,3981,879
899.77,3690,821
901.05,3426,766
902.34,3180,717
903.63,2922,664
904.92,2667,611
906.21,2418,560
907.50,2173,509
908.79,1960,467
910.08,1726,419
911.37,1550,383
912.66,1375,347
913.95,1193,310
915.23,1025,276
916.52,868,244
917.81,736,217
919.10,617,192
920.39,517,173
921.68,426,154
922.97,347,138
924.26,288,126
925.55,234,115
926.84,209,110
928.13,188,105
929.41,183,105
930.70,192,107
931.99,218,111
933.28,257,120
934.57,296,128
935.86,347,139
937.15,418,154
938.44,514,172
939.73,591,189
941.02,729,217
942.30,862,245
943.59,992,271
944.88,1142,303
946.17,1298,335
947.46,1455,367
948.75,1635,404
950.04,1827,444
951.33,2054,492
952.62,2251,532
953.91,2466,576
955.20,2711,627
956.48,2992,685
957.77,3199,728
959.06,3462,782
960.35,3735,837
961.64,4043,902
962.93,4306,956
964.22,4576,1013
965.51,4943,1087
966.80,5246,1150
968.09,5535,1210
969.38,5809,1267
970.66,6105,1327
971.95,6423,1395
973.24,6753,1462
974.53,7045,1524
975.82,7408,1597
977.11,7737,1666
978.40,7985,1718
979.69,8364,1797
980.98,8654,1856
982.27,8974,1924
983.55,9260,1983
984.84,9565,2046
986.13,9876,2111
987.42,10182,2174
988.71,10500,2240
990.00,10775,2297
991.29,11048,2353
992.58,11322,2411
993.87,11531,2454
995.16,11756,2502
996.45,11958,2544
997.73,12225,2599
999.02,12462,2649
1000.31,12618,2681
1001.60,12873,2732
1002.89,13042,2768
1004.18,13177,2797
1005.47,13317,2827
1006.76,13412,2846
1008.05,13602,2885
1009.34,13724,2908
1010.63,13844,2933
1011.91,13965,2956
1013.20,14080,2981
1014.49,14157,2996
1015.78,14272,3020
1017.07,14276,3020
1018.36,14309,3026
1019.65,14317,3027
1020.94,14267,3016
1022.23,14193,3001
1023.52,14121,2987
1024.80,14055,2972
1026.09,13967,2955
1027.38,13871,2934
1028.67,13800,2916
1029.96,13673,2890
1031.25,13545,2865
1032.54,13416,2837
1033.83,13259,2803
1035.12,13090,2768
1036.41,12835,2717
1037.70,12694,2687
1038.98,12489,2644
1040.27,12292,2602
1041.56,12131,2568
1042.85,11906,2520
1044.14,11644,2466
1045.43,11474,2431
1046.72,11201,2373
1048.01,10982,2327
1049.30,10710,2271
1050.59,10452,2218
1051.88,10187,2163
1053.16,9901,2103
1054.45,9640,2048
1055.74,9403,2001
1057.03,9121,1941
1058.32,8852,1883
1059.61,8557,1825
1060.90,8210,1751
1062.19,7925,1694
1063.48,7596,1626
1064.77,7282,1560
1066.05,7001,1502
1067.34,6729,1446
1068.63,6456,1389
1069.92,6057,1307
1071.21,5750,1245
1072.50,5486,1191
1073.79,5190,1128
1075.08,4869,1062
1076.37,4643,1017
1077.66,4364,960
1078.95,4068,898
1080.23,3806,845
switching colors
1081.52,9661,519
1082.81,9057,485
1084.10,8430,451
1085.39,7873,421
1086.68,7331,391
1087.97,6787,361
1089.26,6274,334
1090.55,5781,307
1091.84,5254,278
1093.13,4755,251
1094.41,4279,225
1095.70,3834,202
1096.99,3310,173
1098.28,2941,153
1099.57,2588,135
1100.86,2217,115
1102.15,1936,100
1103.44,1649,84
1104.73,1356,69
1106.02,1090,56
1107.30,900,45
1108.59,685,35
1109.88,517,26
1111.17,398,20
1112.46,286,15
1113.75,204,11
1115.04,145,8
1116.33,116,8
1117.62,116,8
1118.91,141,10
1120.20,200,14
1121.48,295,20
1122.77,398,27
1124.06,537,35
1125.35,716,45
1126.64,936,58
1127.93,1150,70
1129.22,1394,84
1130.51,1714,103
1131.80,2079,123
1133.09,2361,139
1134.38,2716,159
1135.66,3068,180
1136.95,3463,202
1138.24,3848,225
1139.53,4310,250
1140.82,4722,273
1142.11,5184,300
1143.40,5673,327
1144.69,6173,356
1145.98,6611,380
1147.27,7091,408
1148.55,7605,436
1149.84,8121,466
1151.13,8638,494
1152.42,9196,526
1153.71,9824,562
1155.00,10430,595
1156.29,10956,625
1157.58,11565,658
1158.87,12141,691
1160.16,12697,722
1161.45,13331,758
1162.73,13958,794
1164.02,14541,825
1165.31,15142,859
1166.60,15821,897
1167.89,16458,933
1169.18,16962,960
1170.47,17479,989
1171.76,18119,1025
1173.05,18694,1057
1174.34,19202,1085
1175.63,19778,1115
1176.91,20296,1146
1178.20,20843,1177
1179.49,21357,1205
1180.78,21777,1228
1182.07,22272,1254
1183.36,22719,1280
1184.65,23133,1302
1185.94,23577,1327
1187.23,24006,1350
1188.52,24492,1377
1189.80,24654,1386
1191.09,24896,1400
1192.38,25206,1416
1193.67,25491,1431
1194.96,25701,1441
1196.25,25977,1457
1197.54,26231,1470
1198.83,26421,1480
1200.12,26543,1486
1201.41,26575,1488
1202.70,26781,1497
1203.98,26788,1498
1205.27,26793,1495
1206.56,26797,1496
1207.85,26805,1496
1209.14,26733,1489
1210.43,26695,1486
1211.72,26578,1479
1213.01,26570,1478
1214.30,26320,1464
1215.59,26084,1449
1216.88,25913,1439
1218.16,25748,1429
1219.45,25439,1409
1220.74,25173,1393
1222.03,24952,1381
1223.32,24548,1358
1224.61,24260,1340
1225.90,23832,1315
1227.19,23436,1292
1228.48,23080,1271
1229.77,22631,1245
1231.05,22265,1224
1232.34,21718,1193
1233.63,21301,1168
1234.92,20798,1138
1236.21,20261,1108
1237.50,19725,1078
1238.79,19219,1049
1240.08,18629,1016
1241.37,18211,992
1242.66,17592,957
1243.95,17064,928
1245.23,16542,898
1246.52,15894,863
1247.81,15378,833
1249.10,14636,793
1250.39,14084,761
1251.68,13545,733
1252.97,13119,709
1254.26,12611,680
1255.55,12016,646
1256.84,11455,616
1258.13,10825,581
1259.41,10195,547
1260.70,9749,522
1261.99,9199,491
1263.28,8587,458
1264.57,8060,429
1265.86,7447,396
1267.15,6962,371
1268.44,6478,343
1269.73,6019,318
1271.02,5423,286
1272.30,4918,259
1273.59,4502,236
1274.88,4112,216
1276.17,3591,188
1277.46,3311,173
1278.75,2921,152
1280.04,2592,134
1281.33,2212,114
1282.62,1925,99
1283.91,1688,87
1285.20,1383,71
1286.48,1151,59
1287.77,924,47
1289.06,772,39
1290.35,586,29
1291.64,439,22
1292.93,310,16
1294.22,227,12
1295.51,158,9
1296.80,121,7
1298.09,113,8
1299.38,131,10
1300.66,185,13
1301.95,266,18
1303.24,376,25
1304.53,513,33
1305.82,691,44
1307.11,916,57
1308.40,1134,69
1309.69,1377,83
1310.98,1647,99
1312.27,1958,116
1313.55,2252,134
1314.84,2584,152
1316.13,2958,173
1317.42,3376,197
1318.71,3768,219
1320.00,4215,245
1321.29,4658,270
1322.58,5098,295
1323.87,5585,322
1325.16,6032,347
1326.45,6580,379
1327.73,7159,411
1329.02,7667,440
1330.31,8224,470
1331.60,8808,504
1332.89,9515,543
1334.18,10004,570
1335.47,10578,603
1336.76,11168,638
1338.05,11902,678
1339.34,12527,714
1340.63,13049,742
1341.91,13796,784
1343.20,14437,820
1344.49,15020,853
1345.78,15587,885
1347.07,16197,918
1348.36,16868,956
1349.65,17414,987
1350.94,17910,1014
1352.23,18506,1047
1353.52,19017,1077
1354.80,19583,1108
1356.09,20110,1138
1357.38,20588,1165
1358.67,21112,1192
1359.96,21556,1216
1361.25,21939,1238
1362.54,22492,1269
1363.83,22864,1289
1365.12,23292,1313
1366.41,23620,1331
1367.70,24031,1352
1368.98,24411,1375
1370.27,24582,1383
1371.56,25000,1405
1372.85,25221,1417
1374.14,25582,1436
1375.43,25779,1447
1376.72,26030,1460
1378.01,26221,1470
1379.30,26326,1477
1380.59,26498,1483
1381.88,26568,1488
1383.16,26585,1488
1384.45,26659,1492
1385.74,26725,1495
1387.03,26755,1494
1388.32,26593,1486
1389.61,26502,1481
1390.90,26398,1474
1392.19,26248,1464
1393.48,26055,1453
1394.77,25921,1445
1396.05,25864,1438
1397.34,25564,1423
1398.63,25363,1409
1399.92,25105,1395
1401.21,24899,1382
1402.50,24629,1366
1403.79,24339,1347
1405.08,24008,1328
1406.37,23683,1310
1407.66,23331,1288
1408.95,22931,1266
1410.23,22496,1239
1411.52,22093,1216
1412.81,21602,1188
1414.10,21097,1159
1415.39,20596,1130
1416.68,20136,1103
1417.97,19592,1073
1419.26,19113,1045
1420.55,18563,1015
1421.84,17959,981
1423.13,17428,951
1424.41,16793,916
1425.70,16201,881
1426.99,15606,848
1428.28,15081,819
1429.57,14477,785
1430.86,13879,752
1432.15,13291,720
1433.44,12687,687
1434.73,12067,651
1436.02,11391,614
1437.30,10887,586
1438.59,10311,556
1439.88,9763,525
1441.17,9125,490
1442.46,8559,458
1443.75,7972,426
1445.04,7441,397
1446.33,6900,367
1447.62,6379,339
1448.91,5850,310
1450.20,5433,287
1451.48,4928,260
1452.77,4425,233
1454.06,4081,215
1455.35,3644,192
1456.64,3200,167
1457.93,2777,145
1459.22,2504,129
1460.51,2118,110
1461.80,1866,96
1463.09,1627,84
1464.38,1392,71
1465.66,1144,58
1466.95,907,46
1468.24,762,39
1469.53,572,29
1470.82,426,21
1472.11,320,16
1473.40,227,12
1474.69,160,9
1475.98,127,8
1477.27,112,7
1478.55,122,9
1479.84,163,12
1481.13,222,16
1482.42,322,22
1483.71,437,28
1485.00,583,37
1486.29,739,46
1487.58,947,59
1488.87,1154,70
1490.16,1400,85
1491.45,1663,100
1492.73,1990,118
1494.02,2302,136
1495.31,2619,154
1496.60,2994,176
1497.89,3342,195
1499.18,3670,215
1500.47,4062,236
1501.76,4507,261
1503.05,4952,287
1504.34,5483,317
1505.63,5970,344
1506.91,6478,373
1508.20,7148,411
1509.49,7653,439
1510.78,8176,468
1512.07,8705,497
1513.36,9302,531
1514.65,9881,564
1515.94,10486,597
1517.23,11079,631
1518.52,11696,665
1519.80,12305,700
1521.09,12909,734
1522.38,13498,767
1523.67,14143,803
1524.96,14674,832
1526.25,15285,868
1527.54,15921,903
1528.83,16575,938
1530.12,17124,970
1531.41,17703,1002
1532.70,18232,1032
1533.98,18784,1063
1535.27,19348,1094
1536.56,19860,1122
1537.85,20297,1148
1539.14,20932,1182
1540.43,21434,1210
1541.72,21926,1236
1543.01,22380,1261
1544.30,22944,1291
1545.59,23318,1312
1546.88,23700,1332
1548.16,24114,1356
1549.45,24517,1379
1550.74,24860,1396
1552.03,25183,1414
1553.32,25504,1430
1554.61,25810,1448
1555.90,26030,1459
1557.19,26232,1468
1558.48,26406,1478
1559.77,26555,1485
1561.05,26701,1494
1562.34,26848,1500
1563.63,26937,1504
1564.92,27011,1507
1566.21,27013,1506
1567.50,26956,1502
1568.79,26813,1496
1570.08,26760,1492
1571.37,26639,1485
1572.66,26513,1477
1573.95,26427,1471
1575.23,26139,1454
1576.52,26037,1446
1577.81,25918,1438
1579.10,25955,1437
1580.39,25624,1418
1581.68,25465,1408
1582.97,25143,1391
1584.26,24758,1367
1585.55,24434,1347
1586.84,23971,1322
1588.13,23481,1295
1589.41,23140,1274
1590.70,22614,1243
1591.99,22153,1218
1593.28,21899,1202
1594.57,21175,1162
1595.86,20697,1136
1597.15,20140,1104
1598.44,19644,1076
1599.73,19212,1051
1601.02,18766,1025
1602.30,18422,1003
1603.59,18002,979
1604.88,17529,953
1606.17,16845,915
1607.46,16321,884
1608.75,15847,859
1610.04,15177,821
1611.33,14429,780
1612.62,13723,741
1613.91,13160,711
1615.20,12692,684
1616.48,12075,649
1617.77,11473,616
1619.06,10884,583
1620.35,10144,545
1621.64,9600,513
1622.93,8929,477
1624.22,8280,441
1625.51,7698,410
1626.80,7159,381
1628.09,6521,345
1629.38,6120,325
1630.66,5634,298
1631.95,5056,266
1633.24,4633,244
1634.53,4138,216
1635.82,3726,195
1637.11,3241,169
1638.40,2876,149
1639.69,2557,133
1640.98,2187,113
1642.27,1863,96
1643.55,1587,81
1644.84,1298,66
1646.13,1063,54
1647.42,843,43
1648.71,655,33
1650.00,491,24
1651.29,356,18
1652.58,257,12
1653.87,177,10
1655.16,129,8
1656.45,112,7
1657.73,127,9
1659.02,178,13
1660.31,246,17
1661.60,344,23
1662.89,490,32
1664.18,632,40
1665.47,808,51
1666.76,1009,61
1668.05,1276,77
1669.34,1523,92
1670.63,1773,106
1671.91,2118,125
1673.20,2387,141
1674.49,2702,159
1675.78,3041,179
1677.07,3405,199
1678.36,3814,222
1679.65,4158,242
1680.94,4676,271
1682.23,5099,295
1683.52,5583,323
1684.80,6104,352
1686.09,6573,377
1687.38,7102,408
1688.67,7573,435
1689.96,8087,463
1691.25,8654,496
1692.54,9243,529
1693.83,9817,560
1695.12,10418,594
1696.41,10966,624
1697.70,11470,654
1698.98,12228,697
1700.27,12753,726
1701.56,13275,755
1702.85,13869,788
1704.14,14507,823
1705.43,15169,862
1706.72,15735,892
1708.01,16219,922
1709.30,16818,953
1710.59,17350,983
1711.88,17882,1012
1713.16,18502,1048
1714.45,19016,1076
1715.74,19618,1110
1717.03,20031,1133
1718.32,20627,1166
1719.61,21138,1194
1720.90,21515,1217
1722.19,22043,1245
1723.48,22521,1270
1724.77,22836,1288
1726.05,23222,1309
1727.34,23555,1328
1728.63,24049,1355
1729.92,24339,1370
1731.21,24617,1386
1732.50,24885,1401
1733.79,25297,1422
1735.08,25573,1436
1736.37,25778,1448
1737.66,25998,1459
1738.95,26180,1467
1740.23,26344,1475
1741.52,26408,1480
1742.81,26484,1483
1744.10,26519,1485
1745.39,26603,1488
1746.68,26566,1485
1747.97,26502,1481
1749.26,26473,1476
1750.55,26399,1472
1751.84,26289,1464
1753.13,26228,1461
1754.41,26104,1452
1755.70,25887,1438
1756.99,25670,1427
1758.28,25403,1412
1759.57,25152,1395
1760.86,24927,1382
1762.15,24611,1363
1763.44,24299,1345
1764.73,23901,1322
1766.02,23531,1300
1767.30,23200,1279
1768.59,22794,1257
1769.88,22352,1231
1771.17,21968,1209
1772.46,21509,1182
1773.75,21036,1156
1775.04,20551,1128
1776.33,20062,1101
1777.62,19586,1073
1778.91,19184,1051
1780.20,18663,1021
1781.48,18157,992
1782.77,17647,963
1784.06,17031,928
1785.35,16560,901
1786.64,15813,860
1787.93,15421,838
1789.22,14721,799
1790.51,14171,768
1791.80,13553,734
1793.09,13032,705
1794.38,12519,677
1795.66,11881,642
1796.95,11288,608
1798.24,10701,576
1799.53,10167,547
1800.82,9576,515
1802.11,9032,484
1803.40,8520,455
1804.69,7890,421
1805.98,7407,395
1807.27,6863,366
1808.55,6451,343
1809.84,5947,316
1811.13,5502,291
1812.42,4993,263
1813.71,4581,242
1815.00,4182,220
1816.29,3788,198
1817.58,3310,174
1818.87,2986,156
1820.16,2646,137
1821.45,2271,117
1822.73,1942,100
1824.02,1661,85
1825.31,1405,72
1826.60,1177,60
1827.89,936,47
1829.18,755,38
1830.47,573,29
1831.76,418,21
1833.05,284,14
1834.34,202,11
1835.63,138,8
1836.91,114,7
1838.20,119,8
1839.49,150,11
1840.78,211,14
1842.07,292,20
1843.36,407,27
1844.65,567,36
1845.94,726,46
1847.23,938,58
1848.52,1151,70
1849.80,1393,84
1851.09,1657,99
1852.38,1961,116
1853.67,2285,135
1854.96,2612,153
1856.25,2989,175
1857.54,3410,199
1858.83,3824,222
1860.12,4266,247
1861.41,4740,274
1862.70,5243,303
1863.98,5734,331
1865.27,6281,360
1866.56,6839,392
1867.85,7394,424
1869.14,7985,457
1870.43,8561,489
1871.72,9144,522
1873.01,9748,557
1874.30,10338,589
1875.59,10963,624
1876.88,11493,654
1878.16,12159,691
1879.45,12739,725
1880.74,13268,754
1882.03,13902,788
1883.32,14562,825
1884.61,15175,860
1885.90,15677,889
1887.19,16190,917
1888.48,16793,950
1889.77,17388,984
1891.05,17907,1012
1892.34,18559,1048
1893.63,19123,1079
1894.92,19649,1110
1896.21,20127,1136
1897.50,20679,1166
1898.79,21180,1194
1900.08,21688,1222
1901.37,22164,1249
1902.66,22567,1271
1903.95,23064,1297
1905.23,23562,1325
1906.52,23955,1346
1907.81,24382,1370
1909.10,24684,1386
1910.39,25058,1406
1911.68,25409,1425
1912.97,25600,1435
1914.26,25920,1452
1915.55,26255,1470
1916.84,26483,1481
1918.13,26674,1491
1919.41,26849,1502
1920.70,27004,1509
1921.99,27133,1516
1923.28,27179,1517
1924.57,27319,1524
1925.86,27252,1520
1927.15,27133,1514
1928.44,27003,1506
1929.73,26915,1501
1931.02,26859,1495
1932.30,26773,1490
1933.59,26651,1482
1934.88,26480,1472
1936.17,26264,1458
1937.46,26052,1445
1938.75,25893,1436
1940.04,25572,1416
1941.33,25220,1396
1942.62,24948,1380
1943.91,24585,1359
1945.20,24343,1344
1946.48,23854,1316
1947.77,23508,1295
1949.06,23117,1273
1950.35,22702,1249
1951.64,22250,1222
1952.93,21752,1193
1954.22,21303,1168
1955.51,20840,1142
1956.80,20311,1110
1958.09,19731,1078
1959.38,19159,1045
1960.66,18703,1020
1961.95,18161,989
1963.24,17510,953
1964.53,16920,919
1965.82,16316,885
1967.11,15761,854
1968.40,14972,810
1969.69,14497,783
1970.98,13798,746
1972.27,13151,710
1973.55,12676,683
1974.84,11949,642
1976.13,11464,615
1977.42,10754,577
1978.71,10254,549
1980.00,9712,519
1981.29,9010,482
1982.58,8499,453
1983.87,7966,424
1985.16,7357,390
1986.45,6898,366
1987.73,6443,341
1989.02,5989,317
1990.31,5511,290
1991.60,5118,270
1992.89,4555,240
1994.18,4244,222
1995.47,3853,202
1996.76,3423,178
1998.05,2985,155
1999.34,2611,136
2000.63,2250,116
2001.91,2007,103
2003.20,1716,88
2004.49,1478,76
2005.78,1231,63
2007.07,975,49
2008.36,787,40
2009.65,608,30
2010.94,447,23
2012.23,326,16
2013.52,239,12
2014.80,170,10
2016.09,126,7
2017.38,113,7
2018.67,122,9
2019.96,156,11
2021.25,235,16
2022.54,343,23
2023.83,444,29
2025.12,563,36
2026.41,751,47
2027.70,929,58
2028.98,1164,71
2030.27,1402,84
2031.56,1634,97
2032.85,1989,118
2034.14,2315,137
2035.43,2587,152
2036.72,3004,177
2038.01,3395,198
2039.30,3831,222
2040.59,4302,250
2041.88,4750,275
2043.16,5257,304
2044.45,5785,334
2045.74,6258,361
2047.03,6813,392
2048.32,7333,421
2049.61,7853,451
2050.90,8411,482
2052.19,9004,516
2053.48,9545,545
2054.77,10131,579
2056.05,10706,612
2057.34,11320,645
2058.63,11972,682
2059.92,12556,715
2061.21,13027,741
2062.50,13592,774
2063.79,14275,810
2065.08,14823,841
2066.37,15442,876
2067.66,16055,912
2068.95,16770,950
2070.23,17342,983
2071.52,17960,1017
2072.81,18539,1049
2074.10,19060,1079
2075.39,19541,1107
2076.68,20134,1139
2077.97,20767,1174
2079.26,21155,1196
2080.55,21715,1227
2081.84,22286,1259
2083.12,22706,1281
2084.41,23100,1303
2085.70,23420,1321
2086.99,23956,1350
2088.28,24248,1367
2089.57,24522,1380
2090.86,24830,1397
2092.15,25239,1419
2093.44,25598,1438
2094.73,25745,1446
2096.02,26162,1467
2097.30,26356,1476
2098.59,26442,1481
2099.88,26577,1489
2101.17,26718,1495
2102.46,26731,1495
2103.75,26819,1498
2105.04,26909,1503
2106.33,26938,1503
2107.62,26823,1497
2108.91,26724,1491
2110.20,26537,1481
2111.48,26504,1478
2112.77,26184,1460
2114.06,26111,1454
2115.35,25968,1445
2116.64,25726,1430
2117.93,25515,1419
2119.22,25312,1406
2120.51,25060,1391
2121.80,24792,1375
2123.09,24528,1359
2124.37,24297,1345
2125.66,23932,1324
2126.95,23544,1302
2128.24,23178,1280
2129.53,22808,1258
2130.82,22415,1236
2132.11,22050,1215
2133.40,21613,1189
2134.69,21109,1161
2135.98,20688,1136
2137.27,20252,1112
2138.55,19833,1086
2139.84,19330,1057
2141.13,18786,1028
2142.42,18195,994
2143.71,17594,959
2145.00,17004,926
2146.29,16460,895
2147.58,15730,855
2148.87,15171,824
2150.16,14606,792
2151.45,13878,751
2152.73,13207,714
2154.02,12656,684
2155.31,12115,654
2156.60,11408,614
2157.89,10805,581
2159.18,10235,550
2160.47,9680,519
switching colors
2161.76,5438,110
2163.05,5172,104
2164.34,4909,99
2165.62,4630,93
2166.91,4370,87
2168.20,4121,83
2169.49,3845,77
2170.78,3608,72
2172.07,3369,67
2173.36,3070,61
2174.65,2859,57
2175.94,2597,52
2177.23,2402,48
2178.52,2159,43
2179.80,2009,40
2181.09,1797,36
2182.38,1599,32
2183.67,1406,28
2184.96,1223,24
2186.25,1075,22
2187.54,935,19
2188.83,773,15
2190.12,668,14
2191.41,544,11
2192.70,439,9
2193.98,347,7
2195.27,270,6
2196.56,203,4
2197.85,152,4
2199.14,113,3
2200.43,80,2
2201.72,65,2
2203.01,57,2
2204.30,60,2
2205.59,73,2
2206.87,100,3
2208.16,139,4
2209.45,201,5
2210.74,258,7
2212.03,334,8
2213.32,406,10
2214.61,505,12
2215.90,615,14
2217.19,714,17
2218.48,847,20
2219.77,998,23
2221.05,1119,25
2222.34,1307,29
2223.63,1469,32
2224.92,1666,36
2226.21,1822,40
2227.50,2025,44
2228.79,2233,48
2230.08,2442,53
2231.37,2646,57
2232.66,2866,62
2233.95,3127,67
2235.23,3371,72
2236.52,3585,77
2237.81,3846,82
2239.10,4084,87
2240.39,4356,93
2241.68,4606,98
2242.97,4832,102
2244.26,5162,109
2245.55,5443,115
2246.84,5698,120
2248.12,5934,126
2249.41,6246,132
2250.70,6524,138
2251.99,6784,143
2253.28,7066,148
2254.57,7354,155
2255.86,7635,160
2257.15,7899,166
2258.44,8170,172
2259.73,8416,176
2261.02,8704,182
2262.30,8929,187
2263.59,9165,192
2264.88,9404,196
2266.17,9651,202
2267.46,9852,205
2268.75,10076,210
2270.04,10306,215
2271.33,10480,218
2272.62,10645,222
2273.91,10827,225
2275.20,11021,229
2276.48,11169,231
2277.77,11350,235
2279.06,11454,237
2280.35,11586,241
2281.64,11696,242
2282.93,11793,245
2284.22,11893,246
2285.51,11964,248
2286.80,12030,249
2288.09,12076,250
2289.37,12112,250
2290.66,12124,251
2291.95,12155,251
2293.24,12070,250
2294.53,12027,248
2295.82,12008,247
2297.11,11943,247
2298.40,11876,245
2299.69,11846,243
2300.98,11762,242
2302.27,11709,241
2303.55,11593,239
2304.84,11512,236
2306.13,11389,234
2307.42,11262,231
2308.71,11122,228
2310.00,10982,225
2311.29,10815,221
2312.58,10688,218
2313.87,10520,215
2315.16,10340,212
2316.45,10170,208
2317.73,10001,205
2319.02,9873,202
2320.31,9694,198
2321.60,9550,194
2322.89,9368,191
2324.18,9152,186
2325.47,8937,181
2326.76,8669,176
2328.05,8414,170
2329.34,8125,165
2330.62,7899,160
2331.91,7607,154
2333.20,7292,147
2334.49,7124,144
2335.78,6877,138
2337.07,6623,133
2338.36,6309,127
2339.65,5985,121
2340.94,5782,116
2342.23,5534,111
2343.52,5274,105
2344.80,4969,100
2346.09,4706,94
2347.38,4493,90
2348.67,4237,84
2349.96,3997,80
2351.25,3683,74
2352.54,3463,69
2353.83,3187,63
2355.12,3002,60
2356.41,2759,55
2357.70,2529,50
2358.98,2256,44
2360.27,2054,41
2361.56,1870,37
2362.85,1634,32
2364.14,1415,28
2365.43,1274,25
2366.72,1115,22
2368.01,949,18
2369.30,814,16
2370.59,679,13
2371.87,565,11
2373.16,450,8
2374.45,348,6
2375.74,265,6
2377.03,207,5
2378.32,154,3
2379.61,110,3
2380.90,80,2
2382.19,62,2
2383.48,57,2
2384.77,65,2
2386.05,88,3
2387.34,121,4
2388.63,171,5
2389.92,233,6
2391.21,302,7
2392.50,390,10
2393.79,495,12
2395.08,610,14
2396.37,725,17
2397.66,874,20
2398.95,1039,23
2400.23,1206,27
2401.52,1344,30
2402.81,1525,33
2404.10,1731,38
2405.39,1903,41
2406.68,2121,46
2407.97,2305,49
2409.26,2520,54
2410.55,2764,59
2411.84,2988,64
2413.12,3190,68
2414.41,3426,73
2415.70,3698,79
2416.99,3899,83
2418.28,4146,88
2419.57,4401,94
2420.86,4676,99
2422.15,4943,105
2423.44,5192,109
2424.73,5452,115
2426.02,5767,122
2427.30,6015,127
2428.59,6313,133
2429.88,6588,138
2431.17,6883,144
2432.46,7128,150
2433.75,7410,156
2435.04,7711,162
2436.33,7928,166
2437.62,8202,172
2438.91,8494,177
2440.20,8652,181
2441.48,8903,186
2442.77,9232,193
2444.06,9446,197
2445.35,9680,202
2446.64,9918,207
2447.93,10130,210
2449.22,10320,215
2450.51,10517,218
2451.80,10727,224
2453.09,10874,226
2454.37,11090,230
2455.66,11220,233
2456.95,11442,237
2458.24,11505,238
2459.53,11676,242
2460.82,11788,244
2462.11,11861,246
2463.40,11858,246
2464.69,11994,248
2465.98,12062,249
2467.27,12092,250
2468.55,12131,251
2469.84,12211,252
2471.13,12244,253
2472.42,12241,253
2473.71,12256,253
2475.00,12241,252
2476.29,12192,251
2477.58,12128,250
2478.87,12110,249
2480.16,11993,247
2481.45,11858,244
2482.73,11798,242
2484.02,11714,241
2485.31,11585,238
2486.60,11514,236
2487.89,11402,234
2489.18,11334,233
2490.47,11200,229
2491.76,10984,225
2493.05,10740,220
2494.34,10640,218
2495.62,10422,213
2496.91,10225,209
2498.20,10008,205
2499.49,9787,200
2500.78,9544,195
2502.07,9339,190
2503.36,9055,184
2504.65,8852,180
2505.94,8544,173
2507.23,8355,170
2508.52,8073,163
2509.80,7795,158
2511.09,7589,154
2512.38,7270,147
2513.67,7069,143
2514.96,6823,138
2516.25,6542,132
2517.54,6267,127
2518.83,6040,121
2520.12,5797,116
2521.41,5500,110
2522.70,5218,105
2523.98,4969,100
2525.27,4662,93
2526.56,4412,88
2527.85,4160,83
2529.14,3910,78
2530.43,3697,74
2531.72,3472,69
2533.01,3232,64
2534.30,3006,60
2535.59,2762,55
2536.87,2519,50
2538.16,2301,45
2539.45,2073,41
2540.74,1849,36
2542.03,1701,34
2543.32,1539,30
2544.61,1353,26
2545.90,1212,24
2547.19,1062,21
2548.48,930,18
2549.77,762,15
2551.05,656,13
2552.34,554,11
2553.63,458,9
2554.92,369,7
2556.21,283,6
2557.50,222,5
2558.79,171,4
2560.08,121,3
2561.37,84,2
2562.66,65,2
2563.95,57,2
2565.23,59,2
2566.52,73,2
2567.81,99,3
2569.10,144,4
2570.39,203,5
2571.68,276,7
2572.97,360,9
2574.26,467,12
2575.55,574,14
2576.84,689,16
2578.12,809,18
2579.41,954,22
2580.70,1094,25
2581.99,1255,28
2583.28,1437,32
2584.57,1609,35
2585.86,1794,39
2587.15,2003,43
2588.44,2195,48
2589.73,2388,52
2591.02,2606,56
2592.30,2826,61
2593.59,3041,65
2594.88,3293,70
2596.17,3563,76
2597.46,3821,82
2598.75,4045,86
2600.04,4371,93
2601.33,4640,98
2602.62,4927,104
2603.91,5215,110
2605.20,5536,117
2606.48,5833,123
2607.77,6084,128
2609.06,6387,135
2610.35,6695,141
2611.64,6987,147
2612.93,7215,152
2614.22,7544,159
2615.51,7785,164
2616.80,8056,169
2618.09,8286,173
2619.37,8566,179
2620.66,8808,184
2621.95,9041,189
2623.24,9265,194
2624.53,9481,198
2625.82,9706,202
2627.11,9946,208
2628.40,10149,211
2629.69,10332,215
2630.98,10509,219
2632.27,10725,223
2633.55,10902,227
2634.84,11063,230
2636.13,11232,234
2637.42,11385,236
2638.71,11523,239
2640.00,11644,241
2641.29,11770,244
2642.58,11875,246
2643.87,11983,248
2645.16,12006,248
2646.45,12017,249
2647.73,12042,250
2649.02,12028,249
2650.31,12043,249
2651.60,12022,249
2652.89,12027,249
2654.18,12008,248
2655.47,11981,247
2656.76,11963,247
2658.05,11915,246
2659.34,11906,245
2660.62,11847,244
2661.91,11814,243
2663.20,11755,241
2664.49,11676,240
2665.78,11550,238
2667.07,11390,234
2668.36,11302,232
2669.65,11147,229
2670.94,11003,226
2672.23,10875,223
2673.52,10692,219
2674.80,10579,216
2676.09,10425,213
2677.38,10231,208
2678.67,9980,203
2679.96,9745,199
2681.25,9532,194
2682.54,9321,189
2683.83,9067,184
2685.12,8827,179
2686.41,8584,175
2687.70,8324,169
2688.98,8048,163
2690.27,7824,159
2691.56,7531,152
2692.85,7264,147
2694.14,7017,141
2695.43,6752,136
2696.72,6478,131
2698.01,6183,125
2699.30,5916,120
2700.59,5620,113
2701.87,5339,107
2703.16,5090,102
2704.45,4795,96
2705.74,4501,90
2707.03,4249,84
2708.32,4000,80
2709.61,3705,74
2710.90,3428,68
2712.19,3246,64
2713.48,3002,60
2714.77,2762,55
2716.05,2552,51
2717.34,2302,46
2718.63,2110,41
2719.92,1886,38
2721.21,1722,34
2722.50,1525,30
2723.79,1372,27
2725.08,1187,24
2726.37,1061,21
2727.66,932,18
2728.95,781,16
2730.23,663,13
2731.52,559,11
2732.81,461,9
2734.10,364,8
2735.39,295,6
2736.68,230,5
2737.97,168,4
2739.26,122,2
2740.55,87,2
2741.84,65,2
2743.12,58,2
2744.41,59,2
2745.70,75,2
2746.99,103,3
2748.28,135,4
2749.57,183,5
2750.86,262,6
2752.15,326,8
2753.44,416,10
2754.73,501,12
2756.02,605,14
2757.30,720,17
2758.59,844,19
2759.88,993,22
2761.17,1120,25
2762.46,1311,29
2763.75,1456,32
2765.04,1660,37
2766.33,1874,41
2767.62,2055,45
2768.91,2233,48
2770.20,2441,53
2771.48,2709,59
2772.77,2913,63
2774.06,3155,68
2775.35,3415,73
2776.64,3652,78
2777.93,3890,83
2779.22,4158,88
2780.51,4426,94
2781.80,4742,101
2783.09,5000,106
2784.37,5283,111
2785.66,5593,118
2786.95,5878,124
2788.24,6146,130
2789.53,6396,135
2790.82,6711,141
2792.11,6929,145
2793.40,7210,151
2794.69,7511,157
2795.98,7699,162
2797.27,7983,168
2798.55,8291,173
2799.84,8436,177
2801.13,8668,182
2802.42,8978,188
2803.71,9192,192
2805.00,9416,197
2806.29,9689,202
2807.58,9897,206
2808.87,10170,212
2810.16,10356,216
2811.45,10585,220
2812.73,10790,225
2814.02,10939,228
2815.31,11165,232
2816.60,11334,235
2817.89,11482,238
2819.18,11669,242
2820.47,11744,244
2821.76,11822,245
2823.05,11951,246
2824.34,12050,250
2825.62,12110,251
2826.91,12123,251
2828.20,12197,252
2829.49,12266,254
2830.78,12270,254
2832.07,12263,253
2833.36,12247,253
2834.65,12204,252
2835.94,12147,250
2837.23,12103,249
2838.52,12083,248
2839.80,12029,248
2841.09,11910,245
2842.38,11826,243
2843.67,11744,241
2844.96,11649,240
2846.25,11547,238
2847.54,11450,235
2848.83,11291,232
2850.12,11219,230
2851.41,11037,226
2852.70,10848,222
2853.98,10737,220
2855.27,10566,216
2856.56,10396,212
2857.85,10279,210
2859.14,10064,205
2860.43,9880,201
2861.72,9689,197
2863.01,9456,192
2864.30,9167,186
2865.59,8984,182
2866.87,8775,178
2868.16,8472,172
2869.45,8255,167
2870.74,7948,161
2872.03,7716,156
2873.32,7446,151
2874.61,7208,145
2875.90,6955,140
2877.19,6662,134
2878.48,6353,128
2879.77,6072,122
2881.05,5841,118
2882.34,5540,111
2883.63,5264,106
2884.92,5006,100
2886.21,4690,94
2887.50,4404,89
2888.79,4108,83
2890.08,3781,76
2891.37,3533,70
2892.66,3257,65
2893.95,3040,61
2895.23,2785,55
2896.52,2547,51
2897.81,2364,47
2899.10,2138,42
2900.39,1897,38
2901.68,1710,34
2902.97,1545,31
2904.26,1355,27
2905.55,1176,23
2906.84,1057,21
2908.12,897,17
2909.41,765,15
2910.70,629,12
2911.99,527,10
2913.28,424,8
2914.57,333,7
2915.86,255,5
2917.15,188,4
2918.44,140,3
2919.73,97,2
2921.02,71,1
2922.30,57,2
2923.59,58,1
2924.88,71,3
2926.17,100,2
2927.46,134,4
2928.75,185,5
2930.04,258,7
2931.33,333,8
2932.62,414,10
2933.91,521,12
2935.20,617,14
2936.48,748,17
2937.77,844,19
2939.06,1002,23
2940.35,1143,26
2941.64,1314,29
2942.93,1442,32
2944.22,1658,36
2945.51,1796,39
2946.80,1980,43
2948.09,2249,49
2949.37,2400,52
2950.66,2599,55
2951.95,2822,61
2953.24,3045,66
2954.53,3281,70
2955.82,3519,75
2957.11,3811,81
2958.40,4038,86
2959.69,4273,91
2960.98,4559,97
2962.27,4828,102
2963.55,5085,108
2964.84,5325,113
2966.13,5632,118
2967.42,5870,124
2968.71,6112,129
2970.00,6406,135
2971.29,6666,140
2972.58,6975,147
2973.87,7226,152
2975.16,7464,157
2976.45,7706,162
2977.73,7968,167
2979.02,8255,173
2980.31,8478,178
2981.60,8713,182
2982.89,8975,188
2984.18,9202,193
2985.47,9444,197
2986.76,9656,202
2988.05,9899,206
2989.34,10105,211
2990.62,10285,214
2991.91,10474,218
2993.20,10661,221
2994.49,10853,225
2995.78,11030,229
2997.07,11195,232
2998.36,11368,236
2999.65,11438,237
3000.94,11561,240
3002.23,11680,242
3003.52,11785,245
3004.80,11866,246
3006.09,11930,247
3007.38,12002,248
3008.67,12066,249
3009.96,12089,250
3011.25,12091,250
3012.54,12118,250
3013.83,12083,249
3015.12,12035,248
3016.41,12006,247
3017.70,11942,246
3018.98,11875,245
3020.27,11831,244
3021.56,11754,241
3022.85,11672,240
3024.14,11555,237
3025.43,11471,236
3026.72,11350,233
3028.01,11221,230
3029.30,11067,226
3030.59,10913,223
3031.87,10768,220
3033.16,10645,218
3034.45,10480,214
3035.74,10311,210
3037.03,10112,206
3038.32,9925,203
3039.61,9696,197
3040.90,9481,193
3042.19,9323,190
3043.48,9059,184
3044.77,8806,179
3046.05,8588,175
3047.34,8421,171
3048.63,8242,167
3049.92,7892,160
3051.21,7697,155
3052.50,7344,149
3053.79,7129,144
3055.08,6857,139
3056.37,6652,134
3057.66,6363,128
3058.95,6106,123
3060.23,5816,116
3061.52,5614,113
3062.81,5325,107
3064.10,5018,100
3065.39,4728,94
3066.68,4492,90
3067.97,4262,85
3069.26,4010,81
3070.55,3754,75
3071.84,3487,69
3073.12,3229,64
3074.41,3062,61
3075.70,2828,56
3076.99,2589,51
3078.28,2398,47
3079.57,2167,43
3080.86,1955,39
3082.15,1763,35
3083.44,1601,32
3084.73,1440,28
3086.02,1268,25
3087.30,1129,22
3088.59,968,19
3089.88,821,16
3091.17,661,12
3092.46,562,11
3093.75,451,9
3095.04,366,7
3096.33,285,6
3097.62,215,4
3098.91,156,3
3100.20,109,3
3101.48,76,2
3102.77,59,2
3104.06,58,2
3105.35,70,2
3106.64,96,3
3107.93,129,4
3109.22,175,4
3110.51,238,6
3111.80,321,8
3113.09,405,10
3114.37,500,12
3115.66,611,14
3116.95,726,17
3118.24,857,20
3119.53,1003,23
3120.82,1148,26
3122.11,1321,29
3123.40,1506,33
3124.69,1688,37
3125.98,1883,41
3127.27,2101,46
3128.55,2322,50
3129.84,2540,55
3131.13,2773,59
3132.42,3048,65
3133.71,3305,71
3135.00,3550,76
3136.29,3818,81
3137.58,4118,87
3138.87,4364,93
3140.16,4621,98
3141.45,4904,104
3142.73,5195,110
3144.02,5416,114
3145.31,5701,120
3146.60,5993,126
3147.89,6334,133
3149.18,6535,138
3150.47,6846,144
3151.76,7093,149
3153.05,7327,153
3154.34,7607,159
3155.62,7846,165
3156.91,8122,170
3158.20,8451,176
3159.49,8618,180
3160.78,8858,185
3162.07,9143,191
3163.36,9382,195
3164.65,9648,201
3165.94,9840,205
3167.23,10010,208
3168.52,10280,214
3169.80,10481,218
3171.09,10658,222
3172.38,10822,225
3173.67,11072,230
3174.96,11227,233
3176.25,11349,235
3177.54,11550,239
3178.83,11652,241
3180.12,11786,244
3181.41,11885,246
3182.70,11992,248
3183.98,12072,249
3185.27,12153,252
3186.56,12194,252
3187.85,12250,253
3189.14,12277,254
3190.43,12295,253
3191.72,12254,252
3193.01,12254,253
3194.30,12236,253
3195.59,12217,252
3196.87,12157,251
3198.16,12132,250
3199.45,12052,248
3200.74,11999,247
3202.03,11872,244
3203.32,11802,242
3204.61,11726,241
3205.90,11589,238
3207.19,11499,236
3208.48,11354,233
3209.77,11277,231
3211.05,11092,228
3212.34,10956,224
3213.63,10770,220
3214.92,10600,216
3216.21,10411,212
3217.50,10183,208
3218.79,9985,203
3220.08,9762,199
3221.37,9530,194
3222.66,9310,189
3223.95,9066,185
3225.23,8812,179
3226.52,8537,174
3227.81,8329,168
3229.10,8053,163
3230.39,7746,157
3231.68,7495,151
3232.97,7252,147
3234.26,6953,141
3235.55,6638,134
3236.84,6386,129
3238.12,6140,124
3239.41,5863,118
3240.70,5559,112