
1.29,1949,452
2.58,1823,430
3.87,1655,399
5.16,1473,362
6.45,1240,312
7.73,1068,279
9.02,940,253
10.31,797,225
11.60,677,200
12.89,560,176
14.18,467,157
15.47,394,142
16.76,320,129
18.05,258,115
19.34,214,107
20.62,186,101
21.91,168,98
23.20,169,98
24.49,183,101
25.78,211,107
27.07,259,117
28.36,310,128
29.65,397,145
30.94,476,162
32.23,580,183
33.52,688,205
34.80,844,238
36.09,975,265
37.38,1131,296
38.67,1279,327
39.96,1457,363
41.25,1655,405
42.54,1869,448
43.83,2078,491
45.12,2305,538
46.41,2500,578
47.70,2793,638
48.98,2982,678
50.27,3188,719
51.56,3404,763
52.85,3702,825
54.14,3971,880
55.43,4218,932
56.72,4514,992
58.01,4815,1054
59.30,5103,1114
60.59,5404,1175
61.88,5691,1234
63.16,5983,1294
64.45,6253,1350
65.74,6551,1412
67.03,6875,1479
68.32,7154,1536
69.61,7500,1607
70.90,7837,1677
72.19,8137,1738
73.48,8375,1789
74.77,8731,1862
76.05,9037,1924
77.34,9262,1972
78.63,9556,2034
79.92,9834,2091
81.21,10147,2155
82.50,10426,2212
83.79,10671,2263
85.08,10912,2313
86.37,11154,2363
87.66,11376,2407
88.95,11623,2459
90.23,11877,2512
91.52,12046,2548
92.81,12262,2592
94.10,12477,2635
95.39,12696,2680
96.68,12836,2710
97.97,12949,2733
99.26,13115,2767
100.55,13259,2796
101.84,13386,2823
103.12,13493,2842
104.41,13589,2864
105.70,13701,2886
106.99,13756,2897
108.28,13814,2909
109.57,13882,2924
110.86,13881,2924
112.15,13916,2930
113.44,13910,2929
114.73,13884,2921
116.02,13853,2917
117.30,13821,2910
118.59,13761,2896
119.88,13677,2879
121.17,13615,2865
122.46,13542,2850
123.75,13425,2827
125.04,13289,2797
126.33,13176,2774
127.62,13019,2739
128.91,12824,2699
130.20,12664,2665
131.48,12473,2626
132.77,12280,2585
134.06,12057,2538
135.35,11815,2489
136.64,11565,2438
137.93,11319,2386
139.22,11091,2339
140.51,10815,2282
141.80,10544,2225
143.09,10278,2170
144.38,9983,2109
145.66,9665,2043
146.95,9382,1985
148.24,9168,1941
149.53,8829,1872
150.82,8528,1810
152.11,8285,1759
153.40,7931,1687
154.69,7655,1629
155.98,7375,1572
157.27,7113,1518
158.55,6796,1453
159.84,6517,1395
161.13,6263,1344
162.42,5909,1270
163.71,5603,1207
165.00,5321,1150
166.29,5012,1085
167.58,4777,1038
168.87,4511,984
170.16,4266,934
171.45,3963,872
172.73,3638,806
174.02,3368,750
175.31,3175,711
176.60,2890,652
177.89,2635,600
179.18,2431,559
180.47,2234,517
181.76,2006,471
183.05,1831,436
184.34,1611,390
185.63,1468,361
186.91,1275,322
188.20,1112,289
189.49,984,263
190.78,844,235
192.07,727,211
193.36,617,189
194.65,497,165
195.94,415,147
197.23,343,133
198.52,287,122
199.80,230,110
201.09,199,103
202.38,174,99
203.67,165,97
204.96,170,98
206.25,191,102
207.54,233,111
208.83,287,122
210.12,347,134
211.41,445,155
212.70,544,176
213.98,647,195
215.27,767,221
216.56,902,249
217.85,1046,279
219.14,1208,312
220.43,1380,347
221.72,1559,383
223.01,1762,425
224.30,1968,468
225.59,2172,510
226.88,2379,551
228.16,2617,601
229.45,2884,656
230.74,3118,706
232.03,3383,760
233.32,3682,820
234.61,3963,879
235.90,4230,934
237.19,4552,999
238.48,4842,1059
239.77,5134,1119
241.05,5438,1182
242.34,5786,1253
243.63,6150,1328
244.92,6483,1396
246.21,6827,1469
247.50,7152,1534
248.79,7476,1601
250.08,7819,1672
251.37,8118,1735
252.66,8465,1805
253.95,8699,1854
255.23,9038,1923
256.52,9349,1987
257.81,9594,2038
259.10,9894,2100
260.39,10167,2156
261.68,10409,2205
262.97,10641,2254
264.26,10913,2310
265.55,11129,2355
266.84,11338,2399
268.13,11604,2453
269.41,11790,2492
270.70,12031,2541
271.99,12229,2582
273.28,12390,2616
274.57,12567,2653
275.86,12840,2709
277.15,12937,2729
278.44,13094,2762
279.73,13284,2802
281.02,13377,2820
282.30,13537,2853
283.59,13627,2869
284.88,13708,2885
286.17,13809,2907
287.46,13887,2922
288.75,13935,2933
290.04,13967,2941
291.33,13999,2945
292.62,13995,2945
293.91,13987,2943
295.20,13973,2941
296.48,13984,2941
297.77,13933,2931
299.06,13872,2918
300.35,13809,2904
301.64,13690,2879
302.93,13640,2869
304.22,13534,2846
305.51,13401,2819
306.80,13260,2788
308.09,13126,2761
309.38,12954,2724
310.66,12790,2692
311.95,12597,2651
313.24,12423,2613
314.53,12236,2575
315.82,11998,2526
317.11,11717,2467
318.40,11516,2426
319.69,11275,2375
320.98,11007,2319
322.27,10750,2267
323.55,10516,2216
324.84,10209,2153
326.13,9924,2094
327.42,9613,2030
328.71,9314,1970
330.00,9010,1906
331.29,8694,1842
332.58,8422,1785
333.87,8080,1716
335.16,7747,1647
336.45,7421,1578
337.73,7088,1510
339.02,6812,1455
340.31,6472,1386
341.60,6166,1321
342.89,5801,1246
344.18,5521,1190
345.47,5222,1128
346.76,4940,1070
348.05,4610,1003
349.34,4331,946
350.63,4019,882
351.91,3770,832
353.20,3475,772
354.49,3216,718
355.78,2982,671
357.07,2714,615
358.36,2484,569
359.65,2252,521
360.94,2042,479
362.23,1847,439
363.52,1639,397
364.80,1468,363
366.09,1285,325
367.38,1147,297
368.67,990,265
369.96,867,240
371.25,714,209
372.54,592,184
373.83,503,166
375.12,409,147
376.41,328,131
377.70,276,121
378.98,229,112
380.27,200,105
381.56,178,100
382.85,168,98
384.14,175,100
385.43,188,103
386.72,223,110
388.01,266,119
389.30,324,131
390.59,409,148
391.88,482,164
393.16,581,184
394.45,671,202
395.74,790,226
397.03,917,253
398.32,1069,285
399.61,1236,319
400.90,1417,355
402.19,1554,383
403.48,1743,422
404.77,1982,471
406.05,2172,511
407.34,2374,552
408.63,2621,602
409.92,2897,659
411.21,3118,704
412.50,3404,764
413.79,3677,820
415.08,3957,876
416.37,4254,939
417.66,4528,995
418.95,4842,1058
420.23,5148,1122
421.52,5439,1183
422.81,5765,1249
424.10,6092,1316
425.39,6373,1374
426.68,6680,1437
427.97,7001,1504
429.26,7292,1564
430.55,7604,1629
431.84,7895,1688
433.13,8216,1755
434.41,8562,1825
435.70,8859,1885
436.99,9132,1943
438.28,9406,2000
439.57,9692,2058
440.86,9971,2116
442.15,10220,2168
443.44,10472,2221
444.73,10761,2280
446.02,11005,2331
447.30,11280,2386
448.59,11586,2449
449.88,11819,2499
451.17,12043,2544
452.46,12241,2585
453.75,12465,2632
455.04,12677,2676
456.33,12869,2715
457.62,13031,2748
458.91,13163,2774
460.20,13307,2806
461.48,13426,2829
462.77,13538,2853
464.06,13600,2866
465.35,13680,2883
466.64,13765,2901
467.93,13834,2913
469.22,13859,2920
470.51,13897,2927
471.80,13888,2924
473.09,13874,2921
474.38,13875,2921
475.66,13846,2914
476.95,13800,2904
478.24,13777,2900
479.53,13689,2882
480.82,13599,2864
482.11,13504,2843
483.40,13418,2823
484.69,13274,2796
485.98,13184,2776
487.27,13069,2752
488.55,12897,2717
489.84,12743,2683
491.13,12591,2651
492.42,12408,2613
493.71,12177,2565
495.00,11978,2524
496.29,11778,2482
497.58,11547,2434
498.87,11346,2393
500.16,11146,2352
501.45,10918,2303
502.73,10606,2239
504.02,10371,2191
505.31,10081,2129
506.60,9842,2079
507.89,9530,2016
509.18,9297,1967
510.47,8954,1898
511.76,8696,1844
513.05,8365,1776
514.34,8031,1707
515.63,7732,1645
516.91,7414,1579
518.20,7104,1515
519.49,6785,1449
520.78,6505,1392
522.07,6176,1324
523.36,5808,1250
524.65,5515,1190
525.94,5205,1125
527.23,4880,1058
528.52,4569,995
529.80,4273,934
531.09,4008,880
532.38,3722,821
533.67,3436,763
534.96,3218,718
536.25,2957,666
537.54,2696,612
538.83,2434,558
540.12,2218,515
541.41,2004,471
542.70,1796,428
543.98,1606,389
545.27,1427,354
546.56,1252,318
547.85,1087,285
549.14,920,250
550.43,790,224
551.72,669,200
553.01,554,176
554.30,450,154
555.59,364,138
556.88,304,125
558.16,244,113
559.45,203,105
560.74,177,100
562.03,167,98
563.32,172,99
564.61,192,104
565.90,226,110
567.19,280,121
568.48,339,133
569.77,416,149
571.05,494,165
572.34,595,187
573.63,718,212
574.92,815,231
576.21,981,266
577.50,1109,293
578.79,1248,320
580.08,1415,354
581.37,1589,390
582.66,1763,427
583.95,1979,471
585.23,2219,520
586.52,2416,562
587.81,2600,600
589.10,2810,641
590.39,3078,697
591.68,3320,747
592.97,3615,807
594.26,3863,859
595.55,4196,927
596.84,4429,974
598.13,4733,1037
599.41,5071,1108
600.70,5363,1166
601.99,5619,1220
603.28,5852,1268
604.57,6125,1325
605.86,6471,1396
607.15,6798,1464
608.44,7058,1518
609.73,7359,1581
611.02,7726,1656
612.30,8008,1713
613.59,8272,1768
614.88,8595,1833
616.17,8894,1897
617.46,9191,1957
618.75,9477,2017
620.04,9764,2076
621.33,10073,2140
622.62,10338,2194
623.91,10631,2254
625.20,10930,2314
626.48,11181,2366
627.77,11407,2415
629.06,11659,2465
630.35,11900,2515
631.64,12123,2561
632.93,12349,2607
634.22,12543,2646
635.51,12787,2697
636.80,12940,2729
638.09,13109,2766
639.38,13251,2793
640.66,13376,2819
641.95,13545,2854
643.24,13638,2874
644.53,13738,2894
645.82,13785,2904
647.11,13831,2913
648.40,13836,2914
649.69,13889,2927
650.98,13907,2931
652.27,13989,2945
653.55,13887,2924
654.84,14005,2947
656.13,13899,2924
657.42,13862,2919
658.71,13772,2901
660.00,13752,2895
661.29,13593,2863
662.58,13511,2845
663.87,13409,2825
665.16,13278,2795
666.45,13117,2762
667.73,12960,2730
669.02,12860,2705
670.31,12674,2667
671.60,12491,2629
672.89,12271,2583
674.18,12037,2534
675.47,11811,2487
676.76,11600,2444
678.05,11406,2403
679.34,11179,2355
680.63,10973,2314
681.91,10671,2251
683.20,10425,2200
684.49,10169,2145
685.78,9921,2096
687.07,9651,2040
688.36,9359,1978
689.65,9073,1921
690.94,8748,1854
692.23,8464,1795
693.52,8185,1737
694.80,7909,1680
696.09,7625,1621
697.38,7267,1548
698.67,6989,1491
699.96,6689,1431
701.25,6366,1364
702.54,6100,1309
703.83,5730,1234
705.12,5439,1173
706.41,5186,1122
707.70,4901,1063
708.98,4603,1002
710.27,4332,947
711.56,4056,891
712.85,3777,833
714.14,3516,781
715.43,3186,714
716.72,3006,676
718.01,2759,626
719.30,2535,579
720.59,2329,538
721.88,2131,497
723.16,1892,449
724.45,1683,406
725.74,1518,373
727.03,1344,337
728.32,1171,302
729.61,994,266
730.90,868,240
732.19,740,213
733.48,607,187
734.77,513,168
736.05,415,149
737.34,337,133
738.63,271,119
739.92,219,107
741.21,186,101
742.50,171,98
743.79,169,98
745.08,185,102
746.37,207,106
747.66,250,115
748.95,306,127
750.23,381,143
751.52,462,158
752.81,559,178
754.10,675,203
755.39,796,227
756.68,932,256
757.97,1073,285
759.26,1240,319
760.55,1425,357
761.84,1621,397
763.13,1813,438
764.41,2029,480
765.70,2271,531
766.99,2482,574
768.28,2713,622
769.57,2977,676
770.86,3266,735
772.15,3524,788
773.44,3797,846
774.73,4114,910
776.02,4400,969
777.30,4679,1026
778.59,4973,1087
779.88,5288,1151
781.17,5576,1211
782.46,5858,1270
783.75,6159,1331
785.04,6457,1393
786.33,6744,1452
787.62,7122,1531
788.91,7331,1575
790.20,7629,1636
791.48,7908,1693
792.77,8211,1755
794.06,8468,1808
795.35,8774,1871
796.64,9055,1928
797.93,9299,1979
799.22,9616,2046
800.51,9888,2102
801.80,10173,2161
803.09,10416,2212
804.38,10645,2258
805.66,10935,2321
806.95,11150,2363
808.24,11375,2409
809.53,11588,2455
810.82,11860,2510
812.11,12061,2552
813.40,12231,2586
814.69,12433,2627
815.98,12606,2665
817.27,12733,2689
818.55,12880,2720
819.84,13012,2746
821.13,13160,2777
822.42,13306,2809
823.71,13401,2828
825.00,13473,2842
826.29,13562,2861
827.58,13599,2868
828.87,13671,2883
830.16,13719,2895
831.45,13748,2900
832.73,13755,2899
834.02,13747,2897
835.31,13718,2891
836.60,13634,2874
837.89,13597,2865
839.18,13508,2845
840.47,13443,2832
841.76,13333,2810
843.05,13231,2788
844.34,13120,2764
845.63,12993,2738
846.91,12884,2714
848.20,12711,2677
849.49,12562,2646
850.78,12386,2609
852.07,12220,2574
853.36,12021,2532
854.65,11807,2489
855.94,11575,2440
857.23,11325,2388
858.52,11106,2343
859.80,10868,2295
861.09,10611,2241
862.38,10347,2186
863.67,10063,2127
864.96,9793,2072
866.25,9512,2014
867.54,9212,1950
868.83,8906,1888
870.12,8598,1823
871.41,8291,1760
872.70,8015,1705
873.98,7692,1637
875.27,7383,1574
876.56,7064,1508
877.85,6778,1449
879.14,6413,1375
880.43,6129,1315
881.72,5819,1252
883.01,5517,1190
884.30,5212,1127
885.59,4927,1068
886.88,4686,1019
888.16,4400,960
889.45,4083,896
890.74,3877,854
892.03,3624,802
893.32,3361,749
894.61,3098,695
895.90,2900,653
897.19,2680,609
898.48,2439,560
899.77,2242,520
901.05,2042,478
902.34,1859,441
903.63,1645,398
904.92,1472,362
906.21,1281,323
907.50,1120,291
908.79,1012,268
910.08,846,234
911.37,726,211
912.66,616,188
913.95,515,168
915.23,412,146
916.52,341,132
917.81,292,122
919.10,241,112
920.39,202,104
921.68,179,100
922.97,168,98
924.26,167,97
925.55,188,102
926.84,215,106
928.13,251,114
929.41,299,124
930.70,354,135
931.99,428,150
933.28,530,170
934.57,617,189
935.86,760,219
937.15,889,245
938.44,1048,279
939.73,1214,314
941.02,1398,352
942.30,1551,383
943.59,1747,423
944.88,1978,470
946.17,2231,522
947.46,2446,568
948.75,2685,615
950.04,2963,673
951.33,3226,727
952.62,3490,782
953.91,3748,834
955.20,4028,892
956.48,4322,953
957.77,4581,1007
959.06,4853,1061
960.35,5188,1131
961.64,5486,1193
962.93,5651,1225
964.22,5769,1246
965.51,6056,1306
966.80,6373,1371
968.09,6887,1480
969.38,7055,1513
970.66,7427,1591
971.95,7536,1611
973.24,7849,1676
974.53,8429,1801
975.82,8716,1859
977.11,9028,1923
978.40,9255,1969
979.69,9223,1959
980.98,9700,2060
982.27,9940,2108
983.55,10428,2210
984.84,10684,2262
986.13,10744,2274
987.42,11212,2373
988.71,11714,2479
990.00,11983,2534
991.29,12245,2588
992.58,12373,2614
993.87,12559,2654
995.16,12811,2703
996.45,12973,2739
997.73,13121,2769
999.02,13272,2800
1000.31,13380,2823
1001.60,13510,2850
1002.89,13631,2875
1004.18,13709,2890
1005.47,13768,2903
1006.76,13877,2925
1008.05,13955,2940
1009.34,13975,2944
1010.63,14012,2952
1011.91,14038,2955
1013.20,14029,2954
1014.49,14029,2954
1015.78,14003,2948
1017.07,13968,2942
1018.36,13917,2928
1019.65,13872,2919
1020.94,13753,2894
1022.23,13684,2880
1023.52,13593,2861
1024.80,13472,2835
1026.09,13351,2810
1027.38,13216,2781
1028.67,13087,2755
1029.96,12920,2718
1031.25,12737,2680
1032.54,12545,2643
1033.83,12356,2601
1035.12,12179,2563
1036.41,11959,2519
1037.70,11761,2479
1038.98,11494,2422
1040.27,11271,2377
1041.56,11054,2329
1042.85,10744,2266
1044.14,10487,2213
1045.43,10239,2161
1046.72,9939,2099
1048.01,9638,2037
1049.30,9293,1966
1050.59,9000,1906
1051.88,8688,1841
1053.16,8361,1774
1054.45,8030,1705
1055.74,7705,1639
1057.03,7388,1574
1058.32,7083,1511
1059.61,6751,1442
1060.90,6441,1379
1062.19,6128,1315
1063.48,5820,1252
1064.77,5495,1185
1066.05,5197,1124
1067.34,4913,1067
1068.63,4595,1000
1069.92,4293,939
1071.21,4011,881
1072.50,3748,828
1073.79,3450,767
1075.08,3194,714
1076.37,2965,667
1077.66,2685,611
1078.95,2456,564
1080.23,2195,511
switching colors
1081.52,6017,319
1082.81,5528,292
1084.10,5086,268
1085.39,4585,242
1086.68,4120,216
1087.97,3677,192
1089.26,3330,174
1090.55,2888,150
1091.84,2458,127
1093.13,2195,114
1094.41,1896,97
1095.70,1597,82
1096.99,1320,67
1098.28,1119,57
1099.57,903,46
1100.86,703,35
1102.15,552,27
1103.44,402,20
1104.73,294,15
1106.02,207,11
1107.30,146,8
1108.59,105,6
1109.88,91,6
1111.17,100,7
1112.46,135,10
1113.75,197,14
1115.04,282,19
1116.33,407,26
1117.62,501,32
1118.91,699,43
1120.20,834,52
1121.48,1037,63
1122.77,1294,77
1124.06,1578,94
1125.35,1804,107
1126.64,2180,128
1127.93,2479,145
1129.22,2756,161
1130.51,3116,181
1131.80,3514,204
1133.09,3907,226
1134.38,4300,249
1135.66,4732,273
1136.95,5268,304
1138.24,5653,325
1139.53,6172,355
1140.82,6668,382
1142.11,7124,408
1143.40,7625,436
1144.69,8230,470
1145.98,8713,497
1147.27,9211,525
1148.55,9869,561
1149.84,10427,593
1151.13,10967,624
1152.42,11596,658
1153.71,12118,688
1155.00,12711,721
1156.29,13296,753
1157.58,13905,787
1158.87,14490,822
1160.16,15061,852
1161.45,15705,888
1162.73,16300,921
1164.02,16797,948
1165.31,17337,979
1166.60,17938,1012
1167.89,18455,1042
1169.18,18927,1068
1170.47,19480,1097
1171.76,19983,1125
1173.05,20462,1152
1174.34,20938,1177
1175.63,21355,1202
1176.91,21742,1224
1178.20,22178,1247
1179.49,22552,1267
1180.78,22928,1288
1182.07,23248,1306
1183.36,23603,1324
1184.65,23929,1341
1185.94,24203,1356
1187.23,24514,1373
1188.52,24745,1385
1189.80,24949,1395
1191.09,25098,1403
1192.38,25290,1414
1193.67,25429,1421
1194.96,25539,1426
1196.25,25585,1428
1197.54,25651,1430
1198.83,25693,1430
1200.12,25658,1428
1201.41,25641,1427
1202.70,25671,1427
1203.98,25595,1421
1205.27,25478,1414
1206.56,25381,1408
1207.85,25244,1400
1209.14,25026,1386
1210.43,24844,1375
1211.72,24698,1367
1213.01,24486,1354
1214.30,24195,1336
1215.59,23957,1322
1216.88,23704,1308
1218.16,23411,1290
1219.45,22957,1264
1220.74,22714,1250
1222.03,22242,1223
1223.32,21987,1208
1224.61,21429,1177
1225.90,21052,1154
1227.19,20706,1133
1228.48,20196,1104
1229.77,19682,1076
1231.05,19216,1049
1232.34,18622,1017
1233.63,18104,987
1234.92,17586,958
1236.21,17070,928
1237.50,16590,901
1238.79,16047,871
1240.08,15518,842
1241.37,14971,811
1242.66,14404,779
1243.95,13799,745
1245.23,13264,715
1246.52,12669,682
1247.81,12173,655
1249.10,11614,625
1250.39,11034,592
1251.68,10487,562
1252.97,9937,533
1254.26,9309,498
1255.55,8771,468
1256.84,8263,441
1258.13,7731,412
1259.41,7180,382
1260.70,6695,355
1261.99,6134,325
1263.28,5724,303
1264.57,5197,274
1265.86,4716,248
1267.15,4214,221
1268.44,3786,199
1269.73,3389,177
1271.02,2976,154
1272.30,2558,133
1273.59,2278,118
1274.88,1960,101
1276.17,1641,84
1277.46,1355,69
1278.75,1118,57
1280.04,885,45
1281.33,679,34
1282.62,531,26
1283.91,396,20
1285.20,273,13
1286.48,193,10
1287.77,129,7
1289.06,95,6
1290.35,88,6
1291.64,110,8
1292.93,159,12
1294.22,238,16
1295.51,341,23
1296.80,478,31
1298.09,645,41
1299.38,835,51
1300.66,1044,64
1301.95,1313,80
1303.24,1596,95
1304.53,1868,111
1305.82,2193,129
1307.11,2559,150
1308.40,2911,170
1309.69,3239,189
1310.98,3656,213
1312.27,4078,236
1313.55,4490,259
1314.84,4926,284
1316.13,5341,308
1317.42,5825,334
1318.71,6334,364
1320.00,6740,386
1321.29,7225,414
1322.58,7704,440
1323.87,8179,467
1325.16,8808,503
1326.45,9419,536
1327.73,9896,564
1329.02,10388,591
1330.31,10988,624
1331.60,11518,656
1332.89,12145,689
1334.18,12706,722
1335.47,13270,753
1336.76,13844,785
1338.05,14576,825
1339.34,15057,852
1340.63,15548,880
1341.91,16137,913
1343.20,16694,944
1344.49,17231,974
1345.78,17781,1003
1347.07,18295,1034
1348.36,18827,1062
1349.65,19346,1092
1350.94,19810,1118
1352.23,20347,1147
1353.52,20826,1172
1354.80,21224,1194
1356.09,21765,1223
1357.38,22171,1247
1358.67,22594,1269
1359.96,23034,1294
1361.25,23379,1313
1362.54,23790,1334
1363.83,24108,1352
1365.12,24452,1369
1366.41,24686,1383
1367.70,25003,1400
1368.98,25286,1414
1370.27,25521,1425
1371.56,25697,1435
1372.85,25866,1444
1374.14,26044,1452
1375.43,26131,1456
1376.72,26124,1455
1378.01,26242,1461
1379.30,26307,1463
1380.59,26228,1459
1381.88,26245,1459
1383.16,26210,1457
1384.45,25922,1440
1385.74,25748,1431
1387.03,25761,1429
1388.32,25411,1409
1389.61,25466,1411
1390.90,25014,1387
1392.19,24734,1370
1393.48,24557,1359
1394.77,24317,1344
1396.05,24103,1330
1397.34,23684,1306
1398.63,23431,1290
1399.92,22975,1265
1401.21,22771,1251
1402.50,22283,1224
1403.79,21713,1192
1405.08,21387,1172
1406.37,20907,1145
1407.66,20438,1118
1408.95,19867,1085
1410.23,19345,1056
1411.52,18836,1026
1412.81,18302,996
1414.10,17723,964
1415.39,17232,936
1416.68,16794,911
1417.97,16234,880
1419.26,15641,847
1420.55,15026,813
1421.84,14563,786
1423.13,13924,752
1424.41,13413,723
1425.70,12867,693
1426.99,12278,661
1428.28,11790,633
1429.57,11169,599
1430.86,10501,563
1432.15,9977,534
1433.44,9451,505
1434.73,8970,479
1436.02,8348,445
1437.30,7916,421
1438.59,7310,388
1439.88,6774,360
1441.17,6362,336
1442.46,5807,306
1443.75,5352,282
1445.04,4888,257
1446.33,4449,234
1447.62,4018,211
1448.91,3586,187
1450.20,3300,172
1451.48,2866,149
1452.77,2573,134
1454.06,2236,115
1455.35,1863,96
1456.64,1610,83
1457.93,1379,70
1459.22,1178,60
1460.51,967,49
1461.80,746,37
1463.09,598,30
1464.38,453,23
1465.66,327,16
1466.95,225,11
1468.24,155,8
1469.53,106,6
1470.82,89,6
1472.11,96,7
1473.40,136,10
1474.69,201,14
1475.98,299,20
1477.27,426,28
1478.55,597,38
1479.84,779,49
1481.13,978,60
1482.42,1253,76
1483.71,1492,90
1485.00,1758,105
1486.29,2056,121
1487.58,2390,141
1488.87,2736,161
1490.16,3078,180
1491.45,3500,204
1492.73,3892,225
1494.02,4271,247
1495.31,4703,271
1496.60,5184,298
1497.89,5681,327
1499.18,6145,352
1500.47,6675,382
1501.76,7251,415
1503.05,7747,443
1504.34,8348,477
1505.63,8914,509
1506.91,9533,542
1508.20,10188,579
1509.49,10769,612
1510.78,11357,644
1512.07,11962,679
1513.36,12621,716
1514.65,13229,749
1515.94,13764,779
1517.23,14352,812
1518.52,14957,847
1519.80,15488,877
1521.09,15994,906
1522.38,16581,938
1523.67,17123,968
1524.96,17584,994
1526.25,18244,1031
1527.54,18702,1056
1528.83,19182,1082
1530.12,19668,1109
1531.41,20157,1137
1532.70,20617,1162
1533.98,21032,1186
1535.27,21537,1213
1536.56,21932,1235
1537.85,22354,1257
1539.14,22676,1276
1540.43,23058,1297
1541.72,23399,1316
1543.01,23753,1335
1544.30,24022,1349
1545.59,24311,1364
1546.88,24545,1376
1548.16,24857,1392
1549.45,25055,1403
1550.74,25244,1414
1552.03,25396,1422
1553.32,25539,1429
1554.61,25711,1438
1555.90,25806,1443
1557.19,25880,1446
1558.48,25957,1448
1559.77,26001,1450
1561.05,25955,1447
1562.34,25940,1446
1563.63,25900,1442
1564.92,25879,1440
1566.21,25720,1429
1567.50,25526,1419
1568.79,25340,1408
1570.08,25173,1396
1571.37,24943,1384
1572.66,24760,1371
1573.95,24475,1353
1575.23,24178,1337
1576.52,23875,1319
1577.81,23598,1303
1579.10,23182,1278
1580.39,22718,1251
1581.68,22313,1228
1582.97,21932,1206
1584.26,21526,1182
1585.55,20990,1151
1586.84,20540,1126
1588.13,20098,1100
1589.41,19617,1073
1590.70,19106,1043
1591.99,18607,1014
1593.28,18091,986
1594.57,17523,954
1595.86,16959,923
1597.15,16380,890
1598.44,15844,860
1599.73,15298,830
1601.02,14711,796
1602.30,14092,762
1603.59,13565,733
1604.88,12943,698
1606.17,12363,665
1607.46,11760,633
1608.75,11158,599
1610.04,10627,570
1611.33,9980,535
1612.62,9442,504
1613.91,8981,480
1615.20,8304,444
1616.48,7769,413
1617.77,7268,387
1619.06,6709,356
1620.35,6202,328
1621.64,5676,300
1622.93,5314,281
1624.22,4798,252
1625.51,4359,229
1626.80,3935,206
1628.09,3559,186
1629.38,3189,166
1630.66,2852,148
1631.95,2450,127
1633.24,2111,109
1634.53,1864,96
1635.82,1590,82
1637.11,1372,70
1638.40,1138,58
1639.69,911,46
1640.98,739,38
1642.27,583,29
1643.55,430,22
1644.84,319,16
1646.13,221,11
1647.42,154,8
1648.71,111,7
1650.00,88,5
1651.29,95,7
1652.58,130,10
1653.87,177,12
1655.16,278,19
1656.45,383,25
1657.73,515,33
1659.02,674,42
1660.31,851,53
1661.60,1040,64
1662.89,1265,76
1664.18,1516,91
1665.47,1775,106
1666.76,2090,124
1668.05,2396,141
1669.34,2740,161
1670.63,3061,179
1671.91,3474,203
1673.20,3908,227
1674.49,4285,247
1675.78,4689,271
1677.07,5180,299
1678.36,5717,329
1679.65,6239,358
1680.94,6690,383
1682.23,7226,413
1683.52,7782,445
1684.80,8335,476
1686.09,8895,507
1687.38,9501,542
1688.67,10056,573
1689.96,10639,605
1691.25,11207,638
1692.54,11837,673
1693.83,12413,705
1695.12,12933,735
1696.41,13434,763
1697.70,13928,790
1698.98,14514,823
1700.27,14962,848
1701.56,15401,874
1702.85,16010,907
1704.14,16495,935
1705.43,17285,977
1706.72,17894,1011
1708.01,18409,1040
1709.30,18892,1068
1710.59,19492,1100
1711.88,19887,1124
1713.16,20475,1155
1714.45,20926,1179
1715.74,21435,1207
1717.03,21826,1229
1718.32,22239,1250
1719.61,22623,1272
1720.90,23031,1294
1722.19,23414,1314
1723.48,23520,1321
1724.77,23886,1340
1726.05,24085,1350
1727.34,24662,1381
1728.63,24838,1391
1729.92,24928,1394
1731.21,25133,1405
1732.50,25223,1410
1733.79,25318,1413
1735.08,24815,1388
1736.37,25690,1432
1737.66,25759,1436
1738.95,25816,1437
1740.23,25772,1436
1741.52,25737,1433
1742.81,25714,1430
1744.10,25628,1424
1745.39,25539,1418
1746.68,25368,1409
1747.97,25234,1400
1749.26,25043,1388
1750.55,24812,1375
1751.84,24423,1353
1753.13,24343,1347
1754.41,24192,1337
1755.70,23819,1317
1756.99,23513,1298
1758.28,23196,1279
1759.57,22836,1258
1760.86,22433,1235
1762.15,22023,1213
1763.44,21679,1192
1764.73,21281,1169
1766.02,20775,1140
1767.30,20321,1115
1768.59,19858,1089
1769.88,19248,1054
1771.17,18954,1037
1772.46,18398,1006
1773.75,17944,979
1775.04,17448,951
1776.33,16987,927
1777.62,16397,892
1778.91,15756,856
1780.20,15283,831
1781.48,14668,796
1782.77,14124,765
1784.06,13451,728
1785.35,12931,699
1786.64,12430,672
1787.93,11869,640
1789.22,11214,604
1790.51,10405,561
1791.80,9785,527
1793.09,9045,487
1794.38,8508,458
1795.66,8012,430
1796.95,7748,413
1798.24,7220,385
1799.53,6761,360
1800.82,6337,337
1802.11,5904,313
1803.40,5313,281
1804.69,4877,258
1805.98,4375,230
1807.27,3979,209
1808.55,3539,185
1809.84,3132,163
1811.13,2809,146
1812.42,2445,127
1813.71,2142,111
1815.00,1823,94
1816.29,1563,80
1817.58,1263,64
1818.87,1005,51
1820.16,830,42
1821.45,641,32
1822.73,481,24
1824.02,346,18
1825.31,237,12
1826.60,158,9
1827.89,110,6
1829.18,86,6
1830.47,91,7
1831.76,122,9
1833.05,179,13
1834.34,257,18
1835.63,377,25
1836.91,500,32
1838.20,659,41
1839.49,810,50
1840.78,1037,63
1842.07,1252,75
1843.36,1531,92
1844.65,1769,105
1845.94,2020,120
1847.23,2347,138
1848.52,2672,157
1849.80,2994,175
1851.09,3316,194
1852.38,3690,215
1853.67,4162,242
1854.96,4497,261
1856.25,4933,285
1857.54,5372,311
1858.83,5910,340
1860.12,6271,361
1861.41,6717,386
1862.70,7249,416
1863.98,7717,442
1865.27,8182,469
1866.56,8727,500
1867.85,9266,530
1869.14,9791,558
1870.43,10345,590
1871.72,10871,620
1873.01,11382,648
1874.30,11969,681
1875.59,12472,710
1876.88,12933,736
1878.16,13535,769
1879.45,14014,797
1880.74,14571,828
1882.03,14918,847
1883.32,15450,877
1884.61,15985,907
1885.90,16441,932
1887.19,16964,962
1888.48,17495,991
1889.77,17968,1018
1891.05,18395,1041
1892.34,18841,1066
1893.63,19266,1089
1894.92,20075,1134
1896.21,20538,1159
1897.50,20949,1183
1898.79,21293,1201
1900.08,21674,1222
1901.37,21223,1198
1902.66,21584,1218
1903.95,21926,1236
1905.23,22196,1250
1906.52,22484,1266
1907.81,22619,1273
1909.10,22959,1291
1910.39,23798,1336
1911.68,23939,1342
1912.97,24061,1350
1914.26,24125,1353
1915.55,24185,1355
1916.84,23589,1321
1918.13,23581,1322
1919.41,23303,1307
1920.70,24061,1345
1921.99,24205,1352
1923.28,24214,1351
1924.57,24209,1350
1925.86,24134,1345
1927.15,23976,1335
1928.44,23779,1323
1929.73,23613,1314
1931.02,23393,1300
1932.30,23237,1290
1933.59,22965,1273
1934.88,22599,1253
1936.17,22387,1239
1937.46,21928,1213
1938.75,21640,1196
1940.04,21176,1170
1941.33,20803,1148
1942.62,20437,1127
1943.91,20039,1104
1945.20,19630,1080
1946.48,19160,1053
1947.77,18805,1033
1949.06,18219,999
1950.35,17899,982
1951.64,17439,955
1952.93,17108,937
1954.22,16734,915
1955.51,16179,884
1956.80,15722,858
1958.09,15190,828
1959.38,14605,795
1960.66,14168,771
1961.95,13626,741
1963.24,13068,710
1964.53,12541,680
1965.82,11942,648
1967.11,11370,615
1968.40,10899,590
1969.69,10378,561
1970.98,9853,530
1972.27,9176,493
1973.55,8730,470
1974.84,8323,447
1976.13,7850,421
1977.42,7273,390
1978.71,6869,368
1980.00,6353,339
1981.29,5908,315
1982.58,5392,286
1983.87,5079,269
1985.16,4612,244
1986.45,4241,225
1987.73,3818,201
1989.02,3486,184
1990.31,3125,164
1991.60,2781,145
1992.89,2412,126
1994.18,2193,113
1995.47,1850,96
1996.76,1580,81
1998.05,1334,68
1999.34,1100,56
2000.63,921,47
2001.91,708,35
2003.20,533,27
2004.49,370,18
2005.78,262,13
2007.07,170,9
2008.36,109,6
2009.65,88,6
2010.94,86,6
2012.23,114,8
2013.52,162,11
2014.80,241,16
2016.09,345,23
2017.38,486,31
2018.67,642,41
2019.96,814,50
2021.25,1012,62
2022.54,1223,74
2023.83,1498,90
2025.12,1752,104
2026.41,2037,121
2027.70,2381,140
2028.98,2758,162
2030.27,3095,181
2031.56,3451,201
2032.85,3917,227
2034.14,4320,251
2035.43,4771,275
2036.72,5264,304
2038.01,5760,332
2039.30,6262,360
2040.59,6766,389
2041.88,7342,421
2043.16,7847,450
2044.45,8419,482
2045.74,8939,511
2047.03,9447,540
2048.32,10022,571
2049.61,10527,600
2050.90,11074,631
2052.19,11646,663
2053.48,12134,690
2054.77,12765,726
2056.05,13183,749
2057.34,13750,782
2058.63,14146,804
2059.92,14686,834
2061.21,15200,862
2062.50,15631,887
2063.79,16235,920
2065.08,16751,950
2066.37,17195,974
2067.66,17516,993
2068.95,17756,1006
2070.23,18369,1040
2071.52,18702,1059
2072.81,19223,1087
2074.10,19550,1106
2075.39,20040,1132
2076.68,20476,1157
2077.97,20862,1177
2079.26,21179,1195
2080.55,21493,1213
2081.84,21874,1232
2083.12,22314,1257
2084.41,22440,1264
2085.70,22714,1278
2086.99,23521,1321
2088.28,23879,1340
2089.57,24068,1350
2090.86,24184,1356
2092.15,24293,1361
2093.44,24424,1370
2094.73,24445,1371
2096.02,24632,1378
2097.30,24582,1375
2098.59,24620,1377
2099.88,24608,1374
2101.17,24559,1372
2102.46,24552,1369
2103.75,24465,1364
2105.04,24382,1359
2106.33,24472,1362
2107.62,24431,1358
2108.91,24289,1350
2110.20,23972,1333
2111.48,23771,1319
2112.77,23584,1307
2114.06,23334,1292
2115.35,22903,1267
2116.64,22679,1255
2117.93,22424,1238
2119.22,21981,1215
2120.51,21667,1195
2121.80,21251,1171
2123.09,20939,1153
2124.37,20498,1127
2125.66,20055,1102
2126.95,19640,1078
2128.24,19122,1049
2129.53,18679,1024
2130.82,18286,1000
2132.11,17600,964
2133.40,17155,937
2134.69,16613,906
2135.98,16520,898
2137.27,15844,862
2138.55,15366,835
2139.84,14799,803
2141.13,14234,772
2142.42,13671,740
2143.71,13030,705
2145.00,12501,675
2146.29,11870,641
2147.58,11305,609
2148.87,10810,582
2150.16,10290,553
2151.45,9632,518
2152.73,9022,484
2154.02,8581,460
2155.31,8132,435
2156.60,7580,404
2157.89,7033,374
2159.18,6488,344
2160.47,6038,320
switching colors
2161.76,3879,78
2163.05,3642,72
2164.34,3439,68
2165.62,3177,63
2166.91,2965,59
2168.20,2699,53
2169.49,2517,49
2170.78,2261,45
2172.07,2101,42
2173.36,1897,37
2174.65,1665,33
2175.94,1522,30
2177.23,1364,26
2178.52,1193,24
2179.80,1066,21
2181.09,918,18
2182.38,789,15
2183.67,634,12
2184.96,555,11
2186.25,456,9
2187.54,357,7
2188.83,283,6
2190.12,217,4
2191.41,165,3
2192.70,118,3
2193.98,79,2
2195.27,60,2
2196.56,52,1
2197.85,52,2
2199.14,63,2
2200.43,84,3
2201.72,120,3
2203.01,164,5
2204.30,227,5
2205.59,301,7
2206.87,386,9
2208.16,481,12
2209.45,583,13
2210.74,703,16
2212.03,828,19
2213.32,973,22
2214.61,1181,27
2215.90,1313,29
2217.19,1490,33
2218.48,1690,37
2219.77,1881,40
2221.05,2060,44
2222.34,2272,49
2223.63,2484,54
2224.92,2683,58
2226.21,2909,62
2227.50,3152,67
2228.79,3398,72
2230.08,3643,77
2231.37,3884,82
2232.66,4129,87
2233.95,4390,93
2235.23,4645,97
2236.52,4888,103
2237.81,5153,108
2239.10,5411,113
2240.39,5714,120
2241.68,5958,125
2242.97,6267,131
2244.26,6540,137
2245.55,6831,143
2246.84,7122,149
2248.12,7398,154
2249.41,7680,160
2250.70,7961,166
2251.99,8226,172
2253.28,8445,176
2254.57,8680,180
2255.86,8895,185
2257.15,9120,190
2258.44,9338,194
2259.73,9482,197
2261.02,9708,201
2262.30,9936,206
2263.59,10097,209
2264.88,10289,213
2266.17,10473,217
2267.46,10607,220
2268.75,10725,221
2270.04,10894,225
2271.33,10998,228
2272.62,11102,229
2273.91,11235,231
2275.20,11350,234
2276.48,11454,235
2277.77,11526,238
2279.06,11580,238
2280.35,11617,240
2281.64,11669,240
2282.93,11725,241
2284.22,11730,241
2285.51,11747,241
2286.80,11751,241
2288.09,11730,242
2289.37,11726,241
2290.66,11690,240
2291.95,11649,239
2293.24,11586,237
2294.53,11530,236
2295.82,11467,235
2297.11,11365,233
2298.40,11280,231
2299.69,11167,228
2300.98,11056,226
2302.27,10940,223
2303.55,10824,221
2304.84,10676,218
2306.13,10510,214
2307.42,10340,211
2308.71,10212,208
2310.00,9980,203
2311.29,9783,198
2312.58,9590,195
2313.87,9357,190
2315.16,9142,186
2316.45,8910,180
2317.73,8679,176
2319.02,8435,171
2320.31,8176,165
2321.60,7920,160
2322.89,7632,154
2324.18,7394,149
2325.47,7157,144
2326.76,6882,139
2328.05,6584,132
2329.34,6324,127
2330.62,6093,122
2331.91,5832,116
2333.20,5536,111
2334.49,5281,106
2335.78,5010,100
2337.07,4759,95
2338.36,4485,89
2339.65,4247,85
2340.94,3991,80
2342.23,3740,75
2343.52,3497,70
2344.80,3250,65
2346.09,2993,59
2347.38,2772,55
2348.67,2529,50
2349.96,2325,46
2351.25,2099,41
2352.54,1917,38
2353.83,1717,34
2355.12,1540,30
2356.41,1359,27
2357.70,1182,23
2358.98,1010,19
2360.27,901,17
2361.56,770,15
2362.85,638,13
2364.14,509,10
2365.43,430,9
2366.72,343,7
2368.01,265,6
2369.30,198,4
2370.59,143,3
2371.87,100,3
2373.16,76,2
2374.45,57,2
2375.74,50,2
2377.03,53,2
2378.32,66,2
2379.61,96,3
2380.90,128,3
2382.19,170,5
2383.48,230,6
2384.77,306,7
2386.05,377,9
2387.34,465,11
2388.63,563,13
2389.92,677,15
2391.21,812,18
2392.50,944,21
2393.79,1104,25
2395.08,1247,28
2396.37,1428,31
2397.66,1578,35
2398.95,1796,39
2400.23,1976,42
2401.52,2159,47
2402.81,2353,50
2404.10,2536,54
2405.39,2744,59
2406.68,3011,65
2407.97,3182,68
2409.26,3397,72
2410.55,3678,78
2411.84,3906,83
2413.12,4168,88
2414.41,4410,93
2415.70,4713,99
2416.99,4931,104
2418.28,5226,110
2419.57,5451,115
2420.86,5729,120
2422.15,6016,126
2423.44,6277,131
2424.73,6580,137
2426.02,6854,143
2427.30,7109,148
2428.59,7395,154
2429.88,7643,159
2431.17,7923,165
2432.46,8170,170
2433.75,8400,175
2435.04,8665,180
2436.33,8919,185
2437.62,9120,190
2438.91,9361,195
2440.20,9559,199
2441.48,9793,202
2442.77,10001,207
2444.06,10145,210
2445.35,10335,214
2446.64,10499,217
2447.93,10623,220
2449.22,10769,223
2450.51,11031,228
2451.80,11193,231
2453.09,11303,234
2454.37,11443,236
2455.66,11515,237
2456.95,11617,239
2458.24,11704,241
2459.53,11802,243
2460.82,11836,243
2462.11,11891,244
2463.40,11948,245
2464.69,11996,246
2465.98,12013,246
2467.27,11993,246
2468.55,11963,245
2469.84,11919,244
2471.13,11856,243
2472.42,11790,241
2473.71,11775,241
2475.00,11662,238
2476.29,11598,237
2477.58,11493,235
2478.87,11389,231
2480.16,11303,231
2481.45,11159,227
2482.73,11046,225
2484.02,10889,222
2485.31,10743,218
2486.60,10578,215
2487.89,10404,211
2489.18,10245,208
2490.47,10046,204
2491.76,9845,200
2493.05,9622,195
2494.34,9452,191
2495.62,9235,187
2496.91,8977,181
2498.20,8723,176
2499.49,8482,171
2500.78,8265,166
2502.07,8047,162
2503.36,7778,156
2504.65,7526,152
2505.94,7275,146
2507.23,7015,141
2508.52,6784,136
2509.80,6518,130
2511.09,6192,124
2512.38,5956,119
2513.67,5703,114
2514.96,5496,110
2516.25,5212,105
2517.54,4938,98
2518.83,4702,94
2520.12,4461,89
2521.41,4170,83
2522.70,3937,78
2523.98,3645,72
2525.27,3458,68
2526.56,3191,64
2527.85,2951,59
2529.14,2705,53
2530.43,2491,48
2531.72,2247,45
2533.01,2014,40
2534.30,1772,35
2535.59,1586,31
2536.87,1432,28
2538.16,1255,25
2539.45,1081,21
2540.74,937,18
2542.03,816,15
2543.32,679,13
2544.61,557,11
2545.90,461,9
2547.19,367,7
2548.48,282,6
2549.77,214,4
2551.05,159,3
2552.34,113,3
2553.63,80,2
2554.92,59,2
2556.21,50,2
2557.50,55,2
2558.79,73,2
2560.08,104,3
2561.37,147,4
2562.66,199,5
2563.95,268,6
2565.23,354,8
2566.52,446,11
2567.81,547,13
2569.10,671,15
2570.39,831,18
2571.68,939,21
2572.97,1083,24
2574.26,1252,28
2575.55,1436,31
2576.84,1646,36
2578.12,1765,38
2579.41,1943,42
2580.70,2143,45
2581.99,2347,50
2583.28,2570,55
2584.57,2730,58
2585.86,2931,63
2587.15,3155,67
2588.44,3403,73
2589.73,3636,77
2591.02,3870,82
2592.30,4119,87
2593.59,4381,93
2594.88,4617,97
2596.17,4857,102
2597.46,5109,108
2598.75,5365,113
2600.04,5642,118
2601.33,5879,123
2602.62,6122,128
2603.91,6383,133
2605.20,6689,140
2606.48,6917,145
2607.77,7156,149
2609.06,7388,154
2610.35,7683,160
2611.64,7883,165
2612.93,8127,169
2614.22,8360,174
2615.51,8581,179
2616.80,8847,184
2618.09,9049,188
2619.37,9272,193
2620.66,9415,195
2621.95,9610,199
2623.24,9815,204
2624.53,9996,207
2625.82,10176,210
2627.11,10362,214
2628.40,10521,217
2629.69,10663,220
2630.98,10804,224
2632.27,10936,226
2633.55,11057,228
2634.84,11162,230
2636.13,11277,233
2637.42,11379,234
2638.71,11445,235
2640.00,11503,237
2641.29,11573,237
2642.58,11620,239
2643.87,11633,238
2645.16,11657,240
2646.45,11661,240
2647.73,11665,240
2649.02,11655,239
2650.31,11613,238
2651.60,11563,237
2652.89,11508,236
2654.18,11438,234
2655.47,11358,233
2656.76,11283,230
2658.05,11163,229
2659.34,11058,226
2660.62,10943,223
2661.91,10841,221
2663.20,10670,218
2664.49,10505,214
2665.78,10339,211
2667.07,10175,207
2668.36,9966,203
2669.65,9781,199
2670.94,9568,194
2672.23,9375,191
2673.52,9162,186
2674.80,8890,180
2676.09,8684,176
2677.38,8484,172
2678.67,8242,166
2679.96,8002,162
2681.25,7751,156
2682.54,7517,152
2683.83,7240,146
2685.12,7026,142
2686.41,6788,136
2687.70,6517,131
2688.98,6275,126
2690.27,6024,121
2691.56,5815,117
2692.85,5531,110
2694.14,5282,105
2695.43,5080,102
2696.72,4844,97
2698.01,4564,91
2699.30,4282,85
2700.59,4088,81
2701.87,3863,77
2703.16,3614,72
2704.45,3379,67
2705.74,3129,62
2707.03,2887,58
2708.32,2709,54
2709.61,2497,49
2710.90,2256,44
2712.19,2041,41
2713.48,1894,37
2714.77,1658,32
2716.05,1479,29
2717.34,1360,27
2718.63,1218,24
2719.92,1069,21
2721.21,920,18
2722.50,795,16
2723.79,666,13
2725.08,543,10
2726.37,464,9
2727.66,382,8
2728.95,297,6
2730.23,226,5
2731.52,177,4
2732.81,125,3
2734.10,84,2
2735.39,62,2
2736.68,51,1
2737.97,52,2
2739.26,67,2
2740.55,95,3
2741.84,138,4
2743.12,189,5
2744.41,257,6
2745.70,350,8
2746.99,436,11
2748.28,534,12
2749.57,641,14
2750.86,776,18
2752.15,904,21
2753.44,1037,23
2754.73,1199,27
2756.02,1370,30
2757.30,1547,34
2758.59,1725,37
2759.88,1908,41
2761.17,2090,45
2762.46,2289,49
2763.75,2507,54
2765.04,2730,58
2766.33,2988,64
2767.62,3202,68
2768.91,3456,74
2770.20,3701,79
2771.48,3969,84
2772.77,4235,89
2774.06,4488,95
2775.35,4793,102
2776.64,5084,107
2777.93,5328,112
2779.22,5604,118
2780.51,5913,124
2781.80,6202,130
2783.09,6491,136
2784.37,6743,141
2785.66,7009,147
2786.95,7293,152
2788.24,7487,155
2789.53,7780,162
2790.82,7998,166
2792.11,8288,172
2793.40,8478,176
2794.69,8735,182
2795.98,8960,186
2797.27,9143,190
2798.55,9428,195
2799.84,9583,199
2801.13,9743,202
2802.42,10020,208
2803.71,10154,210
2805.00,10355,214
2806.29,10548,218
2807.58,10733,222
2808.87,10870,224
2810.16,10990,226
2811.45,11163,230
2812.73,11298,233
2814.02,11370,234
2815.31,11509,237
2816.60,11633,240
2817.89,11712,241
2819.18,11805,243
2820.47,11867,244
2821.76,11909,245
2823.05,11942,245
2824.34,11968,246
2825.62,11984,246
2826.91,11994,245
2828.20,11981,245
2829.49,11982,246
2830.78,11950,246
2832.07,11906,243
2833.36,11857,242
2834.65,11805,240
2835.94,11704,238
2837.23,11627,236
2838.52,11502,234
2839.80,11413,233
2841.09,11290,230
2842.38,11151,226
2843.67,11001,224
2844.96,10870,222
2846.25,10701,218
2847.54,10499,213
2848.83,10318,209
2850.12,10130,206
2851.41,9952,201
2852.70,9697,197
2853.98,9474,192
2855.27,9269,188
2856.56,9037,182
2857.85,8818,178
2859.14,8548,172
2860.43,8280,166
2861.72,8044,162
2863.01,7752,156
2864.30,7477,150
2865.59,7251,145
2866.87,7013,141
2868.16,6723,135
2869.45,6420,129
2870.74,6156,123
2872.03,5878,118
2873.32,5625,113
2874.61,5328,107
2875.90,5072,101
2877.19,4837,97
2878.48,4548,91
2879.77,4278,85
2881.05,4009,79
2882.34,3771,75
2883.63,3523,70
2884.92,3252,65
2886.21,3016,60
2887.50,2799,56
2888.79,2552,51
2890.08,2312,46
2891.37,2135,42
2892.66,1921,38
2893.95,1739,34
2895.23,1542,30
2896.52,1402,27
2897.81,1226,24
2899.10,1075,21
2900.39,910,18
2901.68,807,16
2902.97,674,13
2904.26,577,11
2905.55,476,9
2906.84,377,8
2908.12,300,6
2909.41,229,5
2910.70,173,4
2911.99,127,3
2913.28,90,2
2914.57,67,2
2915.86,54,2
2917.15,51,2
2918.44,60,2
2919.73,82,3
2921.02,117,3
2922.30,165,5
2923.59,219,6
2924.88,282,7
2926.17,364,9
2927.46,445,11
2928.75,535,12
2930.04,652,15
2931.33,780,18
2932.62,893,20
2933.91,1036,23
2935.20,1201,27
2936.48,1360,29
2937.77,1494,33
2939.06,1674,36
2940.35,1867,41
2941.64,2059,45
2942.93,2284,49
2944.22,2523,54
2945.51,2743,59
2946.80,2981,63
2948.09,3197,68
2949.37,3409,72
2950.66,3656,77
2951.95,3906,83
2953.24,4178,88
2954.53,4455,94
2955.82,4698,99
2957.11,4996,105
2958.40,5238,110
2959.69,5491,115
2960.98,5766,121
2962.27,6052,127
2963.55,6276,132
2964.84,6541,137
2966.13,6801,142
2967.42,7071,148
2968.71,7332,153
2970.00,7603,159
2971.29,7846,163
2972.58,8083,169
2973.87,8311,172
2975.16,8530,177
2976.45,8770,183
2977.73,8999,187
2979.02,9226,192
2980.31,9431,195
2981.60,9631,200
2982.89,9861,205
2984.18,10024,208
2985.47,10194,211
2986.76,10367,214
2988.05,10557,219
2989.34,10709,221
2990.62,10815,223
2991.91,10971,226
2993.20,11086,229
2994.49,11187,231
2995.78,11283,233
2997.07,11364,234
2998.36,11428,236
2999.65,11502,237
3000.94,11529,237
3002.23,11569,238
3003.52,11596,238
3004.80,11607,239
3006.09,11621,239
3007.38,11655,239
3008.67,11607,238
3009.96,11576,237
3011.25,11549,237
3012.54,11497,236
3013.83,11436,234
3015.12,11360,233
3016.41,11269,231
3017.70,11188,229
3018.98,11078,226
3020.27,10974,224
3021.56,10850,221
3022.85,10718,219
3024.14,10567,216
3025.43,10465,213
3026.72,10262,209
3028.01,10084,205
3029.30,9870,201
3030.59,9704,197
3031.87,9521,193
3033.16,9320,189
3034.45,9143,186
3035.74,8945,182
3037.03,8709,176
3038.32,8501,172
3039.61,8271,168
3040.90,8024,162
3042.19,7815,158
3043.48,7602,154
3044.77,7345,149
3046.05,7111,143
3047.34,6838,138
3048.63,6614,133
3049.92,6300,127
3051.21,6088,122
3052.50,5788,117
3053.79,5556,111
3055.08,5288,106
3056.37,5076,102
3057.66,4799,96
3058.95,4515,90
3060.23,4246,84
3061.52,3987,79
3062.81,3737,74
3064.10,3475,68
3065.39,3242,64
3066.68,3007,60
3067.97,2774,55
3069.26,2565,50
3070.55,2313,46
3071.84,2096,41
3073.12,1910,38
3074.41,1713,34
3075.70,1550,31
3076.99,1338,26
3078.28,1194,23
3079.57,1039,20
3080.86,884,17
3082.15,765,15
3083.44,641,12
3084.73,523,10
3086.02,425,8
3087.30,337,7
3088.59,256,5
3089.88,188,4
3091.17,137,3
3092.46,96,3
3093.75,66,2
3095.04,52,2
3096.33,51,2
3097.62,62,2
3098.91,87,3
3100.20,122,4
3101.48,176,5
3102.77,237,6
3104.06,297,8
3105.35,382,9
3106.64,484,11
3107.93,578,13
3109.22,684,15
3110.51,822,19
3111.80,944,21
3113.09,1065,24
3114.37,1198,27
3115.66,1371,30
3116.95,1545,34
3118.24,1706,37
3119.53,1891,41
3120.82,2081,45
3122.11,2291,49
3123.40,2451,52
3124.69,2687,57
3125.98,2906,62
3127.27,3157,67
3128.55,3345,71
3129.84,3548,75
3131.13,3795,81
3132.42,4067,85
3133.71,4308,91
3135.00,4554,96
3136.29,4816,102
3137.58,5076,106
3138.87,5332,112
3140.16,5526,116
3141.45,5829,122
3142.73,6104,128
3144.02,6322,132
3145.31,6609,138
3146.60,6849,144
3147.89,7092,147
3149.18,7378,154
3150.47,7572,157
3151.76,7841,163
3153.05,8099,169
3154.34,8340,173
3155.62,8572,179
3156.91,8850,183
3158.20,9083,188
3159.49,9324,193
3160.78,9489,196
3162.07,9706,201
3163.36,9940,206
3164.65,10147,210
3165.94,10332,214
3167.23,10546,218
3168.52,10736,221
3169.80,10897,225
3171.09,11023,227
3172.38,11172,230
3173.67,11305,233
3174.96,11398,235
3176.25,11506,237
3177.54,11602,239
3178.83,11680,240
3180.12,11748,242
3181.41,11774,242
3182.70,11785,241
3183.98,11805,242
3185.27,11837,243
3186.56,11852,244
3187.85,11786,242
3189.14,11848,242
3190.43,11757,242
3191.72,11664,239
3193.01,11674,239
3194.30,11576,237
3195.59,11453,235
3196.87,11381,233
3198.16,11318,231
3199.45,11170,229
3200.74,11083,226
3202.03,10972,224
3203.32,10803,220
3204.61,10663,217
3205.90,10498,214
3207.19,10333,210
3208.48,10140,205
3209.77,9954,202
3211.05,9770,198
3212.34,9533,193
3213.63,9345,188
3214.92,9124,185
3216.21,8884,180
3217.50,8644,175
3218.79,8482,171
3220.08,8245,166
3221.37,8008,161
3222.66,7765,156
3223.95,7497,151
3225.23,7209,145
3226.52,6975,140
3227.81,6755,136
3229.10,6499,130
3230.39,6184,124
3231.68,5955,120
3232.97,5713,115
3234.26,5448,109
3235.55,5137,102
3236.84,4913,98
3238.12,4666,93
3239.41,4398,88
3240.70,4143,83

