
1.29,285,148
2.58,330,170
3.87,379,181
5.16,438,193
6.45,510,208
7.73,593,226
9.02,666,240
10.31,758,259
11.60,877,284
12.89,992,307
14.18,1135,337
15.47,1257,362
16.76,1417,395
18.05,1567,425
19.34,1748,462
20.62,1922,498
21.91,2110,537
23.20,2320,580
24.49,2545,626
25.78,2746,667
27.07,2963,712
28.36,3227,766
29.65,3462,815
30.94,3676,858
32.23,3906,906
33.52,4190,964
34.80,4412,1010
36.09,4645,1057
37.38,4898,1110
38.67,5173,1167
39.96,5425,1219
41.25,5655,1266
42.54,5886,1314
43.83,6148,1369
45.12,6350,1411
46.41,6614,1465
47.70,6826,1508
48.98,7104,1567
50.27,7358,1619
51.56,7589,1666
52.85,7813,1714
54.14,8013,1754
55.43,8222,1798
56.72,8437,1843
58.01,8671,1891
59.30,8907,1941
60.59,9106,1980
61.88,9269,2014
63.16,9479,2058
64.45,9665,2096
65.74,9848,2133
67.03,9977,2161
68.32,10174,2201
69.61,10334,2234
70.90,10482,2266
72.19,10607,2291
73.48,10738,2319
74.77,10877,2348
76.05,11001,2374
77.34,11091,2391
78.63,11171,2409
79.92,11263,2428
81.21,11307,2437
82.50,11359,2448
83.79,11453,2466
85.08,11491,2476
86.37,11496,2476
87.66,11526,2481
88.95,11547,2486
90.23,11544,2484
91.52,11518,2480
92.81,11449,2467
94.10,11459,2468
95.39,11354,2446
96.68,11277,2429
97.97,11249,2422
99.26,11152,2404
100.55,11044,2382
101.84,10947,2360
103.12,10811,2333
104.41,10696,2309
105.70,10557,2280
106.99,10392,2246
108.28,10209,2208
109.57,10027,2170
110.86,9851,2134
112.15,9618,2084
113.44,9455,2050
114.73,9212,2001
116.02,8987,1954
117.30,8812,1917
118.59,8520,1858
119.88,8330,1819
121.17,8097,1769
122.46,7833,1716
123.75,7559,1659
125.04,7319,1609
126.33,7087,1562
127.62,6812,1504
128.91,6566,1453
130.20,6306,1400
131.48,6069,1351
132.77,5842,1304
134.06,5574,1249
135.35,5287,1190
136.64,5030,1138
137.93,4780,1085
139.22,4531,1034
140.51,4295,986
141.80,4073,940
143.09,3853,895
144.38,3621,847
145.66,3383,798
146.95,3172,754
148.24,2950,709
149.53,2777,673
150.82,2612,640
152.11,2376,592
153.40,2212,557
154.69,2019,519
155.98,1825,478
157.27,1655,443
158.55,1516,415
159.84,1374,385
161.13,1221,354
162.42,1091,328
163.71,960,301
165.00,857,280
166.29,732,255
167.58,647,237
168.87,563,220
170.16,486,203
171.45,420,190
172.73,361,178
174.02,323,170
175.31,291,163
176.60,268,159
177.89,255,157
179.18,253,156
180.47,264,158
181.76,280,161
183.05,314,169
184.34,349,176
185.63,399,186
186.91,468,199
188.20,535,214
189.49,621,230
190.78,712,250
192.07,805,269
193.36,917,292
194.65,1047,319
195.94,1181,347
197.23,1313,373
198.52,1475,407
199.80,1629,438
201.09,1819,476
202.38,2000,515
203.67,2196,554
204.96,2443,605
206.25,2622,641
207.54,2844,686
208.83,3063,732
210.12,3285,777
211.41,3492,819
212.70,3731,870
213.98,3992,924
215.27,4207,967
216.56,4437,1014
217.85,4694,1068
219.14,4962,1122
220.43,5167,1166
221.72,5401,1213
223.01,5670,1269
224.30,5916,1321
225.59,6160,1371
226.88,6416,1424
228.16,6686,1478
229.45,6955,1535
230.74,7195,1584
232.03,7432,1633
233.32,7686,1687
234.61,7934,1736
235.90,8149,1781
237.19,8380,1831
238.48,8615,1879
239.77,8845,1928
241.05,9059,1972
242.34,9229,2005
243.63,9427,2047
244.92,9621,2088
246.21,9755,2117
247.50,9907,2149
248.79,10087,2186
250.08,10262,2222
251.37,10387,2248
252.66,10485,2268
253.95,10611,2295
255.23,10707,2314
256.52,10799,2334
257.81,10883,2350
259.10,10973,2371
260.39,11043,2386
261.68,11102,2397
262.97,11142,2406
264.26,11186,2416
265.55,11207,2420
266.84,11248,2428
268.13,11224,2423
269.41,11235,2425
270.70,11229,2424
271.99,11195,2417
273.28,11158,2408
274.57,11126,2401
275.86,11052,2388
277.15,10979,2372
278.44,10906,2356
279.73,10829,2340
281.02,10746,2322
282.30,10652,2302
283.59,10537,2277
284.88,10396,2249
286.17,10265,2220
287.46,10101,2186
288.75,9961,2158
290.04,9812,2128
291.33,9631,2091
292.62,9467,2056
293.91,9252,2011
295.20,9078,1974
296.48,8825,1920
297.77,8633,1882
299.06,8451,1845
300.35,8229,1798
301.64,7961,1744
302.93,7732,1695
304.22,7518,1651
305.51,7254,1595
306.80,6949,1532
308.09,6742,1489
309.38,6468,1431
310.66,6221,1382
311.95,5940,1325
313.24,5724,1280
314.53,5468,1226
315.82,5212,1173
317.11,4975,1124
318.40,4731,1073
319.69,4468,1020
320.98,4230,971
322.27,3967,916
323.55,3756,873
324.84,3523,826
326.13,3318,783
327.42,3070,731
328.71,2871,691
330.00,2672,649
331.29,2463,607
332.58,2242,561
333.87,2040,520
335.16,1859,483
336.45,1701,452
337.73,1520,414
339.02,1384,387
340.31,1216,351
341.60,1092,326
342.89,942,296
344.18,837,274
345.47,714,249
346.76,625,231
348.05,543,214
349.34,465,198
350.63,395,184
351.91,349,174
353.20,309,166
354.49,282,160
355.78,258,156
357.07,250,154
358.36,252,155
359.65,260,156
360.94,280,160
362.23,306,165
363.52,352,175
364.80,403,185
366.09,463,197
367.38,535,212
368.67,613,229
369.96,704,247
371.25,792,266
372.54,904,289
373.83,1026,314
375.12,1169,343
376.41,1319,374
377.70,1461,402
378.98,1614,434
380.27,1796,471
381.56,1950,504
382.85,2136,542
384.14,2354,587
385.43,2502,617
386.72,2725,663
388.01,2909,700
389.30,3127,745
390.59,3390,798
391.88,3568,836
393.16,3800,883
394.45,4018,928
395.74,4260,979
397.03,4466,1020
398.32,4736,1077
399.61,4978,1126
400.90,5224,1176
402.19,5481,1230
403.48,5761,1289
404.77,6034,1345
406.05,6259,1390
407.34,6514,1443
408.63,6754,1492
409.92,7026,1550
411.21,7284,1603
412.50,7537,1655
413.79,7778,1704
415.08,8024,1757
416.37,8260,1805
417.66,8476,1850
418.95,8679,1891
420.23,8932,1944
421.52,9126,1984
422.81,9269,2015
424.10,9539,2068
425.39,9738,2109
426.68,9906,2145
427.97,10037,2172
429.26,10199,2206
430.55,10311,2230
431.84,10408,2251
433.13,10570,2284
434.41,10681,2307
435.70,10802,2333
436.99,10921,2356
438.28,11032,2379
439.57,11132,2401
440.86,11148,2404
442.15,11192,2413
443.44,11211,2419
444.73,11254,2426
446.02,11405,2456
447.30,11449,2466
448.59,11464,2470
449.88,11419,2462
451.17,11395,2454
452.46,11396,2453
453.75,11315,2437
455.04,11220,2416
456.33,11144,2403
457.62,11108,2395
458.91,11007,2373
460.20,10942,2361
461.48,10835,2338
462.77,10696,2308
464.06,10535,2276
465.35,10438,2256
466.64,10246,2217
467.93,10125,2191
469.22,9951,2153
470.51,9786,2121
471.80,9627,2087
473.09,9407,2042
474.38,9219,2003
475.66,9068,1971
476.95,8844,1924
478.24,8658,1889
479.53,8422,1836
480.82,8197,1791
482.11,7965,1743
483.40,7722,1694
484.69,7500,1647
485.98,7260,1598
487.27,6980,1540
488.55,6768,1496
489.84,6551,1450
491.13,6281,1395
492.42,6069,1350
493.71,5821,1300
495.00,5605,1255
496.29,5335,1200
497.58,5047,1140
498.87,4836,1097
500.16,4598,1047
501.45,4377,1002
502.73,4157,958
504.02,3904,905
505.31,3684,860
506.60,3486,819
507.89,3259,773
509.18,3023,723
510.47,2806,678
511.76,2617,641
513.05,2388,594
514.34,2199,555
515.63,2019,517
516.91,1802,473
518.20,1608,433
519.49,1449,400
520.78,1303,370
522.07,1121,332
523.36,992,307
524.65,881,283
525.94,767,260
527.23,661,238
528.52,578,222
529.80,494,203
531.09,424,190
532.38,366,177
533.67,320,168
534.96,283,161
536.25,263,157
537.54,250,154
538.83,251,154
540.12,259,156
541.41,280,160
542.70,314,167
543.98,368,178
545.27,427,189
546.56,491,203
547.85,564,218
549.14,644,235
550.43,772,260
551.72,865,279
553.01,996,307
554.30,1129,334
555.59,1263,361
556.88,1424,394
558.16,1591,429
559.45,1777,466
560.74,1930,498
562.03,2108,535
563.32,2306,575
564.61,2468,608
565.90,2688,654
567.19,2897,697
568.48,3101,739
569.77,3351,790
571.05,3513,824
572.34,3747,872
573.63,3960,915
574.92,4249,975
576.21,4403,1008
577.50,4654,1060
578.79,4959,1122
580.08,5176,1167
581.37,5359,1205
582.66,5589,1253
583.95,5854,1308
585.23,6107,1359
586.52,6319,1404
587.81,6557,1453
589.10,6803,1503
590.39,7073,1559
591.68,7296,1605
592.97,7534,1654
594.26,7753,1700
595.55,7945,1739
596.84,8178,1788
598.13,8355,1824
599.41,8553,1866
600.70,8789,1915
601.99,8992,1956
603.28,9148,1988
604.57,9344,2030
605.86,9527,2068
607.15,9670,2098
608.44,9835,2132
609.73,10027,2171
611.02,10148,2198
612.30,10271,2223
613.59,10378,2245
614.88,10371,2242
616.17,10462,2260
617.46,10580,2285
618.75,10657,2302
620.04,10724,2315
621.33,10793,2329
622.62,10839,2339
623.91,10878,2347
625.20,10915,2354
626.48,10964,2365
627.77,10944,2361
629.06,10951,2361
630.35,10948,2361
631.64,10915,2354
632.93,10899,2351
634.22,10839,2337
635.51,10768,2323
636.80,10692,2308
638.09,10620,2294
639.38,10549,2278
640.66,10458,2258
641.95,10353,2236
643.24,10494,2270
644.53,10095,2184
645.82,10162,2200
647.11,10013,2169
648.40,9614,2082
649.69,9463,2050
650.98,9278,2013
652.27,9066,1968
653.55,9213,2003
654.84,9039,1968
656.13,8792,1916
657.42,8597,1875
658.71,8348,1825
660.00,8111,1774
661.29,7854,1722
662.58,7641,1678
663.87,7391,1627
665.16,7142,1574
666.45,6908,1526
667.73,6644,1471
669.02,6446,1429
670.31,6224,1384
671.60,5941,1326
672.89,5687,1275
674.18,5475,1230
675.47,5240,1182
676.76,5004,1132
678.05,4782,1087
679.34,4540,1037
680.63,4301,988
681.91,4111,949
683.20,3857,896
684.49,3630,850
685.78,3386,798
687.07,3194,759
688.36,2974,714
689.65,2747,668
690.94,2549,627
692.23,2400,596
693.52,2194,554
694.80,1986,511
696.09,1777,464
697.38,1590,425
698.67,1420,391
699.96,1312,369
701.25,1202,346
702.54,1040,314
703.83,929,291
705.12,817,268
706.41,725,248
707.70,633,230
708.98,539,210
710.27,478,202
711.56,427,192
712.85,373,180
714.14,333,172
715.43,295,165
716.72,270,159
718.01,255,156
719.30,252,156
720.59,259,157
721.88,278,160
723.16,307,167
724.45,353,177
725.74,403,186
727.03,467,200
728.32,542,215
729.61,642,235
730.90,743,257
732.19,851,279
733.48,989,307
734.77,1125,335
736.05,1262,364
737.34,1426,397
738.63,1601,433
739.92,1770,467
741.21,1942,503
742.50,2134,542
743.79,2333,582
745.08,2568,631
746.37,2755,671
747.66,2957,712
748.95,3181,757
750.23,3401,801
751.52,3530,826
752.81,3735,867
754.10,4017,925
755.39,4263,977
756.68,4493,1023
757.97,4732,1073
759.26,5003,1129
760.55,5243,1177
761.84,5476,1227
763.13,5750,1282
764.41,6032,1342
765.70,6288,1394
766.99,6522,1442
768.28,6822,1505
769.57,7045,1551
770.86,7291,1600
772.15,7528,1650
773.44,7753,1696
774.73,7919,1731
776.02,8186,1787
777.30,8379,1826
778.59,8582,1869
779.88,8774,1909
781.17,9009,1959
782.46,9156,1987
783.75,9325,2023
785.04,9507,2063
786.33,9680,2096
787.62,9813,2124
788.91,9996,2163
790.20,10139,2191
791.48,10262,2218
792.77,10376,2242
794.06,10494,2266
795.35,10642,2297
796.64,10722,2312
797.93,10816,2331
799.22,10884,2347
800.51,10953,2361
801.80,10988,2368
803.09,11099,2390
804.38,11123,2395
805.66,11142,2400
806.95,11188,2410
808.24,11188,2409
809.53,11196,2410
810.82,11186,2409
812.11,11116,2394
813.40,11142,2399
814.69,11083,2386
815.98,11023,2374
817.27,10939,2357
818.55,10895,2349
819.84,10804,2329
821.13,10708,2309
822.42,10609,2289
823.71,10459,2257
825.00,10362,2237
826.29,10227,2209
827.58,10056,2173
828.87,9876,2135
830.16,9722,2103
831.45,9514,2059
832.73,9318,2021
834.02,9141,1984
835.31,8958,1946
836.60,8731,1898
837.89,8516,1853
839.18,8300,1808
840.47,8096,1768
841.76,7884,1723
843.05,7626,1669
844.34,7391,1621
845.63,7179,1577
846.91,6920,1523
848.20,6634,1464
849.49,6420,1420
850.78,6165,1368
852.07,5915,1316
853.36,5665,1263
854.65,5453,1220
855.94,5187,1165
857.23,4955,1118
858.52,4640,1053
859.80,4427,1008
861.09,4163,956
862.38,3915,904
863.67,3699,859
864.96,3481,815
866.25,3254,768
867.54,3033,722
868.83,2775,669
870.12,2584,630
871.41,2385,589
872.70,2172,546
873.98,1986,507
875.27,1786,466
876.56,1639,437
877.85,1486,406
879.14,1330,373
880.43,1209,349
881.72,1062,319
883.01,945,294
884.30,814,267
885.59,713,247
886.88,633,230
888.16,554,214
889.45,482,199
890.74,413,184
892.03,362,175
893.32,320,167
894.61,279,158
895.90,261,154
897.19,248,151
898.48,244,151
899.77,252,152
901.05,269,156
902.34,296,161
903.63,340,170
904.92,387,180
906.21,458,195
907.50,517,207
908.79,600,224
910.08,699,243
911.37,785,261
912.66,887,282
913.95,1018,308
915.23,1154,337
916.52,1249,356
917.81,1382,384
919.10,1560,421
920.39,1751,460
921.68,1922,495
922.97,2069,525
924.26,2222,556
925.55,2390,590
926.84,2584,631
928.13,2773,670
929.41,2965,709
930.70,3266,772
931.99,3426,803
933.28,3624,845
934.57,3862,892
935.86,4146,952
937.15,4399,1004
938.44,4592,1045
939.73,4865,1100
941.02,5099,1147
942.30,5349,1201
943.59,5614,1255
944.88,5875,1309
946.17,6106,1356
947.46,6337,1404
948.75,6585,1456
950.04,6835,1507
951.33,7038,1550
952.62,7273,1599
953.91,7497,1644
955.20,7727,1691
956.48,7934,1735
957.77,8151,1779
959.06,8332,1818
960.35,8544,1862
961.64,8733,1900
962.93,8922,1940
964.22,9106,1977
965.51,9314,2021
966.80,9482,2057
968.09,9643,2089
969.38,9799,2122
970.66,9973,2159
971.95,10112,2188
973.24,10247,2216
974.53,10366,2239
975.82,10479,2264
977.11,10571,2284
978.40,10657,2301
979.69,10744,2318
980.98,10802,2331
982.27,10845,2341
983.55,10883,2348
984.84,10924,2357
986.13,10957,2364
987.42,10952,2364
988.71,10946,2361
990.00,10953,2364
991.29,10935,2360
992.58,10886,2349
993.87,10847,2339
995.16,10794,2329
996.45,10735,2317
997.73,10660,2301
999.02,10593,2286
1000.31,10499,2266
1001.60,10403,2247
1002.89,10292,2224
1004.18,10163,2197
1005.47,10036,2171
1006.76,9918,2147
1008.05,9729,2107
1009.34,9591,2080
1010.63,9457,2051
1011.91,9264,2011
1013.20,9073,1971
1014.49,8886,1932
1015.78,8733,1899
1017.07,8550,1862
1018.36,8315,1814
1019.65,8110,1772
1020.94,7914,1730
1022.23,7744,1695
1023.52,7477,1639
1024.80,7265,1597
1026.09,7040,1551
1027.38,6809,1502
1028.67,6566,1451
1029.96,6369,1411
1031.25,6132,1361
1032.54,5885,1310
1033.83,5600,1251
1035.12,5404,1211
1036.41,5111,1150
1037.70,4882,1103
1038.98,4620,1048
1040.27,4406,1005
1041.56,4140,950
1042.85,3919,904
1044.14,3643,847
1045.43,3417,801
1046.72,3201,756
1048.01,2980,711
1049.30,2760,665
1050.59,2551,622
1051.88,2363,585
1053.16,2165,544
1054.45,1971,504
1055.74,1800,468
1057.03,1650,438
1058.32,1478,403
1059.61,1312,368
1060.90,1190,344
1062.19,1054,317
1063.48,924,290
1064.77,805,264
1066.05,703,244
1067.34,614,226
1068.63,531,209
1069.92,455,193
1071.21,392,180
1072.50,338,168
1073.79,297,162
1075.08,266,155
1076.37,250,151
1077.66,243,150
1078.95,248,151
1080.23,265,155
switching colors
1081.52,194,11
1082.81,261,15
1084.10,361,21
1085.39,471,27
1086.68,615,35
1087.97,775,44
1089.26,948,52
1090.55,1156,64
1091.84,1352,74
1093.13,1588,87
1094.41,1834,100
1095.70,2115,116
1096.99,2397,131
1098.28,2673,146
1099.57,2962,162
1100.86,3230,178
1102.15,3563,195
1103.44,3938,215
1104.73,4243,233
1106.02,4676,256
1107.30,5076,277
1108.59,5448,299
1109.88,5863,322
1111.17,6270,344
1112.46,6711,369
1113.75,7085,389
1115.04,7535,414
1116.33,8025,441
1117.62,8426,464
1118.91,8908,490
1120.20,9374,517
1121.48,9903,546
1122.77,10286,567
1124.06,10726,590
1125.35,11224,618
1126.64,11638,641
1127.93,12119,669
1129.22,12516,691
1130.51,12997,717
1131.80,13458,742
1133.09,13926,769
1134.38,14288,790
1135.66,14696,813
1136.95,15131,836
1138.24,15565,860
1139.53,15900,880
1140.82,16389,906
1142.11,16774,927
1143.40,17064,945
1144.69,17506,968
1145.98,17835,987
1147.27,18182,1007
1148.55,18423,1019
1149.84,18728,1037
1151.13,19036,1054
1152.42,19329,1070
1153.71,19634,1086
1155.00,19857,1098
1156.29,20066,1112
1157.58,20273,1123
1158.87,20386,1130
1160.16,20450,1134
1161.45,20509,1137
1162.73,20667,1147
1164.02,20812,1153
1165.31,20775,1153
1166.60,20968,1162
1167.89,20869,1158
1169.18,20773,1153
1170.47,20720,1149
1171.76,20542,1141
1173.05,20613,1144
1174.34,20435,1134
1175.63,20221,1123
1176.91,20293,1125
1178.20,20206,1120
1179.49,20000,1108
1180.78,19874,1099
1182.07,19573,1084
1183.36,19385,1072
1184.65,19147,1060
1185.94,18860,1044
1187.23,18585,1027
1188.52,18275,1010
1189.80,17946,992
1191.09,17516,968
1192.38,17172,947
1193.67,16832,928
1194.96,16425,906
1196.25,15962,881
1197.54,15628,862
1198.83,15291,844
1200.12,14832,819
1201.41,14463,798
1202.70,14028,772
1203.98,13581,748
1205.27,13232,730
1206.56,12786,704
1207.85,12308,677
1209.14,11879,654
1210.43,11490,632
1211.72,11070,609
1213.01,10561,581
1214.30,10121,556
1215.59,9717,534
1216.88,9184,505
1218.16,8714,479
1219.45,8310,457
1220.74,7887,433
1222.03,7424,407
1223.32,6947,381
1224.61,6583,361
1225.90,6111,335
1227.19,5728,315
1228.48,5295,291
1229.77,4878,268
1231.05,4523,248
1232.34,4216,231
1233.63,3887,213
1234.92,3466,191
1236.21,3127,171
1237.50,2832,155
1238.79,2544,140
1240.08,2242,123
1241.37,2012,111
1242.66,1753,96
1243.95,1519,84
1245.23,1295,72
1246.52,1122,62
1247.81,916,51
1249.10,722,41
1250.39,566,31
1251.68,427,24
1252.97,328,19
1254.26,243,14
1255.55,172,10
1256.84,122,8
1258.13,96,6
1259.41,94,6
1260.70,115,7
1261.99,171,10
1263.28,235,13
1264.57,323,19
1265.86,440,25
1267.15,567,32
1268.44,706,39
1269.73,887,49
1271.02,1088,60
1272.30,1294,71
1273.59,1530,84
1274.88,1784,97
1276.17,2023,111
1277.46,2301,126
1278.75,2583,141
1280.04,2904,159
1281.33,3248,178
1282.62,3617,199
1283.91,3932,216
1285.20,4319,237
1286.48,4749,261
1287.77,5109,281
1289.06,5512,301
1290.35,5978,329
1291.64,6434,354
1292.93,6866,378
1294.22,7279,401
1295.51,7800,430
1296.80,8319,459
1298.09,8734,481
1299.38,9176,506
1300.66,9665,532
1301.95,10118,558
1303.24,10546,581
1304.53,10982,606
1305.82,11452,632
1307.11,11905,657
1308.40,12396,684
1309.69,12820,707
1310.98,13235,731
1312.27,13672,755
1313.55,14043,776
1314.84,14439,799
1316.13,14862,823
1317.42,15291,847
1318.71,15677,868
1320.00,15997,887
1321.29,16368,908
1322.58,16750,929
1323.87,17091,948
1325.16,17370,963
1326.45,17710,983
1327.73,18063,1003
1329.02,18365,1019
1330.31,18624,1035
1331.60,18928,1051
1332.89,19147,1063
1334.18,19400,1079
1335.47,19575,1088
1336.76,19833,1102
1338.05,19949,1108
1339.34,20136,1119
1340.63,20302,1128
1341.91,20346,1131
1343.20,20474,1139
1344.49,20554,1142
1345.78,20569,1144
1347.07,20717,1152
1348.36,20658,1148
1349.65,20651,1147
1350.94,20675,1149
1352.23,20705,1149
1353.52,20562,1143
1354.80,20471,1138
1356.09,20334,1129
1357.38,20163,1121
1358.67,20021,1113
1359.96,19855,1102
1361.25,19746,1098
1362.54,19590,1086
1363.83,19255,1067
1365.12,18995,1054
1366.41,18535,1027
1367.70,18343,1015
1368.98,17986,996
1370.27,17665,978
1371.56,17315,960
1372.85,17008,942
1374.14,16634,921
1375.43,16248,900
1376.72,15858,877
1378.01,15596,861
1379.30,15073,834
1380.59,14639,809
1381.88,14266,787
1383.16,13862,765
1384.45,13338,735
1385.74,12929,713
1387.03,12502,689
1388.32,12042,663
1389.61,11529,635
1390.90,11059,608
1392.19,10597,582
1393.48,10191,560
1394.77,9661,531
1396.05,9181,504
1397.34,8657,475
1398.63,8240,452
1399.92,7736,424
1401.21,7276,400
1402.50,6859,377
1403.79,6444,354
1405.08,5977,328
1406.37,5629,309
1407.66,5183,284
1408.95,4826,265
1410.23,4468,245
1411.52,4075,223
1412.81,3680,202
1414.10,3347,184
1415.39,2999,164
1416.68,2734,150
1417.97,2474,136
1419.26,2234,123
1420.55,1956,107
1421.84,1719,94
1423.13,1487,82
1424.41,1230,68
1425.70,1066,59
1426.99,902,50
1428.28,728,41
1429.57,577,32
1430.86,436,25
1432.15,329,19
1433.44,252,15
1434.73,185,11
1436.02,129,8
1437.30,98,7
1438.59,92,6
1439.88,102,7
1441.17,145,9
1442.46,186,11
1443.75,259,15
1445.04,351,20
1446.33,465,27
1447.62,590,33
1448.91,724,40
1450.20,902,50
1451.48,1067,59
1452.77,1261,69
1454.06,1465,80
1455.35,1747,96
1456.64,1988,109
1457.93,2272,125
1459.22,2580,142
1460.51,2903,158
1461.80,3243,178
1463.09,3568,195
1464.38,3926,215
1465.66,4356,239
1466.95,4764,261
1468.24,5194,285
1469.53,5610,308
1470.82,6074,332
1472.11,6541,359
1473.40,6997,384
1474.69,7455,409
1475.98,7917,435
1477.27,8379,459
1478.55,8807,484
1479.84,9290,510
1481.13,9793,539
1482.42,10289,566
1483.71,10757,591
1485.00,11207,616
1486.29,11689,644
1487.58,12093,666
1488.87,12598,694
1490.16,12915,713
1491.45,13385,739
1492.73,13958,770
1494.02,14379,793
1495.31,14811,817
1496.60,15230,840
1497.89,15804,873
1499.18,16119,891
1500.47,16447,909
1501.76,16820,932
1503.05,17346,959
1504.34,17776,983
1505.63,17995,996
1506.91,18420,1020
1508.20,18761,1037
1509.49,19028,1054
1510.78,19309,1069
1512.07,19533,1083
1513.36,19832,1098
1514.65,20052,1111
1515.94,20178,1119
1517.23,20402,1130
1518.52,20530,1138
1519.80,20667,1146
1521.09,20760,1150
1522.38,20923,1158
1523.67,21020,1165
1524.96,21026,1166
1526.25,21044,1166
1527.54,21141,1172
1528.83,21128,1171
1530.12,21078,1168
1531.41,21027,1166
1532.70,21050,1166
1533.98,20909,1158
1535.27,20749,1149
1536.56,20676,1145
1537.85,20528,1136
1539.14,20377,1128
1540.43,20211,1119
1541.72,20040,1109
1543.01,19827,1097
1544.30,19542,1081
1545.59,19292,1066
1546.88,19012,1050
1548.16,18705,1034
1549.45,18388,1016
1550.74,18118,1001
1552.03,17741,981
1553.32,17390,959
1554.61,17046,940
1555.90,16666,920
1557.19,16262,898
1558.48,15963,881
1559.77,15492,855
1561.05,14966,826
1562.34,14644,807
1563.63,14157,781
1564.92,13723,756
1566.21,13266,731
1567.50,12729,702
1568.79,12232,673
1570.08,11762,647
1571.37,11358,624
1572.66,10841,595
1573.95,10372,570
1575.23,9876,543
1576.52,9415,517
1577.81,8908,490
1579.10,8415,463
1580.39,7935,435
1581.68,7517,412
1582.97,7057,387
1584.26,6650,365
1585.55,6199,340
1586.84,5755,315
1588.13,5354,293
1589.41,4917,269
1590.70,4496,247
1591.99,4113,225
1593.28,3783,208
1594.57,3426,188
1595.86,3085,169
1597.15,2777,152
1598.44,2460,135
1599.73,2159,118
1601.02,1845,101
1602.30,1635,89
1603.59,1400,78
1604.88,1191,66
1606.17,977,54
1607.46,795,43
1608.75,621,35
1610.04,488,28
1611.33,363,21
1612.62,264,15
1613.91,193,12
1615.20,141,9
1616.48,101,6
1617.77,92,6
1619.06,100,6
1620.35,131,8
1621.64,190,11
1622.93,263,15
1624.22,352,20
1625.51,483,27
1626.80,605,34
1628.09,729,40
1629.38,868,48
1630.66,1054,58
1631.95,1274,70
1633.24,1447,80
1634.53,1745,96
1635.82,1969,108
1637.11,2240,123
1638.40,2490,136
1639.69,2821,155
1640.98,3122,171
1642.27,3464,190
1643.55,3776,207
1644.84,4150,227
1646.13,4531,248
1647.42,4973,273
1648.71,5309,292
1650.00,5725,315
1651.29,6103,335
1652.58,6558,361
1653.87,6954,382
1655.16,7385,406
1656.45,7810,430
1657.73,8295,456
1659.02,8785,485
1660.31,9206,507
1661.60,9637,531
1662.89,10076,554
1664.18,10465,576
1665.47,10911,601
1666.76,11361,627
1668.05,11832,654
1669.34,12301,679
1670.63,12728,703
1671.91,13242,732
1673.20,13698,758
1674.49,14080,779
1675.78,14436,798
1677.07,14836,821
1678.36,15232,843
1679.65,15652,866
1680.94,16017,887
1682.23,16446,913
1683.52,16808,932
1684.80,17146,950
1686.09,17454,968
1687.38,17798,986
1688.67,18120,1005
1689.96,18351,1018
1691.25,18610,1033
1692.54,18882,1048
1693.83,19145,1063
1695.12,19348,1074
1696.41,19530,1085
1697.70,19719,1096
1698.98,19884,1105
1700.27,20025,1113
1701.56,20113,1119
1702.85,20290,1127
1704.14,20312,1129
1705.43,20374,1133
1706.72,20412,1134
1708.01,20420,1135
1709.30,20429,1134
1710.59,20373,1132
1711.88,20342,1130
1713.16,20285,1126
1714.45,20152,1119
1715.74,20043,1114
1717.03,19905,1106
1718.32,19770,1098
1719.61,19681,1091
1720.90,19500,1082
1722.19,19248,1067
1723.48,19001,1054
1724.77,18716,1038
1726.05,18485,1025
1727.34,18269,1013
1728.63,17908,992
1729.92,17647,978
1731.21,17282,958
1732.50,17033,943
1733.79,16746,928
1735.08,16417,909
1736.37,16066,889
1737.66,15650,866
1738.95,15330,848
1740.23,14786,817
1741.52,14406,796
1742.81,14028,775
1744.10,13690,756
1745.39,13203,729
1746.68,12813,707
1747.97,12364,682
1749.26,11919,658
1750.55,11440,630
1751.84,10987,605
1753.13,10513,579
1754.41,10056,554
1755.70,9526,525
1756.99,9178,503
1758.28,8742,481
1759.57,8262,454
1760.86,7800,429
1762.15,7394,407
1763.44,6957,381
1764.73,6544,359
1766.02,6139,336
1767.30,5740,315
1768.59,5326,292
1769.88,4980,273
1771.17,4572,251
1772.46,4188,230
1773.75,3910,214
1775.04,3523,192
1776.33,3154,173
1777.62,2801,155
1778.91,2500,138
1780.20,2268,125
1781.48,1987,109
1782.77,1731,95
1784.06,1497,83
1785.35,1236,69
1786.64,1026,57
1787.93,826,46
1789.22,645,36
1790.51,501,28
1791.80,383,22
1793.09,269,16
1794.38,204,12
1795.66,148,9
1796.95,104,7
1798.24,92,6
1799.53,100,7
1800.82,129,8
1802.11,188,11
1803.40,262,15
1804.69,343,20
1805.98,471,27
1807.27,609,34
1808.55,757,42
1809.84,952,52
1811.13,1150,63
1812.42,1368,76
1813.71,1609,88
1815.00,1870,102
1816.29,2156,118
1817.58,2440,134
1818.87,2768,151
1820.16,3110,170
1821.45,3480,190
1822.73,3854,211
1824.02,4292,235
1825.31,4650,254
1826.60,5035,276
1827.89,5513,302
1829.18,5887,323
1830.47,6302,346
1831.76,6733,369
1833.05,7247,397
1834.34,7679,421
1835.63,8113,445
1836.91,8562,470
1838.20,9006,495
1839.49,9410,518
1840.78,9883,544
1842.07,10320,568
1843.36,10777,594
1844.65,11200,617
1845.94,11708,645
1847.23,12130,669
1848.52,12539,691
1849.80,12987,716
1851.09,13459,741
1852.38,13864,765
1853.67,14293,789
1854.96,14709,812
1856.25,15099,835
1857.54,15553,860
1858.83,15966,883
1860.12,16384,906
1861.41,16713,925
1862.70,17059,944
1863.98,17527,970
1865.27,17779,984
1866.56,18068,1000
1867.85,18423,1020
1869.14,18755,1039
1870.43,19035,1054
1871.72,19286,1068
1873.01,19463,1079
1874.30,19761,1096
1875.59,19952,1105
1876.88,20146,1116
1878.16,20348,1128
1879.45,20471,1136
1880.74,20657,1145
1882.03,20685,1147
1883.32,20850,1156
1884.61,20976,1162
1885.90,20917,1161
1887.19,21021,1165
1888.48,21109,1170
1889.77,21013,1164
1891.05,20996,1163
1892.34,20861,1156
1893.63,20916,1158
1894.92,20738,1149
1896.21,20499,1136
1897.50,20370,1128
1898.79,20317,1125
1900.08,20180,1117
1901.37,20048,1109
1902.66,19796,1096
1903.95,19579,1082
1905.23,19265,1066
1906.52,18928,1047
1907.81,18569,1026
1909.10,18200,1008
1910.39,17963,993
1911.68,17542,970
1912.97,17115,947
1914.26,16623,921
1915.55,16304,902
1916.84,15823,876
1918.13,15454,855
1919.41,15040,831
1920.70,14635,809
1921.99,14197,784
1923.28,13715,758
1924.57,13260,732
1925.86,12876,710
1927.15,12377,682
1928.44,11957,658
1929.73,11372,627
1931.02,10908,601
1932.30,10478,576
1933.59,10030,551
1934.88,9541,525
1936.17,9144,503
1937.46,8739,480
1938.75,8243,453
1940.04,7816,430
1941.33,7373,405
1942.62,6941,382
1943.91,6594,363
1945.20,6189,340
1946.48,5801,319
1947.77,5406,296
1949.06,4939,271
1950.35,4630,255
1951.64,4173,229
1952.93,3892,214
1954.22,3532,194
1955.51,3202,175
1956.80,2871,157
1958.09,2554,141
1959.38,2336,129
1960.66,2024,110
1961.95,1769,97
1963.24,1527,84
1964.53,1314,73
1965.82,1100,61
1967.11,916,51
1968.40,759,42
1969.69,578,33
1970.98,464,26
1972.27,351,20
1973.55,268,16
1974.84,195,11
1976.13,144,9
1977.42,106,7
1978.71,92,6
1980.00,97,6
1981.29,120,7
1982.58,173,10
1983.87,229,13
1985.16,326,19
1986.45,438,24
1987.73,557,31
1989.02,686,38
1990.31,863,48
1991.60,1032,57
1992.89,1256,69
1994.18,1458,80
1995.47,1703,93
1996.76,1994,109
1998.05,2321,126
1999.34,2607,143
2000.63,2968,162
2001.91,3296,181
2003.20,3687,202
2004.49,4014,221
2005.78,4387,240
2007.07,4754,261
2008.36,5149,283
2009.65,5606,308
2010.94,5992,330
2012.23,6444,355
2013.52,6875,378
2014.80,7299,402
2016.09,7727,426
2017.38,8187,451
2018.67,8640,476
2019.96,9082,501
2021.25,9543,526
2022.54,10064,554
2023.83,10520,580
2025.12,10987,606
2026.41,11451,632
2027.70,11944,660
2028.98,12415,685
2030.27,12881,713
2031.56,13348,738
2032.85,13802,763
2034.14,14262,790
2035.43,14691,813
2036.72,15092,836
2038.01,15497,858
2039.30,15919,882
2040.59,16297,904
2041.88,16597,920
2043.16,17039,946
2044.45,17345,963
2045.74,17687,982
2047.03,18006,1000
2048.32,18354,1020
2049.61,18617,1035
2050.90,18876,1049
2052.19,19073,1060
2053.48,19329,1074
2054.77,19540,1086
2056.05,19741,1098
2057.34,19918,1106
2058.63,20096,1118
2059.92,20260,1126
2061.21,20327,1130
2062.50,20436,1136
2063.79,20552,1142
2065.08,20560,1144
2066.37,20683,1150
2067.66,20667,1149
2068.95,20677,1149
2070.23,20685,1148
2071.52,20704,1150
2072.81,20579,1143
2074.10,20511,1140
2075.39,20428,1134
2076.68,20345,1131
2077.97,20132,1119
2079.26,20044,1114
2080.55,19830,1101
2081.84,19715,1095
2083.12,19459,1080
2084.41,19270,1069
2085.70,19020,1055
2086.99,18753,1040
2088.28,18488,1026
2089.57,18197,1009
2090.86,17903,991
2092.15,17539,972
2093.44,17139,950
2094.73,16821,932
2096.02,16377,906
2097.30,16062,889
2098.59,15650,866
2099.88,15163,839
2101.17,14646,810
2102.46,14179,783
2103.75,13810,763
2105.04,13284,732
2106.33,12757,703
2107.62,12344,680
2108.91,11869,654
2110.20,11438,629
2111.48,10907,601
2112.77,10512,579
2114.06,10055,553
2115.35,9567,526
2116.64,9071,498
2117.93,8616,474
2119.22,8159,449
2120.51,7722,424
2121.80,7257,398
2123.09,6811,374
2124.37,6367,349
2125.66,5989,328
2126.95,5544,304
2128.24,5132,282
2129.53,4715,258
2130.82,4329,237
2132.11,3991,219
2133.40,3524,194
2134.69,3231,177
2135.98,2884,159
2137.27,2537,139
2138.55,2300,125
2139.84,1955,107
2141.13,1739,95
2142.42,1470,81
2143.71,1277,71
2145.00,1071,59
2146.29,859,47
2147.58,721,40
2148.87,557,31
2150.16,418,24
2151.45,331,19
2152.73,236,14
2154.02,175,11
2155.31,130,8
2156.60,104,6
2157.89,91,6
2159.18,98,6
2160.47,125,7
switching colors
2161.76,75,2
2163.05,107,3
2164.34,151,4
2165.62,198,5
2166.91,245,5
2168.20,316,7
2169.49,374,8
2170.78,453,9
2172.07,552,12
2173.36,648,14
2174.65,751,15
2175.94,874,18
2177.23,997,21
2178.52,1119,23
2179.80,1247,25
2181.09,1409,29
2182.38,1535,31
2183.67,1690,35
2184.96,1840,38
2186.25,2040,42
2187.54,2233,46
2188.83,2377,48
2190.12,2533,52
2191.41,2739,56
2192.70,2918,60
2193.98,3132,64
2195.27,3327,68
2196.56,3499,71
2197.85,3728,77
2199.14,3962,81
2200.43,4129,85
2201.72,4363,89
2203.01,4589,94
2204.30,4811,98
2205.59,5040,103
2206.87,5248,107
2208.16,5479,112
2209.45,5701,116
2210.74,5896,121
2212.03,6106,125
2213.32,6317,129
2214.61,6493,133
2215.90,6692,137
2217.19,6890,141
2218.48,7074,145
2219.77,7254,148
2221.05,7415,152
2222.34,7600,155
2223.63,7779,159
2224.92,7927,163
2226.21,8030,164
2227.50,8174,168
2228.79,8342,171
2230.08,8407,172
2231.37,8526,175
2232.66,8686,177
2233.95,8840,181
2235.23,8885,183
2236.52,8969,184
2237.81,9076,186
2239.10,9111,188
2240.39,9208,189
2241.68,9309,190
2242.97,9391,192
2244.26,9413,193
2245.55,9431,193
2246.84,9458,194
2248.12,9460,194
2249.41,9444,193
2250.70,9368,192
2251.99,9405,193
2253.28,9375,191
2254.57,9301,190
2255.86,9248,189
2257.15,9210,189
2258.44,9132,187
2259.73,9055,185
2261.02,8995,184
2262.30,8878,182
2263.59,8785,179
2264.88,8678,178
2266.17,8553,175
2267.46,8435,173
2268.75,8274,170
2270.04,8142,167
2271.33,8007,163
2272.62,7858,160
2273.91,7704,157
2275.20,7542,154
2276.48,7335,150
2277.77,7190,147
2279.06,6987,143
2280.35,6814,140
2281.64,6590,135
2282.93,6393,131
2284.22,6235,128
2285.51,6052,124
2286.80,5813,119
2288.09,5626,114
2289.37,5474,112
2290.66,5241,107
2291.95,5024,103
2293.24,4811,99
2294.53,4586,95
2295.82,4425,91
2297.11,4227,86
2298.40,4014,82
2299.69,3812,78
2300.98,3618,74
2302.27,3414,70
2303.55,3170,65
2304.84,3004,61
2306.13,2826,58
2307.42,2631,54
2308.71,2420,50
2310.00,2233,46
2311.29,2072,42
2312.58,1863,38
2313.87,1710,35
2315.16,1560,32
2316.45,1375,28
2317.73,1217,25
2319.02,1090,23
2320.31,964,20
2321.60,826,18
2322.89,709,15
2324.18,612,13
2325.47,515,10
2326.76,421,9
2328.05,341,7
2329.34,271,5
2330.62,208,5
2331.91,158,3
2333.20,118,3
2334.49,82,2
2335.78,60,1
2337.07,46,1
2338.36,42,1
2339.65,47,1
2340.94,67,2
2342.23,89,2
2343.52,132,3
2344.80,163,4
2346.09,217,5
2347.38,284,6
2348.67,361,8
2349.96,449,9
2351.25,534,12
2352.54,630,13
2353.83,753,16
2355.12,852,18
2356.41,979,20
2357.70,1119,23
2358.98,1259,26
2360.27,1396,29
2361.56,1560,32
2362.85,1691,34
2364.14,1847,38
2365.43,2010,41
2366.72,2161,44
2368.01,2324,48
2369.30,2522,52
2370.59,2677,55
2371.87,2880,59
2373.16,3044,62
2374.45,3301,67
2375.74,3466,71
2377.03,3679,75
2378.32,3839,79
2379.61,4037,83
2380.90,4240,87
2382.19,4427,91
2383.48,4639,95
2384.77,4846,99
2386.05,5043,103
2387.34,5265,108
2388.63,5457,112
2389.92,5689,117
2391.21,5836,119
2392.50,6016,123
2393.79,6221,127
2395.08,6398,132
2396.37,6569,135
2397.66,6741,138
2398.95,6930,142
2400.23,7112,146
2401.52,7260,148
2402.81,7393,151
2404.10,7570,155
2405.39,7725,159
2406.68,7855,162
2407.97,7972,164
2409.26,8144,168
2410.55,8269,170
2411.84,8376,172
2413.12,8465,173
2414.41,8581,176
2415.70,8685,179
2416.99,8758,179
2418.28,8834,181
2419.57,8918,183
2420.86,8969,184
2422.15,9025,186
2423.44,9056,186
2424.73,9090,187
2426.02,9123,187
2427.30,9123,187
2428.59,9117,188
2429.88,9122,188
2431.17,9108,188
2432.46,9086,186
2433.75,9034,186
2435.04,8997,185
2436.33,8941,184
2437.62,8889,182
2438.91,8810,180
2440.20,8748,179
2441.48,8657,177
2442.77,8556,175
2444.06,8452,173
2445.35,8330,171
2446.64,8209,168
2447.93,8072,165
2449.22,7928,162
2450.51,7803,159
2451.80,7623,156
2453.09,7466,153
2454.37,7313,150
2455.66,7136,146
2456.95,6932,142
2458.24,6773,139
2459.53,6576,135
2460.82,6387,131
2462.11,6210,128
2463.40,6023,124
2464.69,5835,120
2465.98,5643,116
2467.27,5428,111
2468.55,5231,108
2469.84,5033,103
2471.13,4826,99
2472.42,4636,95
2473.71,4492,91
2475.00,4254,87
2476.29,4091,84
2477.58,3908,80
2478.87,3710,76
2480.16,3489,72
2481.45,3294,68
2482.73,3123,64
2484.02,2925,60
2485.31,2751,56
2486.60,2580,53
2487.89,2384,48
2489.18,2209,45
2490.47,2053,42
2491.76,1878,38
2493.05,1700,35
2494.34,1543,32
2495.62,1406,29
2496.91,1266,26
2498.20,1119,23
2499.49,1022,21
2500.78,900,18
2502.07,799,16
2503.36,675,14
2504.65,567,12
2505.94,490,10
2507.23,412,9
2508.52,341,7
2509.80,266,6
2511.09,212,4
2512.38,165,4
2513.67,123,3
2514.96,91,3
2516.25,63,2
2517.54,49,1
2518.83,42,2
2520.12,44,2
2521.41,55,1
2522.70,77,2
2523.98,115,3
2525.27,154,4
2526.56,206,5
2527.85,276,6
2529.14,360,8
2530.43,429,9
2531.72,518,11
2533.01,624,13
2534.30,728,15
2535.59,847,18
2536.87,965,20
2538.16,1110,23
2539.45,1266,26
2540.74,1413,29
2542.03,1552,32
2543.32,1712,35
2544.61,1882,38
2545.90,2055,42
2547.19,2219,46
2548.48,2422,50
2549.77,2603,53
2551.05,2821,58
2552.34,2991,61
2553.63,3229,66
2554.92,3432,70
2556.21,3628,74
2557.50,3841,78
2558.79,4075,83
2560.08,4300,88
2561.37,4502,92
2562.66,4732,97
2563.95,4981,102
2565.23,5205,106
2566.52,5380,110
2567.81,5584,114
2569.10,5827,118
2570.39,6008,122
2571.68,6219,127
2572.97,6392,130
2574.26,6581,135
2575.55,6804,139
2576.84,6969,143
2578.12,7115,145
2579.41,7284,149
2580.70,7470,152
2581.99,7608,155
2583.28,7756,159
2584.57,7909,162
2585.86,8063,165
2587.15,8207,168
2588.44,8321,170
2589.73,8480,173
2591.02,8610,177
2592.30,8702,178
2593.59,8826,181
2594.88,8930,183
2596.17,9037,185
2597.46,9099,186
2598.75,9171,188
2600.04,9258,189
2601.33,9287,190
2602.62,9350,191
2603.91,9403,193
2605.20,9405,192
2606.48,9423,193
2607.77,9472,194
2609.06,9468,194
2610.35,9466,194
2611.64,9445,193
2612.93,9429,192
2614.22,9379,192
2615.51,9356,192
2616.80,9305,190
2618.09,9228,189
2619.37,9169,188
2620.66,9093,186
2621.95,8999,184
2623.24,8901,182
2624.53,8792,180
2625.82,8691,177
2627.11,8541,175
2628.40,8366,171
2629.69,8247,169
2630.98,8100,166
2632.27,7940,163
2633.55,7744,159
2634.84,7590,155
2636.13,7430,152
2637.42,7234,147
2638.71,7057,145
2640.00,6881,141
2641.29,6674,136
2642.58,6467,132
2643.87,6292,129
2645.16,6083,125
2646.45,5844,119
2647.73,5647,115
2649.02,5462,112
2650.31,5237,107
2651.60,5022,103
2652.89,4822,99
2654.18,4608,94
2655.47,4392,90
2656.76,4157,85
2658.05,3918,80
2659.34,3727,76
2660.62,3505,72
2661.91,3308,68
2663.20,3096,64
2664.49,2890,59
2665.78,2680,55
2667.07,2502,51
2668.36,2288,47
2669.65,2111,44
2670.94,1933,40
2672.23,1775,37
2673.52,1610,33
2674.80,1452,30
2676.09,1323,27
2677.38,1170,24
2678.67,1053,22
2679.96,938,19
2681.25,799,17
2682.54,693,14
2683.83,605,13
2685.12,518,11
2686.41,422,9
2687.70,347,8
2688.98,280,6
2690.27,221,5
2691.56,161,4
2692.85,121,3
2694.14,91,2
2695.43,67,1
2696.72,50,1
2698.01,42,2
2699.30,44,2
2700.59,54,1
2701.87,76,2
2703.16,105,3
2704.45,152,4
2705.74,205,5
2707.03,254,6
2708.32,310,6
2709.61,390,8
2710.90,460,9
2712.19,553,12
2713.48,636,13
2714.77,769,16
2716.05,865,18
2717.34,975,20
2718.63,1092,23
2719.92,1224,25
2721.21,1371,28
2722.50,1510,31
2723.79,1655,34
2725.08,1830,38
2726.37,1991,41
2727.66,2157,43
2728.95,2313,48
2730.23,2498,51
2731.52,2667,55
2732.81,2857,58
2734.10,3081,63
2735.39,3304,68
2736.68,3512,72
2737.97,3731,76
2739.26,3953,81
2740.55,4169,86
2741.84,4360,89
2743.12,4554,93
2744.41,4782,98
2745.70,4967,101
2746.99,5182,105
2748.28,5386,110
2749.57,5594,115
2750.86,5782,118
2752.15,5989,122
2753.44,6165,127
2754.73,6343,130
2756.02,6523,133
2757.30,6701,137
2758.59,6858,141
2759.88,7036,144
2761.17,7218,148
2762.46,7388,152
2763.75,7577,155
2765.04,7768,159
2766.33,7881,161
2767.62,8039,165
2768.91,8160,168
2770.20,8314,170
2771.48,8434,173
2772.77,8536,175
2774.06,8625,177
2775.35,8727,179
2776.64,8821,181
2777.93,8879,182
2779.22,8939,184
2780.51,9003,184
2781.80,9052,186
2783.09,9088,187
2784.37,9102,187
2785.66,9134,187
2786.95,9134,187
2788.24,9137,188
2789.53,9125,188
2790.82,9130,187
2792.11,9100,187
2793.40,9065,186
2794.69,9008,185
2795.98,8980,184
2797.27,8901,183
2798.55,8850,182
2799.84,8774,180
2801.13,8696,179
2802.42,8624,177
2803.71,8509,174
2805.00,8413,172
2806.29,8297,170
2807.58,8155,167
2808.87,8014,165
2810.16,7897,162
2811.45,7772,159
2812.73,7618,156
2814.02,7459,153
2815.31,7311,150
2816.60,7163,147
2817.89,6996,143
2819.18,6797,139
2820.47,6641,136
2821.76,6474,133
2823.05,6268,128
2824.34,6106,125
2825.62,5907,121
2826.91,5720,117
2828.20,5509,112
2829.49,5333,109
2830.78,5145,106
2832.07,4918,101
2833.36,4706,96
2834.65,4499,92
2835.94,4272,87
2837.23,4092,84
2838.52,3839,79
2839.80,3647,74
2841.09,3417,70
2842.38,3226,66
2843.67,3007,62
2844.96,2826,58
2846.25,2636,54
2847.54,2459,50
2848.83,2268,46
2850.12,2076,43
2851.41,1915,40
2852.70,1747,36
2853.98,1573,32
2855.27,1428,29
2856.56,1281,27
2857.85,1134,23
2859.14,1006,21
2860.43,888,18
2861.72,770,16
2863.01,659,14
2864.30,561,12
2865.59,460,10
2866.87,380,8
2868.16,305,6
2869.45,235,5
2870.74,177,4
2872.03,134,3
2873.32,97,2
2874.61,66,1
2875.90,48,2
2877.19,42,1
2878.48,43,1
2879.77,56,2
2881.05,74,2
2882.34,105,3
2883.63,146,3
2884.92,198,4
2886.21,247,5
2887.50,319,7
2888.79,386,8
2890.08,473,10
2891.37,556,12
2892.66,648,13
2893.95,756,15
2895.23,859,18
2896.52,970,20
2897.81,1096,23
2899.10,1230,25
2900.39,1381,29
2901.68,1499,31
2902.97,1660,34
2904.26,1844,38
2905.55,2013,41
2906.84,2189,45
2908.12,2350,48
2909.41,2516,51
2910.70,2743,56
2911.99,2944,60
2913.28,3092,63
2914.57,3301,67
2915.86,3556,73
2917.15,3722,76
2918.44,3906,80
2919.73,4110,84
2921.02,4336,88
2922.30,4514,93
2923.59,4754,97
2924.88,4983,102
2926.17,5165,105
2927.46,5386,109
2928.75,5573,114
2930.04,5779,118
2931.33,6029,123
2932.62,6206,127
2933.91,6391,131
2935.20,6581,135
2936.48,6810,139
2937.77,6987,143
2939.06,7164,147
2940.35,7362,150
2941.64,7531,154
2942.93,7700,157
2944.22,7865,161
2945.51,8054,165
2946.80,8241,168
2948.09,8362,172
2949.37,8504,174
2950.66,8665,177
2951.95,8797,179
2953.24,8900,182
2954.53,8985,184
2955.82,9117,186
2957.11,9175,188
2958.40,9259,189
2959.69,9330,191
2960.98,9350,191
2962.27,9405,193
2963.55,9485,195
2964.84,9436,193
2966.13,9445,193
2967.42,9524,195
2968.71,9495,195
2970.00,9452,194
2971.29,9459,192
2972.58,9348,191
2973.87,9392,192
2975.16,9273,190
2976.45,9267,189
2977.73,9161,188
2979.02,9116,187
2980.31,9114,187
2981.60,9017,185
2982.89,8905,182
2984.18,8830,181
2985.47,8688,177
2986.76,8521,174
2988.05,8395,171
2989.34,8241,169
2990.62,8069,165
2991.91,7921,162
2993.20,7776,159
2994.49,7579,155
2995.78,7395,151
2997.07,7313,149
2998.36,7100,145
2999.65,6912,141
3000.94,6743,137
3002.23,6531,134
3003.52,6345,130
3004.80,6158,125
3006.09,5947,122
3007.38,5730,117
3008.67,5557,114
3009.96,5350,109
3011.25,5131,105
3012.54,4959,101
3013.83,4719,97
3015.12,4517,92
3016.41,4303,88
3017.70,4088,84
3018.98,3894,80
3020.27,3651,75
3021.56,3454,70
3022.85,3269,67
3024.14,3066,63
3025.43,2898,59
3026.72,2721,55
3028.01,2528,52
3029.30,2318,48
3030.59,2167,44
3031.87,2012,41
3033.16,1834,37
3034.45,1679,35
3035.74,1519,31
3037.03,1379,28
3038.32,1225,26
3039.61,1106,23
3040.90,987,21
3042.19,856,18
3043.48,736,15
3044.77,615,13
3046.05,537,11
3047.34,441,10
3048.63,358,8
3049.92,290,7
3051.21,218,4
3052.50,165,3
3053.79,117,3
3055.08,79,2
3056.37,56,2
3057.66,44,2
3058.95,43,1
3060.23,52,2
3061.52,72,2
3062.81,94,2
3064.10,134,3
3065.39,183,4
3066.68,248,5
3067.97,305,7
3069.26,389,8
3070.55,480,10
3071.84,548,11
3073.12,662,14
3074.41,769,16
3075.70,895,18
3076.99,1011,21
3078.28,1148,23
3079.57,1292,26
3080.86,1445,30
3082.15,1608,33
3083.44,1769,36
3084.73,1937,40
3086.02,2128,43
3087.30,2317,48
3088.59,2482,51
3089.88,2691,55
3091.17,2914,60
3092.46,3066,63
3093.75,3273,67
3095.04,3489,71
3096.33,3703,76
3097.62,3911,80
3098.91,4129,85
3100.20,4305,88
3101.48,4509,92
3102.77,4690,96
3104.06,4935,101
3105.35,5100,104
3106.64,5342,110
3107.93,5464,111
3109.22,5681,116
3110.51,5875,120
3111.80,6076,124
3113.09,6322,129
3114.37,6416,132
3115.66,6614,135
3116.95,6807,140
3118.24,6993,143
3119.53,7124,147
3120.82,7306,150
3122.11,7483,153
3123.40,7629,157
3124.69,7760,160
3125.98,7940,163
3127.27,8077,165
3128.55,8204,168
3129.84,8313,171
3131.13,8456,174
3132.42,8576,175
3133.71,8650,177
3135.00,8745,179
3136.29,8842,181
3137.58,8930,183
3138.87,8997,185
3140.16,9046,186
3141.45,9111,187
3142.73,9160,188
3144.02,9199,189
3145.31,9205,189
3146.60,9231,190
3147.89,9251,190
3149.18,9245,189
3150.47,9231,189
3151.76,9240,189
3153.05,9200,188
3154.34,9167,189
3155.62,9112,187
3156.91,9049,186
3158.20,8983,184
3159.49,8907,183
3160.78,8817,181
3162.07,8729,179
3163.36,8612,177
3164.65,8521,175
3165.94,8385,172
3167.23,8269,170
3168.52,8131,167
3169.80,8008,164
3171.09,7841,161
3172.38,7694,158
3173.67,7527,154
3174.96,7361,151
3176.25,7186,147
3177.54,7022,144
3178.83,6823,140
3180.12,6650,136
3181.41,6457,133
3182.70,6287,129
3183.98,6082,125
3185.27,5849,119
3186.56,5660,116
3187.85,5479,112
3189.14,5232,107
3190.43,5019,103
3191.72,4812,98
3193.01,4596,94
3194.30,4400,90
3195.59,4203,86
3196.87,3965,81
3198.16,3729,76
3199.45,3526,72
3200.74,3343,68
3202.03,3148,64
3203.32,2964,61
3204.61,2774,56
3205.90,2590,53
3207.19,2408,50
3208.48,2224,46
3209.77,2037,42
3211.05,1893,39
3212.34,1744,36
3213.63,1626,34
3214.92,1442,30
3216.21,1336,28
3217.50,1186,24
3218.79,1048,22
3220.08,912,19
3221.37,819,17
3222.66,716,15
3223.95,612,13
3225.23,513,11
3226.52,445,9
3227.81,359,8
3229.10,280,6
3230.39,218,5
3231.68,169,4
3232.97,127,3
3234.26,93,2
3235.55,67,2
3236.84,49,1
3238.12,42,1
3239.41,43,1
3240.70,53,1