1.29,2122,529
2.58,2308,570
3.87,2494,609
5.16,2726,657
6.45,2909,696
7.73,3120,738
9.02,3445,808
10.31,3627,845
11.60,3823,886
12.89,4054,933
14.18,4341,993
15.47,4554,1037
16.76,4805,1089
18.05,5024,1135
19.34,5236,1178
20.62,5505,1233
21.91,5769,1287
23.20,6078,1351
24.49,6254,1387
25.78,6540,1447
27.07,6793,1499
28.36,7095,1562
29.65,7334,1611
30.94,7600,1665
32.23,7846,1717
33.52,8103,1771
34.80,8363,1824
36.09,8579,1869
37.38,8759,1908
38.67,9037,1964
39.96,9234,2005
41.25,9438,2045
42.54,9651,2092
43.83,9832,2128
45.12,10016,2167
46.41,10171,2198
47.70,10350,2235
48.98,10541,2275
50.27,10669,2301
51.56,10750,2319
52.85,10814,2333
54.14,10924,2357
55.43,10996,2373
56.72,11089,2391
58.01,11194,2412
59.30,11206,2414
60.59,11358,2444
61.88,11314,2437
63.16,11377,2451
64.45,11402,2456
65.74,11490,2474
67.03,11420,2461
68.32,11460,2466
69.61,11416,2457
70.90,11507,2475
72.19,11419,2457
73.48,11332,2438
74.77,11305,2434
76.05,11246,2420
77.34,11098,2389
78.63,11009,2370
79.92,10870,2342
81.21,10765,2321
82.50,10624,2292
83.79,10469,2259
85.08,10278,2219
86.37,10177,2200
87.66,9975,2157
88.95,9817,2125
90.23,9623,2084
91.52,9465,2051
92.81,9251,2006
94.10,9041,1965
95.39,8870,1929
96.68,8604,1875
97.97,8410,1833
99.26,8223,1795
100.55,7990,1746
101.84,7791,1706
103.12,7558,1657
104.41,7285,1601
105.70,7029,1549
106.99,6777,1497
108.28,6569,1453
109.57,6315,1401
110.86,6057,1348
112.15,5816,1298
113.44,5587,1251
114.73,5330,1199
116.02,5058,1142
117.30,4854,1100
118.59,4583,1044
119.88,4368,1000
121.17,4133,951
122.46,3892,903
123.75,3682,859
125.04,3452,812
126.33,3256,773
127.62,2979,715
128.91,2810,680
130.20,2631,643
131.48,2400,596
132.77,2211,557
134.06,2028,520
135.35,1845,482
136.64,1689,451
137.93,1513,414
139.22,1368,384
140.51,1207,352
141.80,1061,322
143.09,882,279
144.38,758,254
145.66,663,237
146.95,592,226
148.24,510,208
149.53,429,192
150.82,375,180
152.11,325,170
153.40,290,163
154.69,267,159
155.98,254,156
157.27,254,156
158.55,265,159
159.84,289,164
161.13,319,169
162.42,373,181
163.71,423,191
165.00,487,204
166.29,569,221
167.58,670,241
168.87,774,263
170.16,883,285
171.45,996,308
172.73,1147,339
174.02,1272,365
175.31,1438,399
176.60,1601,432
177.89,1786,470
179.18,1979,510
180.47,2166,548
181.76,2337,583
183.05,2550,628
184.34,2747,667
185.63,2993,719
186.91,3168,754
188.20,3399,802
189.49,3632,850
190.78,3840,893
192.07,4091,944
193.36,4344,997
194.65,4536,1036
195.94,4756,1082
197.23,5059,1143
198.52,5275,1188
199.80,5490,1233
201.09,5743,1284
202.38,5997,1337
203.67,6248,1391
204.96,6521,1445
206.25,6719,1487
207.54,6944,1534
208.83,7212,1588
210.12,7398,1628
211.41,7637,1676
212.70,7883,1728
213.98,8101,1773
215.27,8366,1827
216.56,8536,1863
217.85,8732,1903
219.14,8955,1950
220.43,9165,1994
221.72,9331,2029
223.01,9499,2063
224.30,9722,2110
225.59,9884,2143
226.88,10045,2176
228.16,10187,2206
229.45,10330,2237
230.74,10460,2263
232.03,10567,2284
233.32,10701,2314
234.61,10811,2336
235.90,10908,2358
237.19,10991,2374
238.48,11088,2394
239.77,11143,2405
241.05,11183,2413
242.34,11219,2421
243.63,11259,2430
244.92,11305,2439
246.21,11283,2434
247.50,11275,2433
248.79,11291,2436
250.08,11269,2431
251.37,11236,2424
252.66,11164,2410
253.95,11113,2399
255.23,11047,2385
256.52,10971,2370
257.81,10880,2348
259.10,10786,2329
260.39,10686,2308
261.68,10549,2281
262.97,10422,2253
264.26,10263,2219
265.55,10125,2192
266.84,9965,2159
268.13,9794,2122
269.41,9601,2084
270.70,9404,2043
271.99,9253,2011
273.28,9030,1964
274.57,8825,1922
275.86,8625,1880
277.15,8375,1828
278.44,8148,1781
279.73,7909,1731
281.02,7674,1684
282.30,7428,1632
283.59,7177,1581
284.88,6949,1535
286.17,6689,1481
287.46,6438,1428
288.75,6217,1382
290.04,5907,1317
291.33,5644,1265
292.62,5431,1220
293.91,5212,1175
295.20,4956,1123
296.48,4712,1072
297.77,4458,1019
299.06,4247,976
300.35,4039,934
301.64,3824,889
302.93,3594,843
304.22,3394,801
305.51,3189,760
306.80,2987,718
308.09,2764,672
309.38,2527,622
310.66,2391,595
311.95,2208,557
313.24,1978,510
314.53,1829,479
315.82,1656,443
317.11,1483,409
318.40,1366,385
319.69,1232,357
320.98,1064,323
322.27,921,293
323.55,828,274
324.84,740,256
326.13,641,236
327.42,556,218
328.71,482,203
330.00,427,192
331.29,364,179
332.58,322,171
333.87,291,164
335.16,269,159
336.45,255,157
337.73,254,157
339.02,261,158
340.31,283,162
341.60,310,168
342.89,357,177
344.18,420,191
345.47,477,202
346.76,547,216
348.05,634,235
349.34,717,251
350.63,822,273
351.91,957,301
353.20,1103,331
354.49,1242,359
355.78,1421,395
357.07,1607,434
358.36,1782,470
359.65,1956,506
360.94,2145,544
362.23,2347,587
363.52,2589,636
364.80,2759,671
366.09,2975,715
367.38,3212,764
368.67,3445,813
369.96,3674,859
371.25,3881,902
372.54,4139,955
373.83,4400,1008
375.12,4636,1058
376.41,4866,1104
377.70,5148,1162
378.98,5433,1223
380.27,5655,1267
381.56,5943,1326
382.85,6225,1384
384.14,6471,1437
385.43,6732,1491
386.72,7025,1551
388.01,7257,1600
389.30,7538,1657
390.59,7812,1715
391.88,8041,1761
393.16,8275,1809
394.45,8526,1863
395.74,8744,1908
397.03,8961,1952
398.32,9147,1990
399.61,9358,2036
400.90,9584,2082
402.19,9767,2119
403.48,9922,2151
404.77,10101,2188
406.05,10252,2218
407.34,10386,2247
408.63,10527,2277
409.92,10687,2311
411.21,10782,2330
412.50,10906,2356
413.79,11060,2389
415.08,11146,2406
416.37,11239,2425
417.66,11331,2443
418.95,11371,2453
420.23,11432,2466
421.52,11522,2482
422.81,11533,2487
424.10,11575,2494
425.39,11636,2506
426.68,11618,2503
427.97,11622,2503
429.26,11612,2501
430.55,11581,2493
431.84,11573,2493
433.13,11510,2480
434.41,11449,2466
435.70,11366,2450
436.99,11300,2437
438.28,11219,2418
439.57,11101,2394
440.86,11022,2379
442.15,10857,2344
443.44,10734,2317
444.73,10607,2292
446.02,10444,2257
447.30,10277,2224
448.59,10112,2188
449.88,9897,2145
451.17,9693,2103
452.46,9487,2060
453.75,9311,2022
455.04,9067,1974
456.33,8856,1930
457.62,8639,1884
458.91,8407,1836
460.20,8166,1787
461.48,7905,1732
462.77,7657,1680
464.06,7436,1634
465.35,7165,1579
466.64,6883,1522
467.93,6687,1480
469.22,6426,1425
470.51,6153,1370
471.80,5884,1315
473.09,5657,1268
474.38,5338,1202
475.66,5117,1156
476.95,4863,1103
478.24,4626,1055
479.53,4365,1002
480.82,4115,949
482.11,3833,891
483.40,3641,852
484.69,3394,802
485.98,3170,755
487.27,2928,707
488.55,2725,664
489.84,2490,616
491.13,2289,575
492.42,2066,529
493.71,1905,496
495.00,1722,457
496.29,1542,421
497.58,1385,389
498.87,1259,363
500.16,1105,332
501.45,968,304
502.73,847,279
504.02,744,257
505.31,660,241
506.60,563,222
507.89,486,205
509.18,427,193
510.47,366,180
511.76,326,172
513.05,291,165
514.34,269,160
515.63,257,158
516.91,255,157
518.20,264,159
519.49,283,163
520.78,314,169
522.07,355,178
523.36,411,189
524.65,475,203
525.94,539,215
527.23,628,234
528.52,729,254
529.80,816,273
531.09,932,296
532.38,1071,324
533.67,1217,354
534.96,1321,376
536.25,1496,412
537.54,1634,440
538.83,1841,482
540.12,1986,512
541.41,2144,545
542.70,2357,588
543.98,2539,626
545.27,2736,667
546.56,2935,707
547.85,3123,746
549.14,3373,798
550.43,3574,840
551.72,3813,889
553.01,4036,935
554.30,4297,988
555.59,4504,1030
556.88,4762,1084
558.16,5032,1140
559.45,5258,1186
560.74,5497,1235
562.03,5765,1290
563.32,6049,1350
564.61,6302,1403
565.90,6539,1452
567.19,6819,1510
568.48,7076,1561
569.77,7300,1609
571.05,7531,1657
572.34,7764,1704
573.63,7995,1753
574.92,8226,1798
576.21,8449,1847
577.50,8664,1892
578.79,8871,1934
580.08,9083,1977
581.37,9271,2016
582.66,9429,2049
583.95,9628,2090
585.23,9795,2127
586.52,9950,2158
587.81,10102,2190
589.10,10268,2222
590.39,10409,2254
591.68,10528,2276
592.97,10683,2312
594.26,10800,2335
595.55,10909,2358
596.84,11006,2379
598.13,11077,2394
599.41,11135,2405
600.70,11198,2419
601.99,11233,2426
603.28,11269,2434
604.57,11295,2439
605.86,11288,2438
607.15,11290,2439
608.44,11296,2439
609.73,11255,2431
611.02,11226,2424
612.30,11166,2413
613.59,11120,2403
614.88,11039,2384
616.17,10972,2370
617.46,10895,2357
618.75,10795,2333
620.04,10705,2316
621.33,10587,2291
622.62,10456,2264
623.91,10319,2235
625.20,10174,2205
626.48,10047,2179
627.77,9864,2141
629.06,9694,2105
630.35,9524,2071
631.64,9328,2028
632.93,9159,1992
634.22,8989,1958
635.51,8786,1915
636.80,8569,1871
638.09,8283,1812
639.38,8098,1773
640.66,7907,1734
641.95,7663,1683
643.24,7444,1638
644.53,7247,1596
645.82,6998,1546
647.11,6755,1495
648.40,6519,1446
649.69,6276,1396
650.98,6018,1343
652.27,5783,1294
653.55,5550,1245
654.84,5271,1188
656.13,5046,1141
657.42,4831,1096
658.71,4576,1044
660.00,4310,988
661.29,4074,941
662.58,3813,887
663.87,3559,834
665.16,3298,779
666.45,3094,738
667.73,2845,686
669.02,2621,640
670.31,2428,600
671.60,2218,557
672.89,2022,517
674.18,1839,480
675.47,1678,447
676.76,1523,416
678.05,1343,378
679.34,1214,351
680.63,1083,325
681.91,943,295
683.20,823,271
684.49,721,250
685.78,625,230
687.07,541,213
688.36,465,198
689.65,400,184
690.94,349,174
692.23,307,166
693.52,274,159
694.80,260,158
696.09,256,159
697.38,258,158
698.67,275,160
699.96,302,166
701.25,335,171
702.54,388,182
703.83,451,195
705.12,530,210
706.41,617,228
707.70,701,247
708.98,823,271
710.27,912,289
711.56,1046,317
712.85,1201,349
714.14,1346,378
715.43,1488,408
716.72,1637,438
718.01,1801,472
719.30,1996,513
720.59,2177,550
721.88,2378,590
723.16,2534,623
724.45,2731,663
725.74,2921,703
727.03,3109,741
728.32,3340,788
729.61,3570,835
730.90,3789,881
732.19,3988,921
733.48,4212,968
734.77,4457,1019
736.05,4688,1065
737.34,4932,1117
738.63,5153,1163
739.92,5440,1222
741.21,5659,1267
742.50,5914,1319
743.79,6199,1379
745.08,6472,1435
746.37,6661,1475
747.66,6885,1520
748.95,7171,1579
750.23,7383,1624
751.52,7599,1668
752.81,7843,1718
754.10,8033,1758
755.39,8257,1805
756.68,8494,1854
757.97,8678,1892
759.26,8904,1938
760.55,9129,1985
761.84,9301,2022
763.13,9483,2058
764.41,9674,2097
765.70,9874,2139
766.99,10043,2175
768.28,10199,2209
769.57,10357,2240
770.86,10512,2271
772.15,10627,2295
773.44,10744,2318
774.73,10871,2346
776.02,10990,2369
777.30,11069,2386
778.59,11115,2396
779.88,11219,2416
781.17,11281,2430
782.46,11311,2436
783.75,11322,2439
785.04,11407,2457
786.33,11386,2453
787.62,11381,2451
788.91,11364,2448
790.20,11292,2433
791.48,11319,2438
792.77,11210,2415
794.06,11080,2391
795.35,11011,2375
796.64,10938,2359
797.93,10759,2324
799.22,10762,2322
800.51,10700,2310
801.80,10575,2284
803.09,10428,2255
804.38,10276,2222
805.66,10071,2179
806.95,9899,2144
808.24,9788,2120
809.53,9566,2074
810.82,9329,2024
812.11,9153,1989
813.40,8939,1942
814.69,8753,1906
815.98,8543,1862
817.27,8274,1807
818.55,8051,1759
819.84,7830,1712
821.13,7633,1673
822.42,7402,1626
823.71,7198,1584
825.00,6955,1533
826.29,6703,1481
827.58,6478,1434
828.87,6255,1389
830.16,6053,1348
831.45,5771,1288
832.73,5566,1248
834.02,5325,1198
835.31,5072,1146
836.60,4820,1093
837.89,4585,1045
839.18,4353,996
840.47,4131,950
841.76,3877,898
843.05,3675,857
844.34,3462,813
845.63,3234,767
846.91,3013,721
848.20,2795,676
849.49,2597,636
850.78,2418,598
852.07,2227,560
853.36,2023,518
854.65,1860,484
855.94,1717,455
857.23,1554,421
858.52,1371,384
859.80,1247,359
861.09,1102,328
862.38,980,304
863.67,864,280
864.96,777,263
866.25,679,242
867.54,581,223
868.83,505,207
870.12,431,192
871.41,377,180
872.70,326,169
873.98,290,162
875.27,267,158
876.56,252,154
877.85,250,154
879.14,261,157
880.43,290,163
881.72,318,167
883.01,371,179
884.30,436,191
885.59,511,207
886.88,581,222
888.16,679,241
889.45,798,265
890.74,880,282
892.03,1005,308
893.32,1148,337
894.61,1296,368
895.90,1431,396
897.19,1597,430
898.48,1765,464
899.77,1935,500
901.05,2128,539
902.34,2303,574
903.63,2510,617
904.92,2731,663
906.21,2946,707
907.50,3159,751
908.79,3389,797
910.08,3639,850
911.37,3883,900
912.66,4075,940
913.95,4337,994
915.23,4602,1049
916.52,4839,1097
917.81,5083,1148
919.10,5379,1208
920.39,5623,1259
921.68,5878,1311
922.97,6117,1361
924.26,6375,1415
925.55,6619,1465
926.84,6857,1515
928.13,7090,1563
929.41,7334,1613
930.70,7516,1651
931.99,7804,1711
933.28,7971,1746
934.57,8142,1782
935.86,8369,1828
937.15,8569,1871
938.44,8758,1910
939.73,8971,1953
941.02,9162,1993
942.30,9348,2030
943.59,9490,2060
944.88,9656,2096
946.17,9830,2133
947.46,9978,2161
948.75,10102,2189
950.04,10281,2227
951.33,10426,2255
952.62,10508,2276
953.91,10618,2296
955.20,10743,2321
956.48,10815,2339
957.77,10898,2356
959.06,10974,2371
960.35,11033,2382
961.64,11077,2393
962.93,11116,2401
964.22,11123,2403
965.51,11175,2414
966.80,11168,2411
968.09,11167,2411
969.38,11153,2408
970.66,11149,2409
971.95,11100,2399
973.24,11050,2386
974.53,11009,2377
975.82,10890,2352
977.11,10822,2339
978.40,10732,2320
979.69,10662,2306
980.98,10562,2285
982.27,10429,2257
983.55,10304,2230
984.84,10145,2197
986.13,9962,2159
987.42,9780,2120
988.71,9592,2080
990.00,9383,2039
991.29,9212,2002
992.58,9011,1960
993.87,8819,1920
995.16,8602,1876
996.45,8440,1842
997.73,8184,1790
999.02,7958,1743
1000.31,7721,1694
1001.60,7520,1652
1002.89,7262,1599
1004.18,7032,1551
1005.47,6810,1505
1006.76,6545,1449
1008.05,6300,1399
1009.34,6069,1350
1010.63,5816,1298
1011.91,5554,1244
1013.20,5308,1194
1014.49,5057,1142
1015.78,4774,1083
1017.07,4550,1037
1018.36,4305,986
1019.65,4083,940
1020.94,3829,889
1022.23,3585,838
1023.52,3356,792
1024.80,3162,752
1026.09,2929,703
1027.38,2733,663
1028.67,2531,622
1029.96,2321,578
1031.25,2121,537
1032.54,1961,503
1033.83,1742,460
1035.12,1607,431
1036.41,1476,404
1037.70,1319,373
1038.98,1193,348
1040.27,1075,323
1041.56,952,297
1042.85,836,274
1044.14,738,254
1045.43,662,238
1046.72,553,214
1048.01,481,200
1049.30,423,189
1050.59,364,177
1051.88,328,169
1053.16,290,162
1054.45,267,156
1055.74,250,154
1057.03,248,153
1058.32,253,153
1059.61,276,158
1060.90,302,164
1062.19,337,172
1063.48,391,182
1064.77,462,197
1066.05,529,211
1067.34,593,224
1068.63,688,243
1069.92,777,262
1071.21,885,285
1072.50,1000,307
1073.79,1152,339
1075.08,1309,370
1076.37,1419,394
1077.66,1560,422
1078.95,1727,457
1080.23,1906,494
switching colors
1081.52,3547,195
1082.81,3968,219
1084.10,4328,238
1085.39,4729,259
1086.68,5109,280
1087.97,5539,304
1089.26,5995,329
1090.55,6429,353
1091.84,6909,379
1093.13,7420,408
1094.41,7878,432
1095.70,8371,460
1096.99,8808,484
1098.28,9285,510
1099.57,9754,536
1100.86,10248,563
1102.15,10697,589
1103.44,11161,614
1104.73,11671,642
1106.02,12110,668
1107.30,12600,695
1108.59,12988,717
1109.88,13406,739
1111.17,13881,766
1112.46,14295,789
1113.75,14694,812
1115.04,15156,836
1116.33,15713,868
1117.62,16094,889
1118.91,16418,907
1120.20,16789,928
1121.48,17225,953
1122.77,17570,972
1124.06,17848,987
1125.35,18110,1004
1126.64,18687,1034
1127.93,19025,1052
1129.22,19232,1065
1130.51,19528,1082
1131.80,19767,1095
1133.09,19981,1107
1134.38,20107,1114
1135.66,20329,1128
1136.95,20476,1135
1138.24,20584,1141
1139.53,20723,1148
1140.82,20927,1159
1142.11,20911,1160
1143.40,20952,1162
1144.69,21069,1168
1145.98,21078,1168
1147.27,21097,1169
1148.55,21012,1164
1149.84,20929,1160
1151.13,21000,1164
1152.42,20889,1157
1153.71,20734,1149
1155.00,20596,1140
1156.29,20472,1134
1157.58,20340,1126
1158.87,20124,1114
1160.16,20012,1107
1161.45,19775,1094
1162.73,19469,1077
1164.02,19236,1064
1165.31,18905,1044
1166.60,18624,1030
1167.89,18256,1010
1169.18,18024,996
1170.47,17619,974
1171.76,17320,956
1173.05,16978,937
1174.34,16564,914
1175.63,16155,892
1176.91,15858,875
1178.20,15432,851
1179.49,14962,825
1180.78,14619,805
1182.07,14139,779
1183.36,13736,757
1184.65,13345,735
1185.94,12863,709
1187.23,12386,682
1188.52,11834,651
1189.80,11442,630
1191.09,10969,604
1192.38,10419,573
1193.67,9970,548
1194.96,9523,524
1196.25,9020,495
1197.54,8496,466
1198.83,7950,437
1200.12,7537,414
1201.41,7055,387
1202.70,6638,364
1203.98,6192,339
1205.27,5777,316
1206.56,5357,294
1207.85,4968,273
1209.14,4570,250
1210.43,4124,226
1211.72,3781,208
1213.01,3416,187
1214.30,3069,168
1215.59,2775,152
1216.88,2427,134
1218.16,2181,119
1219.45,1884,104
1220.74,1636,90
1222.03,1419,78
1223.32,1177,64
1224.61,942,52
1225.90,803,44
1227.19,638,36
1228.48,497,28
1229.77,358,21
1231.05,275,17
1232.34,196,12
1233.63,138,8
1234.92,99,6
1236.21,92,6
1237.50,103,7
1238.79,129,7
1240.08,190,11
1241.37,266,15
1242.66,347,19
1243.95,470,26
1245.23,598,33
1246.52,751,42
1247.81,908,50
1249.10,1111,61
1250.39,1315,73
1251.68,1487,82
1252.97,1770,97
1254.26,1999,110
1255.55,2254,124
1256.84,2534,139
1258.13,2849,156
1259.41,3219,176
1260.70,3549,194
1261.99,3844,210
1263.28,4227,232
1264.57,4545,249
1265.86,4953,272
1267.15,5300,291
1268.44,5736,315
1269.73,6136,337
1271.02,6658,366
1272.30,7080,389
1273.59,7522,414
1274.88,7892,434
1276.17,8433,464
1277.46,8764,481
1278.75,9224,508
1280.04,9619,529
1281.33,10178,561
1282.62,10573,583
1283.91,11091,611
1285.20,11434,631
1286.48,11891,656
1287.77,12334,681
1289.06,12757,705
1290.35,13205,729
1291.64,13632,754
1292.93,14033,776
1294.22,14487,801
1295.51,14864,822
1296.80,15250,844
1298.09,15644,866
1299.38,15984,886
1300.66,16399,908
1301.95,16772,929
1303.24,17130,950
1304.53,17449,968
1305.82,17815,988
1307.11,18162,1007
1308.40,18380,1020
1309.69,18627,1033
1310.98,18923,1050
1312.27,19165,1064
1313.55,19351,1075
1314.84,19544,1085
1316.13,19755,1096
1317.42,19920,1107
1318.71,20034,1113
1320.00,20137,1119
1321.29,20257,1127
1322.58,20332,1130
1323.87,20414,1135
1325.16,20448,1137
1326.45,20444,1136
1327.73,20470,1138
1329.02,20413,1134
1330.31,20377,1133
1331.60,20313,1128
1332.89,20247,1124
1334.18,20080,1115
1335.47,19968,1110
1336.76,19812,1099
1338.05,19661,1091
1339.34,19455,1080
1340.63,19196,1065
1341.91,19007,1054
1343.20,18720,1038
1344.49,18443,1022
1345.78,18107,1004
1347.07,17798,986
1348.36,17520,970
1349.65,17217,952
1350.94,16853,933
1352.23,16611,920
1353.52,16147,893
1354.80,15848,875
1356.09,15590,861
1357.38,15186,840
1358.67,14739,814
1359.96,14404,795
1361.25,14056,776
1362.54,13597,750
1363.83,13132,725
1365.12,12673,698
1366.41,12300,678
1367.70,11882,655
1368.98,11393,628
1370.27,10963,604
1371.56,10484,577
1372.85,10061,554
1374.14,9499,522
1375.43,9093,500
1376.72,8646,474
1378.01,8123,446
1379.30,7685,422
1380.59,7326,403
1381.88,6786,373
1383.16,6481,356
1384.45,6039,331
1385.74,5602,307
1387.03,5225,287
1388.32,4801,263
1389.61,4410,242
1390.90,4188,230
1392.19,3854,212
1393.48,3504,192
1394.77,3109,171
1396.05,2770,152
1397.34,2484,137
1398.63,2258,124
1399.92,1942,107
1401.21,1707,94
1402.50,1463,81
1403.79,1243,69
1405.08,1063,58
1406.37,877,49
1407.66,691,39
1408.95,536,30
1410.23,405,23
1411.52,288,17
1412.81,206,12
1414.10,149,9
1415.39,110,7
1416.68,92,6
1417.97,97,6
1419.26,123,8
1420.55,188,11
1421.84,249,14
1423.13,342,20
1424.41,469,26
1425.70,628,35
1426.99,761,42
1428.28,927,51
1429.57,1145,63
1430.86,1353,74
1432.15,1574,86
1433.44,1845,100
1434.73,2144,117
1436.02,2430,134
1437.30,2744,150
1438.59,3067,168
1439.88,3423,187
1441.17,3814,208
1442.46,4198,230
1443.75,4582,251
1445.04,4981,273
1446.33,5496,301
1447.62,5905,324
1448.91,6329,347
1450.20,6743,370
1451.48,7265,398
1452.77,7697,422
1454.06,8092,444
1455.35,8599,472
1456.64,9123,502
1457.93,9573,526
1459.22,9999,549
1460.51,10448,574
1461.80,10931,602
1463.09,11325,623
1464.38,11804,651
1465.66,12154,670
1466.95,12610,695
1468.24,13026,719
1469.53,13501,745
1470.82,13910,769
1472.11,14418,797
1473.40,14749,815
1474.69,15184,839
1475.98,15639,864
1477.27,15987,883
1478.55,16428,909
1479.84,16752,927
1481.13,17082,946
1482.42,17543,971
1483.71,17841,988
1485.00,18142,1005
1486.29,18474,1023
1487.58,18765,1039
1488.87,19024,1054
1490.16,19271,1068
1491.45,19465,1079
1492.73,19821,1098
1494.02,20045,1110
1495.31,20211,1120
1496.60,20424,1132
1497.89,20495,1137
1499.18,20671,1146
1500.47,20738,1150
1501.76,20906,1159
1503.05,21023,1166
1504.34,21000,1164
1505.63,21097,1168
1506.91,21121,1170
1508.20,21050,1166
1509.49,21036,1166
1510.78,20928,1161
1512.07,20941,1160
1513.36,20822,1153
1514.65,20672,1146
1515.94,20442,1132
1517.23,20361,1127
1518.52,20197,1117
1519.80,20043,1108
1521.09,19814,1095
1522.38,19592,1083
1523.67,19342,1068
1524.96,19043,1052
1526.25,18643,1030
1527.54,18359,1014
1528.83,17989,994
1530.12,17636,974
1531.41,17226,952
1532.70,16844,931
1533.98,16422,907
1535.27,15981,884
1536.56,15547,860
1537.85,15104,835
1539.14,14891,822
1540.43,14259,787
1541.72,13757,759
1543.01,13333,735
1544.30,12894,712
1545.59,12392,684
1546.88,11921,657
1548.16,11504,634
1549.45,11110,611
1550.74,10698,588
1552.03,10179,559
1553.32,9630,529
1554.61,9120,500
1555.90,8650,475
1557.19,8196,450
1558.48,7750,425
1559.77,7308,401
1561.05,6917,379
1562.34,6498,356
1563.63,6045,331
1564.92,5673,311
1566.21,5285,290
1567.50,4895,268
1568.79,4585,251
1570.08,4144,227
1571.37,3893,213
1572.66,3468,190
1573.95,3176,174
1575.23,2858,157
1576.52,2552,140
1577.81,2233,122
1579.10,2005,110
1580.39,1741,96
1581.68,1499,83
1582.97,1290,71
1584.26,1091,60
1585.55,888,49
1586.84,735,41
1588.13,554,31
1589.41,432,24
1590.70,338,19
1591.99,247,14
1593.28,181,11
1594.57,132,8
1595.86,103,7
1597.15,92,6
1598.44,105,7
1599.73,132,8
1601.02,191,11
1602.30,251,14
1603.59,346,20
1604.88,458,26
1606.17,585,32
1607.46,746,42
1608.75,851,47
1610.04,1054,58
1611.33,1292,71
1612.62,1481,81
1613.91,1712,94
1615.20,1978,109
1616.48,2251,123
1617.77,2566,141
1619.06,2905,160
1620.35,3222,176
1621.64,3582,197
1622.93,3979,218
1624.22,4373,239
1625.51,4772,262
1626.80,5167,283
1628.09,5584,306
1629.38,5973,328
1630.66,6408,352
1631.95,6856,377
1633.24,7298,401
1634.53,7725,425
1635.82,8215,452
1637.11,8673,478
1638.40,9091,501
1639.69,9517,524
1640.98,10027,553
1642.27,10475,578
1643.55,10913,601
1644.84,11391,628
1646.13,11905,657
1647.42,12417,685
1648.71,12833,708
1650.00,13264,732
1651.29,13727,758
1652.58,14211,786
1653.87,14625,808
1655.16,15050,834
1656.45,15467,856
1657.73,15921,881
1659.02,16333,905
1660.31,16669,925
1661.60,17023,944
1662.89,17368,963
1664.18,17691,982
1665.47,18047,1001
1666.76,18330,1017
1668.05,18643,1035
1669.34,18887,1049
1670.63,19100,1061
1671.91,19424,1079
1673.20,19584,1088
1674.49,19848,1102
1675.78,19944,1108
1677.07,20129,1119
1678.36,20323,1129
1679.65,20349,1131
1680.94,20463,1138
1682.23,20579,1144
1683.52,20595,1145
1684.80,20725,1151
1686.09,20663,1149
1687.38,20704,1150
1688.67,20702,1151
1689.96,20707,1150
1691.25,20603,1145
1692.54,20513,1139
1693.83,20461,1136
1695.12,20298,1128
1696.41,20137,1118
1697.70,20072,1114
1698.98,19855,1103
1700.27,19703,1093
1701.56,19496,1082
1702.85,19288,1070
1704.14,18998,1053
1705.43,18782,1041
1706.72,18460,1023
1708.01,18154,1006
1709.30,17960,995
1710.59,17556,973
1711.88,17159,951
1713.16,16830,933
1714.45,16330,903
1715.74,16063,888
1717.03,15646,866
1718.32,15191,840
1719.61,14685,811
1720.90,14261,788
1722.19,13871,766
1723.48,13346,737
1724.77,12916,710
1726.05,12399,683
1727.34,11939,657
1728.63,11467,631
1729.92,10918,602
1731.21,10508,578
1732.50,10069,553
1733.79,9580,527
1735.08,9088,499
1736.37,8679,476
1737.66,8214,451
1738.95,7726,423
1740.23,7260,397
1741.52,6812,374
1742.81,6403,351
1744.10,6003,329
1745.39,5569,305
1746.68,5151,282
1747.97,4764,261
1749.26,4349,238
1750.55,3977,217
1751.84,3582,196
1753.13,3264,179
1754.41,2904,159
1755.70,2597,142
1756.99,2309,127
1758.28,1987,109
1759.57,1760,97
1760.86,1481,82
1762.15,1293,71
1763.44,1080,60
1764.73,862,48
1766.02,685,38
1767.30,539,30
1768.59,420,24
1769.88,310,18
1771.17,232,14
1772.46,171,10
1773.75,123,8
1775.04,100,6
1776.33,92,6
1777.62,106,7
1778.91,136,8
1780.20,185,10
1781.48,252,15
1782.77,354,20
1784.06,445,25
1785.35,578,32
1786.64,740,40
1787.93,890,49
1789.22,1077,59
1790.51,1283,70
1791.80,1483,81
1793.09,1718,94
1794.38,1986,109
1795.66,2282,125
1796.95,2579,141
1798.24,2890,158
1799.53,3198,175
1800.82,3550,195
1802.11,3951,216
1803.40,4233,232
1804.69,4689,257
1805.98,4987,273
1807.27,5384,295
1808.55,5768,316
1809.84,6203,341
1811.13,6676,367
1812.42,7092,389
1813.71,7511,413
1815.00,7906,433
1816.29,8383,460
1817.58,8877,488
1818.87,9314,512
1820.16,9792,538
1821.45,10307,568
1822.73,10820,595
1824.02,11254,620
1825.31,11750,646
1826.60,12154,670
1827.89,12666,697
1829.18,13147,725
1830.47,13635,752
1831.76,14115,778
1833.05,14505,801
1834.34,14997,827
1835.63,15419,852
1836.91,15822,873
1838.20,16230,897
1839.49,16560,916
1840.78,16932,935
1842.07,17401,963
1843.36,17739,981
1844.65,18030,996
1845.94,18317,1012
1847.23,18657,1032
1848.52,18842,1045
1849.80,19014,1054
1851.09,19299,1070
1852.38,19549,1084
1853.67,19770,1096
1854.96,19997,1109
1856.25,20255,1122
1857.54,20460,1133
1858.83,20450,1135
1860.12,20495,1138
1861.41,20503,1140
1862.70,20729,1150
1863.98,20788,1153
1865.27,21114,1169
1866.56,21035,1165
1867.85,21021,1164
1869.14,20911,1157
1870.43,20963,1160
1871.72,20856,1155
1873.01,20732,1148
1874.30,20533,1137
1875.59,20505,1135
1876.88,20343,1125
1878.16,20146,1115
1879.45,19973,1104
1880.74,19718,1089
1882.03,19407,1072
1883.32,19178,1059
1884.61,18904,1044
1885.90,18656,1031
1887.19,18328,1012
1888.48,17939,990
1889.77,17615,973
1891.05,17335,957
1892.34,17031,940
1893.63,16584,915
1894.92,16205,893
1896.21,15882,875
1897.50,15429,851
1898.79,15076,831
1900.08,14654,808
1901.37,14231,784
1902.66,13831,761
1903.95,13376,736
1905.23,12804,705
1906.52,12415,683
1907.81,12006,660
1909.10,11544,634
1910.39,11102,610
1911.68,10635,584
1912.97,10245,563
1914.26,9778,536
1915.55,9238,508
1916.84,8743,480
1918.13,8346,458
1919.41,7943,435
1920.70,7544,414
1921.99,7048,387
1923.28,6670,366
1924.57,6236,341
1925.86,5812,318
1927.15,5379,295
1928.44,4996,273
1929.73,4624,254
1931.02,4234,232
1932.30,3929,215
1933.59,3500,191
1934.88,3159,173
1936.17,2786,152
1937.46,2464,135
1938.75,2217,122
1940.04,1834,101
1941.33,1576,87
1942.62,1350,74
1943.91,1135,63
1945.20,916,51
1946.48,770,43
1947.77,602,34
1949.06,461,26
1950.35,344,20
1951.64,256,15
1952.93,180,11
1954.22,131,8
1955.51,101,6
1956.80,93,7
1958.09,106,7
1959.38,140,9
1960.66,195,11
1961.95,282,16
1963.24,368,21
1964.53,501,28
1965.82,614,34
1967.11,779,43
1968.40,1008,56
1969.69,1177,65
1970.98,1420,78
1972.27,1659,91
1973.55,1903,104
1974.84,2176,119
1976.13,2491,136
1977.42,2797,153
1978.71,3156,173
1980.00,3501,192
1981.29,3835,210
1982.58,4177,229
1983.87,4567,251
1985.16,4941,271
1986.45,5278,290
1987.73,5831,320
1989.02,6156,338
1990.31,6515,358
1991.60,6959,382
1992.89,7392,405
1994.18,7810,429
1995.47,8317,458
1996.76,8685,478
1998.05,9170,504
1999.34,9615,529
2000.63,10048,553
2001.91,10491,579
2003.20,10974,605
2004.49,11348,627
2005.78,11809,651
2007.07,12279,678
2008.36,12786,706
2009.65,13183,728
2010.94,13635,753
2012.23,14102,779
2013.52,14465,799
2014.80,14862,822
2016.09,15218,842
2017.38,15703,868
2018.67,16002,886
2019.96,16438,911
2021.25,16833,933
2022.54,17136,950
2023.83,17442,967
2025.12,17758,985
2026.41,18041,1001
2027.70,18362,1018
2028.98,18624,1033
2030.27,18890,1049
2031.56,19075,1059
2032.85,19345,1075
2034.14,19585,1087
2035.43,19710,1095
2036.72,19864,1104
2038.01,20080,1115
2039.30,20156,1120
2040.59,20215,1124
2041.88,20305,1127
2043.16,20391,1134
2044.45,20490,1138
2045.74,20508,1138
2047.03,20495,1139
2048.32,20514,1139
2049.61,20468,1136
2050.90,20419,1134
2052.19,20325,1129
2053.48,20216,1122
2054.77,20091,1116
2056.05,19967,1108
2057.34,19800,1098
2058.63,19691,1092
2059.92,19442,1079
2061.21,19243,1067
2062.50,19035,1055
2063.79,18771,1040
2065.08,18489,1025
2066.37,18163,1007
2067.66,17860,989
2068.95,17536,971
2070.23,17160,949
2071.52,16882,934
2072.81,16547,915
2074.10,16112,891
2075.39,15675,867
2076.68,15220,840
2077.97,14820,818
2079.26,14391,794
2080.55,13925,768
2081.84,13638,752
2083.12,13176,727
2084.41,12631,696
2085.70,12191,671
2086.99,11752,647
2088.28,11337,624
2089.57,10871,598
2090.86,10330,568
2092.15,10041,552
2093.44,9539,525
2094.73,9075,499
2096.02,8725,479
2097.30,8275,454
2098.59,7804,429
2099.88,7432,407
2101.17,6986,383
2102.46,6588,362
2103.75,6132,336
2105.04,5794,317
2106.33,5368,294
2107.62,4990,274
2108.91,4623,253
2110.20,4270,233
2111.48,3873,212
2112.77,3491,191
2114.06,3187,175
2115.35,2843,156
2116.64,2486,136
2117.93,2268,124
2119.22,1983,109
2120.51,1727,95
2121.80,1476,81
2123.09,1255,69
2124.37,1102,61
2125.66,915,51
2126.95,729,41
2128.24,566,31
2129.53,445,25
2130.82,342,19
2132.11,257,15
2133.40,194,12
2134.69,139,8
2135.98,107,6
2137.27,92,5
2138.55,99,6
2139.84,129,8
2141.13,175,11
2142.42,253,15
2143.71,343,19
2145.00,468,26
2146.29,593,32
2147.58,768,43
2148.87,952,53
2150.16,1173,64
2151.45,1371,75
2152.73,1661,91
2154.02,1916,105
2155.31,2183,119
2156.60,2509,138
2157.89,2799,153
2159.18,3149,172
2160.47,3505,192
switching colors
2161.76,1751,36
2163.05,1943,40
2164.34,2097,43
2165.62,2270,46
2166.91,2454,50
2168.20,2645,54
2169.49,2848,58
2170.78,3023,62
2172.07,3257,67
2173.36,3473,71
2174.65,3680,75
2175.94,3882,80
2177.23,4122,85
2178.52,4342,89
2179.80,4552,93
2181.09,4779,97
2182.38,5025,103
2183.67,5272,108
2184.96,5473,112
2186.25,5706,117
2187.54,5928,121
2188.83,6139,125
2190.12,6366,130
2191.41,6548,134
2192.70,6732,138
2193.98,6957,142
2195.27,7134,146
2196.56,7279,149
2197.85,7466,152
2199.14,7665,156
2200.43,7779,159
2201.72,7930,162
2203.01,8080,165
2204.30,8235,168
2205.59,8396,172
2206.87,8513,175
2208.16,8654,177
2209.45,8774,179
2210.74,8872,182
2212.03,8984,183
2213.32,9093,187
2214.61,9204,188
2215.90,9276,190
2217.19,9340,191
2218.48,9425,193
2219.77,9449,193
2221.05,9518,195
2222.34,9581,196
2223.63,9565,196
2224.92,9616,197
2226.21,9652,198
2227.50,9641,197
2228.79,9632,197
2230.08,9602,196
2231.37,9603,196
2232.66,9546,196
2233.95,9494,194
2235.23,9457,193
2236.52,9396,193
2237.81,9339,191
2239.10,9227,189
2240.39,9150,188
2241.68,9048,185
2242.97,8936,182
2244.26,8816,180
2245.55,8686,178
2246.84,8542,175
2248.12,8401,172
2249.41,8242,168
2250.70,8072,165
2251.99,7913,162
2253.28,7743,159
2254.57,7549,155
2255.86,7357,151
2257.15,7177,147
2258.44,6979,142
2259.73,6776,139
2261.02,6568,134
2262.30,6396,131
2263.59,6202,126
2264.88,5952,122
2266.17,5741,117
2267.46,5529,113
2268.75,5313,109
2270.04,5092,104
2271.33,4886,100
2272.62,4702,96
2273.91,4468,91
2275.20,4241,86
2276.48,3997,82
2277.77,3815,78
2279.06,3588,73
2280.35,3373,69
2281.64,3157,64
2282.93,2966,61
2284.22,2745,56
2285.51,2565,52
2286.80,2355,48
2288.09,2175,45
2289.37,1960,41
2290.66,1811,37
2291.95,1628,34
2293.24,1474,30
2294.53,1313,27
2295.82,1183,24
2297.11,1041,21
2298.40,929,19
2299.69,810,17
2300.98,698,15
2302.27,590,12
2303.55,506,11
2304.84,423,8
2306.13,338,7
2307.42,267,6
2308.71,211,5
2310.00,164,4
2311.29,121,3
2312.58,86,3
2313.87,62,2
2315.16,48,1
2316.45,43,1
2317.73,46,1
2319.02,56,2
2320.31,80,2
2321.60,109,3
2322.89,153,4
2324.18,210,5
2325.47,259,6
2326.76,327,7
2328.05,411,9
2329.34,481,10
2330.62,572,12
2331.91,666,14
2333.20,775,16
2334.49,878,18
2335.78,1004,21
2337.07,1135,24
2338.36,1291,27
2339.65,1438,30
2340.94,1560,32
2342.23,1708,35
2343.52,1861,38
2344.80,2045,42
2346.09,2187,44
2347.38,2360,48
2348.67,2566,53
2349.96,2745,56
2351.25,2932,60
2352.54,3130,64
2353.83,3384,70
2355.12,3538,73
2356.41,3748,77
2357.70,3984,82
2358.98,4213,86
2360.27,4419,90
2361.56,4631,95
2362.85,4869,100
2364.14,5090,104
2365.43,5278,108
2366.72,5480,112
2368.01,5701,116
2369.30,5876,121
2370.59,6087,124
2371.87,6280,129
2373.16,6487,133
2374.45,6655,136
2375.74,6846,140
2377.03,7013,142
2378.32,7188,147
2379.61,7353,151
2380.90,7516,154
2382.19,7690,158
2383.48,7850,161
2384.77,8004,164
2386.05,8142,167
2387.34,8283,170
2388.63,8417,173
2389.92,8543,175
2391.21,8663,177
2392.50,8785,180
2393.79,8902,183
2395.08,8981,185
2396.37,9055,186
2397.66,9121,188
2398.95,9173,188
2400.23,9218,189
2401.52,9260,190
2402.81,9277,191
2404.10,9317,191
2405.39,9326,191
2406.68,9324,191
2407.97,9311,191
2409.26,9307,191
2410.55,9272,191
2411.84,9239,190
2413.12,9186,189
2414.41,9154,188
2415.70,9075,186
2416.99,9029,185
2418.28,8948,184
2419.57,8864,182
2420.86,8772,180
2422.15,8677,178
2423.44,8547,175
2424.73,8456,173
2426.02,8323,170
2427.30,8195,169
2428.59,8071,165
2429.88,7927,163
2431.17,7770,159
2432.46,7613,156
2433.75,7443,153
2435.04,7281,149
2436.33,7110,146
2437.62,6931,141
2438.91,6747,138
2440.20,6593,135
2441.48,6396,131
2442.77,6186,127
2444.06,5990,123
2445.35,5815,119
2446.64,5611,115
2447.93,5428,111
2449.22,5235,107
2450.51,5003,103
2451.80,4787,98
2453.09,4581,94
2454.37,4333,89
2455.66,4151,85
2456.95,3932,80
2458.24,3717,76
2459.53,3508,72
2460.82,3299,68
2462.11,3091,63
2463.40,2873,59
2464.69,2687,55
2465.98,2493,52
2467.27,2306,47
2468.55,2118,43
2469.84,1940,40
2471.13,1775,37
2472.42,1603,33
2473.71,1454,29
2475.00,1318,27
2476.29,1167,24
2477.58,1018,21
2478.87,899,19
2480.16,785,17
2481.45,668,14
2482.73,563,12
2484.02,467,10
2485.31,392,8
2486.60,316,7
2487.89,247,5
2489.18,189,5
2490.47,139,3
2491.76,100,2
2493.05,69,2
2494.34,52,2
2495.62,43,1
2496.91,44,1
2498.20,55,2
2499.49,79,2
2500.78,110,3
2502.07,149,4
2503.36,199,5
2504.65,255,6
2505.94,325,7
2507.23,406,8
2508.52,506,11
2509.80,572,12
2511.09,668,14
2512.38,786,16
2513.67,918,19
2514.96,1057,21
2516.25,1176,24
2517.54,1306,27
2518.83,1422,29
2520.12,1566,32
2521.41,1728,35
2522.70,1874,39
2523.98,2061,42
2525.27,2242,46
2526.56,2410,49
2527.85,2568,52
2529.14,2781,56
2530.43,2972,60
2531.72,3164,64
2533.01,3344,69
2534.30,3585,73
2535.59,3763,77
2536.87,3952,80
2538.16,4179,86
2539.45,4417,89
2540.74,4591,94
2542.03,4797,98
2543.32,5040,103
2544.61,5229,107
2545.90,5467,112
2547.19,5616,115
2548.48,5850,120
2549.77,6099,125
2551.05,6275,128
2552.34,6459,132
2553.63,6647,135
2554.92,6859,141
2556.21,7050,144
2557.50,7224,148
2558.79,7412,152
2560.08,7595,155
2561.37,7776,159
2562.66,7933,162
2563.95,8097,165
2565.23,8274,169
2566.52,8435,172
2567.81,8558,175
2569.10,8710,178
2570.39,8844,180
2571.68,8960,183
2572.97,9056,185
2574.26,9180,188
2575.55,9262,189
2576.84,9329,191
2578.12,9404,192
2579.41,9410,193
2580.70,9481,194
2581.99,9578,196
2583.28,9551,195
2584.57,9603,197
2585.86,9645,198
2587.15,9626,197
2588.44,9591,196
2589.73,9564,196
2591.02,9515,195
2592.30,9522,194
2593.59,9381,192
2594.88,9417,192
2596.17,9312,191
2597.46,9226,188
2598.75,9178,188
2600.04,9068,185
2601.33,8945,182
2602.62,8860,182
2603.91,8749,178
2605.20,8590,176
2606.48,8469,173
2607.77,8310,170
2609.06,8146,166
2610.35,7973,163
2611.64,7823,160
2612.93,7608,156
2614.22,7437,152
2615.51,7274,149
2616.80,7077,145
2618.09,6883,141
2619.37,6706,137
2620.66,6497,132
2621.95,6319,129
2623.24,6149,126
2624.53,5955,122
2625.82,5754,117
2627.11,5539,113
2628.40,5370,109
2629.69,5127,105
2630.98,4946,101
2632.27,4695,96
2633.55,4466,91
2634.84,4324,88
2636.13,4058,83
2637.42,3897,80
2638.71,3701,75
2640.00,3469,71
2641.29,3270,67
2642.58,3076,63
2643.87,2882,59
2645.16,2695,55
2646.45,2499,51
2647.73,2286,47
2649.02,2125,44
2650.31,1994,41
2651.60,1837,38
2652.89,1670,34
2654.18,1491,30
2655.47,1349,28
2656.76,1204,25
2658.05,1093,23
2659.34,979,20
2660.62,857,18
2661.91,734,15
2663.20,626,13
2664.49,542,11
2665.78,443,10
2667.07,352,7
2668.36,288,6
2669.65,218,5
2670.94,173,4
2672.23,127,3
2673.52,88,2
2674.80,63,2
2676.09,47,2
2677.38,43,1
2678.67,50,2
2679.96,69,2
2681.25,96,2
2682.54,134,3
2683.83,186,4
2685.12,242,6
2686.41,301,6
2687.70,383,8
2688.98,467,10
2690.27,557,12
2691.56,673,14
2692.85,781,16
2694.14,897,18
2695.43,1015,20
2696.72,1153,23
2698.01,1284,26
2699.30,1452,30
2700.59,1613,33
2701.87,1770,36
2703.16,1943,40
2704.45,2144,44
2705.74,2313,48
2707.03,2482,51
2708.32,2682,55
2709.61,2896,59
2710.90,3084,62
2712.19,3280,67
2713.48,3507,71
2714.77,3716,76
2716.05,3952,81
2717.34,4158,85
2718.63,4352,89
2719.92,4580,94
2721.21,4759,98
2722.50,4947,101
2723.79,5168,106
2725.08,5392,111
2726.37,5577,114
2727.66,5782,118
2728.95,5986,122
2730.23,6139,125
2731.52,6358,130
2732.81,6505,133
2734.10,6683,137
2735.39,6863,140
2736.68,7049,145
2737.97,7225,148
2739.26,7413,152
2740.55,7554,155
2741.84,7703,157
2743.12,7827,161
2744.41,7999,164
2745.70,8140,167
2746.99,8263,170
2748.28,8377,172
2749.57,8553,176
2750.86,8637,176
2752.15,8751,180
2753.44,8820,181
2754.73,8932,184
2756.02,8985,185
2757.30,9059,186
2758.59,9107,187
2759.88,9170,189
2761.17,9231,189
2762.46,9257,190
2763.75,9262,191
2765.04,9310,191
2766.33,9313,192
2767.62,9310,191
2768.91,9306,191
2770.20,9303,191
2771.48,9263,190
2772.77,9227,189
2774.06,9184,188
2775.35,9120,187
2776.64,9054,185
2777.93,8969,184
2779.22,8898,183
2780.51,8823,181
2781.80,8732,179
2783.09,8617,177
2784.37,8457,173
2785.66,8342,171
2786.95,8197,168
2788.24,8074,166
2789.53,7906,161
2790.82,7752,158
2792.11,7600,156
2793.40,7431,152
2794.69,7255,148
2795.98,7083,145
2797.27,6891,141
2798.55,6702,137
2799.84,6508,134
2801.13,6338,128
2802.42,6131,125
2803.71,5919,121
2805.00,5734,117
2806.29,5531,113
2807.58,5292,108
2808.87,5069,104
2810.16,4874,100
2811.45,4667,95
2812.73,4434,91
2814.02,4231,87
2815.31,4005,82
2816.60,3802,78
2817.89,3580,73
2819.18,3358,68
2820.47,3162,65
2821.76,2968,61
2823.05,2762,57
2824.34,2586,53
2825.62,2393,49
2826.91,2225,46
2828.20,2041,42
2829.49,1895,39
2830.78,1724,36
2832.07,1570,32
2833.36,1409,29
2834.65,1285,27
2835.94,1147,24
2837.23,1052,21
2838.52,929,19
2839.80,820,16
2841.09,692,15
2842.38,594,13
2843.67,505,10
2844.96,431,9
2846.25,356,7
2847.54,279,6
2848.83,214,5
2850.12,170,4
2851.41,129,3
2852.70,94,2
2853.98,61,2
2855.27,50,2
2856.56,42,1
2857.85,45,1
2859.14,56,2
2860.43,76,2
2861.72,105,3
2863.01,139,3
2864.30,193,4
2865.59,245,6
2866.87,319,7
2868.16,386,8
2869.45,460,10
2870.74,539,12
2872.03,638,13
2873.32,745,16
2874.61,871,18
2875.90,983,20
2877.19,1130,24
2878.48,1260,26
2879.77,1413,29
2881.05,1554,32
2882.34,1725,35
2883.63,1897,39
2884.92,2088,43
2886.21,2265,46
2887.50,2448,50
2888.79,2668,54
2890.08,2899,59
2891.37,3099,64
2892.66,3305,67
2893.95,3513,72
2895.23,3742,76
2896.52,3953,81
2897.81,4128,84
2899.10,4358,89
2900.39,4591,94
2901.68,4796,98
2902.97,5025,103
2904.26,5243,107
2905.55,5455,111
2906.84,5654,115
2908.12,5859,120
2909.41,6042,124
2910.70,6265,128
2911.99,6508,133
2913.28,6714,137
2914.57,6918,141
2915.86,7140,146
2917.15,7322,150
2918.44,7488,153
2919.73,7662,157
2921.02,7888,161
2922.30,8042,165
2923.59,8190,167
2924.88,8374,171
2926.17,8554,175
2927.46,8671,178
2928.75,8787,179
2930.04,8930,182
2931.33,9059,184
2932.62,9149,187
2933.91,9218,188
2935.20,9315,190
2936.48,9379,192
2937.77,9435,193
2939.06,9472,194
2940.35,9536,195
2941.64,9599,197
2942.93,9593,196
2944.22,9628,197
2945.51,9671,198
2946.80,9673,198
2948.09,9657,198
2949.37,9628,197
2950.66,9618,196
2951.95,9581,195
2953.24,9539,195
2954.53,9485,194
2955.82,9424,193
2957.11,9356,191
2958.40,9286,190
2959.69,9170,187
2960.98,9086,186
2962.27,8965,183
2963.55,8868,181
2964.84,8746,178
2966.13,8607,176
2967.42,8474,173
2968.71,8341,171
2970.00,8173,167
2971.29,8021,164
2972.58,7865,160
2973.87,7692,156
2975.16,7491,153
2976.45,7363,151
2977.73,7163,147
2979.02,6967,142
2980.31,6775,139
2981.60,6599,135
2982.89,6379,130
2984.18,6163,126
2985.47,5937,121
2986.76,5720,117
2988.05,5509,113
2989.34,5316,108
2990.62,5071,103
2991.91,4866,100
2993.20,4624,95
2994.49,4430,90
2995.78,4193,86
2997.07,3960,81
2998.36,3739,77
2999.65,3537,72
3000.94,3326,68
3002.23,3122,64
3003.52,2925,60
3004.80,2735,56
3006.09,2534,52
3007.38,2337,48
3008.67,2133,44
3009.96,1962,40
3011.25,1811,37
3012.54,1639,34
3013.83,1458,30
3015.12,1335,28
3016.41,1196,25
3017.70,1049,21
3018.98,905,19
3020.27,787,17
3021.56,675,14
3022.85,578,12
3024.14,484,10
3025.43,381,8
3026.72,315,7
3028.01,243,5
3029.30,186,4
3030.59,133,4
3031.87,100,3
3033.16,70,2
3034.45,53,2
3035.74,43,1
3037.03,43,1
3038.32,57,1
3039.61,79,2
3040.90,108,3
3042.19,149,4
3043.48,207,4
3044.77,259,6
3046.05,315,7
3047.34,382,9
3048.63,460,10
3049.92,566,12
3051.21,636,13
3052.50,755,16
3053.79,874,18
3055.08,993,20
3056.37,1116,23
3057.66,1246,26
3058.95,1387,28
3060.23,1532,31
3061.52,1689,34
3062.81,1853,38
3064.10,2012,41
3065.39,2178,45
3066.68,2372,49
3067.97,2558,52
3069.26,2729,56
3070.55,2949,61
3071.84,3114,64
3073.12,3287,68
3074.41,3503,72
3075.70,3735,77
3076.99,3897,80
3078.28,4126,84
3079.57,4314,89
3080.86,4540,93
3082.15,4706,96
3083.44,4891,100
3084.73,5107,105
3086.02,5325,109
3087.30,5508,113
3088.59,5751,118
3089.88,5946,122
3091.17,6144,126
3092.46,6374,130
3093.75,6542,134
3095.04,6716,138
3096.33,6923,142
3097.62,7098,146
3098.91,7285,149
3100.20,7451,152
3101.48,7621,157
3102.77,7795,160
3104.06,7933,162
3105.35,8079,166
3106.64,8222,168
3107.93,8339,171
3109.22,8465,174
3110.51,8590,175
3111.80,8706,179
3113.09,8791,181
3114.37,8879,182
3115.66,8964,183
3116.95,9036,185
3118.24,9118,187
3119.53,9150,188
3120.82,9208,189
3122.11,9263,190
3123.40,9266,190
3124.69,9286,190
3125.98,9281,190
3127.27,9283,190
3128.55,9276,190
3129.84,9251,190
3131.13,9231,190
3132.42,9178,189
3133.71,9120,187
3135.00,9056,186
3136.29,8985,184
3137.58,8918,183
3138.87,8840,181
3140.16,8750,180
3141.45,8633,177
3142.73,8498,174
3144.02,8416,172
3145.31,8283,170
3146.60,8155,167
3147.89,8011,164
3149.18,7880,162
3150.47,7714,159
3151.76,7581,156
3153.05,7459,153
3154.34,7261,149
3155.62,7104,145
3156.91,6940,142
3158.20,6733,138
3159.49,6559,134
3160.78,6365,131
3162.07,6206,128
3163.36,6015,123
3164.65,5831,120
3165.94,5626,115
3167.23,5430,111
3168.52,5210,107
3169.80,4979,102
3171.09,4801,98
3172.38,4580,94
3173.67,4328,88
3174.96,4192,86
3176.25,3985,82
3177.54,3787,77
3178.83,3562,73
3180.12,3380,70
3181.41,3218,65
3182.70,3009,61
3183.98,2790,58
3185.27,2641,54
3186.56,2462,50
3187.85,2307,48
3189.14,2122,44
3190.43,1945,40
3191.72,1804,37
3193.01,1664,34
3194.30,1474,30
3195.59,1339,28
3196.87,1189,25
3198.16,1060,22
3199.45,944,19
3200.74,829,17
3202.03,702,15
3203.32,589,12
3204.61,495,11
3205.90,409,9
3207.19,318,7
3208.48,244,5
3209.77,187,4
3211.05,138,3
3212.34,100,3
3213.63,74,2
3214.92,53,1
3216.21,44,2
3217.50,44,2
3218.79,54,1
3220.08,78,2
3221.37,109,3
3222.66,146,4
3223.95,191,4
3225.23,254,5
3226.52,321,7
3227.81,395,8
3229.10,490,10
3230.39,591,12
3231.68,686,14
3232.97,810,17
3234.26,933,19
3235.55,1063,22
3236.84,1202,25
3238.12,1358,28
3239.41,1528,31
3240.70,1688,35