
1.29,173,83
2.58,205,115
3.87,217,118
5.16,242,125
6.45,283,133
7.73,345,147
9.02,409,161
10.31,496,179
11.60,618,205
12.89,732,228
14.18,866,255
15.47,992,283
16.76,1134,312
18.05,1267,339
19.34,1497,387
20.62,1681,425
21.91,1856,462
23.20,2065,505
24.49,2312,556
25.78,2516,598
27.07,2781,652
28.36,3074,713
29.65,3301,760
30.94,3590,821
32.23,3866,878
33.52,4162,938
34.80,4501,1009
36.09,4781,1066
37.38,5134,1140
38.67,5456,1206
39.96,5768,1271
41.25,6087,1337
42.54,6443,1411
43.83,6817,1488
45.12,7104,1548
46.41,7426,1614
47.70,7797,1691
48.98,8145,1764
50.27,8542,1847
51.56,8882,1916
52.85,9164,1974
54.14,9529,2050
55.43,9867,2119
56.72,10196,2186
58.01,10554,2263
59.30,10941,2342
60.59,11303,2415
61.88,11568,2471
63.16,11904,2539
64.45,12242,2608
65.74,12490,2660
67.03,12863,2737
68.32,13165,2797
69.61,13454,2859
70.90,13736,2917
72.19,13993,2972
73.48,14246,3023
74.77,14518,3078
76.05,14699,3118
77.34,14861,3148
78.63,15068,3191
79.92,15250,3228
81.21,15375,3256
82.50,15538,3289
83.79,15639,3308
85.08,15791,3340
86.37,15824,3346
87.66,15855,3353
88.95,15880,3359
90.23,15846,3351
91.52,15749,3333
92.81,15793,3341
94.10,15791,3340
95.39,15916,3366
96.68,15745,3329
97.97,15621,3304
99.26,15698,3317
100.55,15499,3278
101.84,15542,3283
103.12,15510,3275
104.41,15418,3254
105.70,15218,3211
106.99,15197,3204
108.28,15039,3173
109.57,14828,3129
110.86,14647,3089
112.15,14452,3049
113.44,14201,2995
114.73,13964,2948
116.02,13692,2889
117.30,13360,2821
118.59,13136,2776
119.88,12840,2713
121.17,12553,2654
122.46,12301,2601
123.75,12044,2547
125.04,11589,2453
126.33,11374,2409
127.62,11099,2353
128.91,10818,2293
130.20,10410,2209
131.48,10060,2138
132.77,9694,2061
134.06,9358,1995
135.35,9020,1923
136.64,8697,1857
137.93,8343,1784
139.22,7998,1712
140.51,7593,1629
141.80,7216,1551
143.09,6892,1486
144.38,6515,1408
145.66,6199,1343
146.95,5833,1268
148.24,5572,1216
149.53,5277,1155
150.82,4939,1085
152.11,4605,1017
153.40,4300,954
154.69,3985,890
155.98,3694,831
157.27,3423,775
158.55,3167,722
159.84,2889,665
161.13,2599,607
162.42,2320,550
163.71,2114,507
165.00,1880,461
166.29,1662,416
167.58,1490,380
168.87,1319,346
170.16,1170,315
171.45,990,279
172.73,826,246
174.02,698,220
175.31,581,196
176.60,472,174
177.89,367,152
179.18,307,141
180.47,253,129
181.76,228,125
183.05,212,121
184.34,215,121
185.63,232,126
186.91,267,133
188.20,318,144
189.49,387,159
190.78,467,175
192.07,569,196
193.36,677,219
194.65,807,246
195.94,954,277
197.23,1115,310
198.52,1289,345
199.80,1487,386
201.09,1692,429
202.38,1913,476
203.67,2169,527
204.96,2400,575
206.25,2663,630
207.54,2940,687
208.83,3256,753
210.12,3535,811
211.41,3826,870
212.70,4167,940
213.98,4497,1009
215.27,4814,1073
216.56,5113,1136
217.85,5472,1210
219.14,5841,1285
220.43,6101,1340
221.72,6450,1413
223.01,6780,1482
224.30,7069,1542
225.59,7464,1624
226.88,7743,1683
228.16,8039,1742
229.45,8417,1821
230.74,8737,1888
232.03,9068,1955
233.32,9357,2016
234.61,9680,2083
235.90,10047,2160
237.19,10386,2229
238.48,10665,2287
239.77,11025,2362
241.05,11328,2425
242.34,11600,2483
243.63,11915,2546
244.92,12215,2609
246.21,12479,2665
247.50,12750,2721
248.79,13040,2780
250.08,13293,2834
251.37,13542,2883
252.66,13786,2933
253.95,13990,2978
255.23,14188,3017
256.52,14367,3054
257.81,14567,3095
259.10,14759,3134
260.39,14883,3160
261.68,15029,3192
262.97,15156,3215
264.26,15269,3239
265.55,15398,3266
266.84,15484,3280
268.13,15539,3293
269.41,15602,3307
270.70,15608,3306
271.99,15611,3306
273.28,15648,3315
274.57,15611,3306
275.86,15598,3302
277.15,15560,3293
278.44,15501,3282
279.73,15480,3276
281.02,15413,3261
282.30,15310,3241
283.59,15194,3214
284.88,15030,3179
286.17,14892,3150
287.46,14757,3122
288.75,14569,3082
290.04,14373,3040
291.33,14186,3001
292.62,13943,2950
293.91,13733,2905
295.20,13493,2855
296.48,13201,2793
297.77,12955,2743
299.06,12686,2687
300.35,12401,2626
301.64,12080,2560
302.93,11831,2507
304.22,11508,2441
305.51,11169,2369
306.80,10861,2305
308.09,10523,2236
309.38,10183,2166
310.66,9831,2091
311.95,9500,2025
313.24,9130,1949
314.53,8800,1880
315.82,8438,1805
317.11,8037,1723
318.40,7719,1657
319.69,7373,1587
320.98,7035,1517
322.27,6653,1437
323.55,6282,1360
324.84,6001,1304
326.13,5670,1234
327.42,5300,1158
328.71,4972,1092
330.00,4711,1038
331.29,4420,979
332.58,4107,915
333.87,3879,868
335.16,3610,812
336.45,3327,755
337.73,3085,706
339.02,2761,640
340.31,2596,605
341.60,2347,555
342.89,2072,498
344.18,1861,455
345.47,1646,411
346.76,1517,385
348.05,1312,343
349.34,1166,313
350.63,995,278
351.91,853,250
353.20,704,219
354.49,589,196
355.78,497,177
357.07,410,160
358.36,342,146
359.65,291,136
360.94,250,127
362.23,221,123
363.52,211,121
364.80,213,121
366.09,234,125
367.38,269,133
368.67,320,143
369.96,388,158
371.25,455,172
372.54,553,192
373.83,664,216
375.12,795,243
376.41,945,274
377.70,1089,304
378.98,1297,347
380.27,1467,383
381.56,1658,422
382.85,1869,466
384.14,2151,524
385.43,2400,574
386.72,2632,623
388.01,2904,679
389.30,3180,738
390.59,3463,794
391.88,3741,853
393.16,4052,917
394.45,4381,985
395.74,4651,1041
397.03,4982,1109
398.32,5334,1183
399.61,5689,1256
400.90,6025,1325
402.19,6361,1396
403.48,6675,1462
404.77,6978,1524
406.05,7331,1596
407.34,7672,1668
408.63,7984,1734
409.92,8391,1817
411.21,8753,1893
412.50,9126,1969
413.79,9449,2036
415.08,9843,2116
416.37,10209,2193
417.66,10490,2253
418.95,10954,2346
420.23,11422,2440
421.52,11776,2514
422.81,12087,2579
424.10,12431,2651
425.39,12756,2717
426.68,13018,2771
427.97,13292,2829
429.26,13564,2884
430.55,13851,2942
431.84,14046,2986
433.13,14286,3032
434.41,14555,3088
435.70,14702,3120
436.99,14906,3160
438.28,15029,3187
439.57,15221,3224
440.86,15340,3252
442.15,15463,3278
443.44,15624,3309
444.73,15717,3328
446.02,15808,3347
447.30,15902,3365
448.59,15931,3371
449.88,15966,3377
451.17,16022,3388
452.46,16044,3393
453.75,16033,3388
455.04,16031,3389
456.33,16009,3385
457.62,15927,3368
458.91,15952,3371
460.20,15857,3349
461.48,15766,3329
462.77,15705,3316
464.06,15568,3288
465.35,15449,3262
466.64,15294,3231
467.93,15163,3202
469.22,14978,3163
470.51,14851,3136
471.80,14639,3089
473.09,14446,3050
474.38,14187,2996
475.66,13939,2945
476.95,13703,2895
478.24,13466,2846
479.53,13210,2794
480.82,12927,2733
482.11,12565,2660
483.40,12339,2611
484.69,12036,2548
485.98,11681,2475
487.27,11365,2410
488.55,11110,2358
489.84,10698,2270
491.13,10302,2190
492.42,9905,2108
493.71,9541,2032
495.00,9178,1956
496.29,8800,1879
497.58,8439,1805
498.87,8049,1724
500.16,7705,1654
501.45,7358,1582
502.73,6972,1503
504.02,6636,1434
505.31,6265,1357
506.60,5896,1281
507.89,5555,1212
509.18,5214,1142
510.47,4913,1081
511.76,4542,1005
513.05,4219,938
514.34,3926,878
515.63,3622,816
516.91,3290,749
518.20,3031,696
519.49,2736,636
520.78,2500,586
522.07,2249,535
523.36,1997,484
524.65,1781,441
525.94,1560,395
527.23,1380,358
528.52,1186,319
529.80,1005,282
531.09,866,254
532.38,736,227
533.67,603,200
534.96,501,180
536.25,422,164
537.54,341,147
538.83,286,136
540.12,245,128
541.41,222,123
542.70,212,122
543.98,215,123
545.27,236,127
546.56,269,134
547.85,319,144
549.14,378,157
550.43,453,173
551.72,551,193
553.01,672,218
554.30,779,240
555.59,908,267
556.88,1050,296
558.16,1212,330
559.45,1369,363
560.74,1583,407
562.03,1805,453
563.32,1979,489
564.61,2279,552
565.90,2480,592
567.19,2717,642
568.48,2975,695
569.77,3268,755
571.05,3556,814
572.34,3781,861
573.63,4065,921
574.92,4371,983
576.21,4673,1046
577.50,4990,1112
578.79,5340,1185
580.08,5628,1245
581.37,5942,1309
582.66,6297,1383
583.95,6636,1452
585.23,7004,1528
586.52,7343,1599
587.81,7667,1666
589.10,8048,1745
590.39,8464,1832
591.68,8786,1898
592.97,9125,1969
594.26,9457,2037
595.55,9851,2118
596.84,10200,2190
598.13,10520,2256
599.41,10863,2327
600.70,11228,2403
601.99,11521,2464
603.28,11808,2524
604.57,12108,2585
605.86,12399,2645
607.15,12675,2704
608.44,12931,2754
609.73,13213,2814
611.02,13466,2867
612.30,13671,2911
613.59,13915,2959
614.88,14135,3004
616.17,14339,3045
617.46,14536,3089
618.75,14689,3118
620.04,14815,3146
621.33,14979,3179
622.62,15142,3211
623.91,15218,3226
625.20,15318,3248
626.48,15399,3264
627.77,15491,3284
629.06,15523,3288
630.35,15544,3292
631.64,15567,3297
632.93,15545,3291
634.22,15585,3298
635.51,15538,3289
636.80,15497,3281
638.09,15437,3267
639.38,15396,3258
640.66,15350,3247
641.95,15231,3222
643.24,15161,3207
644.53,15034,3178
645.82,14858,3142
647.11,14719,3112
648.40,14493,3066
649.69,14359,3038
650.98,14162,2998
652.27,14017,2966
653.55,13772,2915
654.84,13556,2869
656.13,13359,2828
657.42,13083,2770
658.71,12759,2703
660.00,12516,2652
661.29,12293,2606
662.58,11986,2542
663.87,11729,2489
665.16,11355,2411
666.45,11111,2361
667.73,10802,2296
669.02,10497,2232
670.31,10151,2161
671.60,9802,2089
672.89,9464,2020
674.18,9115,1946
675.47,8728,1867
676.76,8473,1814
678.05,8137,1744
679.34,7843,1683
680.63,7471,1608
681.91,7141,1539
683.20,6782,1465
684.49,6491,1406
685.78,6177,1341
687.07,5819,1266
688.36,5483,1197
689.65,5206,1141
690.94,4892,1076
692.23,4589,1015
693.52,4209,937
694.80,3919,878
696.09,3642,820
697.38,3344,758
698.67,3115,712
699.96,2809,650
701.25,2548,596
702.54,2262,538
703.83,2017,487
705.12,1802,444
706.41,1562,394
707.70,1372,356
708.98,1185,317
710.27,1001,280
711.56,888,257
712.85,761,231
714.14,620,202
715.43,505,179
716.72,416,160
718.01,339,145
719.30,282,134
720.59,243,127
721.88,219,122
723.16,209,120
724.45,217,122
725.74,240,128
727.03,279,136
728.32,344,149
729.61,417,165
730.90,506,182
732.19,614,206
733.48,736,231
734.77,876,260
736.05,1031,292
737.34,1208,330
738.63,1391,367
739.92,1625,416
741.21,1831,458
742.50,2046,503
743.79,2290,553
745.08,2534,603
746.37,2827,664
747.66,3029,706
748.95,3287,759
750.23,3579,819
751.52,3874,881
752.81,4165,940
754.10,4481,1006
755.39,4767,1066
756.68,5055,1125
757.97,5374,1192
759.26,5678,1255
760.55,6006,1323
761.84,6387,1401
763.13,6765,1480
764.41,7055,1539
765.70,7377,1606
766.99,7687,1670
768.28,8096,1755
769.57,8403,1818
770.86,8817,1904
772.15,9152,1974
773.44,9445,2034
774.73,9803,2110
776.02,10164,2184
777.30,10574,2268
778.59,10820,2319
779.88,11138,2385
781.17,11553,2470
782.46,11807,2521
783.75,12127,2588
785.04,12394,2645
786.33,12743,2716
787.62,12985,2767
788.91,13269,2826
790.20,13449,2863
791.48,13753,2925
792.77,13970,2971
794.06,14190,3016
795.35,14412,3062
796.64,14671,3115
797.93,14835,3148
799.22,15008,3182
800.51,15205,3224
801.80,15327,3248
803.09,15501,3285
804.38,15594,3304
805.66,15731,3329
806.95,15828,3352
808.24,15932,3370
809.53,15852,3354
810.82,15931,3369
812.11,15965,3378
813.40,15959,3376
814.69,16001,3384
815.98,16002,3383
817.27,15996,3381
818.55,15913,3361
819.84,15886,3355
821.13,15827,3342
822.42,15841,3342
823.71,15604,3293
825.00,15527,3278
826.29,15384,3249
827.58,15261,3220
828.87,15060,3177
830.16,14869,3139
831.45,14617,3089
832.73,14455,3052
834.02,14117,2983
835.31,13918,2940
836.60,13627,2881
837.89,13357,2823
839.18,13075,2765
840.47,12796,2707
841.76,12428,2631
843.05,12093,2562
844.34,11762,2492
845.63,11365,2410
846.91,11095,2355
848.20,10720,2277
849.49,10457,2222
850.78,10044,2135
852.07,9702,2065
853.36,9385,2001
854.65,8956,1911
855.94,8650,1849
857.23,8343,1786
858.52,7944,1704
859.80,7624,1636
861.09,7225,1556
862.38,6947,1498
863.67,6585,1424
864.96,6230,1351
866.25,5939,1291
867.54,5624,1228
868.83,5265,1154
870.12,4947,1088
871.41,4655,1028
872.70,4324,961
873.98,4021,899
875.27,3766,846
876.56,3470,785
877.85,3132,717
879.14,2847,658
880.43,2598,607
881.72,2313,549
883.01,2086,501
884.30,1898,464
885.59,1639,411
886.88,1494,382
888.16,1334,349
889.45,1171,316
890.74,1031,287
892.03,825,245
893.32,725,225
894.61,594,199
895.90,527,185
897.19,445,169
898.48,358,151
899.77,293,138
901.05,253,130
902.34,224,124
903.63,213,122
904.92,216,122
906.21,230,125
907.50,260,132
908.79,311,143
910.08,377,157
911.37,467,175
912.66,559,194
913.95,684,220
915.23,827,250
916.52,981,281
917.81,1157,317
919.10,1328,354
920.39,1534,397
921.68,1735,439
922.97,1954,483
924.26,2162,528
925.55,2430,582
926.84,2679,634
928.13,2931,686
929.41,3214,745
930.70,3493,801
931.99,3758,856
933.28,4041,915
934.57,4350,978
935.86,4667,1044
937.15,4930,1099
938.44,5290,1174
939.73,5630,1245
941.02,5989,1318
942.30,6361,1394
943.59,6750,1475
944.88,7129,1553
946.17,7549,1641
947.46,7889,1711
948.75,8261,1788
950.04,8598,1860
951.33,8998,1940
952.62,9342,2015
953.91,9703,2087
955.20,10042,2159
956.48,10393,2230
957.77,10748,2304
959.06,11005,2358
960.35,11278,2415
961.64,11621,2486
962.93,11868,2538
964.22,12152,2597
965.51,12457,2660
966.80,12754,2721
968.09,12958,2765
969.38,13184,2811
970.66,13460,2866
971.95,13692,2915
973.24,13888,2955
974.53,14107,3000
975.82,14317,3046
977.11,14536,3091
978.40,14675,3117
979.69,14821,3148
980.98,14963,3178
982.27,15100,3206
983.55,15234,3232
984.84,15355,3259
986.13,15414,3269
987.42,15545,3296
988.71,15622,3311
990.00,15634,3314
991.29,15623,3312
992.58,15696,3323
993.87,15690,3323
995.16,15694,3325
996.45,15650,3314
997.73,15557,3293
999.02,15542,3291
1000.31,15494,3282
1001.60,15411,3262
1002.89,15319,3242
1004.18,15207,3218
1005.47,15081,3190
1006.76,14933,3161
1008.05,14790,3130
1009.34,14568,3083
1010.63,14392,3049
1011.91,14189,3003
1013.20,13946,2953
1014.49,13741,2910
1015.78,13503,2859
1017.07,13178,2793
1018.36,12872,2728
1019.65,12591,2669
1020.94,12318,2611
1022.23,12000,2547
1023.52,11687,2483
1024.80,11398,2421
1026.09,11072,2353
1027.38,10773,2291
1028.67,10419,2217
1029.96,10130,2156
1031.25,9786,2085
1032.54,9425,2011
1033.83,9039,1931
1035.12,8682,1858
1036.41,8377,1795
1037.70,8021,1721
1038.98,7660,1646
1040.27,7295,1572
1041.56,6985,1508
1042.85,6638,1436
1044.14,6274,1360
1045.43,5907,1286
1046.72,5599,1221
1048.01,5251,1150
1049.30,4899,1078
1050.59,4597,1015
1051.88,4278,951
1053.16,3959,884
1054.45,3657,823
1055.74,3402,771
1057.03,3101,709
1058.32,2835,655
1059.61,2539,593
1060.90,2306,546
1062.19,2083,500
1063.48,1865,457
1064.77,1648,411
1066.05,1461,374
1067.34,1277,336
1068.63,1117,303
1069.92,972,274
1071.21,848,249
1072.50,714,222
1073.79,609,200
1075.08,501,178
1076.37,420,162
1077.66,359,150
1078.95,305,139
1080.23,251,129
switching colors
1081.52,1849,91
1082.81,1620,78
1084.10,1337,64
1085.39,1114,53
1086.68,880,42
1087.97,709,34
1089.26,543,25
1090.55,423,20
1091.84,319,16
1093.13,229,13
1094.41,185,11
1095.70,168,11
1096.99,175,13
1098.28,209,16
1099.57,275,21
1100.86,362,26
1102.15,497,35
1103.44,626,43
1104.73,812,55
1106.02,1010,67
1107.30,1197,78
1108.59,1487,95
1109.88,1747,111
1111.17,2084,130
1112.46,2387,147
1113.75,2735,168
1115.04,3155,193
1116.33,3597,218
1117.62,4034,243
1118.91,4408,264
1120.20,4879,291
1121.48,5408,321
1122.77,5970,353
1124.06,6463,380
1125.35,7069,415
1126.64,7623,447
1127.93,8254,482
1129.22,8869,515
1130.51,9469,550
1131.80,10070,583
1133.09,10700,619
1134.38,11332,654
1135.66,11934,688
1136.95,12628,727
1138.24,13229,760
1139.53,13836,794
1140.82,14592,834
1142.11,15166,867
1143.40,15702,896
1144.69,16369,934
1145.98,17036,970
1147.27,17572,1000
1148.55,18046,1027
1149.84,18719,1064
1151.13,19533,1109
1152.42,19941,1131
1153.71,20544,1164
1155.00,21218,1200
1156.29,21712,1228
1157.58,22353,1261
1158.87,23070,1298
1160.16,23671,1331
1161.45,24146,1357
1162.73,24884,1395
1164.02,25434,1422
1165.31,25814,1443
1166.60,26247,1466
1167.89,26437,1477
1169.18,26915,1499
1170.47,27112,1512
1171.76,27338,1523
1173.05,27774,1545
1174.34,27983,1555
1175.63,28270,1570
1176.91,28455,1580
1178.20,28659,1589
1179.49,28803,1595
1180.78,28924,1600
1182.07,29094,1608
1183.36,29134,1608
1184.65,29215,1611
1185.94,29114,1604
1187.23,29156,1605
1188.52,29171,1604
1189.80,29178,1601
1191.09,29040,1592
1192.38,28971,1585
1193.67,28693,1569
1194.96,28452,1556
1196.25,28358,1548
1197.54,28042,1528
1198.83,27821,1516
1200.12,27490,1496
1201.41,27088,1471
1202.70,26829,1457
1203.98,26501,1436
1205.27,26229,1420
1206.56,25740,1391
1207.85,25347,1368
1209.14,24872,1341
1210.43,24337,1311
1211.72,23877,1286
1213.01,23377,1256
1214.30,22957,1233
1215.59,22363,1199
1216.88,21930,1174
1218.16,21276,1137
1219.45,20701,1106
1220.74,20037,1068
1222.03,19412,1034
1223.32,18804,999
1224.61,18089,961
1225.90,17577,931
1227.19,16933,896
1228.48,16255,859
1229.77,15594,823
1231.05,14774,777
1232.34,14219,748
1233.63,13333,699
1234.92,12537,656
1236.21,12066,630
1237.50,11361,591
1238.79,10674,556
1240.08,10040,521
1241.37,9447,490
1242.66,8882,459
1243.95,8199,423
1245.23,7643,393
1246.52,7079,362
1247.81,6533,334
1249.10,5972,303
1250.39,5496,279
1251.68,4988,252
1252.97,4476,225
1254.26,4039,202
1255.55,3599,180
1256.84,3198,159
1258.13,2770,136
1259.41,2390,116
1260.70,2053,100
1261.99,1739,84
1263.28,1439,69
1264.57,1168,55
1265.86,936,44
1267.15,735,35
1268.44,564,27
1269.73,426,20
1271.02,307,16
1272.30,234,13
1273.59,183,11
1274.88,164,11
1276.17,176,13
1277.46,208,16
1278.75,275,21
1280.04,368,27
1281.33,494,35
1282.62,639,44
1283.91,786,53
1285.20,976,65
1286.48,1227,80
1287.77,1441,92
1289.06,1681,107
1290.35,2010,126
1291.64,2380,148
1292.93,2658,164
1294.22,3001,183
1295.51,3418,208
1296.80,3814,230
1298.09,4217,254
1299.38,4693,280
1300.66,5164,307
1301.95,5652,335
1303.24,6168,364
1304.53,6730,397
1305.82,7268,426
1307.11,7743,454
1308.40,8296,485
1309.69,8940,521
1310.98,9468,551
1312.27,10067,585
1313.55,10664,618
1314.84,11233,649
1316.13,11905,687
1317.42,12568,724
1318.71,13065,752
1320.00,13707,788
1321.29,14322,821
1322.58,14966,858
1323.87,15575,892
1325.16,16275,930
1326.45,16882,965
1327.73,17610,1003
1329.02,18115,1032
1330.31,18670,1062
1331.60,19323,1098
1332.89,19882,1129
1334.18,20573,1165
1335.47,21081,1194
1336.76,21721,1228
1338.05,22333,1261
1339.34,22812,1287
1340.63,23336,1313
1341.91,23832,1341
1343.20,24214,1362
1344.49,24712,1387
1345.78,25101,1408
1347.07,25485,1428
1348.36,25886,1450
1349.65,26299,1471
1350.94,26573,1486
1352.23,26816,1498
1353.52,27078,1511
1354.80,27451,1530
1356.09,27596,1537
1357.38,27882,1550
1358.67,27971,1553
1359.96,28181,1564
1361.25,28326,1570
1362.54,28465,1576
1363.83,28490,1575
1365.12,28613,1581
1366.41,28543,1575
1367.70,28592,1576
1368.98,28506,1568
1370.27,28399,1562
1371.56,28210,1549
1372.85,28021,1537
1374.14,27804,1524
1375.43,27546,1508
1376.72,27306,1495
1378.01,26987,1473
1379.30,26709,1456
1380.59,26375,1436
1381.88,26150,1423
1383.16,25734,1399
1384.45,25518,1384
1385.74,25050,1359
1387.03,24728,1338
1388.32,24293,1314
1389.61,23892,1290
1390.90,23536,1271
1392.19,23026,1241
1393.48,22518,1212
1394.77,21886,1177
1396.05,21508,1155
1397.34,20977,1124
1398.63,20396,1093
1399.92,19766,1057
1401.21,19173,1024
1402.50,18570,990
1403.79,18053,962
1405.08,17438,928
1406.37,16720,889
1407.66,16077,852
1408.95,15530,822
1410.23,14784,781
1411.52,14261,753
1412.81,13584,716
1414.10,12986,682
1415.39,12286,645
1416.68,11732,614
1417.97,11206,586
1419.26,10522,549
1420.55,9869,514
1421.84,9395,488
1423.13,8710,452
1424.41,8160,422
1425.70,7652,395
1426.99,7193,370
1428.28,6625,340
1429.57,6116,313
1430.86,5635,287
1432.15,5135,261
1433.44,4560,231
1434.73,4085,206
1436.02,3644,183
1437.30,3280,164
1438.59,2906,144
1439.88,2502,123
1441.17,2109,103
1442.46,1793,87
1443.75,1505,72
1445.04,1206,58
1446.33,938,45
1447.62,742,35
1448.91,589,27
1450.20,442,21
1451.48,327,16
1452.77,250,13
1454.06,193,11
1455.35,168,11
1456.64,174,13
1457.93,210,16
1459.22,268,20
1460.51,356,27
1461.80,480,34
1463.09,625,44
1464.38,808,55
1465.66,1025,68
1466.95,1263,82
1468.24,1516,97
1469.53,1787,113
1470.82,2143,134
1472.11,2512,155
1473.40,2871,177
1474.69,3301,201
1475.98,3783,229
1477.27,4260,256
1478.55,4701,281
1479.84,5241,312
1481.13,5766,342
1482.42,6290,371
1483.71,6849,403
1485.00,7421,434
1486.29,7894,463
1487.58,8531,499
1488.87,9182,534
1490.16,9703,564
1491.45,10266,595
1492.73,10932,633
1494.02,11653,671
1495.31,12103,697
1496.60,12694,730
1497.89,13313,766
1499.18,13941,800
1500.47,14659,839
1501.76,15232,871
1503.05,15979,912
1504.34,16524,943
1505.63,17134,976
1506.91,17761,1012
1508.20,18368,1044
1509.49,18858,1071
1510.78,19570,1109
1512.07,20186,1144
1513.36,20780,1175
1514.65,21294,1203
1515.94,22024,1243
1517.23,22496,1269
1518.52,23010,1295
1519.80,23433,1319
1521.09,24011,1349
1522.38,24403,1371
1523.67,24989,1401
1524.96,25368,1421
1526.25,25763,1443
1527.54,26162,1464
1528.83,26489,1480
1530.12,26832,1498
1531.41,27160,1513
1532.70,27421,1528
1533.98,27699,1542
1535.27,27940,1554
1536.56,28146,1563
1537.85,28402,1575
1539.14,28535,1582
1540.43,28810,1595
1541.72,28977,1602
1543.01,29126,1609
1544.30,29050,1602
1545.59,29133,1607
1546.88,29309,1614
1548.16,29311,1610
1549.45,29295,1607
1550.74,29252,1603
1552.03,29155,1595
1553.32,28930,1583
1554.61,28679,1566
1555.90,28481,1553
1557.19,28283,1540
1558.48,28046,1524
1559.77,27575,1500
1561.05,27197,1475
1562.34,26914,1459
1563.63,26459,1433
1564.92,26046,1408
1566.21,25634,1385
1567.50,25242,1362
1568.79,24683,1330
1570.08,24228,1304
1571.37,23693,1274
1572.66,23220,1246
1573.95,22733,1218
1575.23,22073,1181
1576.52,21467,1148
1577.81,20931,1118
1579.10,20315,1083
1580.39,19640,1045
1581.68,19020,1013
1582.97,18416,978
1584.26,17776,942
1585.55,17051,903
1586.84,16363,865
1588.13,15854,837
1589.41,15226,803
1590.70,14466,760
1591.99,13769,722
1593.28,13115,688
1594.57,12596,659
1595.86,11936,623
1597.15,11257,587
1598.44,10749,560
1599.73,9935,515
1601.02,9412,488
1602.30,8812,456
1603.59,8200,423
1604.88,7709,397
1606.17,7062,362
1607.46,6614,338
1608.75,6064,309
1610.04,5663,288
1611.33,5226,265
1612.62,4613,234
1613.91,4270,215
1615.20,3839,192
1616.48,3402,169
1617.77,2964,147
1619.06,2622,130
1620.35,2248,111
1621.64,1878,91
1622.93,1676,81
1624.22,1411,68
1625.51,1151,55
1626.80,937,44
1628.09,735,35
1629.38,595,28
1630.66,446,21
1631.95,331,16
1633.24,245,13
1634.53,198,11
1635.82,169,11
1637.11,169,12
1638.40,195,15
1639.69,246,19
1640.98,326,24
1642.27,453,33
1643.55,593,42
1644.84,773,52
1646.13,964,64
1647.42,1231,79
1648.71,1470,94
1650.00,1797,113
1651.29,2103,131
1652.58,2455,152
1653.87,2816,173
1655.16,3201,195
1656.45,3643,220
1657.73,4107,247
1659.02,4537,272
1660.31,4989,297
1661.60,5512,327
1662.89,5998,354
1664.18,6541,385
1665.47,7074,415
1666.76,7671,449
1668.05,8260,482
1669.34,8833,514
1670.63,9399,546
1671.91,9979,578
1673.20,10590,613
1674.49,11245,649
1675.78,11862,684
1677.07,12545,722
1678.36,13225,760
1679.65,13868,795
1680.94,14526,831
1682.23,15241,871
1683.52,15898,908
1684.80,16496,940
1686.09,17194,978
1687.38,17909,1019
1688.67,18608,1057
1689.96,19222,1091
1691.25,19771,1120
1692.54,20394,1157
1693.83,20985,1188
1695.12,21491,1216
1696.41,22054,1247
1697.70,22518,1272
1698.98,23088,1302
1700.27,23473,1324
1701.56,24015,1353
1702.85,24468,1377
1704.14,25034,1406
1705.43,25361,1424
1706.72,25695,1441
1708.01,26099,1462
1709.30,26480,1482
1710.59,26702,1494
1711.88,27018,1510
1713.16,27328,1525
1714.45,27604,1538
1715.74,27751,1546
1717.03,27982,1557
1718.32,28165,1566
1719.61,28335,1572
1720.90,28454,1578
1722.19,28542,1582
1723.48,28607,1584
1724.77,28693,1587
1726.05,28674,1585
1727.34,28664,1582
1728.63,28589,1577
1729.92,28590,1575
1731.21,28530,1570
1732.50,28428,1561
1733.79,28255,1550
1735.08,28137,1542
1736.37,27940,1530
1737.66,27703,1515
1738.95,27362,1496
1740.23,27184,1484
1741.52,26799,1461
1742.81,26504,1442
1744.10,26194,1424
1745.39,25775,1399
1746.68,25380,1376
1747.97,25008,1355
1749.26,24425,1322
1750.55,24092,1301
1751.84,23521,1270
1753.13,22888,1234
1754.41,22321,1202
1755.70,21825,1174
1756.99,21278,1143
1758.28,20684,1109
1759.57,20016,1071
1760.86,19370,1036
1762.15,18749,1000
1763.44,18050,961
1764.73,17481,929
1766.02,16731,888
1767.30,16170,856
1768.59,15541,822
1769.88,14854,784
1771.17,14173,745
1772.46,13504,710
1773.75,12879,676
1775.04,12274,642
1776.33,11563,604
1777.62,11044,576
1778.91,10377,541
1780.20,9758,508
1781.48,9157,475
1782.77,8583,444
1784.06,7941,410
1785.35,7355,378
1786.64,6799,349
1787.93,6230,319
1789.22,5673,289
1790.51,5219,265
1791.80,4688,238
1793.09,4222,213
1794.38,3757,189
1795.66,3332,166
1796.95,2885,143
1798.24,2571,127
1799.53,2204,108
1800.82,1860,90
1802.11,1536,74
1803.40,1314,62
1804.69,1107,53
1805.98,856,40
1807.27,674,32
1808.55,535,25
1809.84,389,19
1811.13,308,16
1812.42,233,12
1813.71,190,11
1815.00,167,11
1816.29,171,12
1817.58,199,16
1818.87,271,21
1820.16,344,26
1821.45,464,33
1822.73,598,42
1824.02,755,51
1825.31,960,64
1826.60,1138,75
1827.89,1434,92
1829.18,1720,109
1830.47,1975,125
1831.76,2344,145
1833.05,2668,165
1834.34,3017,185
1835.63,3402,206
1836.91,3837,232
1838.20,4257,256
1839.49,4635,278
1840.78,5174,309
1842.07,5674,337
1843.36,6189,366
1844.65,6653,392
1845.94,7201,422
1847.23,7780,455
1848.52,8290,485
1849.80,8875,518
1851.09,9489,551
1852.38,10062,584
1853.67,10758,624
1854.96,11394,659
1856.25,12033,694
1857.54,12661,729
1858.83,13379,770
1860.12,13917,799
1861.41,14652,839
1862.70,15339,877
1863.98,16145,921
1865.27,16747,954
1866.56,17480,994
1867.85,18165,1032
1869.14,18771,1066
1870.43,19400,1100
1871.72,19972,1132
1873.01,20682,1169
1874.30,21189,1197
1875.59,21831,1231
1876.88,22314,1259
1878.16,22932,1291
1879.45,23216,1308
1880.74,23833,1340
1882.03,24000,1350
1883.32,24721,1389
1884.61,24856,1396
1885.90,25279,1419
1887.19,25507,1431
1888.48,26255,1469
1889.77,26546,1485
1891.05,26885,1501
1892.34,27101,1513
1893.63,27281,1522
1894.92,27697,1543
1896.21,27774,1546
1897.50,28131,1564
1898.79,28602,1586
1900.08,28919,1599
1901.37,28984,1602
1902.66,29117,1608
1903.95,29175,1609
1905.23,29403,1618
1906.52,29347,1613
1907.81,29297,1609
1909.10,29215,1603
1910.39,29159,1597
1911.68,28980,1586
1912.97,28736,1573
1914.26,28475,1557
1915.55,28342,1549
1916.84,28080,1533
1918.13,27813,1515
1919.41,27537,1499
1920.70,27112,1475
1921.99,26930,1463
1923.28,26569,1441
1924.57,26223,1422
1925.86,25759,1394
1927.15,25418,1375
1928.44,24991,1349
1929.73,24605,1327
1931.02,24042,1295
1932.30,23505,1264
1933.59,23032,1237
1934.88,22502,1206
1936.17,21929,1174
1937.46,21345,1141
1938.75,20774,1109
1940.04,20171,1076
1941.33,19553,1042
1942.62,18907,1006
1943.91,18449,980
1945.20,17773,943
1946.48,17025,902
1947.77,16453,870
1949.06,15879,839
1950.35,15222,802
1951.64,14509,763
1952.93,13806,725
1954.22,13428,706
1955.51,12696,665
1956.80,12133,634
1958.09,11445,597
1959.38,10893,567
1960.66,10075,523
1961.95,9416,488
1963.24,8958,463
1964.53,8302,429
1965.82,7800,402
1967.11,7233,371
1968.40,6693,342
1969.69,6137,313
1970.98,5604,285
1972.27,4951,250
1973.55,4444,223
1974.84,3991,200
1976.13,3572,178
1977.42,3072,152
1978.71,2691,133
1980.00,2366,116
1981.29,2024,98
1982.58,1699,82
1983.87,1416,68
1985.16,1171,56
1986.45,933,44
1987.73,739,35
1989.02,583,27
1990.31,437,21
1991.60,328,16
1992.89,245,13
1994.18,189,11
1995.47,165,11
1996.76,175,13
1998.05,216,17
1999.34,288,22
2000.63,384,28
2001.91,521,37
2003.20,702,49
2004.49,901,60
2005.78,1125,74
2007.07,1390,90
2008.36,1717,109
2009.65,1986,125
2010.94,2311,143
2012.23,2659,164
2013.52,3100,189
2014.80,3405,207
2016.09,3758,227
2017.38,4235,254
2018.67,4739,283
2019.96,5169,308
2021.25,5631,334
2022.54,6116,361
2023.83,6596,388
2025.12,7073,416
2026.41,7615,446
2027.70,8120,475
2028.98,8819,514
2030.27,9351,543
2031.56,10009,581
2032.85,10496,608
2034.14,11096,642
2035.43,11815,682
2036.72,12328,711
2038.01,12966,746
2039.30,13671,785
2040.59,14237,817
2041.88,14844,851
2043.16,15499,887
2044.45,16152,923
2045.74,16781,957
2047.03,17366,990
2048.32,17986,1024
2049.61,18522,1054
2050.90,19194,1091
2052.19,19662,1117
2053.48,20277,1150
2054.77,20869,1183
2056.05,21330,1208
2057.34,21933,1239
2058.63,22422,1267
2059.92,22958,1296
2061.21,23429,1321
2062.50,23844,1343
2063.79,24307,1368
2065.08,24760,1391
2066.37,25195,1416
2067.66,25555,1434
2068.95,25880,1450
2070.23,26261,1470
2071.52,26618,1487
2072.81,26929,1503
2074.10,27109,1512
2075.39,27542,1534
2076.68,27653,1541
2077.97,27873,1550
2079.26,28024,1556
2080.55,28254,1567
2081.84,28310,1569
2083.12,28483,1578
2084.41,28542,1580
2085.70,28526,1577
2086.99,28483,1572
2088.28,28475,1569
2089.57,28418,1566
2090.86,28380,1560
2092.15,28213,1550
2093.44,27994,1536
2094.73,27788,1523
2096.02,27519,1507
2097.30,27251,1489
2098.59,27041,1477
2099.88,26730,1457
2101.17,26332,1434
2102.46,26058,1418
2103.75,25691,1395
2105.04,25376,1376
2106.33,24871,1347
2107.62,24400,1320
2108.91,23981,1295
2110.20,23431,1265
2111.48,22925,1236
2112.77,22290,1199
2114.06,21865,1175
2115.35,21341,1146
2116.64,20835,1117
2117.93,20264,1085
2119.22,19559,1046
2120.51,19122,1021
2121.80,18505,987
2123.09,17868,951
2124.37,17276,919
2125.66,16674,886
2126.95,15963,846
2128.24,15531,822
2129.53,14867,786
2130.82,14422,761
2132.11,13663,720
2133.40,13147,692
2134.69,12513,657
2135.98,11802,619
2137.27,11282,591
2138.55,10673,558
2139.84,10151,528
2141.13,9493,493
2142.42,8891,460
2143.71,8288,429
2145.00,7743,400
2146.29,7254,374
2147.58,6709,344
2148.87,6135,314
2150.16,5639,287
2151.45,5215,265
2152.73,4610,233
2154.02,4193,212
2155.31,3824,192
2156.60,3399,170
2157.89,3034,151
2159.18,2655,131
2160.47,2286,112
switching colors
2161.76,2423,46
2163.05,2243,43
2164.34,2042,39
2165.62,1837,35
2166.91,1658,32
2168.20,1457,28
2169.49,1293,25
2170.78,1129,22
2172.07,972,18
2173.36,824,16
2174.65,693,13
2175.94,584,11
2177.23,490,10
2178.52,380,8
2179.80,302,6
2181.09,224,5
2182.38,174,4
2183.67,130,3
2184.96,105,3
2186.25,93,3
2187.54,93,3
2188.83,107,4
2190.12,134,5
2191.41,167,5
2192.70,223,7
2193.98,290,8
2195.27,365,10
2196.56,452,12
2197.85,554,14
2199.14,664,16
2200.43,781,19
2201.72,917,22
2203.01,1060,25
2204.30,1208,29
2205.59,1393,32
2206.87,1580,37
2208.16,1764,40
2209.45,1984,45
2210.74,2200,50
2212.03,2422,53
2213.32,2655,59
2214.61,2929,65
2215.90,3209,71
2217.19,3443,75
2218.48,3738,82
2219.77,4038,88
2221.05,4282,93
2222.34,4551,98
2223.63,4870,105
2224.92,5158,111
2226.21,5390,116
2227.50,5668,122
2228.79,5956,127
2230.08,6272,133
2231.37,6550,139
2232.66,6806,145
2233.95,7086,150
2235.23,7397,157
2236.52,7668,162
2237.81,7886,167
2239.10,8122,172
2240.39,8478,179
2241.68,8723,184
2242.97,8994,189
2244.26,9189,193
2245.55,9482,199
2246.84,9733,204
2248.12,9941,208
2249.41,10138,212
2250.70,10419,218
2251.99,10630,222
2253.28,10821,226
2254.57,11064,230
2255.86,11288,235
2257.15,11421,238
2258.44,11655,242
2259.73,11779,245
2261.02,11997,248
2262.30,12150,252
2263.59,12272,254
2264.88,12423,256
2266.17,12521,258
2267.46,12653,261
2268.75,12720,262
2270.04,12807,264
2271.33,12867,265
2272.62,12919,265
2273.91,12935,266
2275.20,12929,265
2276.48,12958,265
2277.77,12932,264
2279.06,12916,264
2280.35,12918,264
2281.64,12855,263
2282.93,12806,261
2284.22,12766,260
2285.51,12666,258
2286.80,12590,256
2288.09,12452,254
2289.37,12316,250
2290.66,12190,247
2291.95,12044,244
2293.24,11916,241
2294.53,11772,238
2295.82,11585,234
2297.11,11404,230
2298.40,11193,226
2299.69,10978,221
2300.98,10781,217
2302.27,10539,212
2303.55,10328,207
2304.84,10082,202
2306.13,9829,197
2307.42,9545,191
2308.71,9311,186
2310.00,9058,180
2311.29,8792,175
2312.58,8452,168
2313.87,8201,163
2315.16,7941,158
2316.45,7635,151
2317.73,7340,146
2319.02,7048,140
2320.31,6728,133
2321.60,6416,126
2322.89,6118,121
2324.18,5818,114
2325.47,5514,108
2326.76,5280,104
2328.05,5010,98
2329.34,4674,92
2330.62,4442,87
2331.91,4150,81
2333.20,3898,76
2334.49,3661,71
2335.78,3412,66
2337.07,3130,60
2338.36,2873,56
2339.65,2675,52
2340.94,2495,48
2342.23,2260,43
2343.52,2054,39
2344.80,1877,36
2346.09,1701,33
2347.38,1493,29
2348.67,1328,25
2349.96,1173,22
2351.25,998,19
2352.54,877,16
2353.83,737,14
2355.12,626,12
2356.41,531,10
2357.70,430,8
2358.98,346,6
2360.27,265,5
2361.56,210,4
2362.85,163,3
2364.14,126,3
2365.43,104,3
2366.72,94,2
2368.01,95,3
2369.30,109,4
2370.59,136,4
2371.87,175,5
2373.16,227,6
2374.45,282,8
2375.74,347,10
2377.03,438,11
2378.32,539,14
2379.61,653,16
2380.90,769,19
2382.19,946,23
2383.48,1063,25
2384.77,1243,29
2386.05,1397,32
2387.34,1580,36
2388.63,1764,40
2389.92,1959,45
2391.21,2169,49
2392.50,2388,54
2393.79,2607,58
2395.08,2880,63
2396.37,3106,69
2397.66,3344,73
2398.95,3591,79
2400.23,3886,85
2401.52,4123,90
2402.81,4370,94
2404.10,4649,101
2405.39,4942,107
2406.68,5198,112
2407.97,5495,118
2409.26,5777,124
2410.55,6053,129
2411.84,6322,135
2413.12,6625,142
2414.41,6898,146
2415.70,7162,152
2416.99,7429,158
2418.28,7725,164
2419.57,8003,169
2420.86,8294,175
2422.15,8543,180
2423.44,8822,186
2424.73,9072,191
2426.02,9352,196
2427.30,9578,201
2428.59,9818,206
2429.88,10049,211
2431.17,10278,215
2432.46,10464,219
2433.75,10676,222
2435.04,10895,227
2436.33,11089,232
2437.62,11261,234
2438.91,11426,238
2440.20,11583,241
2441.48,11775,244
2442.77,11881,246
2444.06,12017,248
2445.35,12091,250
2446.64,12165,251
2447.93,12251,254
2449.22,12318,255
2450.51,12374,256
2451.80,12418,256
2453.09,12448,256
2454.37,12486,257
2455.66,12504,257
2456.95,12498,257
2458.24,12495,256
2459.53,12479,255
2460.82,12455,256
2462.11,12411,254
2463.40,12352,253
2464.69,12299,251
2465.98,12176,248
2467.27,12096,247
2468.55,12032,246
2469.84,11921,242
2471.13,11794,240
2472.42,11686,237
2473.71,11540,234
2475.00,11383,231
2476.29,11221,228
2477.58,11021,224
2478.87,10873,220
2480.16,10683,216
2481.45,10467,212
2482.73,10271,207
2484.02,10104,204
2485.31,9896,199
2486.60,9658,194
2487.89,9416,189
2489.18,9134,183
2490.47,8926,179
2491.76,8687,174
2493.05,8349,167
2494.34,8126,162
2495.62,7847,156
2496.91,7569,150
2498.20,7280,145
2499.49,6992,139
2500.78,6672,133
2502.07,6338,126
2503.36,6054,119
2504.65,5778,114
2505.94,5446,107
2507.23,5193,102
2508.52,4895,96
2509.80,4676,92
2511.09,4371,86
2512.38,4090,80
2513.67,3762,73
2514.96,3558,69
2516.25,3316,65
2517.54,3062,59
2518.83,2808,54
2520.12,2596,50
2521.41,2377,46
2522.70,2146,41
2523.98,1926,37
2525.27,1743,33
2526.56,1550,30
2527.85,1368,26
2529.14,1194,23
2530.43,1041,20
2531.72,890,17
2533.01,741,14
2534.30,622,12
2535.59,502,10
2536.87,408,8
2538.16,326,6
2539.45,252,5
2540.74,194,4
2542.03,149,3
2543.32,118,3
2544.61,98,3
2545.90,92,3
2547.19,97,3
2548.48,116,4
2549.77,149,5
2551.05,181,6
2552.34,226,7
2553.63,291,8
2554.92,380,10
2556.21,445,12
2557.50,550,14
2558.79,648,16
2560.08,780,19
2561.37,896,21
2562.66,1035,24
2563.95,1185,28
2565.23,1344,31
2566.52,1531,36
2567.81,1714,39
2569.10,1891,43
2570.39,2115,48
2571.68,2334,52
2572.97,2569,57
2574.26,2756,61
2575.55,3022,67
2576.84,3250,71
2578.12,3467,76
2579.41,3732,81
2580.70,4027,88
2581.99,4252,92
2583.28,4503,98
2584.57,4814,104
2585.86,5068,109
2587.15,5314,114
2588.44,5625,120
2589.73,5872,126
2591.02,6179,132
2592.30,6475,138
2593.59,6759,144
2594.88,7049,150
2596.17,7353,156
2597.46,7634,162
2598.75,7891,167
2600.04,8179,172
2601.33,8484,179
2602.62,8751,184
2603.91,9050,191
2605.20,9291,195
2606.48,9600,201
2607.77,9845,206
2609.06,10024,210
2610.35,10291,214
2611.64,10515,219
2612.93,10710,224
2614.22,10955,228
2615.51,11155,232
2616.80,11441,238
2618.09,11567,240
2619.37,11787,244
2620.66,11976,248
2621.95,12181,252
2623.24,12285,254
2624.53,12443,257
2625.82,12470,258
2627.11,12660,260
2628.40,12765,263
2629.69,12862,264
2630.98,12843,264
2632.27,12977,267
2633.55,12989,267
2634.84,12999,267
2636.13,13013,267
2637.42,12964,266
2638.71,12947,264
2640.00,12909,263
2641.29,12839,261
2642.58,12773,260
2643.87,12696,259
2645.16,12620,257
2646.45,12532,254
2647.73,12379,251
2649.02,12301,250
2650.31,12175,247
2651.60,12027,243
2652.89,11904,241
2654.18,11750,238
2655.47,11579,235
2656.76,11398,230
2658.05,11196,226
2659.34,11001,222
2660.62,10767,217
2661.91,10582,213
2663.20,10379,208
2664.49,10113,203
2665.78,9879,198
2667.07,9640,193
2668.36,9354,187
2669.65,9151,182
2670.94,8873,177
2672.23,8597,172
2673.52,8342,166
2674.80,8052,160
2676.09,7804,156
2677.38,7467,148
2678.67,7232,143
2679.96,6899,136
2681.25,6671,132
2682.54,6336,125
2683.83,6071,119
2685.12,5811,114
2686.41,5542,109
2687.70,5270,103
2688.98,4977,97
2690.27,4702,91
2691.56,4480,88
2692.85,4169,81
2694.14,3925,77
2695.43,3692,72
2696.72,3458,67
2698.01,3206,62
2699.30,2976,57
2700.59,2688,52
2701.87,2511,48
2703.16,2279,44
2704.45,2081,40
2705.74,1851,35
2707.03,1631,31
2708.32,1473,28
2709.61,1267,24
2710.90,1108,21
2712.19,930,18
2713.48,778,15
2714.77,659,13
2716.05,549,11
2717.34,449,8
2718.63,363,7
2719.92,288,6
2721.21,222,5
2722.50,170,4
2723.79,133,3
2725.08,104,3
2726.37,94,3
2727.66,94,3
2728.95,107,3
2730.23,135,4
2731.52,170,5
2732.81,221,7
2734.10,288,8
2735.39,372,10
2736.68,459,12
2737.97,581,15
2739.26,700,17
2740.55,834,21
2741.84,981,24
2743.12,1138,27
2744.41,1314,30
2745.70,1497,34
2746.99,1678,39
2748.28,1894,43
2749.57,2082,47
2750.86,2322,52
2752.15,2543,57
2753.44,2738,61
2754.73,2947,65
2756.02,3228,70
2757.30,3466,76
2758.59,3685,81
2759.88,3927,86
2761.17,4179,91
2762.46,4397,96
2763.75,4644,101
2765.04,4954,108
2766.33,5204,112
2767.62,5486,118
2768.91,5690,122
2770.20,5993,128
2771.48,6293,134
2772.77,6540,139
2774.06,6796,145
2775.35,7065,150
2776.64,7315,155
2777.93,7595,161
2779.22,7870,167
2780.51,8113,172
2781.80,8416,177
2783.09,8680,183
2784.37,8941,188
2785.66,9155,193
2786.95,9446,198
2788.24,9654,203
2789.53,9864,207
2790.82,10075,211
2792.11,10321,216
2793.40,10510,220
2794.69,10676,223
2795.98,10872,226
2797.27,11070,231
2798.55,11221,234
2799.84,11378,237
2801.13,11525,239
2802.42,11700,243
2803.71,11822,245
2805.00,11958,248
2806.29,12065,250
2807.58,12172,252
2808.87,12252,254
2810.16,12346,255
2811.45,12406,256
2812.73,12415,256
2814.02,12492,257
2815.31,12501,257
2816.60,12521,257
2817.89,12491,256
2819.18,12461,256
2820.47,12421,254
2821.76,12397,253
2823.05,12323,252
2824.34,12254,250
2825.62,12184,248
2826.91,12084,246
2828.20,11992,244
2829.49,11873,241
2830.78,11740,238
2832.07,11610,235
2833.36,11467,233
2834.65,11299,228
2835.94,11114,225
2837.23,10934,221
2838.52,10743,217
2839.80,10575,213
2841.09,10340,209
2842.38,10106,203
2843.67,9853,198
2844.96,9653,194
2846.25,9407,189
2847.54,9144,183
2848.83,8902,178
2850.12,8633,172
2851.41,8328,166
2852.70,8088,162
2853.98,7823,156
2855.27,7590,152
2856.56,7299,145
2857.85,7011,139
2859.14,6728,133
2860.43,6449,127
2861.72,6212,123
2863.01,5924,117
2864.30,5666,112
2865.59,5364,105
2866.87,5117,100
2868.16,4892,96
2869.45,4640,91
2870.74,4430,87
2872.03,4160,81
2873.32,3902,76
2874.61,3636,70
2875.90,3391,66
2877.19,3187,62
2878.48,2951,57
2879.77,2714,52
2881.05,2512,49
2882.34,2302,44
2883.63,2058,40
2884.92,1821,35
2886.21,1700,32
2887.50,1515,29
2888.79,1298,24
2890.08,1144,22
2891.37,1021,19
2892.66,867,16
2893.95,745,14
2895.23,631,12
2896.52,527,10
2897.81,429,8
2899.10,351,7
2900.39,277,5
2901.68,217,5
2902.97,169,4
2904.26,136,3
2905.55,105,3
2906.84,95,3
2908.12,95,4
2909.41,109,4
2910.70,137,4
2911.99,175,5
2913.28,228,7
2914.57,297,9
2915.86,375,10
2917.15,478,13
2918.44,571,15
2919.73,693,17
2921.02,833,20
2922.30,968,23
2923.59,1129,27
2924.88,1291,30
2926.17,1466,34
2927.46,1638,38
2928.75,1836,41
2930.04,2031,46
2931.33,2243,50
2932.62,2466,56
2933.91,2695,60
2935.20,2940,65
2936.48,3197,70
2937.77,3425,75
2939.06,3668,80
2940.35,3919,85
2941.64,4182,90
2942.93,4434,96
2944.22,4756,102
2945.51,5063,109
2946.80,5363,115
2948.09,5612,121
2949.37,5942,127
2950.66,6256,133
2951.95,6523,139
2953.24,6805,144
2954.53,7139,151
2955.82,7453,158
2957.11,7784,164
2958.40,8092,171
2959.69,8388,177
2960.98,8628,182
2962.27,8970,188
2963.55,9238,194
2964.84,9463,198
2966.13,9692,204
2967.42,9955,209
2968.71,10207,213
2970.00,10406,217
2971.29,10632,222
2972.58,10850,227
2973.87,11017,230
2975.16,11237,234
2976.45,11415,237
2977.73,11617,241
2979.02,11758,243
2980.31,11944,248
2981.60,12150,252
2982.89,12286,253
2984.18,12390,256
2985.47,12520,258
2986.76,12588,260
2988.05,12702,262
2989.34,12802,264
2990.62,12855,265
2991.91,12934,266
2993.20,12936,265
2994.49,12947,265
2995.78,12955,266
2997.07,12944,265
2998.36,12917,264
2999.65,12927,264
3000.94,12887,264
3002.23,12844,262
3003.52,12821,261
3004.80,12741,259
3006.09,12649,258
3007.38,12536,255
3008.67,12454,253
3009.96,12388,252
3011.25,12245,249
3012.54,12080,246
3013.83,11929,242
3015.12,11791,239
3016.41,11596,235
3017.70,11458,231
3018.98,11245,226
3020.27,11026,222
3021.56,10832,218
3022.85,10587,213
3024.14,10389,209
3025.43,10147,204
3026.72,9883,199
3028.01,9580,192
3029.30,9289,186
3030.59,9003,180
3031.87,8736,175
3033.16,8454,169
3034.45,8139,162
3035.74,7902,157
3037.03,7531,149
3038.32,7311,145
3039.61,6946,137
3040.90,6678,132
3042.19,6413,127
3043.48,6113,120
3044.77,5838,115
3046.05,5530,109
3047.34,5243,102
3048.63,4932,97
3049.92,4675,91
3051.21,4337,84
3052.50,4099,80
3053.79,3785,73
3055.08,3561,69
3056.37,3324,64
3057.66,3072,59
3058.95,2789,53
3060.23,2546,49
3061.52,2302,44
3062.81,2119,41
3064.10,1866,35
3065.39,1681,32
3066.68,1512,28
3067.97,1331,25
3069.26,1154,22
3070.55,1020,19
3071.84,875,16
3073.12,743,14
3074.41,620,12
3075.70,526,10
3076.99,430,8
3078.28,354,6
3079.57,286,5
3080.86,225,5
3082.15,175,4
3083.44,135,3
3084.73,109,3
3086.02,95,3
3087.30,95,3
3088.59,105,3
3089.88,126,4
3091.17,170,5
3092.46,212,6
3093.75,264,7
3095.04,337,9
3096.33,420,11
3097.62,520,13
3098.91,618,15
3100.20,746,19
3101.48,891,22
3102.77,1002,24
3104.06,1158,27
3105.35,1311,30
3106.64,1481,34
3107.93,1646,38
3109.22,1838,42
3110.51,2036,46
3111.80,2270,51
3113.09,2444,55
3114.37,2674,60
3115.66,2867,63
3116.95,3117,69
3118.24,3362,74
3119.53,3591,79
3120.82,3871,84
3122.11,4147,90
3123.40,4382,94
3124.69,4670,101
3125.98,4962,107
3127.27,5225,112
3128.55,5493,117
3129.84,5812,125
3131.13,6085,130
3132.42,6393,136
3133.71,6671,141
3135.00,6971,148
3136.29,7266,154
3137.58,7540,160
3138.87,7794,165
3140.16,8075,171
3141.45,8317,175
3142.73,8605,182
3144.02,8861,186
3145.31,9122,191
3146.60,9371,197
3147.89,9621,202
3149.18,9853,207
3150.47,10037,210
3151.76,10251,215
3153.05,10458,219
3154.34,10661,222
3155.62,10848,225
3156.91,11090,230
3158.20,11256,234
3159.49,11429,238
3160.78,11592,241
3162.07,11786,245
3163.36,11903,247
3164.65,12014,249
3165.94,12125,252
3167.23,12228,253
3168.52,12336,255
3169.80,12426,256
3171.09,12403,256
3172.38,12469,257
3173.67,12486,256
3174.96,12524,258
3176.25,12464,256
3177.54,12460,255
3178.83,12440,255
3180.12,12409,254
3181.41,12393,254
3182.70,12313,252
3183.98,12255,250
3185.27,12184,249
3186.56,12139,248
3187.85,12062,246
3189.14,11951,244
3190.43,11850,242
3191.72,11671,237
3193.01,11551,235
3194.30,11401,231
3195.59,11259,228
3196.87,11097,224
3198.16,10905,220
3199.45,10731,217
3200.74,10527,212
3202.03,10323,208
3203.32,10134,204
3204.61,9894,199
3205.90,9672,195
3207.19,9449,189
3208.48,9173,184
3209.77,8922,179
3211.05,8719,175
3212.34,8509,170
3213.63,8206,164
3214.92,7951,158
3216.21,7632,152
3217.50,7434,148
3218.79,7150,142
3220.08,6878,136
3221.37,6655,131
3222.66,6365,126
3223.95,6051,119
3225.23,5769,114
3226.52,5490,108
3227.81,5226,103
3229.10,4963,97
3230.39,4682,92
3231.68,4422,87
3232.97,4163,81
3234.26,3865,76
3235.55,3564,69
3236.84,3306,64
3238.12,3056,59
3239.41,2833,54
3240.70,2515,49