769,144,943,52,939,23
770,157,944,53,938,25
779,158,954,54,948,23
787,160,964,54,958,23
797,162,975,55,970,24
808,164,988,56,983,24
817,166,992,61,996,25
825,168,1009,57,1005,25
835,169,1021,58,1017,25
843,171,1032,59,1027,25
852,172,1043,59,1038,26
865,169,1051,59,1047,26
866,176,1061,60,1056,27
874,177,1070,60,1065,27
880,178,1077,61,1074,26
886,179,1085,61,1081,26
891,180,1092,62,1087,27
895,181,1096,62,1091,27
900,182,1102,63,1097,27
903,183,1107,63,1101,29
907,183,1109,62,1105,27
912,184,1115,63,1111,27
913,184,1118,63,1113,27
915,185,1121,63,1116,28
920,186,1114,71,1123,28
923,187,1130,64,1125,28
927,187,1135,64,1129,29
929,188,1138,64,1133,28
933,189,1142,64,1138,28
948,181,1147,65,1143,28
944,190,1155,65,1152,28
950,192,1160,67,1159,28
958,194,1173,66,1169,29
964,195,1182,67,1178,29
972,197,1189,67,1186,29
980,198,1200,67,1196,30
990,199,1212,69,1207,30
998,202,1221,69,1217,33
1007,203,1233,69,1229,30
1014,205,1242,70,1238,30
1023,207,1252,71,1249,31
1033,209,1266,71,1262,32
1045,210,1261,83,1277,31
1057,213,1294,73,1290,31
1065,215,1305,74,1302,33
1074,216,1317,74,1313,32
1084,218,1328,75,1325,33
1108,206,1336,75,1334,33
1099,222,1346,76,1343,33
1105,223,1344,81,1351,33
1112,224,1362,77,1360,34
1117,226,1368,77,1366,33
1123,227,1377,77,1374,33
1127,227,1381,78,1379,34
1138,223,1386,78,1384,34
1137,230,1392,78,1390,34
1140,229,1397,79,1394,35
1145,231,1402,79,1400,34
1148,231,1406,80,1403,35
1151,232,1410,80,1408,34
1154,232,1414,80,1411,34
1157,233,1418,80,1415,35
1161,234,1421,80,1418,38
1165,234,1426,81,1425,35
1167,235,1430,81,1428,35
1172,236,1435,80,1433,35
1178,237,1443,81,1440,36
1184,238,1435,91,1448,35
1191,240,1459,82,1458,36
1199,241,1468,83,1465,37
1206,243,1477,83,1475,36
1213,244,1486,83,1484,36
1234,236,1495,84,1494,37
1231,247,1508,85,1506,37
1241,249,1516,87,1517,37
1248,251,1529,86,1526,37
1257,253,1539,87,1538,38
1266,255,1552,87,1550,38
1278,257,1566,88,1563,38
1290,258,1578,89,1578,38
1297,260,1589,90,1585,43
1307,263,1600,90,1599,39
1317,264,1613,91,1613,40
1324,266,1622,91,1621,40
1332,268,1631,92,1631,40
1338,269,1614,106,1639,39
1344,270,1649,93,1647,40
1352,272,1655,93,1653,42
1356,272,1662,93,1661,41
1362,273,1669,94,1668,41
1390,257,1674,94,1673,41
1370,276,1679,94,1676,41
1374,276,1671,101,1683,41
1379,277,1689,95,1688,41
1380,277,1692,95,1691,42
1383,278,1695,95,1696,41
1387,279,1700,95,1698,41
1398,273,1703,96,1703,42
1393,280,1706,96,1706,42
1396,280,1712,95,1711,42
1400,281,1716,97,1715,42
1403,281,1721,97,1720,42
1408,282,1725,97,1724,41
1414,283,1732,98,1733,43
1422,285,1743,98,1742,43
1429,287,1750,99,1747,46
1435,288,1759,99,1758,43
1442,290,1767,99,1768,43
1450,291,1777,100,1777,44
1461,293,1790,101,1790,44
1469,295,1779,113,1801,43
1476,296,1810,102,1808,44
1486,298,1820,102,1818,45
1494,300,1832,103,1831,45
1505,301,1845,103,1845,45
1532,290,1857,104,1855,45
1522,305,1867,104,1865,46
1530,307,1870,109,1874,46
1539,309,1888,106,1887,46
1546,311,1897,107,1896,46
1554,312,1906,107,1905,46
1561,312,1914,109,1914,47
1571,312,1922,108,1922,46
1573,316,1929,108,1929,47
1579,317,1937,109,1935,47
1584,317,1942,109,1942,48
1589,318,1948,110,1947,48
1592,319,1953,110,1952,48
1597,319,1959,110,1958,48
1601,321,1963,110,1961,47
1603,322,1966,111,1963,51
1606,322,1970,110,1967,48
1610,322,1976,110,1974,48
1613,323,1979,111,1976,48
1615,323,1981,111,1980,48
1618,325,1969,121,1983,48
1620,325,1988,112,1987,48
1626,326,1995,112,1991,49
1627,326,1998,112,1995,48
1634,328,2006,112,2005,49
1654,318,2012,113,2010,49
1647,329,2020,113,2018,49
1652,331,2028,114,2026,49
1661,332,2036,114,2036,49
1667,334,2047,115,2045,49
1674,335,2054,115,2051,50
1682,336,2065,116,2063,50
1692,339,2077,116,2073,51
1698,340,2083,117,2079,55
1705,342,2095,117,2091,51
1713,344,2105,118,2103,52
1724,345,2116,119,2113,52
1732,347,2128,119,2124,52
1740,348,2108,136,2133,52
1748,350,2146,121,2144,52
1755,351,2154,121,2150,54
1761,352,2164,122,2160,52
1767,354,2170,122,2166,52
1800,335,2177,122,2174,53
1779,356,2184,122,2179,53
1784,357,2179,129,2186,53
1787,358,2196,123,2191,53
1792,358,2201,124,2197,54
1796,358,2204,123,2202,53
1799,360,2209,123,2206,54
1810,354,2216,124,2211,54
1805,361,2216,124,2215,54
1809,362,2225,124,2219,54
1810,362,2223,124,2221,54
1814,363,2229,125,2226,54
1816,363,2231,125,2226,54
1818,363,2233,126,2230,55
1823,364,2240,125,2235,54
1825,365,2240,126,2234,58
1827,364,2243,125,2239,54
1832,365,2249,126,2245,55
1837,368,2257,127,2253,55
1844,369,2264,127,2261,55
1847,368,2246,139,2265,55
1852,371,2276,127,2272,55
1859,372,2284,128,2278,56
1865,372,2290,128,2285,56
1873,375,2300,129,2296,56
1900,361,2311,130,2306,56
1886,376,2317,130,2312,56
1891,379,2320,131,2319,57
1900,380,2334,130,2329,57
1909,381,2345,131,2339,56
1915,382,2355,132,2348,56
1921,385,2361,132,2354,57
1928,385,2370,132,2363,58
1935,387,2375,133,2368,64
1939,388,2384,134,2378,58
1944,388,2389,133,2383,58
1948,389,2396,133,2389,58
1954,390,2401,135,2396,58
1958,390,2369,155,2401,58
1963,392,2411,134,2405,59
1966,393,2416,135,2408,62
1969,393,2420,136,2414,59
1972,394,2425,136,2418,59
2008,369,2428,136,2421,59
1977,395,2430,136,2423,59
1978,396,2412,146,2425,59
1980,396,2435,136,2429,59
1982,397,2437,136,2433,59
1986,397,2441,137,2434,59
1986,396,2443,137,2436,59
2003,387,2445,137,2439,59
1992,397,2450,137,2443,60
1994,398,2451,137,2446,59
1999,399,2456,138,2449,59
2001,401,2461,138,2455,60
2006,401,2464,138,2459,60
2011,402,2474,139,2467,60
2013,403,2475,138,2470,60
2019,403,2481,139,2473,65
2025,404,2489,140,2482,60
2029,405,2494,140,2490,61
2036,406,2501,140,2497,60
2039,408,2509,140,2502,61
2045,409,2483,159,2509,61
2051,410,2521,141,2516,61
2056,410,2527,141,2520,63
2061,412,2535,142,2529,62
2066,413,2542,142,2537,62
2100,391,2548,142,2543,62
2076,415,2554,143,2549,62
2079,416,2546,149,2554,63
2085,417,2563,143,2559,61
2088,417,2567,144,2563,63
2091,418,2572,144,2567,62
2095,419,2576,143,2572,62
2106,412,2579,145,2576,63
2101,420,2583,144,2581,62
2104,421,2588,145,2584,63
2105,421,2590,145,2587,63
2109,422,2594,145,2591,63
2111,421,2596,146,2592,63
2111,423,2598,145,2594,63
2114,422,2599,145,2595,63
2115,423,2601,146,2595,68
2116,423,2603,146,2600,63
2118,423,2604,146,2600,63
2119,424,2606,146,2602,63
2121,424,2610,146,2607,63
2123,424,2582,161,2607,64
2124,424,2612,146,2608,64
2128,425,2615,146,2610,65
2129,426,2617,147,2617,64
2132,426,2624,147,2620,64
2159,408,2630,147,2624,64
2138,427,2631,147,2629,64
2143,427,2629,150,2632,64
2147,428,2640,148,2637,64
2149,430,2645,148,2643,64
2155,429,2650,148,2647,65
2157,430,2653,148,2652,64
2163,429,2657,149,2656,65
2165,432,2663,149,2659,72
2169,433,2669,150,2666,65
2173,434,2673,149,2669,65
2175,434,2676,150,2674,65
2177,434,2680,150,2676,65
2181,436,2639,175,2683,65
2184,436,2687,150,2686,66
2186,437,2689,151,2684,69
2189,437,2691,150,2691,65
2191,437,2695,151,2693,65
2233,408,2697,151,2695,66
2196,439,2699,151,2698,66
2198,439,2678,163,2700,66
2198,439,2703,151,2702,66
2199,439,2705,151,2704,66
2200,439,2705,151,2704,65
2201,439,2705,151,2707,66
2221,425,2708,151,2710,66
2203,440,2708,151,2711,65
2203,439,2710,152,2711,66
2206,441,2714,152,2712,66
2205,441,2714,152,2713,66
2207,440,2714,152,2715,66
2208,440,2717,152,2715,66
2208,440,2717,151,2716,65
2211,440,2719,152,2717,72
2211,442,2722,152,2722,66
2214,442,2724,152,2724,65
2214,442,2725,152,2726,66
2218,442,2728,152,2728,66
2219,443,2690,173,2730,66
2220,443,2732,153,2733,66
2222,443,2734,153,2732,68
2225,444,2736,153,2737,66
2227,445,2739,153,2738,66
2263,420,2741,153,2743,66
2230,445,2743,153,2745,66
2234,446,2730,162,2747,66
2235,446,2749,153,2750,67
2236,447,2750,154,2751,66
2236,447,2751,153,2754,67
2240,447,2754,154,2755,67
2250,439,2755,154,2756,67
2242,447,2755,154,2757,66
2241,446,2756,154,2756,67
2242,447,2756,153,2759,67
2244,448,2757,154,2760,67
2243,448,2757,154,2759,67
2244,447,2757,154,2761,67
2244,449,2760,155,2762,67
2246,449,2761,155,2759,72
2245,448,2762,154,2763,67
2247,448,2762,154,2765,66
2246,449,2764,154,2765,67
2245,448,2765,154,2764,67
2248,450,2732,170,2765,67
2248,449,2764,154,2767,67
2247,449,2763,155,2762,68
2248,449,2764,154,2766,67
2248,449,2765,154,2767,67
2275,429,2765,155,2769,67
2248,449,2765,155,2767,66
2249,448,2757,159,2767,67
2250,449,2767,155,2769,67
2249,449,2768,155,2768,67
2250,449,2766,155,2769,67
2249,449,2768,155,2770,67
2256,445,2768,155,2770,67
2250,450,2768,154,2770,67
2251,450,2768,154,2771,67
2251,449,2768,156,2769,67
2251,449,2768,155,2770,68
2250,450,2767,155,2771,67
2250,449,2767,155,2771,67
2249,449,2767,154,2771,67
2249,449,2767,155,2766,71
2249,449,2766,154,2768,67
2249,448,2766,154,2768,67
2248,448,2766,154,2768,68
2248,449,2764,154,2767,67
2246,449,2736,168,2767,67
2247,448,2763,154,2766,67
2247,448,2761,154,2763,67
2247,449,2761,154,2766,66
2247,448,2760,154,2764,66
2266,432,2760,154,2763,67
2245,447,2761,154,2765,67
2245,448,2758,154,2764,68
2243,448,2760,154,2762,67
2244,447,2759,154,2763,67
2243,448,2759,154,2761,67
2243,448,2757,154,2760,67
2242,447,2757,153,2759,66
2242,447,2757,154,2757,74
2242,448,2757,153,2760,67
2240,447,2756,153,2759,67
2242,447,2757,154,2759,66
2240,448,2756,153,2759,67
2239,447,2710,177,2756,67
2239,446,2752,154,2756,67
2237,447,2752,154,2749,70
2235,446,2750,153,2754,67
2236,446,2749,154,2751,67
2272,417,2747,153,2750,66
2232,446,2746,153,2748,67
2232,446,2722,164,2747,67
2230,444,2742,153,2745,67
2229,445,2739,153,2743,67
2225,444,2737,152,2741,66
2226,444,2735,153,2739,67
2241,430,2733,152,2736,66
2221,444,2729,153,2733,66
2219,443,2727,152,2729,66
2216,442,2725,152,2728,66
2215,441,2722,152,2726,66
2212,441,2718,152,2721,67
2212,441,2717,152,2721,66
2210,441,2714,151,2719,66
2210,441,2713,151,2715,73
2207,441,2711,151,2715,65
2205,440,2707,151,2713,66
2204,440,2707,151,2712,66
2202,440,2705,152,2709,65
2200,440,2663,171,2706,66
2198,438,2702,151,2705,66
2198,438,2703,151,2700,68
2196,439,2699,151,2704,65
2197,438,2699,151,2702,66
2231,412,2698,151,2702,66
2195,438,2695,151,2699,66
2192,437,2677,159,2697,65
2192,437,2693,151,2696,66
2191,437,2692,151,2695,65
2190,437,2689,150,2694,66
2187,436,2687,151,2692,65
2200,426,2687,150,2689,65
2185,436,2684,150,2687,65
2181,436,2680,150,2682,65
2178,435,2677,150,2680,64
2177,434,2673,150,2677,65
2174,434,2669,149,2673,65
2170,432,2667,149,2669,65
2168,433,2661,149,2665,65
2163,431,2657,148,2657,70
2160,431,2651,148,2655,65
2157,431,2650,148,2652,64
2153,430,2644,148,2646,64
2149,429,2641,147,2642,63
2145,427,2601,166,2635,64
2138,427,2629,147,2630,64
2138,427,2628,147,2626,66
2132,427,2621,147,2623,64
2129,425,2617,146,2620,64
2159,401,2615,146,2616,63
2124,423,2609,146,2612,63
2122,423,2592,152,2609,64
2120,422,2603,145,2605,63
2117,423,2599,145,2601,63
2114,422,2596,145,2597,63
2110,422,2593,145,2595,63
2117,414,2589,144,2592,63
2106,421,2587,145,2589,62
2105,420,2585,144,2587,63
2102,420,2583,145,2585,62
2102,420,2583,145,2582,62
2098,419,2578,144,2580,63
2096,419,2577,144,2578,63
2096,418,2576,144,2576,63
2092,418,2571,144,2570,68
2091,417,2572,144,2572,62
2089,418,2569,143,2570,62
2087,416,2565,143,2567,62
2082,416,2562,142,2561,62
2078,415,2524,160,2555,62
2076,414,2551,143,2551,62
2071,414,2547,142,2544,63
2067,413,2542,142,2542,63
2061,412,2536,142,2534,62
2085,390,2530,141,2530,62
2051,410,2521,141,2522,61
2047,409,2506,146,2515,61
2041,408,2510,140,2510,61
2034,407,2502,139,2501,61
2028,405,2495,139,2494,60
2023,403,2488,139,2486,60
2024,397,2478,139,2479,60
2011,402,2472,138,2473,60
2007,401,2467,138,2467,60
2002,400,2461,138,2461,60
1999,400,2455,137,2455,60
1993,398,2449,137,2452,59
1989,397,2443,137,2445,60
1986,397,2438,136,2441,60
1981,396,2434,136,2433,64
1979,396,2431,136,2432,59
1975,394,2427,136,2428,59
1972,395,2424,135,2424,59
1967,393,2419,136,2420,59
1964,393,2387,150,2415,59
1964,392,2413,135,2414,59
1961,392,2411,134,2407,60
1958,391,2408,135,2406,58
1956,391,2405,135,2403,59
1977,372,2401,135,2400,58
1949,390,2397,134,2396,59
1949,390,2387,138,2394,58
1947,389,2393,134,2392,58
1943,388,2390,133,2389,58
1937,387,2382,133,2381,58
1934,387,2377,133,2376,57
1934,381,2370,132,2369,57
1924,385,2366,132,2364,58
1919,383,2359,131,2356,57
1912,383,2349,132,2349,57
1905,382,2340,131,2340,57
1898,380,2333,131,2333,57
1893,379,2327,131,2327,56
1886,376,2318,130,2316,57
1879,376,2310,129,2306,60
1871,375,2298,129,2299,56
1862,372,2289,129,2288,56
1855,371,2281,128,2279,56
1849,369,2271,128,2271,55
1843,368,2240,139,2263,55
1838,367,2255,127,2255,55
1832,367,2249,126,2248,56
1825,365,2242,126,2243,54
1821,363,2235,125,2235,55
1835,349,2227,125,2229,54
1811,362,2222,124,2223,53
1806,362,2212,126,2220,54
1803,360,2212,124,2214,54
1799,360,2209,124,2208,54
1794,359,2203,123,2203,53
1791,358,2200,123,2200,53
1788,356,2196,123,2194,53
1784,357,2193,123,2189,59
1784,356,2190,122,2188,54
1779,356,2184,122,2183,53
1777,356,2182,122,2180,53
