-0.15,3386,7007,5914
0.00,3391,7018,5928
0.15,3384,7017,5918
0.30,3385,7007,5916
0.45,3386,7006,5913
0.60,3383,7007,5914
0.75,3388,7005,5926
0.90,3383,7003,5912
1.05,3381,7008,5910
1.20,3381,7008,5909
1.35,3386,6998,5910
1.50,3379,7001,5919
1.65,3375,6986,5916
1.80,3376,6985,5902
1.95,3374,6980,5900
2.10,3374,6977,5898
2.25,3369,6981,5894
2.40,3368,6967,5907
2.55,3368,6973,5894
2.70,3366,6980,5892
2.85,3367,6970,5904
3.00,3371,6970,5892
3.15,3367,6969,5888
3.30,3368,6970,5887
3.45,3368,6970,5882
3.60,3366,6967,5884
3.75,3370,6967,5894
3.90,3367,6960,5879
4.05,3361,6959,5875
4.20,3360,6956,5873
4.35,3362,6949,5869
4.50,3357,6949,5869
4.65,3353,6952,5862
4.80,3351,6948,5858
4.95,3347,6935,5866
5.10,3347,6940,5864
5.25,3343,6923,5847
5.40,3344,6919,5841
5.55,3343,6926,5838
5.70,3338,6907,5848
5.85,3337,6914,5843
6.00,3333,6899,5839
6.15,3329,6892,5832
6.30,3326,6895,5814
6.45,3325,6887,5814
6.60,3323,6878,5809
6.75,3320,6875,5818
6.90,3320,6878,5813
7.05,3314,6862,5792
7.20,3317,6862,5793
7.35,3313,6857,5788
7.50,3309,6849,5787
7.65,3307,6842,5799
7.80,3306,6846,5779
7.95,3305,6833,5777
8.10,3296,6829,5784
8.25,3297,6831,5765
8.40,3294,6813,5774
8.55,3292,6810,5756
8.70,3291,6814,5766
8.85,3286,6800,5752
9.00,3281,6795,5756
9.15,3279,6798,5737
9.30,3275,6779,5743
9.45,3272,6774,5729
9.60,3269,6774,5729
9.75,3271,6761,5723
9.90,3264,6753,5703
10.05,3265,6751,5701
10.20,3256,6739,5692
10.35,3253,6731,5685
10.50,3250,6737,5679
10.65,3243,6724,5683
10.80,3245,6710,5666
10.95,3237,6699,5667
11.10,3229,6687,5649
11.25,3226,6687,5639
11.40,3221,6669,5633
11.55,3216,6656,5624
11.70,3216,6651,5614
11.85,3208,6639,5606
12.00,3204,6632,5599
12.15,3204,6622,5594
12.30,3196,6616,5588
12.45,3197,6606,5579
12.60,3189,6595,5582
12.75,3184,6586,5564
12.90,3177,6577,5556
13.05,3180,6570,5547
13.20,3175,6563,5556
13.35,3168,6560,5541
13.50,3170,6551,5536
13.65,3161,6545,5532
13.80,3157,6535,5540
13.95,3155,6530,5524
14.10,3150,6533,5516
14.25,3146,6524,5509
14.40,3141,6513,5505
14.55,3139,6492,5496
14.70,3132,6493,5486
14.85,3126,6471,5486
15.00,3123,6462,5479
15.15,3115,6450,5453
15.30,3111,6436,5445
15.45,3107,6427,5431
15.60,3103,6431,5422
15.75,3097,6411,5415
15.90,3092,6399,5405
16.05,3087,6388,5399
16.20,3081,6380,5388
16.35,3078,6367,5378
16.50,3071,6359,5368
16.65,3071,6345,5360
16.80,3064,6333,5360
16.95,3052,6332,5350
17.10,3046,6303,5323
17.25,3039,6291,5310
17.40,3033,6278,5301
17.55,3028,6271,5286
17.70,3025,6253,5278
17.85,3014,6239,5267
18.00,3008,6227,5255
18.15,3006,6216,5246
18.30,3001,6206,5252
18.45,2992,6206,5243
18.60,2983,6177,5214
18.75,2983,6167,5204
18.90,2979,6166,5195
19.05,2973,6154,5197
19.20,2962,6145,5190
19.35,2958,6125,5182
19.50,2953,6126,5174
19.65,2948,6107,5162
19.80,2945,6106,5148
19.95,2946,6085,5139
20.10,2939,6076,5148
20.25,2928,6062,5140
20.40,2924,6065,5120
20.55,2916,6039,5106
20.70,2913,6029,5101
20.85,2906,6017,5097
21.00,2906,6003,5067
21.15,2891,5998,5069
21.30,2890,5981,5048
21.45,2875,5967,5027
21.60,2871,5957,5031
21.75,2865,5934,5007
21.90,2858,5921,4995
22.05,2861,5913,4986
22.20,2846,5908,4973
22.35,2839,5894,4964
22.50,2835,5868,4966
22.65,2827,5864,4955
22.80,2819,5849,4925
22.95,2806,5814,4905
23.10,2800,5798,4893
23.25,2798,5783,4880
23.40,2785,5768,4868
23.55,2776,5749,4852
23.70,2777,5735,4839
23.85,2761,5724,4828
24.00,2762,5721,4815
24.15,2748,5695,4801
24.30,2740,5678,4787
24.45,2733,5659,4774
24.60,2732,5645,4758
24.75,2726,5633,4750
24.90,2711,5617,4736
25.05,2703,5601,4724
25.20,2707,5602,4729
25.35,2699,5593,4722
25.50,2690,5584,4715
25.65,2684,5562,4708
25.80,2686,5559,4684
25.95,2674,5542,4677
26.10,2667,5529,4682
26.25,2664,5517,4659
26.40,2655,5502,4645
26.55,2648,5487,4648
26.70,2641,5469,4622
26.85,2633,5466,4605
27.00,2625,5448,4604
27.15,2617,5419,4587
27.30,2606,5400,4556
27.45,2599,5392,4536
27.60,2598,5365,4525
27.75,2585,5364,4512
27.90,2577,5337,4497
28.05,2574,5330,4494
28.20,2565,5313,4477
28.35,2555,5305,4464
28.50,2545,5285,4443
28.65,2536,5255,4428
28.80,2528,5238,4414
28.95,2527,5219,4414
29.10,2514,5205,4377
29.25,2504,5185,4369
29.40,2494,5165,4353
29.55,2492,5142,4348
29.70,2475,5126,4335
29.85,2474,5107,4305
30.00,2459,5105,4290
30.15,2451,5085,4275
30.30,2442,5056,4261
30.45,2435,5045,4249
30.60,2426,5032,4231
30.75,2419,5013,4232
30.90,2409,4992,4205
31.05,2408,4983,4189
31.20,2395,4960,4181
31.35,2390,4952,4173
31.50,2392,4938,4179
31.65,2378,4939,4157
31.80,2375,4915,4164
31.95,2374,4904,4138
32.10,2362,4888,4138
32.25,2355,4875,4131
32.40,2348,4861,4117
32.55,2339,4843,4087
32.70,2341,4825,4073
32.85,2323,4806,4054
33.00,2314,4788,4039
33.15,2305,4770,4021
33.30,2293,4745,4001
33.45,2285,4729,3997
33.60,2277,4723,3969
33.75,2268,4696,3955
33.90,2261,4679,3956
34.05,2255,4669,3945
34.20,2244,4644,3911
34.35,2235,4627,3909
34.50,2229,4628,3900
34.65,2225,4601,3865
34.80,2216,4583,3864
34.95,2199,4552,3833
35.10,2188,4527,3811
35.25,2178,4510,3797
35.40,2169,4488,3777
35.55,2158,4467,3760
35.70,2150,4459,3757
35.85,2144,4424,3724
36.00,2132,4411,3713
36.15,2122,4391,3698
36.30,2114,4374,3681
36.45,2106,4357,3669
36.60,2095,4335,3649
36.75,2087,4332,3651
36.90,2078,4302,3638
37.05,2067,4279,3616
37.20,2063,4284,3610
37.35,2057,4260,3585
37.50,2052,4247,3579
37.65,2045,4246,3567
37.80,2047,4232,3557
37.95,2043,4207,3559
38.10,2027,4194,3534
38.25,2018,4178,3526
38.40,2011,4161,3522
38.55,2011,4144,3494
38.70,2003,4125,3490
38.85,1985,4117,3474
39.00,1976,4085,3443
39.15,1965,4077,3440
39.30,1963,4043,3404
39.45,1945,4023,3386
39.60,1937,4009,3373
39.75,1938,3991,3374
39.90,1928,3970,3356
40.05,1911,3954,3342
40.20,1907,3958,3336
40.35,1898,3938,3303
40.50,1888,3918,3286
40.65,1877,3881,3270
40.80,1865,3864,3252
40.95,1855,3834,3229
41.10,1842,3824,3213
41.25,1836,3807,3195
41.40,1825,3775,3192
41.55,1823,3755,3174
41.70,1806,3749,3145
41.85,1796,3729,3142
42.00,1788,3714,3114
42.15,1780,3681,3111
42.30,1769,3674,3081
42.45,1762,3645,3068
42.60,1752,3624,3049
42.75,1741,3602,3031
42.90,1733,3602,3029
43.05,1724,3579,3002
43.20,1719,3554,2992
43.35,1720,3552,2992
43.50,1704,3523,2965
43.65,1696,3509,2954
43.80,1690,3499,2944
43.95,1691,3482,2933
44.10,1676,3479,2919
44.25,1669,3463,2908
44.40,1660,3434,2893
44.55,1662,3433,2880
44.70,1643,3401,2862
44.85,1644,3381,2863
45.00,1627,3364,2829
45.15,1615,3354,2812
45.30,1604,3320,2795
45.45,1598,3305,2796
45.60,1597,3283,2763
45.75,1587,3276,2747
45.90,1567,3253,2728
46.05,1561,3230,2720
46.20,1551,3208,2701
46.35,1553,3191,2684
46.50,1539,3173,2671
46.65,1525,3166,2667
46.80,1512,3127,2649
46.95,1511,3105,2629
47.10,1489,3076,2590
47.25,1479,3058,2573
47.40,1483,3041,2576
47.55,1471,3032,2541
47.70,1447,2991,2519
47.85,1451,2979,2507
48.00,1435,2965,2496
48.15,1438,2946,2481
48.30,1427,2939,2479
48.45,1417,2905,2447
48.60,1395,2884,2444
48.75,1387,2865,2428
48.90,1378,2849,2413
49.05,1370,2844,2398
49.20,1362,2828,2384
49.35,1357,2800,2360
49.50,1349,2799,2347
49.65,1343,2787,2337
49.80,1337,2762,2341
49.95,1329,2760,2315
50.10,1334,2734,2304
50.25,1317,2731,2306
50.40,1309,2705,2280
50.55,1301,2689,2264
50.70,1292,2670,2250
50.85,1283,2651,2248
51.00,1274,2631,2230
51.15,1277,2625,2216
51.30,1254,2588,2178
51.45,1245,2572,2165
51.60,1238,2556,2152
51.75,1229,2541,2154
51.90,1221,2524,2140
52.05,1228,2510,2115
52.20,1218,2489,2113
52.35,1198,2474,2083
52.50,1200,2455,2082
52.65,1178,2445,2064
52.80,1170,2417,2034
52.95,1161,2401,2018
53.10,1150,2371,2001
53.25,1139,2348,1979
53.40,1131,2333,1964
53.55,1121,2327,1948
53.70,1109,2303,1929
53.85,1103,2278,1920
54.00,1096,2263,1919
54.15,1084,2254,1903
54.30,1077,2223,1872
54.45,1070,2210,1862
54.60,1058,2184,1838
54.75,1049,2166,1825
54.90,1055,2166,1812
55.05,1033,2131,1809
55.20,1027,2122,1785
55.35,1022,2126,1793
55.50,1030,2112,1769
55.65,1025,2089,1762
55.80,1006,2089,1751
55.95,1001,2067,1739
56.10,994,2051,1730
56.25,987,2039,1718
56.40,980,2037,1721
56.55,985,2007,1691
56.70,965,1988,1678
56.85,956,1971,1664
57.00,948,1953,1662
57.15,952,1936,1646
57.30,941,1929,1627
57.45,920,1897,1596
57.60,913,1881,1585
57.75,905,1866,1587
57.90,899,1869,1558
58.05,906,1842,1565
58.20,887,1829,1541
58.35,877,1809,1523
58.50,882,1793,1525
58.65,860,1774,1493
58.80,850,1752,1475
58.95,838,1734,1457
59.10,832,1715,1445
59.25,824,1699,1428
59.40,815,1677,1412
59.55,807,1677,1399
59.70,813,1650,1402
59.85,789,1625,1384
60.00,797,1615,1374
60.15,774,1611,1344
60.30,769,1584,1332
60.45,762,1572,1323
60.60,755,1552,1306
60.75,746,1556,1295
60.90,754,1526,1300
61.05,731,1506,1266
61.20,728,1497,1275
61.35,721,1484,1246
61.50,728,1472,1238
61.65,723,1461,1229
61.80,705,1451,1220
61.95,699,1440,1229
62.10,696,1428,1202
62.25,688,1416,1194
62.40,693,1419,1197
62.55,676,1390,1170
62.70,680,1376,1157
62.85,659,1359,1145
63.00,654,1361,1133
63.15,658,1344,1134
63.30,649,1314,1103
63.45,631,1312,1106
63.60,623,1284,1095
63.75,618,1274,1084
63.90,623,1257,1057
64.05,604,1258,1048
64.20,596,1226,1047
64.35,589,1211,1034
64.50,583,1200,1009
64.65,575,1194,993
64.80,566,1165,995
64.95,560,1149,983
65.10,550,1146,966
65.25,554,1132,939
65.40,538,1102,943
65.55,529,1101,913
65.70,522,1088,902
65.85,514,1070,886
66.00,509,1046,893
66.15,503,1034,869
66.30,497,1024,870
66.45,492,1010,863
66.60,486,994,835
66.75,489,982,825
66.90,474,970,829
67.05,466,972,802
67.20,470,948,796
67.35,458,939,789
67.50,454,932,783
67.65,449,937,774
67.80,445,913,781
67.95,442,919,774
68.10,437,896,766
68.25,440,885,744
68.40,426,875,749
68.55,429,861,726
68.70,423,850,722
68.85,409,837,716
69.00,403,824,693
69.15,397,825,682
69.30,389,795,675
69.45,382,782,659
69.60,375,767,656
69.75,377,756,646
69.90,363,742,624
70.05,360,738,620
70.20,354,724,618
70.35,357,726,599
70.50,351,716,591
70.65,338,691,580
70.80,332,678,570
70.95,334,676,566
71.10,319,651,546
71.25,314,640,544
71.40,308,638,526
71.55,302,627,517
71.70,296,615,508
71.85,291,604,504
72.00,287,583,490
72.15,283,572,486
72.30,284,563,472
72.45,272,553,464
72.60,265,539,452
72.75,262,530,446
72.90,258,524,444
73.05,252,512,430
73.20,250,506,426
73.35,247,500,420
73.50,250,505,416
73.65,242,498,412
73.80,238,481,407
73.95,235,476,402
74.10,232,469,395
74.25,229,471,389
74.40,224,463,382
74.55,220,445,374
74.70,215,436,367
74.85,217,427,358
75.00,207,416,350
75.15,207,408,343
75.30,197,396,332
75.45,193,386,325
75.60,193,383,315
75.75,189,369,310
75.90,180,369,306
76.05,184,366,300
76.20,174,348,291
76.35,168,338,284
76.50,166,339,278
76.65,162,331,268
76.80,164,316,263
76.95,158,306,257
77.10,148,296,249
77.25,146,295,243
77.40,141,279,235
77.55,141,272,228
77.70,134,265,224
77.85,131,258,217
78.00,125,254,209
78.15,123,246,200
78.30,121,239,200
78.45,118,235,188
78.60,114,229,183
78.75,113,224,185
78.90,109,213,172
79.05,110,208,175
79.20,104,203,171
79.35,106,200,161
79.50,100,197,165
79.65,98,193,162
79.80,100,189,159
79.95,96,184,158
80.10,93,181,151
80.25,95,176,148
80.40,89,172,144
80.55,86,167,132
80.70,84,159,136
80.85,84,155,131
81.00,79,153,126
81.15,75,145,122
81.30,73,139,107
81.45,70,134,112
81.60,71,128,108
81.75,66,125,95
81.90,66,119,101
82.05,62,115,97
82.20,59,111,93
82.35,58,102,90
82.50,55,103,76
82.65,56,97,82
82.80,53,94,79
82.95,51,90,76
83.10,48,83,70
83.25,45,80,68
83.40,43,78,65
83.55,41,74,62
83.70,39,61,58
83.85,41,66,44
84.00,39,64,53
84.15,36,62,52
84.30,35,58,38
84.45,33,55,35
84.60,31,55,44
84.75,31,51,43
84.90,29,38,40
85.05,31,47,27
85.20,28,45,38
85.35,27,45,36
85.50,29,42,36
85.65,25,40,35
85.80,25,39,34
85.95,24,39,20
86.10,24,37,31
86.25,25,36,30
86.40,22,35,29
86.55,21,33,27
86.70,23,32,27
86.85,20,19,26
87.00,20,30,25
87.15,18,16,23
87.30,19,26,10
87.45,18,24,9
87.60,17,24,20
87.75,18,23,7
87.90,18,11,19
88.05,17,11,20
88.20,16,11,18
88.35,17,22,19
88.50,17,22,6
88.65,16,22,6
88.80,16,22,18
88.95,16,22,6
89.10,16,23,19
89.25,19,23,20
89.40,18,12,20
89.55,18,25,22
89.70,17,25,9
89.85,19,15,22
90.00,19,27,11
90.15,19,27,11
90.30,23,19,25
90.45,21,30,27
90.60,22,34,29
90.75,22,33,28
90.90,23,35,29
91.05,23,36,19
91.20,26,26,19
91.35,26,37,32
91.50,26,39,33
91.65,27,40,35
91.80,25,41,24
91.95,29,43,36
92.10,27,43,38
92.25,29,36,40
92.40,29,47,29
92.55,30,41,44
92.70,31,53,45
92.85,33,56,48
93.00,37,59,50
93.15,38,62,54
93.30,40,65,56
93.45,39,61,48
93.60,42,73,51
93.75,43,69,65
93.90,47,72,56
94.05,45,76,60
94.20,47,79,74
94.35,50,81,76
94.50,55,86,69
94.65,56,97,84
94.80,59,96,86
94.95,60,114,87
95.10,61,115,97
95.25,63,116,101
95.40,65,121,106
95.55,66,123,98
95.70,70,132,112
95.85,71,136,115
96.00,74,141,114
96.15,80,143,124
96.30,79,153,130
96.45,80,156,123
96.60,84,162,137
96.75,90,166,134
96.90,88,169,145
97.05,91,177,142
97.20,95,181,146
97.35,95,185,157
97.50,96,187,159
97.65,101,192,162
97.80,99,196,160
97.95,100,198,169
98.10,103,203,173
98.25,110,208,171
98.40,109,212,175
98.55,110,219,187
98.70,114,226,186
98.85,117,232,198
99.00,123,239,206
99.15,129,246,209
99.30,129,255,219
99.45,132,264,218
99.60,136,276,229
99.75,140,277,234
99.90,144,285,241
100.05,146,290,247
100.20,155,301,255
100.35,155,312,260
100.50,160,312,264
100.65,161,323,274
100.80,165,331,278
100.95,171,343,291
101.10,175,351,295
101.25,180,360,305
101.40,186,374,316
101.55,193,380,320
101.70,194,400,330
101.85,198,407,338
102.00,200,411,341
102.15,205,421,349
102.30,209,432,357
102.45,216,436,370
102.60,218,441,376
102.75,220,445,377
102.90,224,454,384
103.05,228,463,395
103.20,231,479,396
103.35,234,475,401
103.50,238,481,406
103.65,239,487,410
103.80,243,492,416
103.95,246,508,422
104.10,255,504,433
104.25,257,512,433
104.40,257,522,441
104.55,260,541,448
104.70,266,548,456
104.85,278,551,465
105.00,282,562,475
105.15,282,584,487
105.30,287,592,496
105.45,295,599,504
105.60,300,612,515
105.75,312,634,525
105.90,310,644,541
106.05,322,644,551
106.20,321,657,553
106.35,326,664,561
106.50,337,686,578
106.65,336,688,580
106.80,350,713,590
106.95,353,724,620
107.10,356,729,614
107.25,363,740,635
107.40,370,757,649
107.55,374,765,646
107.70,385,789,666
107.85,391,813,674
108.00,392,803,677
108.15,398,830,687
108.30,403,838,707
108.45,411,856,710
108.60,424,868,719
108.75,419,858,736
108.90,424,870,733
109.05,431,884,758
109.20,434,892,752
109.35,447,898,756
109.50,442,904,763
109.65,454,919,770
109.80,450,937,776
109.95,453,928,784
110.10,459,939,793
110.25,463,965,800
110.40,477,975,809
110.55,473,987,820
110.70,481,985,845
110.85,488,1000,843
111.00,504,1014,855
111.15,511,1030,875
111.30,511,1048,883
111.45,518,1062,897
111.60,523,1077,907
111.75,541,1094,921
111.90,537,1104,930
112.05,556,1121,944
112.20,550,1132,953
112.35,556,1140,977
112.50,562,1170,980
112.65,570,1174,989
112.80,587,1201,999
112.95,587,1206,1032
113.10,595,1226,1034
113.25,604,1240,1045
113.40,621,1267,1056
113.55,618,1270,1083
113.70,638,1287,1102
113.85,647,1306,1101
114.00,651,1315,1123
114.15,650,1348,1125
114.30,665,1344,1132
114.45,670,1356,1142
114.60,668,1389,1160
114.75,674,1402,1168
114.90,685,1409,1188
115.05,702,1417,1196
115.20,705,1441,1201
115.35,696,1435,1209
115.50,702,1458,1217
115.65,705,1467,1241
115.80,711,1477,1234
115.95,728,1473,1242
116.10,720,1484,1252
116.25,737,1511,1277
116.40,735,1509,1288
116.55,741,1524,1285
116.70,761,1556,1299
116.85,755,1557,1314
117.00,765,1574,1344
117.15,773,1593,1344
117.30,784,1630,1360
117.45,793,1648,1378
117.60,802,1665,1391
117.75,811,1669,1405
117.90,816,1697,1417
118.05,836,1698,1431
118.20,833,1716,1462
118.35,842,1731,1475
118.50,848,1762,1472
118.65,858,1765,1504
118.80,878,1798,1503
118.95,893,1829,1529
119.10,892,1839,1549
119.25,911,1861,1570
119.40,903,1862,1568
119.55,916,1886,1591
119.70,938,1914,1605
119.85,930,1915,1614
120.00,939,1950,1632
120.15,946,1950,1643
120.30,955,1966,1657
120.45,978,1989,1675
120.60,970,2000,1685
120.75,976,2011,1697
120.90,990,2057,1722
121.05,993,2045,1739
121.20,997,2070,1733
121.35,1002,2067,1757
121.50,1018,2089,1751
121.65,1024,2088,1759
121.80,1018,2101,1768
121.95,1035,2122,1781
122.10,1031,2122,1791
122.25,1036,2138,1805
122.40,1056,2154,1816
122.55,1052,2171,1831
122.70,1072,2203,1847
122.85,1083,2224,1879
123.00,1093,2230,1894
123.15,1091,2251,1897
123.30,1102,2287,1917
123.45,1111,2309,1933
123.60,1118,2324,1961
123.75,1140,2325,1974
123.90,1134,2344,1972
124.05,1145,2376,2006
124.20,1150,2372,2014
124.35,1157,2404,2013
124.50,1170,2415,2036
124.65,1179,2449,2051
124.80,1207,2469,2079
124.95,1203,2482,2107
125.10,1211,2504,2123
125.25,1221,2524,2126
125.40,1228,2539,2141
125.55,1250,2559,2172
125.70,1250,2597,2178
125.85,1256,2598,2189
126.00,1267,2619,2209
126.15,1291,2656,2226
126.30,1283,2665,2235
126.45,1292,2681,2247
126.60,1299,2698,2265
126.75,1320,2708,2282
126.90,1317,2724,2294
127.05,1326,2754,2308
127.20,1339,2749,2329
127.35,1334,2758,2324
127.50,1338,2768,2335
127.65,1357,2782,2345
127.80,1361,2792,2357
127.95,1355,2803,2366
128.10,1364,2815,2377
128.25,1369,2830,2405
128.40,1377,2845,2404
128.55,1387,2865,2417
128.70,1394,2884,2434
128.85,1403,2904,2448
129.00,1425,2936,2483
129.15,1437,2948,2485
129.30,1437,2972,2520
129.45,1448,2996,2522
129.60,1458,3016,2557
129.75,1466,3034,2557
129.90,1473,3049,2568
130.05,1483,3069,2584
130.20,1505,3103,2603
130.35,1501,3117,2617
130.50,1511,3131,2654
130.65,1520,3157,2664
130.80,1530,3183,2669
130.95,1547,3199,2697
131.10,1558,3236,2715
131.25,1562,3246,2725
131.40,1577,3264,2751
131.55,1585,3295,2764
131.70,1591,3296,2777
131.85,1601,3316,2793
132.00,1621,3334,2810
132.15,1635,3362,2833
132.30,1637,3372,2840
132.45,1636,3402,2855
132.60,1646,3407,2872
132.75,1654,3426,2902
132.90,1662,3439,2912
133.05,1672,3463,2931
133.20,1688,3480,2928
133.35,1682,3499,2951
133.50,1688,3495,2945
133.65,1695,3507,2958
133.80,1709,3531,2985
133.95,1716,3542,2992
134.10,1712,3544,2998
134.25,1718,3557,3017
134.40,1736,3574,3015
134.55,1737,3592,3033
134.70,1746,3614,3050
134.85,1756,3642,3065
135.00,1766,3654,3082
135.15,1778,3679,3103
135.30,1789,3706,3136
135.45,1800,3728,3139
135.60,1810,3747,3156
135.75,1816,3762,3183
135.90,1826,3794,3202
136.05,1843,3813,3200
136.20,1842,3816,3214
136.35,1862,3838,3247
136.50,1872,3859,3250
136.65,1875,3894,3268
136.80,1884,3907,3302
136.95,1897,3930,3312
137.10,1909,3965,3328
137.25,1920,3978,3349
137.40,1928,3992,3377
137.55,1945,4016,3396
137.70,1948,4029,3409
137.85,1958,4053,3416
138.00,1966,4069,3425
138.15,1985,4093,3462
138.30,1985,4112,3464
138.45,2001,4125,3474
138.60,2018,4178,3517
138.75,2017,4177,3532
138.90,2022,4191,3528
139.05,2035,4208,3549
139.20,2031,4219,3543
139.35,2036,4218,3554
139.50,2051,4241,3562
139.65,2057,4241,3574
139.80,2052,4260,3597
139.95,2058,4263,3595
140.10,2064,4286,3605
140.25,2071,4299,3618
140.40,2078,4304,3633
140.55,2088,4320,3646
140.70,2097,4340,3676
140.85,2108,4373,3681
141.00,2116,4385,3695
141.15,2129,4417,3716
141.30,2139,4432,3732
141.45,2158,4452,3751
141.60,2169,4474,3782
141.75,2172,4497,3787
141.90,2186,4525,3799
142.05,2186,4524,3811
142.20,2197,4564,3832
142.35,2204,4579,3846
142.50,2216,4590,3864
142.65,2232,4605,3891
142.80,2235,4628,3896
142.95,2245,4650,3915
143.10,2263,4687,3947
143.25,2270,4714,3973
143.40,2284,4732,3982
143.55,2302,4781,4015
143.70,2303,4784,4017
143.85,2304,4783,4017
144.00,2317,4800,4040
144.15,2331,4829,4080
144.30,2337,4829,4078
144.45,2342,4836,4069
144.60,2351,4857,4094
144.75,2355,4880,4119
144.90,2360,4897,4119
145.05,2368,4907,4131
145.20,2379,4925,4151
145.35,2382,4922,4150
145.50,2381,4930,4155
145.65,2385,4942,4175
145.80,2389,4948,4174
145.95,2395,4974,4185
146.10,2401,4971,4196
146.25,2406,4997,4207
146.40,2415,5012,4222
146.55,2424,5018,4235
146.70,2431,5049,4250
146.85,2443,5057,4265
147.00,2451,5076,4280
147.15,2470,5097,4296
147.30,2475,5124,4327
147.45,2482,5145,4330
147.60,2499,5165,4345
147.75,2508,5184,4377
147.90,2506,5196,4375
148.05,2515,5213,4391
148.20,2523,5240,4400
148.35,2526,5235,4407
148.50,2542,5268,4435
148.65,2547,5291,4444
148.80,2557,5299,4461
148.95,2568,5332,4478
149.10,2578,5347,4501
149.25,2592,5367,4510
149.40,2589,5380,4522
149.55,2598,5396,4549
149.70,2607,5403,4551
149.85,2621,5418,4565
150.00,2629,5436,4579
150.15,2643,5477,4625
150.30,2641,5474,4609
150.45,2648,5498,4619
150.60,2654,5511,4631
150.75,2655,5517,4636
150.90,2669,5545,4660
151.05,2673,5541,4667
151.20,2684,5551,4674
151.35,2688,5569,4682
151.50,2685,5567,4704
151.65,2692,5576,4717
151.80,2702,5596,4711
151.95,2705,5595,4732
152.10,2705,5606,4732
152.25,2719,5617,4755
152.40,2719,5629,4751
152.55,2730,5657,4762
152.70,2740,5671,4775
152.85,2748,5678,4786
153.00,2747,5704,4798
153.15,2755,5710,4813
153.30,2766,5728,4840
153.45,2777,5755,4838
153.60,2786,5764,4854
153.75,2792,5787,4876
153.90,2791,5786,4892
154.05,2798,5811,4894
154.20,2805,5826,4912
154.35,2811,5825,4908
154.50,2818,5839,4922
154.65,2825,5855,4939
154.80,2841,5889,4954
154.95,2848,5904,4974
155.10,2855,5925,4998
155.25,2864,5931,5004
155.40,2872,5951,5009
155.55,2873,5956,5034
155.70,2878,5963,5028
155.85,2894,5994,5051
156.00,2899,6004,5075
156.15,2896,6011,5074
156.30,2910,6018,5087
156.45,2906,6036,5079
156.60,2919,6066,5102
156.75,2921,6052,5103
156.90,2934,6069,5114
157.05,2933,6076,5124
157.20,2938,6094,5130
157.35,2942,6092,5136
157.50,2945,6113,5159
157.65,2949,6110,5152
157.80,2960,6120,5161
157.95,2957,6129,5185
158.10,2962,6136,5194
158.25,2968,6148,5191
158.40,2972,6155,5199
158.55,2977,6170,5219
158.70,2984,6189,5217
158.85,2989,6192,5226
159.00,2996,6205,5235
159.15,3001,6220,5245
159.30,3011,6232,5271
159.45,3016,6243,5266
159.60,3021,6253,5275
159.75,3024,6276,5296
159.90,3031,6273,5294
160.05,3037,6285,5304
160.20,3046,6309,5327
160.35,3047,6305,5335
160.50,3052,6314,5331
160.65,3062,6335,5363
160.80,3064,6339,5365
160.95,3077,6357,5366
161.10,3076,6367,5388
161.25,3087,6377,5387
161.40,3092,6399,5403
161.55,3093,6413,5405
161.70,3103,6432,5424
161.85,3109,6436,5424
162.00,3113,6441,5439
162.15,3115,6444,5458
162.30,3117,6459,5447
162.45,3121,6459,5457
162.60,3125,6469,5481
162.75,3130,6476,5472
162.90,3141,6496,5480
163.05,3141,6506,5490
163.20,3149,6502,5493
163.35,3147,6506,5511
163.50,3150,6524,5511
163.65,3151,6532,5521
163.80,3155,6532,5518
163.95,3158,6533,5538
164.10,3161,6539,5530
164.25,3165,6545,5536
164.40,3169,6551,5558
164.55,3173,6572,5550
164.70,3181,6580,5559
164.85,3181,6587,5576
165.00,3186,6588,5585
165.15,3191,6597,5581
165.30,3195,6608,5589
165.45,3200,6617,5594
165.60,3208,6635,5618
165.75,3209,6636,5610
165.90,3213,6647,5619
166.05,3216,6651,5621
166.20,3218,6655,5627
166.35,3222,6663,5636
166.50,3224,6671,5640
166.65,3232,6683,5650
166.80,3237,6693,5674
166.95,3242,6723,5686
167.10,3243,6709,5687
167.25,3247,6727,5683
167.40,3251,6728,5688
167.55,3258,6732,5690
167.70,3262,6758,5718
167.85,3260,6749,5705
168.00,3268,6753,5712
168.15,3265,6757,5728
168.30,3271,6776,5732
168.45,3277,6778,5728
168.60,3277,6782,5735
168.75,3282,6804,5754
168.90,3281,6792,5751
169.05,3284,6813,5751
169.20,3287,6806,5749
169.35,3286,6817,5753
169.50,3289,6813,5758
169.65,3293,6814,5773
169.80,3292,6814,5779
169.95,3295,6827,5770
170.10,3300,6819,5783
170.25,3297,6822,5776
170.40,3301,6827,5778
170.55,3304,6836,5783
170.70,3305,6841,5804
170.85,3309,6857,5809
171.00,3312,6860,5799
171.15,3315,6869,5805
171.30,3321,6877,5808
171.45,3323,6880,5814
171.60,3325,6887,5834
171.75,3328,6904,5822
171.90,3331,6897,5845
172.05,3336,6912,5831
172.20,3340,6907,5848
172.35,3338,6920,5835
172.50,3340,6915,5843
172.65,3344,6925,5843
172.80,3347,6925,5861
172.95,3346,6930,5853
173.10,3353,6939,5860
173.25,3348,6938,5859
173.40,3354,6940,5862
173.55,3350,6942,5863
173.70,3355,6945,5868
173.85,3356,6951,5870
174.00,3359,6957,5874
174.15,3358,6966,5875
174.30,3360,6962,5890
174.45,3364,6964,5880
174.60,3363,6976,5880
174.75,3364,6971,5888
174.90,3366,6972,5901
175.05,3365,6974,5887
175.20,3367,6975,5890
175.35,3366,6978,5891
175.50,3369,6981,5895
175.65,3367,6977,5908
175.80,3371,6988,5908
175.95,3368,6976,5901
176.10,3366,6984,5899
176.25,3372,6976,5900
176.40,3368,6976,5898
176.55,3368,6981,5914
176.70,3374,6990,5902
176.85,3372,6985,5902
177.00,3375,6988,5903
177.15,3375,6992,5906
177.30,3375,6995,5909
177.45,3377,6999,5909
177.60,3377,6998,5910
177.75,3376,7011,5907
177.90,3378,7012,5908
178.05,3377,7003,5910
178.20,3382,7006,5910
178.35,3382,7008,5925
178.50,3382,7014,5913
178.65,3383,7009,5925
178.80,3379,7015,5909
178.95,3383,7009,5911
179.10,3378,7015,5925
179.25,3380,7008,5911
179.40,3379,7004,5921
179.55,3378,7015,5910
179.70,3382,7013,5906
179.85,3378,7005,5911
180.00,3380,7004,5910
180.15,3376,7004,5922
180.30,3377,7005,5908
180.45,3376,7004,5906
180.60,3374,7010,5905
180.75,3377,6998,5916
180.90,3377,7005,5901
181.05,3379,6997,5900
181.20,3380,6997,5913
181.35,3373,6997,5901
181.50,3372,6992,5900
181.65,3373,7000,5898
181.80,3370,6986,5896
181.95,3370,6987,5900
182.10,3374,6991,5894
182.25,3366,6979,5891
182.40,3365,6976,5891
182.55,3365,6975,5888
182.70,3365,6974,5886
182.85,3370,6975,5897
183.00,3365,6975,5888
183.15,3362,6973,5881
183.30,3364,6973,5878
183.45,3361,6971,5876
183.60,3361,6968,5877
183.75,3358,6966,5872
183.90,3359,6965,5860
184.05,3354,6956,5860
184.20,3358,6956,5860
184.35,3350,6952,5855
184.50,3348,6945,5850
184.65,3346,6942,5850
184.80,3345,6941,5848
184.95,3345,6935,5844
185.10,3337,6923,5832
185.25,3339,6926,5833
185.40,3335,6918,5839
185.55,3334,6924,5838
185.70,3337,6913,5821
185.85,3327,6906,5818
186.00,3329,6903,5828
186.15,3328,6899,5810
186.30,3323,6893,5807
186.45,3322,6897,5813
186.60,3318,6896,5797
186.75,3318,6880,5793
186.90,3316,6879,5793
187.05,3312,6866,5784
187.20,3310,6878,5782
187.35,3309,6862,5779
187.50,3309,6871,5776
187.65,3305,6865,5771
187.80,3303,6851,5780
187.95,3304,6846,5764
188.10,3299,6838,5777
188.25,3295,6830,5770
188.40,3291,6826,5750
188.55,3288,6820,5761
188.70,3286,6827,5741
188.85,3284,6809,5737
189.00,3283,6819,5732
189.15,3278,6811,5724
189.30,3276,6803,5730
189.45,3271,6800,5726
189.60,3273,6786,5713
189.75,3271,6778,5714
189.90,3266,6772,5697
190.05,3260,6770,5702
190.20,3262,6754,5687
190.35,3259,6751,5680
190.50,3247,6735,5677
190.65,3246,6733,5663
190.80,3239,6713,5647
190.95,3238,6714,5649
191.10,3233,6705,5653
191.25,3234,6698,5649
191.40,3231,6692,5630
191.55,3220,6690,5619
191.70,3219,6673,5615
191.85,3216,6663,5606
192.00,3204,6645,5604
192.15,3205,6655,5606
192.30,3201,6642,5599
192.45,3198,6645,5579
192.60,3194,6621,5571
192.75,3189,6609,5572
192.90,3186,6606,5570
193.05,3175,6585,5541
193.20,3175,6587,5538
193.35,3173,6590,5535
193.50,3169,6585,5544
193.65,3167,6567,5522
193.80,3162,6560,5519
193.95,3159,6553,5511
194.10,3155,6544,5521
194.25,3152,6537,5501
194.40,3148,6536,5494
194.55,3143,6520,5500
194.70,3144,6510,5491
194.85,3138,6511,5467
195.00,3134,6491,5475
195.15,3125,6480,5465
195.30,3119,6478,5441
195.45,3117,6453,5428
195.60,3108,6446,5436
195.75,3107,6443,5419
195.90,3101,6428,5406
196.05,3098,6425,5403
196.20,3091,6411,5393
196.35,3088,6407,5388
196.50,3084,6394,5377
196.65,3075,6378,5377
196.80,3060,6364,5340
196.95,3063,6352,5342
197.10,3050,6322,5307
197.25,3044,6314,5311
197.40,3045,6322,5309
197.55,3037,6299,5297
197.70,3030,6277,5296
197.85,3024,6284,5274
198.00,3018,6262,5267
198.15,3023,6255,5273
198.30,3016,6247,5268
198.45,3012,6231,5243
198.60,3000,6231,5232
198.75,3003,6213,5240
198.90,2981,6181,5196
199.05,2980,6187,5212
199.20,2979,6175,5198
199.35,2976,6164,5187
199.50,2969,6154,5177
199.65,2964,6146,5169
199.80,2959,6136,5167
199.95,2956,6127,5156
200.10,2957,6126,5149
200.25,2950,6118,5139
200.40,2939,6094,5145
200.55,2933,6082,5119
200.70,2929,6080,5108
200.85,2923,6058,5097
201.00,2917,6044,5087
201.15,2912,6030,5073
201.30,2902,6027,5061
201.45,2898,6005,5053
201.60,2894,6004,5057
201.75,2883,5973,5042
201.90,2875,5958,5013
202.05,2871,5960,5008
202.20,2868,5950,5004
202.35,2859,5927,4987
202.50,2856,5914,4977
202.65,2847,5898,4963
202.80,2839,5892,4955
202.95,2829,5864,4934
203.10,2820,5834,4910
203.25,2820,5829,4922
203.40,2805,5802,4883
203.55,2797,5807,4878
203.70,2791,5786,4872
203.85,2783,5766,4855
204.00,2782,5751,4843
204.15,2769,5742,4828
204.30,2765,5738,4822
204.45,2760,5714,4809
204.60,2755,5703,4803
204.75,2745,5684,4783
204.90,2729,5648,4757
205.05,2727,5648,4758
205.20,2723,5638,4762
205.35,2719,5642,4742
205.50,2717,5627,4730
205.65,2712,5599,4731
205.80,2699,5587,4705
205.95,2693,5587,4699
206.10,2688,5574,4703
206.25,2690,5555,4692
206.40,2675,5552,4668
206.55,2667,5536,4655
206.70,2662,5520,4642
206.85,2654,5503,4625
207.00,2647,5478,4616
207.15,2637,5462,4599
207.30,2631,5445,4588
207.45,2618,5420,4578
207.60,2621,5431,4567
207.75,2600,5382,4535
207.90,2600,5391,4534
208.05,2598,5380,4537
208.20,2593,5365,4513
208.35,2571,5306,4469
208.50,2571,5308,4487
208.65,2563,5317,4469
208.80,2558,5278,4447
208.95,2537,5262,4441
209.10,2522,5217,4410
209.25,2526,5218,4410
209.40,2526,5213,4391
209.55,2517,5194,4379
209.70,2501,5172,4363
209.85,2492,5159,4346
210.00,2487,5152,4351
210.15,2478,5130,4320
210.30,2472,5110,4321
210.45,2468,5089,4303
210.60,2454,5074,4281
210.75,2455,5074,4268
210.90,2433,5047,4241
211.05,2417,5001,4213
211.20,2418,5002,4215
211.35,2414,4994,4219
211.50,2405,4980,4196
211.65,2400,4968,4200
211.80,2398,4955,4187
211.95,2395,4940,4177
212.10,2381,4927,4152
212.25,2374,4913,4140
212.40,2367,4898,4142
212.55,2359,4881,4113
212.70,2352,4865,4097
212.85,2342,4844,4084
213.00,2334,4839,4081
213.15,2326,4813,4054
213.30,2315,4788,4032
213.45,2318,4794,4045
213.60,2301,4760,4011
213.75,2302,4761,4000
213.90,2290,4754,3993
214.05,2274,4708,3962
214.20,2265,4689,3946
214.35,2255,4667,3928
214.50,2251,4659,3924
214.65,2245,4657,3925
214.80,2228,4624,3883
214.95,2220,4595,3867
215.10,2219,4575,3851
215.25,2204,4561,3854
215.40,2191,4542,3818
215.55,2184,4523,3807
215.70,2176,4502,3790
215.85,2176,4499,3773
216.00,2161,4457,3754
216.15,2151,4452,3745
216.30,2139,4432,3729
216.45,2140,4427,3728
216.60,2121,4389,3693
216.75,2116,4393,3699
216.90,2106,4369,3667
217.05,2097,4340,3651
217.20,2092,4330,3647
217.35,2083,4328,3629
217.50,2076,4300,3616
217.65,2066,4284,3608
217.80,2060,4266,3601
217.95,2052,4265,3589
218.10,2046,4236,3574
218.25,2036,4229,3548
218.40,2039,4205,3536
218.55,2022,4201,3537
218.70,2014,4170,3507
218.85,2003,4151,3503
219.00,2003,4143,3471
219.15,1984,4114,3457
219.30,1978,4097,3457
219.45,1970,4083,3429
219.60,1974,4071,3433
219.75,1955,4053,3405
219.90,1945,4031,3395
220.05,1939,4028,3390
220.20,1913,3961,3328
220.35,1911,3961,3327
220.50,1906,3947,3330
220.65,1897,3931,3303
220.80,1889,3917,3290
220.95,1869,3888,3254
221.10,1861,3857,3236
221.25,1857,3849,3229
221.40,1856,3829,3214
221.55,1835,3815,3190
221.70,1830,3792,3183
221.85,1820,3772,3181
222.00,1810,3753,3164
222.15,1812,3747,3133
222.30,1793,3715,3118
222.45,1783,3690,3112
222.60,1770,3667,3079
222.75,1776,3661,3072
222.90,1756,3642,3053
223.05,1746,3633,3036
223.20,1742,3608,3028
223.35,1735,3594,3031
223.50,1735,3574,3000
223.65,1714,3552,2981
223.80,1707,3552,2969
223.95,1702,3526,2956
224.10,1695,3511,2945
224.25,1688,3497,2933
224.40,1681,3492,2919
224.55,1672,3473,2904
224.70,1662,3456,2887
224.85,1654,3424,2872
225.00,1643,3419,2872
225.15,1635,3388,2853
225.30,1626,3368,2823
225.45,1620,3368,2829
225.60,1610,3335,2797
225.75,1597,3309,2790
225.90,1600,3305,2766
226.05,1597,3302,2773
226.20,1575,3265,2739
226.35,1565,3240,2718
226.50,1557,3227,2705
226.65,1544,3199,2683
226.80,1528,3177,2655
226.95,1518,3141,2634
227.10,1514,3134,2629
227.25,1501,3122,2607
227.40,1491,3086,2588
227.55,1495,3075,2578
227.70,1482,3060,2552
227.85,1464,3033,2543
228.00,1457,3019,2530
228.15,1449,3012,2516
228.30,1439,2994,2500
228.45,1441,2963,2484
228.60,1421,2944,2483
228.75,1423,2923,2464
228.90,1403,2907,2452
229.05,1392,2882,2432
229.20,1390,2890,2425
229.35,1383,2861,2399
229.50,1375,2858,2401
229.65,1366,2828,2373
229.80,1370,2812,2373
229.95,1352,2796,2346
230.10,1344,2778,2347
230.25,1348,2767,2334
230.40,1330,2750,2320
230.55,1319,2744,2305
230.70,1321,2727,2290
230.85,1303,2695,2260
231.00,1296,2691,2261
231.15,1294,2667,2223
231.30,1274,2637,2211
231.45,1280,2625,2201
231.60,1258,2614,2197
231.75,1265,2591,2171
231.90,1240,2580,2162
232.05,1236,2553,2140
232.20,1226,2548,2128
232.35,1218,2506,2100
232.50,1207,2497,2095
232.65,1197,2473,2075
232.80,1188,2457,2060
232.95,1174,2428,2050
233.10,1166,2409,2020
233.25,1161,2395,2008
233.40,1145,2384,1988
233.55,1136,2340,1962
233.70,1126,2342,1953
233.85,1112,2311,1925
234.00,1112,2308,1923
234.15,1102,2288,1922
234.30,1094,2275,1896
234.45,1088,2246,1884
234.60,1075,2217,1861
234.75,1071,2223,1859
234.90,1063,2208,1840
235.05,1055,2179,1828
235.20,1050,2181,1818
235.35,1041,2150,1805
235.50,1034,2134,1791
235.65,1030,2123,1796
235.80,1018,2103,1765
235.95,1013,2092,1757
236.10,1018,2090,1743
236.25,1000,2066,1746
236.40,990,2045,1718
236.55,985,2046,1705
236.70,976,2012,1689
236.85,970,1999,1679
237.00,956,1971,1669
237.15,951,1960,1645
237.30,945,1947,1635
237.45,937,1929,1635
237.60,941,1911,1621
237.75,930,1904,1586
237.90,910,1875,1575
238.05,899,1853,1571
238.20,893,1851,1543
238.35,887,1824,1533
238.50,889,1817,1515
238.65,868,1783,1500
238.80,859,1767,1501
238.95,848,1740,1478
239.10,838,1740,1450
239.25,831,1710,1438
239.40,823,1689,1427
239.55,813,1669,1420
239.70,804,1653,1391
239.85,797,1637,1392
240.00,803,1623,1365
240.15,782,1603,1363
240.30,776,1608,1355
240.45,763,1577,1318
240.60,758,1559,1312
240.75,755,1557,1303
240.90,748,1533,1290
241.05,738,1513,1276
241.20,734,1505,1274
241.35,728,1494,1258
241.50,735,1481,1248
241.65,729,1481,1252
241.80,723,1457,1225
241.95,718,1448,1218
242.10,700,1435,1208
242.25,694,1423,1215
242.40,700,1410,1188
242.55,693,1409,1176
242.70,674,1380,1162
242.85,678,1365,1149
243.00,669,1362,1150
243.15,661,1331,1122
243.30,642,1313,1108
243.45,635,1302,1098
243.60,630,1303,1086
243.75,622,1272,1072
243.90,618,1277,1063
244.05,610,1247,1051
244.20,604,1234,1041
244.35,598,1223,1032
244.50,601,1205,1016
244.65,584,1207,1007
244.80,586,1176,991
244.95,567,1158,992
245.10,561,1146,966
245.25,557,1130,954
245.40,545,1127,939
245.55,536,1096,940
245.70,528,1091,907
245.85,531,1067,917
246.00,515,1052,888
246.15,506,1032,874
246.30,511,1025,866
246.45,497,1014,871
246.60,488,1011,844
246.75,483,985,833
246.90,479,974,823
247.05,474,959,824
247.20,474,951,804
247.35,472,943,797
247.50,465,932,787
247.65,450,933,789
247.80,447,909,768
247.95,442,900,761
248.10,438,890,753
248.25,442,888,757
248.40,427,869,748
248.55,423,859,731
248.70,424,852,728
248.85,418,840,704
249.00,412,821,695
249.15,407,810,684
249.30,391,797,673
249.45,395,800,664
249.60,381,774,656
249.75,381,764,659
249.90,370,752,637
250.05,369,747,633
250.20,363,735,623
250.35,355,731,610
250.50,357,709,600
250.65,346,700,593
250.80,338,688,581
250.95,330,669,567
251.10,326,662,561
251.25,328,661,551
251.40,320,637,539
251.55,309,624,528
251.70,303,613,520
251.85,304,601,508
252.00,299,589,500
252.15,294,579,491
252.30,281,568,481
252.45,275,554,474
252.60,276,545,462
252.75,272,539,460
252.90,261,527,445
253.05,257,528,439
253.20,254,512,437
253.35,250,503,427
253.50,247,498,425
253.65,243,489,414
253.80,244,480,415
253.95,241,475,402
254.10,232,468,396
254.25,228,460,392
254.40,231,454,384
254.55,221,453,384
254.70,217,436,370
254.85,212,425,360
255.00,213,416,353
255.15,202,406,343
255.30,203,397,337
255.45,200,390,331
255.60,196,382,330
255.75,188,376,318
255.90,187,366,310
256.05,182,362,307
256.20,182,353,300
256.35,171,343,289
256.50,168,335,285
256.65,164,335,277
256.80,165,319,271
256.95,155,313,260
257.10,151,300,257
257.25,147,298,248
257.40,148,284,241
257.55,138,275,233
257.70,136,269,224
257.85,137,263,217
258.00,128,254,210
258.15,124,242,200
258.30,123,241,205
258.45,119,236,194
258.60,116,230,192
258.75,118,223,189
258.90,111,217,184
259.05,111,212,171
259.20,106,205,174
259.35,103,203,170
259.50,101,198,168
259.65,99,192,162
259.80,96,187,151
259.95,94,182,154
260.10,92,178,151
260.25,89,173,139
260.40,87,167,143
260.55,89,163,139
260.70,82,158,126
260.85,80,150,129
261.00,77,148,117
261.15,74,142,120
261.30,76,137,116
261.45,70,129,113
261.60,68,128,109
261.75,67,124,105
261.90,64,120,92
262.05,62,117,99
262.20,61,113,95
262.35,62,103,93
262.50,56,98,88
262.65,54,100,85
262.80,52,90,82
262.95,49,91,66
263.10,47,78,62
263.25,46,83,70
263.40,44,71,56
263.55,42,66,52
263.70,43,72,62
263.85,39,68,57
264.00,36,64,55
264.15,36,61,52
264.30,34,59,49
264.45,33,57,48
264.60,32,53,33
264.75,31,51,44
264.90,32,50,42
265.05,29,46,27
265.20,27,35,37
265.35,27,43,37
265.50,25,42,36
265.65,27,40,34
265.80,26,28,32
265.95,26,38,31
266.10,24,25,28
266.25,25,35,17
266.40,22,33,29
266.55,22,20,28
266.70,23,19,27
266.85,21,29,25
267.00,19,27,24
267.15,20,27,23
267.30,18,14,9
267.45,19,24,20
267.60,17,25,21
267.75,17,24,21
267.90,17,23,7
268.05,17,12,19
268.20,17,11,19
268.35,18,10,6
268.50,16,10,19
268.65,16,22,19
268.80,16,22,19
268.95,16,22,19
269.10,17,22,19
269.25,16,23,6
269.40,17,11,20
269.55,17,24,20
269.70,17,24,20
269.85,18,25,22
270.00,19,14,22
270.15,19,16,18
270.30,19,28,24
270.45,20,19,13
270.60,21,19,26
270.75,21,32,15
270.90,23,33,28
271.05,24,34,29
271.20,26,35,19
271.35,24,37,33
271.50,25,40,22
271.65,25,42,23
271.80,27,44,37
271.95,30,34,38
272.10,28,36,39
272.25,29,38,41
272.40,33,50,42
272.55,31,52,32
272.70,32,45,35
272.85,33,57,48
273.00,35,59,51
273.15,37,54,53
273.30,38,65,56
273.45,43,69,58
273.60,40,64,61
273.75,42,75,64
273.90,44,72,66
274.05,45,75,69
274.20,46,84,71
274.35,51,89,75
274.50,49,91,77
274.65,53,97,81
274.80,53,99,84
274.95,60,100,79
275.10,59,105,93
275.25,61,115,97
275.40,66,120,101
275.55,68,125,107
275.70,68,134,101
275.85,70,135,104
276.00,74,139,118
276.15,76,143,114
276.30,79,150,127
276.45,81,155,131
276.60,84,162,137
276.75,87,167,141
276.90,88,171,137
277.05,95,177,143
277.20,98,183,154
277.35,96,186,158
277.50,98,192,162
277.65,100,195,165
277.80,102,199,168
277.95,103,203,171
278.10,105,210,169
278.25,109,215,179
278.40,111,219,184
278.55,114,223,189
278.70,116,231,188
278.85,120,241,200
279.00,123,244,206
279.15,127,257,212
279.30,130,261,219
279.45,135,266,220
279.60,136,273,230
279.75,140,278,234
279.90,144,292,240
280.05,146,289,245
280.20,153,296,246
280.35,155,307,259
280.50,157,320,264
280.65,161,328,271
280.80,165,337,275
280.95,171,343,289
281.10,174,357,295
281.25,179,365,302
281.40,189,376,311
281.55,187,377,317
281.70,192,384,325
281.85,198,397,334
282.00,200,409,338
282.15,209,412,347
282.30,209,429,355
282.45,211,429,361
282.60,218,440,370
282.75,228,449,380
282.90,227,466,386
283.05,231,468,396
283.20,235,473,401
283.35,243,481,407
283.50,241,495,413
283.65,243,493,418
283.80,253,499,421
283.95,251,515,430
284.10,254,522,436
284.25,257,520,442
284.40,262,528,446
284.55,266,538,458
284.70,271,549,462
284.85,276,569,471
285.00,281,570,480
285.15,287,583,491
285.30,293,595,502
285.45,303,616,509
285.60,302,625,516
285.75,306,622,531
285.90,318,631,533
286.05,316,642,542
286.20,326,648,555
286.35,325,672,558
286.50,331,674,568
286.65,337,697,578
286.80,343,698,589
286.95,351,714,603
287.10,358,729,625
287.25,362,737,633
287.40,369,751,633
287.55,374,762,643
287.70,381,776,655
287.85,387,789,666
288.00,394,816,688
288.15,399,828,687
288.30,414,825,698
288.45,410,835,707
288.60,426,865,719
288.75,432,864,730
288.90,428,875,750
289.05,435,888,750
289.20,438,894,756
289.35,452,907,765
289.50,456,915,786
289.65,453,925,794
289.80,457,933,801
289.95,471,942,795
290.10,464,965,802
290.25,470,957,824
290.40,476,973,834
290.55,481,997,845
290.70,487,996,842
290.85,494,1010,855
291.00,510,1025,867
291.15,508,1053,893
291.30,515,1067,890
291.45,520,1065,916
291.60,525,1076,925
291.75,533,1091,921
291.90,539,1101,932
292.05,543,1124,940
292.20,558,1136,949
292.35,558,1142,981
292.50,572,1151,990
292.65,573,1170,990
292.80,578,1180,1003
292.95,596,1213,1017
293.10,594,1216,1031
293.25,612,1231,1044
293.40,608,1260,1057
293.55,629,1264,1070
293.70,627,1281,1084
293.85,633,1297,1113
294.00,650,1308,1123
294.15,657,1323,1136
294.30,656,1342,1136
294.45,661,1353,1162
294.60,671,1378,1178
294.75,689,1400,1172
294.90,696,1403,1187
295.05,706,1439,1200
295.20,697,1433,1207
295.35,705,1446,1218
295.50,707,1458,1225
295.65,711,1470,1248
295.80,715,1466,1258
295.95,720,1490,1249
296.10,724,1506,1275
296.25,746,1518,1270
296.40,740,1516,1298
296.55,756,1530,1294
296.70,756,1554,1309
296.85,766,1588,1340
297.00,773,1590,1354
297.15,785,1609,1354
297.30,807,1644,1371
297.45,801,1648,1386
297.60,809,1677,1398
297.75,826,1687,1409
297.90,827,1696,1425
298.05,835,1712,1451
298.20,843,1728,1463
298.35,850,1743,1461
298.50,857,1760,1490
298.65,867,1779,1492
298.80,876,1795,1521
298.95,888,1822,1543
299.10,895,1838,1541
299.25,904,1857,1573
299.40,927,1891,1574
299.55,923,1908,1601
299.70,928,1909,1618
299.85,952,1938,1611
300.00,954,1954,1643
300.15,950,1971,1644
300.30,971,1989,1656
300.45,966,2001,1667
300.60,978,2014,1689
300.75,982,2038,1715
300.90,994,2045,1721
301.05,1002,2059,1729
301.20,1012,2077,1742
301.35,1034,2087,1766
301.50,1028,2109,1774
301.65,1042,2108,1768
301.80,1031,2130,1778
301.95,1036,2121,1782
302.10,1038,2137,1813
302.25,1046,2140,1810
302.40,1064,2158,1818
302.55,1060,2182,1834
302.70,1074,2207,1847
302.85,1084,2218,1863
303.00,1093,2247,1883
303.15,1101,2264,1914
303.30,1110,2287,1920
303.45,1121,2324,1937
303.60,1129,2327,1967
303.75,1136,2356,1964
303.90,1145,2371,1980
304.05,1148,2365,1994
304.20,1163,2405,2016
304.35,1167,2411,2037
304.50,1184,2412,2032
304.65,1184,2434,2065
304.80,1193,2464,2066
304.95,1202,2473,2083
305.10,1211,2490,2098
305.25,1221,2527,2116
305.40,1232,2550,2137
305.55,1243,2558,2154
305.70,1252,2589,2168
305.85,1262,2599,2187
306.00,1282,2615,2203
306.15,1281,2649,2233
306.30,1301,2666,2233
306.45,1296,2667,2261
306.60,1317,2692,2267
306.75,1326,2720,2292
306.90,1334,2724,2292
307.05,1332,2743,2311
307.20,1337,2753,2318
307.35,1344,2775,2329
307.50,1349,2776,2354
307.65,1366,2803,2349
307.80,1363,2805,2376
307.95,1371,2818,2385
308.10,1374,2823,2381
308.25,1390,2833,2396
308.40,1392,2884,2409
308.55,1400,2886,2438
308.70,1409,2906,2441
308.85,1419,2937,2458
309.00,1431,2949,2491
309.15,1449,2956,2488
309.30,1451,2980,2508
309.45,1462,3003,2540
309.60,1471,3036,2547
309.75,1480,3042,2558
309.90,1498,3056,2575
310.05,1502,3095,2599
310.20,1499,3083,2594
310.35,1522,3108,2631
310.50,1521,3124,2647
310.65,1540,3156,2648
310.80,1542,3169,2667
310.95,1553,3193,2688
311.10,1563,3213,2717
311.25,1570,3231,2721
311.40,1588,3256,2743
311.55,1603,3277,2758
311.70,1613,3308,2774
311.85,1615,3333,2796
312.00,1632,3337,2810
312.15,1632,3356,2824
312.30,1641,3386,2852
312.45,1657,3389,2852
312.60,1669,3414,2875
312.75,1668,3442,2887
312.90,1686,3449,2905
313.05,1688,3473,2919
313.20,1692,3493,2948
313.35,1698,3508,2944
313.50,1704,3503,2952
313.65,1711,3518,2976
313.80,1717,3544,2972
313.95,1732,3542,2982
314.10,1727,3553,2993
314.25,1733,3581,3024
314.40,1743,3614,3023
314.55,1752,3620,3039
314.70,1764,3642,3058
314.85,1772,3644,3071
315.00,1794,3681,3102
315.15,1805,3690,3123
315.30,1806,3714,3127
315.45,1824,3758,3144
315.60,1823,3765,3159
315.75,1831,3781,3187
315.90,1841,3802,3187
316.05,1848,3823,3204
316.20,1856,3849,3219
316.35,1863,3866,3244
316.50,1873,3888,3261
316.65,1885,3900,3269
316.80,1902,3914,3284
316.95,1906,3957,3322
317.10,1915,3975,3321
317.25,1930,3993,3361
317.40,1938,4023,3358
317.55,1948,4039,3375
317.70,1965,4050,3406
317.85,1964,4080,3407
318.00,1974,4086,3438
318.15,1983,4107,3442
318.30,1999,4118,3452
318.45,2012,4149,3477
318.60,2009,4158,3484
318.75,2018,4191,3515
318.90,2025,4204,3512
319.05,2034,4211,3528
319.20,2042,4239,3543
319.35,2059,4259,3572
319.50,2060,4264,3587
319.65,2066,4277,3585
319.80,2071,4299,3594
319.95,2078,4312,3605
320.10,2084,4314,3616
320.25,2090,4326,3627
320.40,2099,4344,3639
320.55,2114,4356,3651
320.70,2115,4390,3671
320.85,2126,4397,3700
321.00,2135,4419,3717
321.15,2142,4451,3720
321.30,2151,4455,3732
321.45,2163,4485,3746
321.60,2170,4504,3765
321.75,2182,4529,3785
321.90,2190,4532,3798
322.05,2204,4559,3810
322.20,2209,4570,3844
322.35,2216,4585,3843
322.50,2225,4619,3861
322.65,2238,4641,3881
322.80,2247,4651,3897
322.95,2271,4684,3940
323.10,2266,4692,3932
323.25,2286,4726,3965
323.40,2289,4747,3968
323.55,2295,4752,3983
323.70,2312,4769,3999
323.85,2314,4789,4012
324.00,2324,4817,4045
324.15,2331,4838,4060
324.30,2345,4850,4071
324.45,2355,4874,4075
324.60,2363,4887,4086
324.75,2365,4893,4100
324.90,2372,4909,4114
325.05,2380,4927,4142
325.20,2385,4935,4151
325.35,2399,4949,4163
325.50,2396,4958,4157
325.65,2402,4968,4181
325.80,2412,4990,4176
325.95,2411,4989,4184
326.10,2418,5012,4193
326.25,2423,5012,4218
326.40,2430,5036,4230
326.55,2437,5054,4245
326.70,2446,5063,4248
326.85,2457,5082,4263
327.00,2465,5114,4278
327.15,2475,5121,4294
327.30,2492,5144,4315
327.45,2504,5166,4347
327.60,2512,5193,4344
327.75,2523,5214,4365
327.90,2518,5223,4369
328.05,2525,5237,4395
328.20,2538,5263,4405
328.35,2542,5259,4410
328.50,2556,5280,4442
328.65,2560,5309,4458
328.80,2574,5324,4470
328.95,2582,5344,4494
329.10,2592,5372,4513
329.25,2597,5387,4520
329.40,2607,5404,4538
329.55,2615,5411,4552
329.70,2622,5425,4552
329.85,2639,5457,4578
330.00,2640,5473,4582
330.15,2654,5478,4608
330.30,2651,5490,4605
330.45,2669,5507,4618
330.60,2677,5531,4635
330.75,2674,5535,4656
330.90,2684,5554,4657
331.05,2691,5581,4684
331.20,2696,5590,4676
331.35,2705,5588,4700
331.50,2710,5606,4696
331.65,2708,5606,4715
331.80,2711,5626,4709
331.95,2715,5635,4720
332.10,2723,5637,4728
332.25,2728,5657,4737
332.40,2734,5669,4748
332.55,2742,5684,4774
332.70,2749,5694,4774
332.85,2763,5717,4799
333.00,2765,5724,4817
333.15,2774,5751,4833
333.30,2783,5763,4833
333.45,2793,5782,4850
333.60,2807,5806,4861
333.75,2808,5811,4876
333.90,2813,5823,4899
334.05,2820,5839,4911
334.20,2827,5849,4922
334.35,2834,5878,4935
334.50,2848,5886,4949
334.65,2855,5907,4948
334.80,2861,5913,4958
334.95,2866,5945,4976
335.10,2873,5948,4991
335.25,2879,5962,5002
335.40,2892,5989,5017
335.55,2903,6005,5042
335.70,2906,6005,5052
335.85,2909,6034,5066
336.00,2922,6041,5071
336.15,2921,6058,5089
336.30,2928,6064,5087
336.45,2933,6087,5097
336.60,2942,6093,5126
336.75,2945,6101,5120
336.90,2958,6117,5130
337.05,2959,6126,5154
337.20,2964,6144,5146
337.35,2971,6153,5169
337.50,2968,6149,5161
337.65,2978,6154,5164
337.80,2977,6162,5186
337.95,2983,6169,5178
338.10,2982,6177,5184
338.25,2988,6184,5205
338.40,2992,6195,5203
338.55,3004,6212,5217
338.70,3006,6224,5225
338.85,3016,6240,5236
339.00,3024,6256,5265
339.15,3027,6270,5277
339.30,3041,6286,5289
339.45,3045,6300,5301
339.60,3049,6313,5309
339.75,3054,6323,5305
339.90,3063,6335,5315
340.05,3060,6344,5337
340.20,3071,6359,5346
340.35,3072,6371,5354
340.50,3081,6387,5352
340.65,3090,6393,5363
340.80,3095,6412,5370
340.95,3096,6425,5382
341.10,3109,6430,5396
341.25,3109,6450,5403
341.40,3118,6451,5414
341.55,3120,6475,5426
341.70,3127,6490,5451
341.85,3131,6493,5445
342.00,3141,6500,5468
342.15,3146,6510,5462
342.30,3148,6528,5483
342.45,3155,6544,5484
342.60,3158,6553,5488
342.75,3159,6560,5496
342.90,3167,6558,5503
343.05,3174,6582,5511
343.20,3175,6585,5529
343.35,3177,6579,5534
343.50,3184,6585,5541
343.65,3181,6591,5530
343.80,3186,6594,5548
343.95,3186,6611,5554
344.10,3190,6608,5543
344.25,3196,6611,5552
344.40,3195,6635,5558
344.55,3204,6639,5580
344.70,3205,6652,5572
344.85,3213,6661,5596
345.00,3217,6664,5603
345.15,3225,6674,5601
345.30,3228,6694,5609
345.45,3236,6704,5617
345.60,3234,6711,5624
345.75,3239,6713,5629
345.90,3243,6730,5638
346.05,3248,6738,5642
346.20,3251,6735,5651
346.35,3255,6754,5658
346.50,3259,6759,5664
346.65,3262,6760,5671
346.80,3266,6768,5691
346.95,3276,6783,5690
347.10,3277,6791,5696
347.25,3279,6797,5700
347.40,3284,6803,5719
347.55,3290,6822,5728
347.70,3289,6820,5716
347.85,3293,6837,5742
348.00,3298,6834,5733
348.15,3303,6841,5739
348.30,3306,6855,5745
348.45,3308,6851,5748
348.60,3313,6862,5769
348.75,3311,6863,5770
348.90,3317,6879,5762
349.05,3319,6876,5780
349.20,3322,6891,5771
349.35,3324,6886,5788
349.50,3329,6890,5775
349.65,3324,6890,5794
349.80,3328,6892,5785
349.95,3327,6904,5800
350.10,3326,6901,5790
350.25,3333,6901,5791
350.40,3332,6905,5797
350.55,3335,6923,5801
350.70,3339,6919,5821
350.85,3339,6937,5810
351.00,3347,6942,5815
351.15,3348,6948,5820
351.30,3351,6945,5826
351.45,3353,6949,5843
351.60,3359,6956,5847
351.75,3359,6960,5839
351.90,3361,6966,5855
352.05,3364,6978,5859
352.20,3369,6972,5861
352.35,3370,6976,5852
352.50,3372,6990,5854
352.65,3374,6985,5860
352.80,3374,6988,5878
352.95,3378,6992,5880
353.10,3378,6999,5871
353.25,3380,7015,5888
353.40,3380,7014,5890
353.55,3381,7022,5882
353.70,3389,7012,5882
353.85,3386,7027,5897
354.00,3387,7022,5904
354.15,3395,7026,5891
354.30,3394,7027,5894
354.45,3391,7038,5892
354.60,3392,7039,5899
354.75,3392,7043,5916
354.90,3394,7036,5901
355.05,3395,7039,5916
355.20,3396,7050,5906
355.35,3396,7053,5921
355.50,3400,7053,5919
355.65,3396,7052,5907
355.80,3398,7038,5907
355.95,3397,7050,5909
356.10,3403,7044,5920
356.25,3398,7050,5921
356.40,3403,7041,5922
356.55,3401,7047,5910
356.70,3402,7055,5923
356.85,3401,7060,5914
357.00,3404,7061,5917
357.15,3403,7065,5931
357.30,3409,7057,5934
357.45,3406,7061,5927
357.60,3410,7061,5938
357.75,3411,7064,5939
357.90,3411,7062,5939
358.05,3410,7074,5926
358.20,3406,7074,5928
358.35,3410,7065,5929
358.50,3410,7079,5928
358.65,3410,7067,5931
358.80,3410,7066,5930
358.95,3410,7067,5930
359.10,3408,7065,5942
359.25,3410,7068,5927
359.40,3410,7066,5928
359.55,3408,7066,5928
359.70,3407,7076,5927
359.85,3411,7066,5930