0.00,1897,5823,5714
0.15,1887,5801,5683
0.30,1878,5790,5669
0.45,1870,5787,5671
0.60,1859,5788,5641
0.75,1853,5771,5626
0.90,1855,5774,5610
1.05,1833,5762,5609
1.20,1823,5736,5575
1.35,1812,5737,5571
1.50,1813,5708,5542
1.65,1802,5689,5539
1.80,1778,5670,5505
1.95,1779,5651,5507
2.10,1760,5639,5477
2.25,1748,5631,5460
2.40,1736,5609,5458
2.55,1736,5579,5445
2.70,1711,5546,5421
2.85,1711,5525,5406
3.00,1692,5504,5391
3.15,1675,5490,5350
3.30,1666,5474,5335
3.45,1652,5450,5315
3.60,1649,5407,5308
3.75,1638,5386,5274
3.90,1612,5361,5253
4.05,1601,5340,5252
4.20,1584,5308,5210
4.35,1575,5292,5198
4.50,1563,5281,5181
4.65,1560,5233,5153
4.80,1551,5217,5141
4.95,1531,5199,5145
5.10,1529,5166,5107
5.25,1508,5160,5092
5.40,1497,5122,5094
5.55,1496,5089,5070
5.70,1476,5070,5044
5.85,1470,5052,5054
6.00,1460,5026,5021
6.15,1452,5006,5027
6.30,1441,4977,4998
6.45,1436,4955,4987
6.60,1437,4931,4989
6.75,1413,4900,4954
6.90,1419,4876,4952
7.05,1396,4853,4919
7.20,1403,4842,4900
7.35,1379,4817,4898
7.50,1371,4779,4879
7.65,1363,4768,4860
7.80,1351,4727,4837
7.95,1342,4722,4803
8.10,1335,4690,4804
8.25,1326,4673,4788
8.40,1326,4647,4764
8.55,1308,4646,4739
8.70,1313,4631,4741
8.85,1286,4604,4714
9.00,1280,4591,4698
9.15,1266,4564,4673
9.30,1267,4556,4638
9.45,1243,4506,4634
9.60,1233,4482,4614
9.75,1221,4455,4592
9.90,1209,4422,4570
10.05,1198,4398,4538
10.20,1186,4367,4514
10.35,1174,4337,4509
10.50,1180,4313,4483
10.65,1157,4300,4478
10.80,1145,4266,4442
10.95,1149,4223,4441
11.10,1121,4192,4400
11.25,1111,4164,4398
11.40,1102,4142,4363
11.55,1105,4129,4344
11.70,1085,4113,4331
11.85,1078,4086,4321
12.00,1085,4065,4321
12.15,1062,4064,4306
12.30,1068,4027,4273
12.45,1047,4003,4258
12.60,1037,3994,4258
12.75,1030,3952,4240
12.90,1021,3927,4225
13.05,1011,3902,4208
13.20,1017,3887,4190
13.35,995,3861,4157
13.50,986,3835,4138
13.65,991,3791,4137
13.80,967,3777,4098
13.95,958,3741,4086
14.10,950,3734,4069
14.25,960,3702,4073
14.40,936,3680,4055
14.55,930,3663,4025
14.70,933,3630,4002
14.85,913,3627,4003
15.00,902,3584,3967
15.15,908,3559,3963
15.30,884,3549,3942
15.45,871,3502,3919
15.60,856,3468,3872
15.75,866,3464,3859
15.90,842,3426,3839
16.05,844,3391,3812
16.20,838,3374,3797
16.35,830,3350,3777
16.50,806,3342,3760
16.65,797,3321,3741
16.80,788,3286,3738
16.95,780,3277,3719
17.10,769,3230,3677
17.25,763,3213,3679
17.40,752,3196,3638
17.55,761,3190,3632
17.70,743,3172,3633
17.85,734,3149,3599
18.00,725,3108,3578
18.15,717,3087,3558
18.30,725,3070,3545
18.45,705,3050,3527
18.60,709,3043,3528
18.75,689,3009,3495
18.90,695,2992,3495
19.05,689,2971,3480
19.20,668,2948,3443
19.35,662,2948,3428
19.50,656,2930,3414
19.65,657,2884,3403
19.80,638,2866,3372
19.95,632,2847,3353
20.10,624,2823,3333
20.25,628,2804,3317
20.40,607,2778,3312
20.55,603,2780,3283
20.70,593,2739,3278
20.85,588,2725,3248
21.00,581,2718,3227
21.15,571,2676,3203
21.30,575,2668,3184
21.45,562,2620,3171
21.60,554,2598,3134
21.75,536,2573,3114
21.90,529,2552,3095
22.05,521,2530,3094
22.20,513,2504,3055
22.35,507,2499,3038
22.50,499,2467,3020
22.65,490,2439,2997
22.80,485,2423,2998
22.95,480,2403,2980
23.10,469,2374,2936
23.25,470,2349,2914
23.40,455,2328,2897
23.55,455,2306,2890
23.70,452,2292,2863
23.85,439,2296,2848
24.00,442,2262,2832
24.15,436,2242,2833
24.30,420,2239,2798
24.45,416,2227,2786
24.60,419,2208,2767
24.75,406,2176,2772
24.90,409,2177,2737
25.05,402,2157,2719
25.20,396,2137,2702
25.35,382,2117,2698
25.50,375,2097,2662
25.65,368,2062,2644
25.80,362,2055,2624
25.95,358,2043,2626
26.10,352,2009,2611
26.25,347,1993,2578
26.40,341,1973,2558
26.55,337,1962,2562
26.70,339,1959,2529
26.85,333,1922,2511
27.00,328,1906,2492
27.15,320,1892,2464
27.30,314,1859,2466
27.45,299,1833,2423
27.60,300,1812,2405
27.75,286,1786,2397
27.90,286,1777,2355
28.05,277,1751,2346
28.20,269,1728,2341
28.35,265,1711,2310
28.50,260,1693,2293
28.65,255,1673,2274
28.80,257,1655,2257
28.95,253,1641,2261
29.10,246,1632,2221
29.25,236,1617,2206
29.40,238,1583,2208
29.55,231,1558,2165
29.70,221,1547,2154
29.85,224,1549,2159
30.00,214,1517,2127
30.15,211,1501,2112
30.30,212,1487,2096
30.45,204,1474,2084
30.60,199,1460,2072
30.75,196,1447,2076
30.90,198,1448,2044
31.05,194,1435,2045
31.20,184,1400,2012
31.35,185,1382,1993
31.50,181,1364,1976
31.65,171,1348,1957
31.80,167,1329,1939
31.95,163,1315,1925
32.10,161,1303,1913
32.25,163,1309,1901
32.40,154,1287,1881
32.55,152,1266,1893
32.70,147,1247,1872
32.85,143,1232,1839
33.00,140,1231,1837
33.15,141,1196,1801
33.30,132,1197,1784
33.45,126,1157,1761
33.60,122,1139,1740
33.75,118,1124,1722
33.90,115,1106,1722
34.05,112,1090,1704
34.20,109,1076,1670
34.35,108,1081,1671
34.50,103,1048,1638
34.65,105,1035,1641
34.80,98,1020,1607
34.95,94,1005,1593
35.10,90,987,1571
35.25,89,990,1575
35.40,86,960,1543
35.55,83,956,1521
35.70,81,948,1514
35.85,83,922,1502
36.00,81,909,1488
36.15,79,912,1478
36.30,73,899,1463
36.45,71,875,1455
36.60,69,876,1456
36.75,67,866,1428
36.90,66,839,1414
37.05,68,825,1400
37.20,60,813,1386
37.35,58,799,1387
37.50,61,799,1374
37.65,56,772,1343
37.80,56,758,1342
37.95,52,761,1315
38.10,50,750,1320
38.25,49,727,1291
38.40,48,710,1288
38.55,46,706,1282
38.70,45,706,1250
38.85,43,682,1238
39.00,41,665,1236
39.15,40,652,1220
39.30,36,632,1180
39.45,36,623,1186
39.60,36,607,1150
39.75,34,598,1156
39.90,33,583,1120
40.05,29,582,1107
40.20,28,561,1111
40.35,27,550,1098
40.50,29,540,1068
40.65,29,539,1070
40.80,28,518,1058
40.95,24,508,1028
41.10,27,494,1012
41.25,23,484,999
41.40,26,484,1002
41.55,26,470,969
41.70,21,463,978
41.85,21,457,952
42.00,25,440,943
42.15,25,432,933
42.30,25,424,923
42.45,25,419,916
42.60,25,422,906
42.75,25,414,897
42.90,21,406,902
43.05,21,397,874
43.20,21,380,862
43.35,25,377,863
43.50,27,360,836
43.65,22,350,823
43.80,27,340,807
43.95,28,340,797
44.10,24,332,787
44.25,29,319,794
44.40,28,317,780
44.55,26,312,774
44.70,27,302,748
44.85,31,290,737
45.00,30,280,734
45.15,31,273,722
45.30,35,261,692
45.45,34,258,683
45.60,36,245,669
45.75,37,240,660
45.90,39,234,657
46.05,41,227,639
46.20,43,217,625
46.35,44,213,625
46.50,46,206,605
46.65,48,201,596
46.80,49,194,585
46.95,52,189,585
47.10,51,180,559
47.25,54,173,554
47.40,56,171,546
47.55,58,164,538
47.70,64,157,528
47.85,61,153,520
48.00,62,153,513
48.15,67,150,511
48.30,65,147,503
48.45,71,139,498
48.60,71,141,487
48.75,70,131,480
48.90,72,133,473
49.05,78,129,463
49.20,76,126,456
49.35,79,120,446
49.50,82,109,437
49.65,85,111,428
49.80,92,107,416
49.95,96,103,408
50.10,97,93,402
50.25,100,98,393
50.40,103,94,385
50.55,100,92,380
50.70,104,89,371
50.85,107,87,362
51.00,110,83,353
51.15,114,81,347
51.30,117,69,338
51.45,125,76,327
51.60,130,64,319
51.75,134,71,313
51.90,133,69,306
52.05,136,59,295
52.20,140,56,289
52.35,143,54,278
52.50,153,53,271
52.65,157,62,264
52.80,161,60,262
52.95,160,59,255
53.10,165,59,242
53.25,169,58,243
53.40,177,49,237
53.55,176,58,223
53.70,179,57,226
53.85,188,48,222
54.00,186,57,217
54.15,195,48,207
54.30,192,58,210
54.45,201,58,206
54.60,198,48,202
54.75,201,58,197
54.90,204,60,185
55.05,210,59,188
55.20,221,60,183
55.35,218,61,169
55.50,230,53,172
55.65,235,55,166
55.80,235,65,152
55.95,247,67,147
56.10,244,68,151
56.25,249,69,148
56.40,253,71,135
56.55,257,73,132
56.70,263,67,136
56.85,277,78,121
57.00,273,79,128
57.15,280,83,123
57.30,285,85,119
57.45,302,91,103
57.60,298,87,99
57.75,304,90,106
57.90,310,99,103
58.05,317,99,100
58.20,331,107,95
58.35,327,110,93
58.50,333,110,90
58.65,348,118,87
58.80,346,120,84
58.95,351,127,71
59.10,357,131,79
59.25,364,135,65
59.40,378,140,63
59.55,376,145,61
59.70,380,147,60
59.85,393,152,70
60.00,400,156,68
60.15,403,159,55
60.30,400,163,65
60.45,413,167,53
60.60,416,171,51
60.75,423,175,62
60.90,420,183,49
61.05,434,188,60
61.20,441,191,58
61.35,440,202,57
61.50,457,204,56
61.65,465,217,43
61.80,463,224,54
61.95,468,231,53
62.10,474,236,41
62.25,489,243,40
62.40,495,242,52
62.55,500,246,52
62.70,507,260,39
62.85,514,260,51
63.00,523,276,39
63.15,521,279,51
63.30,539,294,51
63.45,539,298,52
63.60,548,307,41
63.75,565,313,41
63.90,562,323,54
64.05,572,332,55
64.20,589,341,55
64.35,594,348,56
64.50,606,367,45
64.65,602,368,59
64.80,607,374,60
64.95,617,393,50
65.10,635,392,51
65.25,630,400,63
65.40,636,408,65
65.55,644,426,67
65.70,651,435,68
65.85,672,443,70
66.00,680,445,72
66.15,688,454,64
66.30,694,461,66
66.45,687,479,78
66.60,694,476,69
66.75,712,484,71
66.90,719,494,74
67.05,713,502,76
67.20,722,513,89
67.35,729,524,92
67.50,750,542,93
67.65,760,544,87
67.80,753,563,99
67.95,775,576,94
68.10,785,579,98
68.25,781,590,111
68.40,789,600,114
68.55,796,612,109
68.70,827,634,115
68.85,812,633,124
69.00,821,659,128
69.15,834,663,126
69.30,855,673,131
69.45,852,688,143
69.60,879,707,142
69.75,888,719,153
69.90,900,737,160
70.05,909,751,165
70.20,907,780,172
70.35,911,788,175
70.50,919,786,179
70.65,930,801,186
70.80,940,816,190
70.95,948,829,191
71.10,973,845,203
71.25,982,856,202
71.40,974,866,206
71.55,983,880,213
71.70,1005,889,216
71.85,995,901,222
72.00,1004,925,226
72.15,1009,919,234
72.30,1015,929,235
72.45,1023,937,239
72.60,1042,949,247
72.75,1035,976,249
72.90,1042,970,258
73.05,1052,985,263
73.20,1063,1000,267
73.35,1086,1015,275
73.50,1097,1048,283
73.65,1091,1062,292
73.80,1119,1082,302
73.95,1129,1080,309
74.10,1125,1097,315
74.25,1131,1123,320
74.40,1141,1123,328
74.55,1148,1134,334
74.70,1172,1149,342
74.85,1168,1165,349
75.00,1197,1186,359
75.15,1190,1218,367
75.30,1202,1219,376
75.45,1214,1237,386
75.60,1247,1285,400
75.75,1249,1272,403
75.90,1245,1291,416
76.05,1260,1312,423
76.20,1269,1327,435
76.35,1283,1350,443
76.50,1290,1381,450
76.65,1299,1395,463
76.80,1311,1413,473
76.95,1320,1410,481
77.10,1330,1429,492
77.25,1352,1445,501
77.40,1348,1475,500
77.55,1358,1479,512
77.70,1366,1491,519
77.85,1386,1501,525
78.00,1380,1514,540
78.15,1387,1525,537
78.30,1394,1537,553
78.45,1400,1548,560
78.60,1421,1577,558
78.75,1426,1573,566
78.90,1435,1588,574
79.05,1432,1605,584
79.20,1442,1622,593
79.35,1455,1643,605
79.50,1478,1662,628
79.65,1488,1682,638
79.80,1501,1723,642
79.95,1497,1723,662
80.10,1507,1740,660
80.25,1517,1776,670
80.40,1528,1795,681
80.55,1537,1812,704
80.70,1549,1833,704
80.85,1565,1860,718
81.00,1572,1873,726
81.15,1594,1873,749
81.30,1594,1915,751
81.45,1603,1916,762
81.60,1619,1943,781
81.75,1627,1978,808
81.90,1653,1986,812
82.05,1664,2009,826
82.20,1660,2025,838
82.35,1686,2052,855
82.50,1683,2082,865
82.65,1695,2087,877
82.80,1708,2112,892
82.95,1720,2126,915
83.10,1738,2155,933
83.25,1752,2172,927
83.40,1769,2199,944
83.55,1779,2209,965
83.70,1800,2239,975
83.85,1798,2238,969
84.00,1804,2248,993
84.15,1809,2255,984
84.30,1816,2265,1009
84.45,1833,2272,999
84.60,1829,2301,1010
84.75,1836,2304,1021
84.90,1844,2347,1048
85.05,1855,2364,1043
85.20,1865,2417,1057
85.35,1891,2438,1088
85.50,1891,2488,1086
85.65,1914,2504,1099
85.80,1930,2549,1135
85.95,1941,2571,1135
86.10,1952,2569,1145
86.25,1947,2573,1154
86.40,1968,2601,1185
86.55,1969,2606,1180
86.70,1974,2618,1207
86.85,1994,2655,1212
87.00,1998,2687,1220
87.15,2011,2706,1240
87.30,2033,2750,1254
87.45,2041,2755,1268
87.60,2046,2788,1305
87.75,2072,2818,1307
87.90,2080,2851,1338
88.05,2099,2883,1342
88.20,2092,2874,1350
88.35,2114,2897,1366
88.50,2115,2939,1403
88.65,2139,2961,1400
88.80,2135,2957,1430
88.95,2157,2976,1425
89.10,2172,3008,1448
89.25,2165,3018,1472
89.40,2190,3048,1476
89.55,2188,3063,1487
89.70,2195,3077,1496
89.85,2214,3109,1509
90.00,2219,3122,1518
90.15,2227,3138,1529
90.30,2232,3151,1556
90.45,2229,3167,1548
90.60,2237,3168,1561
90.75,2248,3186,1574
90.90,2257,3220,1604
91.05,2276,3243,1602
91.20,2278,3249,1634
91.35,2290,3276,1652
91.50,2313,3316,1670
91.65,2323,3326,1670
91.80,2338,3370,1692
91.95,2338,3381,1725
92.10,2360,3405,1725
92.25,2369,3420,1737
92.40,2382,3448,1757
92.55,2386,3457,1764
92.70,2396,3499,1782
92.85,2411,3512,1820
93.00,2419,3531,1817
93.15,2422,3559,1854
93.30,2437,3598,1871
93.45,2459,3614,1879
93.60,2460,3643,1914
93.75,2476,3676,1920
93.90,2499,3719,1941
94.05,2497,3719,1952
94.20,2507,3758,1970
94.35,2520,3770,1989
94.50,2529,3795,2006
94.65,2550,3816,2041
94.80,2560,3853,2039
94.95,2557,3873,2069
95.10,2569,3885,2071
95.25,2579,3925,2105
95.40,2592,3929,2103
95.55,2603,3957,2122
95.70,2605,3965,2127
95.85,2621,3999,2160
96.00,2622,4015,2168
96.15,2639,4019,2185
96.30,2636,4049,2181
96.45,2643,4050,2192
96.60,2652,4080,2223
96.75,2669,4099,2234
96.90,2669,4104,2235
97.05,2679,4130,2268
97.20,2690,4152,2271
97.35,2700,4180,2290
97.50,2711,4219,2307
97.65,2721,4247,2328
97.80,2737,4269,2352
97.95,2748,4292,2369
98.10,2757,4326,2385
98.25,2767,4336,2401
98.40,2784,4357,2419
98.55,2791,4389,2448
98.70,2798,4406,2446
98.85,2803,4434,2484
99.00,2821,4449,2506
99.15,2822,4489,2505
99.30,2834,4498,2541
99.45,2855,4551,2584
99.60,2870,4568,2581
99.75,2872,4595,2603
99.90,2895,4644,2645
100.05,2893,4642,2654
100.20,2899,4659,2651
100.35,2919,4685,2690
100.50,2923,4711,2693
100.65,2933,4754,2716
100.80,2942,4755,2730
100.95,2954,4790,2762
101.10,2970,4817,2768
101.25,2971,4840,2804
101.40,2984,4870,2812
101.55,2992,4876,2826
101.70,2999,4891,2856
101.85,3007,4908,2851
102.00,3012,4937,2865
102.15,3019,4941,2879
102.30,3032,4969,2908
102.45,3036,4987,2920
102.60,3042,4986,2917
102.75,3042,5018,2931
102.90,3052,5029,2964
103.05,3060,5066,2963
103.20,3068,5079,3002
103.35,3084,5107,3021
103.50,3099,5138,3023
103.65,3105,5163,3044
103.80,3119,5212,3067
103.95,3127,5222,3086
104.10,3139,5229,3147
104.25,3188,5366,3181
104.40,3182,5366,3167
104.55,3188,5388,3174
104.70,3194,5396,3193
104.85,3211,5419,3214
105.00,3217,5454,3248
105.15,3215,5466,3270
105.30,3223,5487,3288
105.45,3236,5533,3321
105.60,3237,5619,3333
105.75,3247,5635,3340
105.90,3251,5677,3371
106.05,3260,5671,3386
106.20,3265,5689,3390
106.35,3276,5720,3428
106.50,3281,5723,3429
106.65,3289,5736,3446
106.80,3296,5752,3463
106.95,3309,5768,3497
107.10,3316,5790,3506
107.25,3320,5801,3519
107.40,3338,5827,3544
107.55,3342,5844,3577
107.70,3343,5870,3590
107.85,3349,5882,3587
108.00,3361,5899,3616
108.15,3358,5904,3616
108.30,3362,5932,3645
108.45,3368,5945,3641
108.60,3379,5948,3656
108.75,3383,5965,3686
108.90,3385,5985,3687
109.05,3398,6020,3705
109.20,3407,6031,3724
109.35,3415,6057,3745
109.50,3416,6097,3768
109.65,3426,6111,3806
109.80,3434,6139,3828
109.95,3443,6158,3828
110.10,3448,6177,3846
110.25,3462,6193,3863
110.40,3471,6233,3882
110.55,3468,6236,3900
110.70,3486,6274,3939
110.85,3484,6270,3932
111.00,3499,6291,3968
111.15,3503,6334,3981
111.30,3515,6334,3992
111.45,3526,6368,4041
111.60,3529,6386,4043
111.75,3539,6422,4085
111.90,3546,6424,4086
112.05,3557,6457,4122
112.20,3563,6473,4134
112.35,3565,6476,4143
112.50,3578,6500,4181
112.65,3584,6532,4186
112.80,3591,6546,4201
112.95,3594,6557,4229
113.10,3605,6572,4241
113.25,3611,6595,4263
113.40,3618,6618,4278
113.55,3616,6623,4301
113.70,3623,6643,4316
113.85,3627,6664,4329
114.00,3631,6679,4344
114.15,3634,6680,4358
114.30,3646,6705,4373
114.45,3645,6702,4383
114.60,3646,6723,4395
114.75,3658,6727,4412
114.90,3666,6745,4447
115.05,3665,6762,4449
115.20,3674,6794,4467
115.35,3686,6816,4486
115.50,3692,6826,4523
115.65,3694,6845,4526
115.80,3701,6881,4564
115.95,3708,6889,4584
116.10,3720,6902,4581
116.25,3723,6932,4617
116.40,3728,6941,4636
116.55,3732,6951,4647
116.70,3738,6969,4651
116.85,3743,7005,4685
117.00,3756,7024,4693
117.15,3762,7035,4732
117.30,3763,7061,4732
117.45,3767,7073,4753
117.60,3782,7107,4786
117.75,3781,7114,4796
117.90,3786,7136,4833
118.05,3793,7156,4836
118.20,3801,7174,4852
118.35,3807,7194,4873
118.50,3807,7209,4891
118.65,3818,7227,4909
118.80,3816,7244,4927
118.95,3820,7269,4940
119.10,3826,7276,4980
119.25,3834,7289,4976
119.40,3834,7318,5010
119.55,3840,7329,5033
119.70,3843,7335,5023
119.85,3848,7361,5039
120.00,3853,7361,5069
120.15,3855,7373,5062
120.30,3856,7397,5079
120.45,3863,7392,5103
120.60,3862,7409,5100
120.75,3868,7421,5115
120.90,3871,7451,5147
121.05,3872,7457,5147
121.20,3881,7475,5164
121.35,3889,7495,5185
121.50,3893,7514,5218
121.65,3893,7546,5232
121.80,3902,7553,5240
121.95,3903,7579,5265
122.10,3903,7586,5285
122.25,3908,7609,5279
122.40,3916,7630,5294
122.55,3918,7637,5321
122.70,3916,7643,5321
122.85,3924,7674,5353
123.00,3924,7684,5373
123.15,3931,7695,5374
123.30,3931,7727,5392
123.45,3938,7753,5431
123.60,3942,7766,5451
123.75,3941,7788,5452
123.90,3944,7795,5471
124.05,3953,7835,5494
124.20,3950,7846,5519
124.35,3952,7852,5521
124.50,3955,7866,5534
124.65,3960,7884,5568
124.80,3961,7905,5575
124.95,3963,7926,5585
125.10,3974,7943,5611
125.25,3973,7946,5635
125.40,3973,7972,5631
125.55,3976,7986,5665
125.70,3981,7992,5676
125.85,3988,8005,5688
126.00,3986,8018,5699
126.15,3996,8030,5714
126.30,3995,8048,5712
126.45,3997,8049,5723
126.60,4004,8059,5734
126.75,4004,8071,5748
126.90,4008,8079,5779
127.05,4009,8104,5775
127.20,4011,8109,5808
127.35,4020,8118,5825
127.50,4022,8134,5820
127.65,4023,8146,5839
127.80,4024,8169,5853
127.95,4026,8167,5868
128.10,4025,8173,5877
128.25,4033,8201,5895
128.40,4033,8193,5923
128.55,4038,8208,5932
128.70,4039,8226,5937
128.85,4038,8232,5948
129.00,4040,8224,5974
129.15,4040,8247,5981
129.30,4045,8255,6002
129.45,4042,8263,6005
129.60,4046,8275,6041
129.75,4048,8273,6039
129.90,4055,8297,6055
130.05,4056,8305,6089
130.20,4054,8313,6085
130.35,4056,8326,6110
130.50,4053,8341,6111
130.65,4054,8355,6127
130.80,4055,8366,6151
130.95,4059,8389,6147
131.10,4056,8394,6166
131.25,4059,8422,6177
131.40,4054,8420,6189
131.55,4054,8438,6201
131.70,4053,8445,6228
131.85,4053,8467,6221
132.00,4057,8468,6247
132.15,4053,8488,6238
132.30,4049,8484,6266
132.45,4049,8494,6272
132.60,4050,8513,6266
132.75,4048,8516,6276
132.90,4046,8528,6286
133.05,4048,8531,6317
133.20,4047,8539,6310
133.35,4048,8552,6338
133.50,4045,8565,6350
133.65,4046,8572,6348
133.80,4046,8593,6377
133.95,4048,8590,6374
134.10,4045,8601,6380
134.25,4046,8609,6387
134.40,4045,8617,6417
134.55,4043,8639,6423
134.70,4040,8639,6418
134.85,4045,8657,6437
135.00,4042,8665,6444
135.15,4040,8685,6456
135.30,4036,8687,6471
135.45,4038,8705,6478
135.60,4033,8708,6490
135.75,4032,8723,6502
135.90,4030,8730,6515
136.05,4031,8740,6538
136.20,4031,8752,6536
136.35,4026,8760,6547
136.50,4031,8768,6559
136.65,4024,8771,6569
136.80,4024,8780,6578
136.95,4029,8794,6602
137.10,4024,8790,6600
137.25,4019,8795,6623
137.40,4017,8794,6616
137.55,4020,8809,6641
137.70,4014,8805,6646
137.85,4013,8816,6634
138.00,4015,8815,6654
138.15,4007,8813,6643
138.30,4005,8801,6649
138.45,4006,8803,6652
138.60,3996,8807,6678
138.75,4001,8814,6679
138.90,3994,8810,6676
139.05,3989,8813,6686
139.20,3984,8828,6693
139.35,3982,8821,6702
139.50,3984,8831,6729
139.65,3982,8824,6723
139.80,3973,8832,6736
139.95,3974,8827,6744
140.10,3971,8831,6752
140.25,3967,8818,6759
140.40,3962,8833,6764
140.55,3962,8827,6787
140.70,3958,8821,6780
140.85,3956,8834,6802
141.00,3951,8819,6811
141.15,3948,8835,6805
141.30,3945,8824,6827
141.45,3942,8826,6835
141.60,3934,8830,6835
141.75,3931,8841,6841
141.90,3926,8842,6851
142.05,3927,8842,6860
142.20,3920,8834,6869
142.35,3919,8835,6874
142.50,3912,8834,6897
142.65,3907,8837,6888
142.80,3907,8846,6896
142.95,3900,8834,6899
143.10,3899,8835,6910
143.25,3892,8847,6914
143.40,3889,8839,6921
143.55,3887,8847,6941
143.70,3887,8845,6933
143.85,3880,8852,6952
144.00,3875,8837,6942
144.15,3878,8851,6961
144.30,3875,8849,6950
144.45,3873,8853,6970
144.60,3864,8854,6958
144.75,3865,8847,6962
144.90,3858,8846,6969
145.05,3856,8858,6973
145.20,3851,8849,6980
145.35,3845,8850,6986
145.50,3846,8865,6994
145.65,3839,8863,7000
145.80,3833,8866,7006
145.95,3833,8854,7024
146.10,3820,8850,7011
146.25,3819,8853,7013
146.40,3821,8853,7018
146.55,3812,8854,7037
146.70,3811,8850,7045
146.85,3801,8860,7033
147.00,3795,8848,7040
147.15,3795,8846,7045
147.30,3789,8856,7065
147.45,3775,8852,7065
147.60,3771,8852,7056
147.75,3767,8845,7060
147.90,3763,8832,7076
148.05,3749,8828,7064
148.20,3743,8824,7086
148.35,3737,8828,7088
148.50,3731,8825,7078
148.65,3728,8809,7081
148.80,3720,8803,7081
148.95,3711,8800,7101
149.10,3710,8797,7088
149.25,3703,8803,7089
149.40,3703,8788,7095
149.55,3689,8780,7110
149.70,3686,8776,7094
149.85,3684,8772,7095
150.00,3679,8761,7099
150.15,3672,8768,7118
150.30,3665,8762,7103
150.45,3665,8745,7121
150.60,3659,8740,7120
150.75,3649,8735,7123
150.90,3642,8728,7110
151.05,3640,8720,7110
151.20,3638,8713,7114
151.35,3625,8709,7116
151.50,3619,8713,7132
151.65,3615,8696,7119
151.80,3612,8705,7119
151.95,3599,8681,7119
152.10,3598,8677,7135
152.25,3583,8670,7125
152.40,3582,8669,7123
152.55,3573,8668,7139
152.70,3564,8659,7137
152.85,3562,8651,7115
153.00,3550,8632,7096
153.15,3538,8620,7083
153.30,3530,8625,7096
153.45,3522,8606,7129
153.60,3515,8595,7159
153.75,3515,8586,7178
153.90,3501,8593,7167
154.05,3494,8570,7136
154.20,3486,8559,7120
154.35,3482,8553,7127
154.50,3468,8549,7105
154.65,3465,8540,7115
154.80,3451,8524,7168
154.95,3444,8533,7193
155.10,3434,8514,7220
155.25,3428,8500,7214
155.40,3416,8504,7190
155.55,3402,8491,7162
155.70,3392,8469,7156
155.85,3393,8466,7124
156.00,3383,8454,7107
156.15,3383,8445,7111
156.30,3388,8435,7104
156.45,3385,8438,7081
156.60,3386,8418,7076
156.75,3388,8419,7086
156.90,3383,8412,7081
157.05,3375,8386,7073
157.20,3366,8376,7094
157.35,3352,8368,7093
157.50,3345,8340,7080
157.65,3336,8305,7082
157.80,3317,8277,7091
157.95,3310,8265,7071
158.10,3306,8256,7083
158.25,3302,8261,7062
158.40,3296,8254,7055
158.55,3297,8277,7068
158.70,3285,8286,7048
158.85,3273,8268,7054
159.00,3265,8260,7034
159.15,3252,8234,7030
159.30,3243,8195,7026
159.45,3220,8168,7015
159.60,3206,8137,7008
159.75,3196,8102,7007
159.90,3192,8082,7001
160.05,3181,8067,6994
160.20,3165,8066,6989
160.35,3163,8072,6986
160.50,3152,8074,6979
160.65,3129,8075,6970
160.80,3130,8093,6971
160.95,3126,8110,6982
161.10,3108,8101,6960
161.25,3101,8089,6954
161.40,3093,8086,6964
161.55,3082,8074,6944
161.70,3073,8067,6938
161.85,3068,8059,6934
162.00,3060,8047,6943
162.15,3053,8043,6924
162.30,3055,8031,6920
162.45,3041,8023,6919
162.60,3035,8017,6911
162.75,3035,8005,6920
162.90,3018,7994,6902
163.05,3011,7991,6893
163.20,3003,7971,6887
163.35,2995,7958,6881
163.50,2987,7945,6894
163.65,2976,7930,6885
163.80,2966,7922,6865
163.95,2965,7893,6857
164.10,2954,7883,6853
164.25,2946,7878,6847
164.40,2947,7854,6847
164.55,2938,7836,6839
164.70,2926,7815,6836
164.85,2923,7803,6833
165.00,2913,7795,6831
165.15,2892,7755,6824
165.30,2888,7744,6833
165.45,2869,7714,6810
165.60,2854,7695,6802
165.75,2842,7667,6813
165.90,2832,7646,6788
166.05,2831,7626,6785
166.20,2814,7609,6768
166.35,2808,7587,6768
166.50,2797,7568,6765
166.65,2788,7551,6756
166.80,2772,7535,6763
166.95,2768,7526,6756
167.10,2752,7508,6735
167.25,2742,7492,6727
167.40,2742,7460,6720
167.55,2718,7442,6707
167.70,2722,7420,6708
167.85,2717,7422,6703
168.00,2694,7398,6695
168.15,2687,7371,6687
168.30,2689,7365,6680
168.45,2673,7340,6692
168.60,2664,7325,6687
168.75,2663,7319,6663
168.90,2650,7292,6673
169.05,2639,7285,6647
169.20,2628,7255,6637
169.35,2619,7233,6625
169.50,2610,7212,6610
169.65,2602,7195,6615
169.80,2592,7171,6586
169.95,2585,7154,6572
170.10,2578,7136,6577
170.25,2571,7112,6562
170.40,2562,7111,6531
170.55,2555,7077,6519
170.70,2545,7058,6502
170.85,2546,7050,6490
171.00,2525,7014,6474
171.15,2524,6987,6471
171.30,2505,6979,6458
171.45,2495,6932,6437
171.60,2474,6906,6425
171.75,2465,6899,6411
171.90,2450,6857,6378
172.05,2438,6834,6364
172.20,2422,6808,6349
172.35,2421,6791,6337
172.50,2397,6772,6323
172.65,2390,6764,6313
172.80,2388,6756,6302
172.95,2379,6760,6309
173.10,2353,6736,6275
173.25,2343,6731,6283
173.40,2329,6723,6253
173.55,2316,6713,6242
173.70,2316,6710,6232
173.85,2299,6704,6225
174.00,2289,6686,6213
174.15,2289,6665,6203
174.30,2281,6643,6209
174.45,2261,6630,6183
174.60,2253,6593,6191
174.75,2244,6580,6182
174.90,2235,6545,6155
175.05,2222,6525,6142
175.20,2212,6510,6130
175.35,2201,6510,6117
175.50,2200,6494,6103
175.65,2191,6488,6108
175.80,2171,6477,6077
175.95,2170,6462,6062
176.10,2158,6443,6047
176.25,2140,6427,6035
176.40,2139,6405,6032
176.55,2122,6374,6008
176.70,2121,6350,5994
176.85,2107,6315,5972
177.00,2091,6303,5964
177.15,2086,6273,5945
177.30,2066,6260,5932
177.45,2054,6225,5916
177.60,2040,6193,5898
177.75,2025,6166,5880
177.90,2008,6126,5857
178.05,2004,6116,5840
178.20,1999,6084,5828
178.35,1975,6059,5813
178.50,1963,6031,5793
178.65,1956,6011,5781
178.80,1939,5998,5777
178.95,1935,5984,5772
179.10,1929,5955,5734
179.25,1908,5919,5717
179.40,1894,5903,5699
179.55,1884,5881,5702
179.70,1878,5865,5677
179.85,1871,5843,5668
180.00,1873,5820,5654
180.15,1853,5803,5660
180.30,1859,5783,5647
180.45,1838,5768,5621
180.60,1832,5764,5609
180.75,1822,5730,5597
180.90,1824,5724,5597
181.05,1802,5705,5568
181.20,1805,5670,5549
181.35,1780,5657,5534
181.50,1769,5623,5518
181.65,1757,5602,5515
181.80,1744,5585,5481
181.95,1740,5546,5464
182.10,1737,5540,5453
182.25,1726,5517,5433
182.40,1710,5496,5429
182.55,1696,5470,5409
182.70,1688,5455,5396
182.85,1668,5408,5366
183.00,1677,5414,5358
183.15,1651,5375,5355
183.30,1637,5357,5333
183.45,1620,5304,5290
183.60,1607,5290,5269
183.75,1597,5269,5256
183.90,1592,5260,5245
184.05,1577,5222,5235
184.20,1566,5193,5205
184.35,1552,5161,5181
184.50,1560,5167,5175
184.65,1545,5133,5155
184.80,1514,5088,5119
184.95,1514,5094,5138
185.10,1504,5069,5104
185.25,1509,5040,5090
185.40,1485,5015,5071
185.55,1486,4992,5070
185.70,1480,4976,5057
185.85,1455,4949,5021
186.00,1450,4936,5011
186.15,1455,4921,4998
186.30,1435,4904,4986
186.45,1427,4888,4990
186.60,1420,4883,4960
186.75,1426,4863,4947
186.90,1403,4831,4934
187.05,1394,4827,4917
187.20,1385,4789,4899
187.35,1372,4763,4880
187.50,1363,4744,4865
187.65,1349,4729,4842
187.80,1351,4701,4821
187.95,1324,4656,4797
188.10,1324,4632,4774
188.25,1313,4647,4776
188.40,1299,4600,4749
188.55,1294,4587,4741
188.70,1283,4577,4739
188.85,1278,4541,4719
189.00,1275,4515,4696
189.15,1251,4489,4678
189.30,1253,4466,4661
189.45,1239,4442,4633
189.60,1215,4401,4596
189.75,1197,4362,4565
189.90,1206,4350,4553
190.05,1193,4319,4531
190.20,1182,4297,4514
190.35,1176,4276,4496
190.50,1153,4250,4474
190.65,1142,4235,4456
190.80,1134,4208,4457
190.95,1126,4200,4426
191.10,1112,4152,4417
191.25,1105,4149,4397
191.40,1095,4107,4365
191.55,1086,4087,4365
191.70,1095,4086,4350
191.85,1072,4061,4335
192.00,1065,4029,4306
192.15,1056,4020,4288
192.30,1050,4001,4277
192.45,1042,3970,4262
192.60,1049,3952,4248
192.75,1028,3951,4249
192.90,1020,3929,4215
193.05,1025,3901,4199
193.20,1002,3866,4177
193.35,991,3839,4173
193.50,981,3815,4152
193.65,971,3806,4115
193.80,960,3761,4094
193.95,951,3739,4077
194.10,960,3733,4073
194.25,934,3699,4044
194.40,922,3663,4018
194.55,934,3654,4008
194.70,917,3623,3982
194.85,903,3604,3955
195.00,890,3582,3946
195.15,876,3545,3926
195.30,884,3524,3899
195.45,868,3483,3879
195.60,855,3463,3861
195.75,854,3459,3841
195.90,824,3406,3799
196.05,817,3400,3784
196.20,809,3364,3780
196.35,800,3352,3758
196.50,808,3336,3749
196.65,781,3250,3693
196.80,781,3250,3687
196.95,768,3249,3688
197.10,754,3211,3648
197.25,764,3214,3640
197.40,738,3183,3614
197.55,732,3166,3601
197.70,730,3145,3596
197.85,723,3138,3580
198.00,716,3105,3565
198.15,710,3104,3570
198.30,707,3074,3543
198.45,713,3074,3532
198.60,694,3054,3518
198.75,688,3036,3505
198.90,681,3015,3506
199.05,673,2987,3489
199.20,666,2970,3472
199.35,657,2933,3433
199.50,649,2908,3413
199.65,640,2883,3394
199.80,643,2872,3369
199.95,624,2834,3366
200.10,613,2807,3338
200.25,619,2803,3304
200.40,595,2765,3290
200.55,595,2762,3290
200.70,588,2748,3273
200.85,580,2725,3237
201.00,576,2673,3204
201.15,575,2662,3209
201.30,558,2646,3176
201.45,548,2618,3150
201.60,536,2566,3089
201.75,525,2565,3105
201.90,518,2529,3067
202.05,526,2524,3059
202.20,503,2486,3039
202.35,502,2482,3020
202.50,502,2456,2994
202.65,488,2459,2995
202.80,483,2444,2982
202.95,468,2383,2926
203.10,468,2383,2927
203.25,463,2387,2914
203.40,464,2361,2895
203.55,457,2339,2872
203.70,453,2311,2863
203.85,450,2305,2856
204.00,442,2296,2854
204.15,429,2285,2826
204.30,424,2255,2813
204.45,420,2240,2817
204.60,414,2225,2787
204.75,417,2209,2772
204.90,403,2192,2766
205.05,398,2173,2738
205.20,392,2152,2722
205.35,384,2146,2700
205.50,378,2110,2682
205.65,373,2087,2661
205.80,365,2083,2642
205.95,368,2047,2642
206.10,355,2031,2624
206.25,355,2006,2587
206.40,340,1983,2582
206.55,345,1988,2553
206.70,330,1940,2526
206.85,326,1931,2517
207.00,328,1914,2500
207.15,314,1893,2470
207.30,308,1868,2474
207.45,300,1837,2429
207.60,294,1830,2418
207.75,288,1790,2401
207.90,282,1789,2383
208.05,285,1758,2353
208.20,278,1747,2332
208.35,272,1712,2311
208.50,261,1698,2316
208.65,260,1685,2287
208.80,252,1678,2262
208.95,254,1662,2266
209.10,242,1626,2245
209.25,237,1609,2212
209.40,233,1605,2198
209.55,229,1592,2178
209.70,225,1580,2176
209.85,221,1549,2169
210.00,222,1534,2141
210.15,213,1519,2125
210.30,210,1506,2114
210.45,208,1495,2108
210.60,205,1483,2088
210.75,201,1467,2074
210.90,198,1468,2075
211.05,192,1451,2040
211.20,189,1418,2038
211.35,183,1398,2004
211.50,185,1398,1996
211.65,180,1362,1969
211.80,170,1344,1966
211.95,170,1322,1933
212.10,162,1322,1937
212.25,157,1291,1903
212.40,154,1278,1893
212.55,151,1266,1882
212.70,148,1249,1865
212.85,141,1220,1835
213.00,140,1219,1828
213.15,134,1194,1809
213.30,132,1198,1795
213.45,128,1150,1755
213.60,121,1132,1745
213.75,118,1130,1738
213.90,114,1113,1705
214.05,112,1088,1711
214.20,108,1075,1687
214.35,106,1060,1663
214.50,102,1045,1643
214.65,97,1032,1614
214.80,97,1032,1615
214.95,97,1008,1586
215.10,91,993,1594
215.25,93,972,1584
215.40,86,957,1562
215.55,89,946,1555
215.70,86,934,1526
215.85,84,928,1536
216.00,83,915,1516
216.15,77,904,1495
216.30,75,906,1485
216.45,74,885,1475
216.60,72,873,1464
216.75,74,863,1453
216.90,68,851,1440
217.05,65,839,1427
217.20,67,826,1411
217.35,61,812,1396
217.50,59,799,1382
217.65,61,785,1365
217.80,58,782,1346
217.95,52,754,1329
218.10,50,745,1319
218.25,48,730,1315
218.40,48,723,1293
218.55,47,712,1295
218.70,45,708,1259
218.85,44,687,1267
219.00,42,668,1227
219.15,40,657,1214
219.30,40,655,1217
219.45,36,611,1160
219.60,33,611,1162
219.75,34,599,1146
219.90,33,587,1136
220.05,30,590,1122
220.20,30,567,1107
220.35,30,553,1090
220.50,26,551,1073
220.65,26,532,1076
220.80,28,536,1066
220.95,27,506,1028
221.10,27,497,1031
221.25,27,494,1013
221.40,26,499,1005
221.55,26,485,1000
221.70,25,474,977
221.85,25,464,972
222.00,24,463,960
222.15,25,450,968
222.30,25,443,943
222.45,24,435,935
222.60,24,436,935
222.75,24,420,914
222.90,24,420,904
223.05,20,412,893
223.20,24,402,879
223.35,20,392,866
223.50,25,374,868
223.65,25,364,839
223.80,26,353,825
223.95,25,352,816
224.10,26,337,817
224.25,27,338,792
224.40,27,322,773
224.55,29,319,769
224.70,26,308,752
224.85,27,302,744
225.00,30,290,736
225.15,32,281,723
225.30,32,280,712
225.45,34,271,711
225.60,35,254,688
225.75,36,246,669
225.90,38,241,661
226.05,40,230,654
226.20,42,219,626
226.35,44,212,613
226.50,45,211,622
226.65,46,205,602
226.80,48,200,601
226.95,48,194,592
227.10,52,181,562
227.25,56,179,557
227.40,54,176,552
227.55,57,165,550
227.70,60,168,539
227.85,58,163,529
228.00,59,161,532
228.15,61,156,515
228.30,63,154,508
228.45,63,149,507
228.60,65,141,495
228.75,67,146,487
228.90,69,136,478
229.05,71,134,469
229.20,74,130,468
229.35,76,123,451
229.50,79,120,440
229.65,87,116,433
229.80,84,111,424
229.95,89,102,410
230.10,93,101,401
230.25,92,101,400
230.40,95,98,394
230.55,104,92,380
230.70,100,92,379
230.85,109,85,366
231.00,108,85,357
231.15,110,83,353
231.30,115,75,342
231.45,126,74,324
231.60,127,73,323
231.75,127,64,308
231.90,131,69,307
232.05,135,66,298
232.20,139,64,288
232.35,145,63,291
232.50,144,66,280
232.65,147,62,273
232.80,154,50,263
232.95,154,61,263
233.10,164,58,250
233.25,162,58,254
233.40,169,57,240
233.55,171,57,237
233.70,179,47,225
233.85,177,56,227
234.00,180,55,223
234.15,183,49,220
234.30,187,51,215
234.45,188,56,208
234.60,192,56,200
234.75,195,56,203
234.90,198,56,197
235.05,203,56,192
235.20,208,52,180
235.35,213,58,182
235.50,224,59,177
235.65,229,56,170
235.80,235,62,164
235.95,233,62,161
236.10,243,65,154
236.25,245,66,149
236.40,254,69,148
236.55,251,69,135
236.70,260,65,129
236.85,264,74,125
237.00,267,75,131
237.15,274,77,125
237.30,279,83,122
237.45,294,84,116
237.60,303,92,102
237.75,298,90,108
237.90,315,97,94
238.05,312,94,100
238.20,327,102,96
238.35,326,106,83
238.50,331,104,91
238.65,340,113,81
238.80,342,116,77
238.95,355,125,82
239.10,359,123,81
239.25,360,128,77
239.40,371,130,75
239.55,369,136,63
239.70,373,139,62
239.85,387,142,71
240.00,382,145,58
240.15,387,151,67
240.30,391,153,67
240.45,396,157,65
240.60,400,161,54
240.75,405,168,62
240.90,411,169,62
241.05,425,174,51
241.20,433,180,58
241.35,431,190,56
241.50,437,193,57
241.65,445,204,55
241.80,452,206,54
241.95,459,216,44
242.10,465,218,52
242.25,471,223,44
242.40,484,237,50
242.55,485,238,51
242.70,491,244,51
242.85,498,253,40
243.00,505,258,50
243.15,526,274,50
243.30,525,284,51
243.45,531,284,39
243.60,568,324,54
243.75,567,323,54
243.90,567,330,43
244.05,566,330,54
244.20,584,332,53
244.35,582,338,55
244.50,603,357,56
244.65,607,359,55
244.80,602,362,58
244.95,612,382,49
245.10,628,383,61
245.25,624,387,53
245.40,638,414,66
245.55,643,419,56
245.70,648,415,68
245.85,651,429,68
246.00,658,427,70
246.15,663,432,65
246.30,681,450,73
246.45,685,455,74
246.60,680,455,76
246.75,685,472,77
246.90,693,479,80
247.05,701,490,83
247.20,709,492,85
247.35,717,503,90
247.50,735,513,91
247.65,736,525,94
247.80,746,540,98
247.95,756,559,101
248.10,763,562,105
248.25,772,584,107
248.40,788,592,114
248.55,789,595,109
248.70,807,629,122
248.85,811,626,117
249.00,837,654,121
249.15,824,642,130
249.30,844,670,134
249.45,851,679,142
249.60,874,692,147
249.75,868,700,144
249.90,876,716,155
250.05,886,730,160
250.20,899,751,161
250.35,909,765,178
250.50,913,772,175
250.65,933,812,186
250.80,931,802,183
250.95,938,824,186
251.10,951,833,194
251.25,973,842,198
251.40,975,875,211
251.55,978,872,214
251.70,982,890,217
251.85,995,893,222
252.00,994,916,225
252.15,1014,908,235
252.30,1007,919,229
252.45,1013,945,238
252.60,1018,939,241
252.75,1026,949,247
252.90,1034,976,250
253.05,1042,975,257
253.20,1052,990,265
253.35,1063,1020,273
253.50,1072,1031,281
253.65,1084,1051,288
253.80,1108,1065,300
253.95,1105,1072,303
254.10,1121,1096,310
254.25,1122,1098,316
254.40,1131,1113,324
254.55,1146,1129,332
254.70,1149,1144,338
254.85,1169,1174,353
255.00,1168,1180,352
255.15,1179,1189,359
255.30,1203,1221,369
255.45,1231,1256,392
255.60,1227,1252,399
255.75,1223,1261,400
255.90,1236,1286,407
256.05,1246,1299,419
256.20,1257,1328,431
256.35,1269,1335,435
256.50,1276,1349,450
256.65,1291,1368,459
256.80,1302,1384,459
256.95,1328,1434,496
257.10,1326,1434,492
257.25,1326,1439,486
257.40,1349,1452,502
257.55,1361,1473,504
257.70,1351,1487,514
257.85,1363,1502,518
258.00,1371,1517,527
258.15,1379,1532,543
258.30,1384,1535,539
258.45,1393,1548,557
258.60,1400,1574,565
258.75,1407,1575,565
258.90,1416,1592,571
259.05,1439,1608,580
259.20,1436,1641,591
259.35,1448,1647,601
259.50,1458,1670,612
259.65,1471,1686,633
259.80,1493,1706,635
259.95,1489,1737,648
260.10,1501,1739,657
260.25,1514,1771,666
260.40,1529,1790,681
260.55,1537,1801,700
260.70,1544,1821,697
260.85,1553,1835,707
261.00,1560,1863,728
261.15,1592,1902,760
261.30,1591,1917,754
261.45,1609,1921,758
261.60,1618,1951,775
261.75,1623,1967,782
261.90,1639,1994,815
262.05,1658,2004,807
262.20,1668,2031,823
262.35,1671,2050,843
262.50,1677,2077,856
262.65,1691,2085,856
262.80,1701,2104,870
262.95,1713,2131,883
263.10,1721,2144,894
263.25,1741,2178,915
263.40,1741,2180,917
263.55,1752,2202,930
263.70,1757,2226,936
263.85,1766,2238,961
264.00,1775,2244,972
264.15,1785,2268,968
264.30,1792,2276,978
264.45,1806,2295,996
264.60,1818,2303,997
264.75,1816,2318,1006
264.90,1825,2338,1018
265.05,1841,2357,1030
265.20,1845,2379,1060
265.35,1857,2400,1057
265.50,1869,2422,1071
265.65,1891,2444,1086
265.80,1892,2468,1117
265.95,1899,2498,1128
266.10,1921,2504,1126
266.25,1920,2525,1143
266.40,1940,2544,1151
266.55,1941,2573,1182
266.70,1950,2589,1178
266.85,1964,2624,1196
267.00,1976,2651,1228
267.15,1985,2651,1225
267.30,2011,2703,1257
267.45,2029,2746,1283
267.60,2028,2750,1298
267.75,2034,2751,1293
267.90,2070,2803,1326
268.05,2058,2799,1324
268.20,2069,2823,1353
268.35,2089,2862,1367
268.50,2093,2867,1371
268.65,2126,2951,1428
268.80,2125,2950,1415
268.95,2125,2933,1415
269.10,2158,3003,1463
269.25,2157,3002,1464
269.40,2158,2999,1480
269.55,2161,3010,1470
269.70,2169,3024,1495
269.85,2177,3056,1492
270.00,2186,3060,1505
270.15,2195,3081,1529
270.30,2203,3095,1529
270.45,2209,3127,1558
270.60,2217,3124,1569
270.75,2225,3145,1580
270.90,2235,3161,1577
271.05,2245,3182,1593
271.20,2267,3206,1609
271.35,2272,3242,1643
271.50,2279,3256,1657
271.65,2291,3286,1660
271.80,2304,3302,1693
271.95,2311,3325,1692
272.10,2319,3343,1704
272.25,2343,3368,1723
272.40,2357,3409,1770
272.55,2350,3409,1752
272.70,2360,3443,1771
272.85,2378,3450,1780
273.00,2395,3510,1822
273.15,2395,3512,1836
273.30,2405,3531,1838
273.45,2426,3570,1868
273.60,2442,3618,1903
273.75,2452,3623,1920
273.90,2455,3632,1912
274.05,2473,3674,1954
274.20,2486,3687,1952
274.35,2489,3709,1966
274.50,2516,3770,2009
274.65,2514,3768,2007
274.80,2519,3780,2017
274.95,2530,3801,2033
275.10,2550,3849,2068
275.25,2551,3847,2083
275.40,2565,3876,2089
275.55,2584,3920,2120
275.70,2581,3921,2118
275.85,2592,3950,2150
276.00,2604,3952,2150
276.15,2612,3981,2172
276.30,2624,3990,2174
276.45,2620,4006,2185
276.60,2627,4019,2197
276.75,2642,4036,2212
276.90,2644,4055,2226
277.05,2653,4079,2253
277.20,2665,4103,2263
277.35,2675,4140,2279
277.50,2687,4166,2313
277.65,2697,4178,2322
277.80,2708,4206,2337
277.95,2717,4226,2353
278.10,2732,4256,2366
278.25,2733,4263,2379
278.40,2754,4322,2433
278.55,2754,4310,2417
278.70,2768,4350,2462
278.85,2787,4389,2490
279.00,2792,4380,2474
279.15,2800,4418,2498
279.30,2819,4444,2520
279.45,2839,4515,2572
279.60,2835,4512,2580
279.75,2840,4517,2577
279.90,2864,4576,2621
280.05,2875,4584,2645
280.20,2875,4603,2654
280.35,2899,4652,2670
280.50,2906,4670,2693
280.65,2910,4672,2693
280.80,2936,4762,2760
280.95,2937,4748,2755
281.10,2944,4752,2768
281.25,2952,4787,2783
281.40,2949,4798,2781
281.55,2969,4844,2816
281.70,2973,4848,2825
281.85,2977,4855,2832
282.00,2985,4880,2849
282.15,2994,4914,2868
282.30,3003,4926,2880
282.45,3011,4946,2915
282.60,3016,4961,2911
282.75,3029,4980,2925
282.90,3032,5001,2940
283.05,3041,5025,2957
283.20,3050,5063,2982
283.35,3062,5090,3010
283.50,3068,5105,3014
283.65,3077,5132,3032
283.80,3089,5156,3058
283.95,3096,5182,3071
284.10,3104,5199,3086
284.25,3112,5226,3104
284.40,3121,5246,3136
284.55,3131,5286,3142
284.70,3139,5291,3154
284.85,3149,5326,3177
285.00,3180,5386,3236
285.15,3173,5396,3245
285.30,3180,5402,3242
285.45,3198,5457,3285
285.60,3217,5502,3321
285.75,3217,5502,3338
285.90,3227,5527,3343
286.05,3247,5570,3382
286.20,3251,5581,3388
286.35,3251,5598,3390
286.50,3265,5623,3437
286.65,3268,5634,3429
286.80,3276,5657,3450
286.95,3285,5681,3467
287.10,3298,5708,3497
287.25,3309,5739,3528
287.40,3315,5766,3531
287.55,3322,5774,3546
287.70,3328,5794,3561
287.85,3335,5814,3574
288.00,3342,5839,3611
288.15,3350,5848,3614
288.30,3359,5871,3630
288.45,3366,5902,3648
288.60,3372,5905,3681
288.75,3378,5926,3681
288.90,3385,5943,3696
289.05,3395,5971,3715
289.20,3411,5987,3735
289.35,3414,6010,3755
289.50,3424,6032,3772
289.65,3430,6051,3788
289.80,3444,6076,3806
289.95,3449,6100,3828
290.10,3456,6113,3835
290.25,3470,6151,3861
290.40,3474,6167,3873
290.55,3481,6198,3886
290.70,3487,6213,3905
290.85,3494,6238,3924
291.00,3509,6300,3965
291.15,3510,6300,3974
291.30,3517,6325,3985
291.45,3529,6365,4031
291.60,3530,6378,4049
291.75,3557,6444,4087
291.90,3548,6442,4091
292.05,3554,6459,4106
292.20,3560,6470,4109
292.35,3562,6488,4130
292.50,3569,6506,4162
292.65,3577,6524,4164
292.80,3581,6545,4192
292.95,3591,6575,4213
293.10,3593,6577,4217
293.25,3619,6664,4285
293.40,3617,6657,4300
293.55,3615,6644,4284
293.70,3615,6646,4283
293.85,3624,6669,4308
294.00,3628,6669,4313
294.15,3632,6697,4328
294.30,3635,6702,4345
294.45,3642,6723,4360
294.60,3646,6734,4375
294.75,3651,6749,4404
294.90,3657,6765,4417
295.05,3662,6793,4424
295.20,3670,6806,4442
295.35,3673,6827,4458
295.50,3680,6836,4478
295.65,3683,6864,4493
295.80,3689,6880,4512
295.95,3693,6890,4528
296.10,3699,6915,4559
296.25,3704,6936,4559
296.40,3717,6965,4600
296.55,3715,6963,4609
296.70,3719,6977,4629
296.85,3726,6995,4633
297.00,3735,7015,4651
297.15,3737,7033,4668
297.30,3744,7052,4697
297.45,3751,7091,4715
297.60,3758,7120,4759
297.75,3765,7125,4772
297.90,3775,7147,4781
298.05,3780,7168,4808
298.20,3780,7176,4810
298.35,3789,7196,4835
298.50,3790,7221,4846
298.65,3793,7226,4883
298.80,3802,7262,4892
298.95,3806,7259,4917
299.10,3809,7274,4921
299.25,3815,7305,4940
299.40,3818,7305,4950
299.55,3823,7327,4972
299.70,3828,7344,4992
299.85,3830,7353,5008
300.00,3835,7377,5011
300.15,3836,7375,5025
300.30,3842,7395,5042
300.45,3848,7413,5062
300.60,3850,7426,5071
300.75,3852,7450,5087
300.90,3859,7453,5102
301.05,3863,7472,5125
301.20,3866,7488,5137
301.35,3870,7503,5152
301.50,3875,7515,5166
301.65,3882,7536,5188
301.80,3885,7565,5212
301.95,3890,7565,5216
302.10,3891,7576,5230
302.25,3894,7593,5257
302.40,3899,7609,5260
302.55,3901,7627,5276
302.70,3904,7645,5302
302.85,3911,7668,5334
303.00,3919,7676,5330
303.15,3922,7713,5364
303.30,3921,7712,5371
303.45,3930,7744,5410
303.60,3937,7772,5441
303.75,3937,7772,5432
303.90,3942,7785,5438
304.05,3941,7806,5471
304.20,3946,7819,5489
304.35,3955,7859,5508
304.50,3958,7849,5508
304.65,3961,7899,5553
304.80,3964,7889,5560
304.95,3963,7890,5551
305.10,3967,7933,5606
305.25,3973,7923,5591
305.40,3970,7937,5607
305.55,3973,7956,5621
305.70,3977,7955,5645
305.85,3975,7973,5640
306.00,3981,7987,5656
306.15,3982,7991,5670
306.30,3985,8001,5697
306.45,3985,8020,5697
306.60,3989,8029,5711
306.75,3992,8050,5743
306.90,3992,8052,5741
307.05,3999,8061,5756
307.20,3996,8080,5769
307.35,3997,8091,5781
307.50,3997,8092,5810
307.65,4002,8113,5820
307.80,4008,8135,5845
307.95,4005,8132,5851
308.10,4008,8152,5856
308.25,4017,8171,5884
308.40,4014,8165,5884
308.55,4014,8184,5906
308.70,4018,8204,5918
308.85,4023,8215,5939
309.00,4020,8214,5945
309.15,4025,8227,5977
309.30,4024,8267,6001
309.45,4026,8262,6008
309.60,4027,8263,6005
309.75,4028,8270,6017
309.90,4034,8315,6074
310.05,4035,8322,6073
310.20,4035,8314,6082
310.35,4037,8332,6087
310.50,4034,8330,6091
310.65,4033,8345,6118
310.80,4036,8353,6129
310.95,4037,8372,6143
311.10,4039,8384,6155
311.25,4040,8393,6162
311.40,4040,8400,6171
311.55,4040,8414,6202
311.70,4040,8421,6196
311.85,4043,8434,6205
312.00,4043,8440,6217
312.15,4043,8448,6232
312.30,4046,8469,6258
312.45,4046,8470,6255
312.60,4047,8489,6261
312.75,4045,8487,6272
312.90,4049,8496,6285
313.05,4048,8507,6299
313.20,4049,8515,6311
313.35,4047,8534,6322
313.50,4046,8535,6331
313.65,4047,8541,6341
313.80,4048,8561,6367
313.95,4048,8559,6369
314.10,4045,8573,6375
314.25,4043,8578,6394
314.40,4044,8590,6407
314.55,4044,8598,6414
314.70,4047,8596,6420
314.85,4046,8606,6437
315.00,4043,8619,6452
315.15,4039,8632,6471
315.30,4043,8636,6476
315.45,4041,8655,6498
315.60,4040,8657,6500
315.75,4038,8670,6542
315.90,4038,8682,6546
316.05,4039,8690,6545
316.20,4037,8696,6568
316.35,4031,8699,6589
316.50,4032,8706,6573
316.65,4028,8702,6600
316.80,4030,8718,6599
316.95,4029,8730,6611
317.10,4027,8721,6617
317.25,4026,8737,6629
317.40,4023,8731,6648
317.55,4021,8746,6655
317.70,4022,8737,6664
317.85,4020,8741,6672
318.00,4020,8745,6688
318.15,4019,8749,6680
318.30,4015,8757,6697
318.45,4012,8757,6702
318.60,4011,8766,6722
318.75,4010,8766,6731
318.90,4007,8766,6728
319.05,4009,8772,6748
319.20,4005,8774,6743
319.35,4009,8774,6755
319.50,4001,8779,6761
319.65,4001,8784,6782
319.80,4003,8788,6784
319.95,4000,8789,6786
320.10,3995,8796,6798
320.25,3992,8800,6816
320.40,3990,8800,6823
320.55,3987,8807,6819
320.70,3986,8825,6828
320.85,3982,8830,6838
321.00,3983,8826,6844
321.15,3975,8836,6862
321.30,3973,8847,6871
321.45,3966,8849,6904
321.60,3963,8851,6890
321.75,3961,8858,6896
321.90,3956,8876,6910
322.05,3959,8865,6907
322.20,3952,8869,6916
322.35,3946,8884,6931
322.50,3946,8895,6931
322.65,3944,8884,6946
322.80,3942,8887,6940
322.95,3935,8906,6964
323.10,3935,8906,6972
323.25,3931,8898,6976
323.40,3928,8907,6969
323.55,3927,8912,6978
323.70,3920,8914,6980
323.85,3918,8916,6997
324.00,3915,8928,6993
324.15,3914,8931,6995
324.30,3912,8927,7001
324.45,3906,8937,7023
324.60,3904,8926,7012
324.75,3902,8932,7018
324.90,3895,8930,7023
325.05,3893,8932,7030
325.20,3888,8934,7035
325.35,3885,8946,7041
325.50,3880,8945,7048
325.65,3877,8937,7047
325.80,3873,8938,7055
325.95,3869,8938,7060
326.10,3863,8941,7076
326.25,3860,8945,7069
326.40,3861,8942,7087
326.55,3853,8946,7079
326.70,3842,8944,7088
326.85,3841,8946,7086
327.00,3837,8945,7097
327.15,3829,8942,7094
327.30,3827,8952,7098
327.45,3819,8940,7103
327.60,3814,8940,7108
327.75,3811,8947,7114
327.90,3804,8946,7135
328.05,3804,8942,7122
328.20,3796,8929,7135
328.35,3790,8929,7134
328.50,3784,8924,7151
328.65,3783,8921,7142
328.80,3779,8918,7160
328.95,3770,8923,7146
329.10,3764,8918,7147
329.25,3765,8910,7148
329.40,3756,8909,7166
329.55,3748,8902,7153
329.70,3746,8897,7156
329.85,3740,8894,7160
330.00,3736,8902,7175
330.15,3734,8896,7178
330.30,3727,8882,7164
330.45,3719,8887,7164
330.60,3716,8873,7168
330.75,3709,8870,7168
330.90,3708,8864,7172
331.05,3697,8867,7169
331.20,3693,8864,7171
331.35,3686,8851,7171
331.50,3679,8846,7172
331.65,3673,8843,7171
331.80,3667,8835,7174
331.95,3660,8831,7188
332.10,3653,8824,7176
332.25,3646,8821,7177
332.40,3638,8824,7174
332.55,3633,8808,7175
332.70,3622,8800,7179
332.85,3621,8796,7179
333.00,3606,8788,7176
333.15,3598,8779,7178
333.30,3590,8776,7177
333.45,3579,8763,7177
333.60,3572,8757,7176
333.75,3563,8751,7177
333.90,3555,8737,7176
334.05,3539,8718,7171
334.20,3540,8718,7171
334.35,3529,8709,7181
334.50,3522,8702,7166
334.65,3518,8692,7166
334.80,3510,8689,7165
334.95,3492,8679,7171
335.10,3494,8668,7172
335.25,3483,8655,7153
335.40,3476,8657,7165
335.55,3459,8642,7145
335.70,3465,8640,7143
335.85,3463,8643,7151
336.00,3450,8630,7144
336.15,3440,8616,7150
336.30,3431,8609,7136
336.45,3424,8610,7131
336.60,3414,8604,7129
336.75,3407,8582,7126
336.90,3405,8572,7125
337.05,3389,8571,7124
337.20,3381,8549,7122
337.35,3372,8535,7118
337.50,3364,8526,7113
337.65,3350,8507,7125
337.80,3346,8501,7114
337.95,3339,8491,7122
338.10,3322,8472,7114
338.25,3317,8455,7112
338.40,3308,8438,7101
338.55,3302,8430,7097
338.70,3292,8414,7103
338.85,3286,8393,7104
339.00,3267,8372,7086
339.15,3259,8351,7078
339.30,3249,8349,7086
339.45,3243,8320,7069
339.60,3234,8296,7063
339.75,3208,8269,7061
339.90,3207,8254,7049
340.05,3195,8231,7040
340.20,3185,8217,7052
340.35,3159,8173,7023
340.50,3161,8185,7023
340.65,3160,8171,7035
340.80,3155,8163,7018
340.95,3148,8144,7030
341.10,3136,8127,7007
341.25,3134,8118,7019
341.40,3121,8097,7000
341.55,3115,8081,6995
341.70,3109,8076,6987
341.85,3098,8064,6985
342.00,3092,8041,6979
342.15,3094,8033,6993
342.30,3075,8010,6971
342.45,3069,8001,6969
342.60,3060,7986,6962
342.75,3058,7979,6958
342.90,3052,7966,6952
343.05,3036,7941,6961
343.20,3032,7933,6943
343.35,3022,7918,6944
343.50,3013,7903,6936
343.65,3005,7900,6927
343.80,2988,7869,6931
343.95,2985,7858,6928
344.10,2952,7801,6892
344.25,2954,7798,6888
344.40,2952,7801,6892
344.55,2946,7794,6885
344.70,2934,7773,6877
344.85,2914,7739,6874
345.00,2919,7737,6861
345.15,2898,7725,6865
345.30,2890,7716,6845
345.45,2866,7675,6835
345.60,2860,7663,6823
345.75,2844,7642,6809
345.90,2831,7617,6799
346.05,2818,7606,6787
346.20,2819,7601,6788
346.35,2812,7583,6779
346.50,2802,7577,6765
346.65,2794,7566,6778
346.80,2773,7530,6745
346.95,2773,7532,6745
347.10,2755,7504,6742
347.25,2750,7496,6724
347.40,2740,7468,6715
347.55,2735,7467,6706
347.70,2728,7456,6699
347.85,2730,7455,6707
348.00,2711,7439,6684
348.15,2698,7409,6670
348.30,2691,7409,6676
348.45,2688,7391,6671
348.60,2679,7376,6649
348.75,2668,7357,6643
348.90,2668,7346,6641
349.05,2651,7338,6621
349.20,2641,7324,6631
349.35,2631,7294,6621
349.50,2623,7282,6613
349.65,2610,7274,6601
349.80,2602,7246,6576
349.95,2594,7235,6563
350.10,2576,7221,6548
350.25,2577,7201,6554
350.40,2557,7180,6574
350.55,2548,7167,6580
350.70,2531,7159,6564
350.85,2529,7145,6570
351.00,2513,7128,6569
351.15,2512,7108,6545
351.30,2490,7090,6532
351.45,2476,7072,6511
351.60,2463,7030,6486
351.75,2465,7036,6482
351.90,2465,7011,6461
352.05,2454,7005,6457
352.20,2426,6939,6415
352.35,2430,6927,6413
352.50,2421,6898,6400
352.65,2414,6880,6389
352.80,2407,6828,6368
352.95,2399,6811,6362
353.10,2373,6779,6341
353.25,2361,6750,6328
353.40,2357,6743,6311
353.55,2336,6725,6298
353.70,2326,6730,6288
353.85,2320,6718,6277
354.00,2307,6712,6262
354.15,2297,6699,6263
354.30,2286,6686,6239
354.45,2277,6675,6222
354.60,2267,6655,6225
354.75,2256,6640,6199
354.90,2246,6625,6191
355.05,2240,6614,6183
355.20,2226,6590,6170
355.35,2214,6583,6161
355.50,2214,6552,6167
355.65,2195,6543,6140
355.80,2187,6514,6126
355.95,2172,6492,6131
356.10,2161,6473,6111
356.25,2153,6446,6092
356.40,2139,6416,6080
356.55,2135,6404,6082
356.70,2111,6352,6052
356.85,2111,6359,6037
357.00,2100,6326,6022
357.15,2093,6300,6013
357.30,2074,6274,5987
357.45,2069,6239,5961
357.60,2047,6215,5960
357.75,2036,6187,5929
357.90,2023,6168,5910
358.05,2013,6133,5896
358.20,1999,6104,5873
358.35,1993,6087,5872
358.50,1985,6061,5832
358.65,1966,6044,5822
358.80,1952,6012,5814
358.95,1947,5986,5789
359.10,1924,5939,5756
359.25,1919,5924,5749
359.40,1912,5910,5752
359.55,1904,5879,5716
359.70,1894,5876,5712
359.85,1884,5866,5707
360.00,1875,5850,5711
