0.00,2028,3901,3259
0.15,2005,3880,3231
0.30,1995,3860,3215
0.45,1986,3842,3203
0.60,1982,3834,3196
0.75,1965,3801,3165
0.90,1951,3777,3161
1.05,1944,3761,3139
1.20,1934,3758,3120
1.35,1924,3721,3114
1.50,1922,3708,3100
1.65,1910,3695,3066
1.80,1910,3672,3073
1.95,1884,3656,3036
2.10,1888,3636,3027
2.25,1874,3621,3014
2.40,1863,3606,3003
2.55,1852,3584,2995
2.70,1844,3583,2973
2.85,1837,3563,2960
3.00,1831,3542,2949
3.15,1823,3540,2937
3.30,1814,3511,2933
3.45,1805,3501,2910
3.60,1796,3476,2896
3.75,1794,3458,2876
3.90,1777,3450,2877
4.05,1768,3436,2859
4.20,1757,3400,2830
4.35,1755,3381,2816
4.50,1747,3372,2797
4.65,1739,3357,2784
4.80,1718,3320,2763
4.95,1705,3301,2748
5.10,1698,3286,2734
5.25,1689,3271,2723
5.40,1676,3255,2700
5.55,1669,3243,2689
5.70,1656,3217,2682
5.85,1646,3185,2665
6.00,1634,3165,2634
6.15,1629,3154,2612
6.30,1622,3121,2593
6.45,1612,3103,2597
6.60,1592,3087,2559
6.75,1581,3057,2545
6.90,1573,3055,2529
7.05,1559,3022,2509
7.20,1545,2990,2488
7.35,1543,2983,2482
7.50,1532,2979,2468
7.65,1532,2943,2451
7.80,1523,2925,2435
7.95,1513,2906,2419
8.10,1492,2887,2415
8.25,1484,2874,2391
8.40,1479,2862,2384
8.55,1476,2846,2368
8.70,1464,2833,2359
8.85,1463,2819,2345
9.00,1461,2805,2332
9.15,1441,2789,2321
9.30,1435,2774,2307
9.45,1425,2771,2310
9.60,1415,2739,2279
9.75,1406,2719,2264
9.90,1396,2700,2247
10.05,1398,2683,2246
10.20,1388,2662,2215
10.35,1366,2642,2201
10.50,1360,2627,2188
10.65,1350,2608,2187
10.80,1354,2596,2161
10.95,1335,2579,2147
11.10,1326,2570,2146
11.25,1315,2546,2126
11.40,1308,2527,2104
11.55,1306,2501,2098
11.70,1283,2479,2063
11.85,1289,2469,2055
12.00,1271,2457,2034
12.15,1249,2415,2011
12.30,1243,2402,1999
12.45,1237,2374,1976
12.60,1221,2359,1965
12.75,1212,2339,1947
12.90,1204,2337,1934
13.05,1190,2313,1929
13.20,1178,2276,1896
13.35,1179,2276,1894
13.50,1168,2255,1876
13.65,1169,2251,1863
13.80,1152,2219,1863
13.95,1145,2201,1846
14.10,1142,2196,1817
14.25,1123,2167,1804
14.40,1129,2160,1796
14.55,1111,2143,1796
14.70,1118,2132,1775
14.85,1097,2120,1765
15.00,1093,2122,1754
15.15,1085,2095,1744
15.30,1091,2080,1744
15.45,1079,2078,1734
15.60,1061,2048,1708
15.75,1054,2045,1692
15.90,1044,2014,1675
16.05,1047,2010,1677
16.20,1025,1977,1661
16.35,1013,1969,1628
16.50,1013,1939,1631
16.65,1001,1927,1607
16.80,992,1928,1594
16.95,984,1896,1594
17.10,975,1883,1583
17.25,972,1880,1553
17.40,960,1855,1542
17.55,950,1832,1540
17.70,938,1811,1523
17.85,936,1794,1492
18.00,917,1766,1485
18.15,915,1753,1475
18.30,898,1731,1457
18.45,892,1719,1446
18.60,883,1700,1417
18.75,871,1677,1397
18.90,864,1678,1384
19.05,857,1664,1383
19.20,847,1647,1374
19.35,843,1625,1353
19.50,833,1603,1336
19.65,839,1592,1326
19.80,820,1578,1312
19.95,810,1563,1301
20.10,804,1553,1298
20.25,798,1539,1293
20.40,790,1527,1284
20.55,797,1522,1270
20.70,777,1510,1244
20.85,771,1485,1236
21.00,766,1474,1229
21.15,769,1463,1219
21.30,755,1452,1209
21.45,748,1440,1198
21.60,740,1427,1202
21.75,733,1408,1173
21.90,724,1408,1160
22.05,717,1378,1147
22.20,719,1377,1142
22.35,712,1344,1119
22.50,692,1333,1109
22.65,686,1335,1098
22.80,674,1297,1079
22.95,669,1301,1072
23.10,663,1292,1062
23.25,668,1275,1066
23.40,647,1245,1036
23.55,639,1227,1032
23.70,630,1211,1005
23.85,621,1194,1009
24.00,611,1174,978
24.15,604,1160,966
24.30,597,1161,969
24.45,587,1143,954
24.60,581,1116,942
24.75,574,1118,928
24.90,566,1095,904
25.05,560,1092,907
25.20,555,1064,883
25.35,547,1053,875
25.50,539,1037,876
25.65,530,1016,845
25.80,535,1009,837
25.95,519,996,828
26.10,514,1003,819
26.25,520,980,826
26.40,508,968,818
26.55,499,957,794
26.70,503,961,801
26.85,489,955,782
27.00,485,944,786
27.15,482,931,765
27.30,482,909,756
27.45,469,913,748
27.60,473,895,738
27.75,466,874,727
27.90,449,861,715
28.05,444,849,705
28.20,435,847,693
28.35,429,819,680
28.50,431,808,671
28.65,425,797,673
28.80,410,781,649
28.95,403,785,641
29.10,401,764,642
29.25,389,749,619
29.40,388,741,625
29.55,389,738,602
29.70,374,714,602
29.85,363,703,575
30.00,366,684,568
30.15,351,668,556
30.30,354,660,548
30.45,342,663,549
30.60,335,638,530
30.75,336,626,518
30.90,330,613,510
31.05,319,605,510
31.20,319,607,496
31.35,307,595,490
31.50,309,573,481
31.65,301,561,469
31.80,291,553,464
31.95,286,544,459
32.10,286,541,440
32.25,276,525,439
32.40,281,522,437
32.55,271,515,426
32.70,274,507,421
32.85,269,500,415
33.00,261,494,409
33.15,264,488,411
33.30,254,480,401
33.45,248,471,396
33.60,245,463,384
33.75,246,452,376
33.90,239,443,368
34.05,230,435,359
34.20,224,422,357
34.35,224,416,342
34.50,220,405,335
34.65,210,397,329
34.80,206,388,321
34.95,204,386,318
35.10,199,373,309
35.25,195,365,302
35.40,190,357,296
35.55,190,344,286
35.70,181,342,285
35.85,173,324,265
36.00,171,319,264
36.15,171,309,261
36.30,167,303,247
36.45,163,295,245
36.60,155,293,233
36.75,151,282,233
36.90,147,279,225
37.05,147,265,220
37.20,141,261,211
37.35,141,252,209
37.50,137,245,203
37.65,124,229,189
37.80,125,230,189
37.95,125,233,189
38.10,120,220,182
38.25,122,221,174
38.40,121,213,176
38.55,120,212,173
38.70,113,207,170
38.85,110,202,167
39.00,109,197,156
39.15,106,193,159
39.30,104,191,148
39.45,101,183,151
39.60,99,177,146
39.75,96,171,142
39.90,96,166,131
40.05,89,159,125
40.20,90,154,128
40.35,83,150,122
40.50,85,142,119
40.65,79,136,114
40.80,79,131,102
40.95,78,127,98
41.10,71,122,95
41.25,69,122,100
41.40,66,118,97
41.55,68,113,93
41.70,62,103,88
41.85,59,101,84
42.00,60,96,69
42.15,56,88,78
42.30,54,90,74
42.45,50,83,70
42.60,53,75,67
42.75,48,78,65
42.90,46,76,52
43.05,48,73,61
43.20,42,68,56
43.35,43,65,53
43.50,40,63,52
43.65,40,59,50
43.80,38,59,49
43.95,35,55,45
44.10,35,54,44
44.25,34,50,32
44.40,33,51,30
44.55,33,49,41
44.70,33,48,28
44.85,30,37,39
45.00,30,45,37
45.15,29,43,37
45.30,28,42,23
45.45,31,40,34
45.60,27,39,20
45.75,29,27,21
45.90,25,36,29
46.05,25,35,16
46.20,23,33,26
46.35,23,32,27
46.50,23,31,13
46.65,23,29,12
46.80,21,18,24
46.95,24,28,11
47.10,22,28,23
47.25,21,28,23
47.40,21,28,22
47.55,21,16,23
47.70,23,26,10
47.85,22,27,22
48.00,20,27,23
48.15,20,27,16
48.30,21,27,11
48.45,21,28,23
48.60,22,28,12
48.75,23,30,17
48.90,23,30,13
49.05,24,31,27
49.20,23,32,27
49.35,27,32,27
49.50,24,23,28
49.65,28,24,29
49.80,28,27,32
49.95,27,36,32
50.10,27,29,32
50.25,27,34,22
50.40,32,42,34
50.55,32,42,35
50.70,32,43,37
50.85,30,45,26
51.00,34,36,39
51.15,31,47,40
51.30,36,50,30
51.45,37,51,32
51.60,38,55,45
51.75,36,56,48
51.90,37,50,49
52.05,43,61,52
52.20,41,66,55
52.35,44,69,57
52.50,44,70,60
52.65,45,74,52
52.80,46,78,54
52.95,48,80,68
53.10,51,79,73
53.25,58,86,77
53.40,53,91,67
53.55,61,105,88
53.70,61,105,88
53.85,60,98,78
54.00,63,109,92
54.15,65,116,88
54.30,68,118,90
54.45,75,126,105
54.60,75,135,111
54.75,78,139,117
54.90,78,138,116
55.05,79,137,118
55.20,95,161,138
55.35,90,159,128
55.50,90,160,136
55.65,90,160,136
55.80,94,168,141
55.95,97,173,138
56.10,97,174,147
56.25,102,178,149
56.40,102,182,154
56.55,104,187,150
56.70,109,192,161
56.85,108,194,164
57.00,114,198,171
57.15,111,202,170
57.30,114,209,175
57.45,117,213,173
57.60,120,217,188
57.75,127,226,190
57.90,127,231,195
58.05,129,243,201
58.20,138,251,208
58.35,138,260,217
58.50,141,261,219
58.65,149,273,228
58.80,149,275,228
58.95,158,293,246
59.10,162,292,245
59.25,173,310,261
59.40,172,310,265
59.55,167,310,259
59.70,171,319,268
59.85,175,327,275
60.00,181,345,285
60.15,186,355,291
60.30,200,375,313
60.45,199,380,312
60.60,199,372,311
60.75,205,384,326
60.90,216,395,331
61.05,218,409,342
61.20,217,407,342
61.35,230,431,360
61.50,232,430,360
61.65,232,435,365
61.80,233,439,372
61.95,240,459,377
62.10,248,466,384
62.25,244,461,386
62.40,248,474,392
62.55,251,483,397
62.70,253,490,403
62.85,257,496,409
63.00,261,493,416
63.15,264,510,424
63.30,269,517,426
63.45,274,516,433
63.60,284,536,441
63.75,289,537,454
63.90,289,557,465
64.05,295,557,466
64.20,306,569,481
64.35,307,593,493
64.50,310,596,495
64.65,316,614,505
64.80,325,612,511
64.95,329,630,526
65.10,333,635,540
65.25,350,669,568
65.40,351,668,559
65.55,351,668,569
65.70,378,708,589
65.85,371,718,590
66.00,377,704,597
66.15,387,736,612
66.30,386,733,619
66.45,387,741,630
66.60,411,798,656
66.75,410,785,665
66.90,409,784,666
67.05,422,807,686
67.20,422,821,674
67.35,425,814,687
67.50,447,842,702
67.65,438,841,714
67.80,441,847,707
67.95,451,866,722
68.10,452,870,738
68.25,457,888,732
68.40,462,902,740
68.55,466,895,747
68.70,470,904,767
68.85,475,918,762
69.00,480,937,782
69.15,485,931,777
69.30,489,940,786
69.45,495,955,795
69.60,502,965,805
69.75,508,993,830
69.90,516,1008,827
70.05,524,1021,840
70.20,531,1023,852
70.35,539,1040,880
70.50,555,1051,876
70.65,552,1066,886
70.80,568,1085,910
70.95,578,1097,913
71.10,578,1120,929
71.25,585,1130,939
71.40,586,1130,956
71.55,607,1150,956
71.70,615,1187,987
71.85,613,1200,985
72.00,627,1224,1011
72.15,639,1214,1010
72.30,641,1240,1029
72.45,643,1242,1048
72.60,650,1271,1043
72.75,673,1277,1079
72.90,689,1310,1088
73.05,676,1323,1087
73.20,680,1314,1091
73.35,703,1362,1131
73.50,704,1361,1145
73.65,709,1364,1132
73.80,714,1380,1145
73.95,717,1389,1153
74.10,723,1410,1164
74.25,741,1413,1188
74.40,734,1422,1180
74.55,739,1449,1205
74.70,745,1445,1199
74.85,749,1469,1223
75.00,769,1465,1216
75.15,760,1476,1225
75.30,767,1487,1236
75.45,787,1516,1248
75.60,792,1516,1260
75.75,789,1531,1271
75.90,799,1548,1301
76.05,806,1566,1299
76.20,815,1586,1322
76.35,827,1619,1345
76.50,835,1632,1342
76.65,842,1639,1360
76.80,858,1685,1381
76.95,858,1668,1381
77.10,864,1681,1389
77.25,872,1710,1403
77.40,905,1764,1473
77.55,903,1776,1457
77.70,903,1763,1457
77.85,928,1794,1483
78.00,923,1797,1487
78.15,936,1836,1506
78.30,942,1836,1516
78.45,951,1853,1533
78.60,968,1887,1558
78.75,968,1885,1559
78.90,989,1921,1575
79.05,992,1949,1598
79.20,1005,1940,1604
79.35,1011,1950,1624
79.50,1008,1964,1620
79.65,1026,2003,1657
79.80,1038,2012,1668
79.95,1033,2017,1665
80.10,1042,2033,1691
80.25,1049,2045,1687
80.40,1054,2057,1699
80.55,1072,2082,1711
80.70,1067,2096,1719
80.85,1073,2092,1729
81.00,1077,2118,1754
81.15,1097,2115,1749
81.30,1092,2142,1762
81.45,1101,2160,1774
81.60,1109,2177,1800
81.75,1130,2197,1805
81.90,1130,2204,1821
82.05,1150,2222,1834
82.20,1150,2246,1853
82.35,1170,2266,1883
82.50,1166,2281,1881
82.65,1178,2305,1914
82.80,1187,2333,1911
82.95,1191,2326,1918
83.10,1208,2375,1944
83.25,1206,2361,1944
83.40,1228,2401,1979
83.55,1229,2417,1996
83.70,1255,2434,2004
83.85,1252,2452,2037
84.00,1274,2489,2038
84.15,1278,2517,2065
84.30,1285,2517,2081
84.45,1320,2566,2125
84.60,1308,2566,2110
84.75,1324,2583,2125
84.90,1330,2619,2158
85.05,1328,2606,2142
85.20,1337,2622,2154
85.35,1350,2653,2179
85.50,1370,2687,2207
85.65,1369,2688,2222
85.80,1377,2713,2220
85.95,1391,2736,2239
86.10,1398,2748,2248
86.25,1397,2741,2267
86.40,1404,2756,2266
86.55,1416,2775,2277
86.70,1418,2797,2287
86.85,1427,2795,2299
87.00,1432,2805,2309
87.15,1439,2820,2321
87.30,1446,2842,2350
87.45,1454,2850,2347
87.60,1463,2868,2362
87.75,1474,2889,2376
87.90,1494,2918,2402
88.05,1493,2945,2426
88.20,1514,2954,2424
88.35,1528,2979,2445
88.50,1524,3000,2478
88.65,1545,3016,2491
88.80,1539,3027,2484
88.95,1552,3051,2502
89.10,1568,3083,2529
89.25,1572,3091,2537
89.40,1603,3128,2568
89.55,1601,3143,2578
89.70,1601,3164,2598
89.85,1618,3173,2601
90.00,1640,3207,2630
90.15,1646,3218,2639
90.30,1664,3285,2680
90.45,1662,3269,2696
90.60,1669,3285,2693
90.75,1688,3305,2724
90.90,1686,3331,2720
91.05,1702,3341,2736
91.20,1711,3376,2759
91.35,1720,3382,2772
91.50,1737,3412,2803
91.65,1744,3414,2798
91.80,1748,3446,2823
91.95,1749,3447,2824
92.10,1759,3477,2847
92.25,1766,3479,2848
92.40,1782,3493,2877
92.55,1781,3508,2884
92.70,1798,3520,2889
92.85,1795,3534,2899
93.00,1800,3558,2907
93.15,1816,3557,2919
93.30,1826,3585,2933
93.45,1833,3590,2946
93.60,1835,3621,2970
93.75,1846,3631,2975
93.90,1853,3664,2991
94.05,1863,3670,3008
94.20,1876,3709,3038
94.35,1887,3718,3059
94.50,1901,3748,3066
94.65,1910,3777,3094
94.80,1927,3797,3111
94.95,1936,3807,3115
95.10,1934,3811,3118
95.25,1945,3844,3134
95.40,1972,3897,3176
95.55,1980,3898,3186
95.70,1983,3905,3194
95.85,2018,3960,3239
96.00,2009,3958,3237
96.15,2016,3970,3245
96.30,2032,4000,3270
96.45,2049,4032,3299
96.60,2050,4036,3298
96.75,2062,4062,3319
96.90,2075,4077,3334
97.05,2072,4078,3344
97.20,2087,4117,3356
97.35,2094,4120,3370
97.50,2102,4138,3397
97.65,2120,4157,3411
97.80,2133,4196,3430
97.95,2133,4207,3438
98.10,2142,4227,3445
98.25,2155,4221,3450
98.40,2162,4235,3461
98.55,2160,4248,3473
98.70,2168,4259,3486
98.85,2178,4277,3499
99.00,2182,4297,3525
99.15,2188,4299,3520
99.30,2195,4312,3533
99.45,2202,4327,3545
99.60,2213,4346,3561
99.75,2220,4378,3576
99.90,2234,4400,3607
100.05,2245,4409,3618
100.20,2255,4432,3624
100.35,2266,4457,3643
100.50,2286,4477,3658
100.65,2291,4502,3679
100.80,2301,4519,3693
100.95,2320,4569,3724
101.10,2319,4556,3737
101.25,2329,4587,3738
101.40,2339,4592,3753
101.55,2346,4611,3767
101.70,2358,4631,3799
101.85,2370,4663,3801
102.00,2388,4687,3830
102.15,2393,4701,3856
102.30,2412,4733,3884
102.45,2412,4734,3869
102.60,2420,4747,3893
102.75,2443,4783,3925
102.90,2460,4825,3943
103.05,2461,4828,3943
103.20,2458,4825,3942
103.35,2471,4847,3961
103.50,2487,4877,3976
103.65,2491,4900,3993
103.80,2495,4897,4003
103.95,2504,4921,4028
104.10,2516,4931,4030
104.25,2521,4943,4041
104.40,2529,4953,4050
104.55,2537,4964,4062
104.70,2548,4986,4071
104.85,2547,4995,4081
105.00,2555,4994,4103
105.15,2568,5005,4112
105.30,2583,5018,4128
105.45,2591,5035,4142
105.60,2593,5048,4156
105.75,2611,5070,4183
105.90,2615,5092,4183
106.05,2624,5110,4199
106.20,2635,5141,4216
106.35,2647,5154,4233
106.50,2658,5172,4247
106.65,2665,5196,4261
106.80,2681,5216,4286
106.95,2694,5241,4305
107.10,2693,5241,4305
107.25,2707,5279,4342
107.40,2706,5279,4325
107.55,2732,5315,4367
107.70,2730,5315,4380
107.85,2738,5338,4375
108.00,2750,5350,4398
108.15,2755,5370,4421
108.30,2767,5381,4434
108.45,2775,5399,4452
108.60,2795,5435,4475
108.75,2803,5463,4486
108.90,2801,5463,4498
109.05,2817,5478,4507
109.20,2820,5484,4511
109.35,2830,5498,4522
109.50,2849,5535,4565
109.65,2848,5526,4549
109.80,2856,5555,4578
109.95,2864,5559,4577
110.10,2865,5573,4601
110.25,2868,5589,4610
110.40,2875,5592,4610
110.55,2881,5605,4628
110.70,2886,5628,4631
110.85,2893,5636,4638
111.00,2898,5635,4665
111.15,2910,5647,4662
111.30,2913,5659,4674
111.45,2924,5683,4680
111.60,2925,5687,4709
111.75,2932,5703,4719
111.90,2942,5720,4719
112.05,2949,5734,4732
112.20,2961,5764,4748
112.35,2970,5770,4765
112.50,2982,5798,4789
112.65,2982,5798,4799
112.80,2991,5814,4799
112.95,3002,5834,4817
113.10,3003,5839,4822
113.25,3011,5855,4836
113.40,3019,5871,4860
113.55,3031,5896,4885
113.70,3035,5904,4885
113.85,3056,5936,4905
114.00,3055,5934,4903
114.15,3089,6006,4969
114.30,3088,6007,4965
114.45,3089,6002,4963
114.60,3092,6006,4962
114.75,3097,6019,4981
114.90,3115,6066,5011
115.05,3116,6068,5014
115.20,3117,6057,5011
115.35,3125,6073,5024
115.50,3134,6089,5056
115.65,3133,6090,5055
115.80,3138,6105,5051
115.95,3149,6110,5072
116.10,3156,6126,5085
116.25,3153,6138,5077
116.40,3160,6138,5086
116.55,3166,6160,5095
116.70,3175,6161,5102
116.85,3173,6165,5130
117.00,3178,6175,5137
117.15,3184,6185,5146
117.30,3189,6207,5137
117.45,3195,6207,5146
117.60,3201,6218,5159
117.75,3206,6230,5169
117.90,3212,6244,5178
118.05,3226,6256,5188
118.20,3232,6269,5199
118.35,3237,6279,5212
118.50,3242,6298,5234
118.65,3249,6302,5236
118.80,3253,6309,5240
118.95,3258,6324,5253
119.10,3268,6336,5263
119.25,3270,6352,5274
119.40,3280,6367,5291
119.55,3288,6380,5301
119.70,3289,6380,5306
119.85,3301,6395,5320
120.00,3308,6416,5331
120.15,3308,6422,5337
120.30,3315,6443,5368
120.45,3321,6458,5377
120.60,3333,6466,5381
120.75,3333,6465,5396
120.90,3348,6492,5396
121.05,3340,6485,5399
121.20,3356,6512,5436
121.35,3355,6521,5425
121.50,3363,6520,5442
121.65,3371,6530,5438
121.80,3368,6531,5440
121.95,3376,6554,5451
122.10,3377,6557,5456
122.25,3378,6557,5473
122.40,3383,6560,5481
122.55,3388,6565,5474
122.70,3392,6586,5491
122.85,3396,6583,5487
123.00,3398,6598,5496
123.15,3403,6598,5501
123.30,3410,6602,5511
123.45,3409,6621,5513
123.60,3414,6618,5522
123.75,3420,6627,5544
123.90,3429,6635,5535
124.05,3434,6646,5543
124.20,3435,6656,5552
124.35,3444,6664,5575
124.50,3447,6671,5570
124.65,3451,6689,5575
124.80,3449,6698,5584
124.95,3458,6707,5600
125.10,3460,6713,5609
125.25,3465,6708,5603
125.40,3469,6720,5625
125.55,3475,6726,5634
125.70,3483,6743,5646
125.85,3480,6744,5643
126.00,3495,6766,5650
126.15,3492,6764,5650
126.30,3497,6784,5661
126.45,3503,6790,5667
126.60,3501,6785,5684
126.75,3507,6795,5679
126.90,3512,6806,5692
127.05,3515,6807,5691
127.20,3518,6809,5707
127.35,3522,6828,5704
127.50,3524,6837,5708
127.65,3529,6842,5715
127.80,3531,6838,5720
127.95,3535,6846,5739
128.10,3536,6847,5728
128.25,3540,6852,5732
128.40,3542,6867,5738
128.55,3549,6862,5743
128.70,3545,6873,5746
128.85,3552,6868,5764
129.00,3551,6870,5764
129.15,3550,6876,5757
129.30,3554,6878,5760
129.45,3555,6883,5765
129.60,3561,6896,5774
129.75,3561,6892,5774
129.90,3564,6907,5777
130.05,3566,6907,5787
130.20,3570,6913,5788
130.35,3573,6918,5793
130.50,3576,6934,5797
130.65,3581,6929,5807
130.80,3580,6947,5809
130.95,3583,6939,5811
131.10,3584,6943,5810
131.25,3591,6956,5819
131.40,3591,6958,5825
131.55,3594,6962,5832
131.70,3599,6965,5832
131.85,3603,6972,5838
132.00,3605,6975,5842
132.15,3604,6985,5847
132.30,3605,6984,5859
132.45,3605,6984,5865
132.60,3609,6992,5854
132.75,3613,6993,5859
132.90,3611,6994,5860
133.05,3615,6999,5862
133.20,3617,7005,5865
133.35,3619,7007,5867
133.50,3621,7013,5873
133.65,3622,7015,5886
133.80,3622,7016,5872
133.95,3623,7018,5890
134.10,3622,7021,5893
134.25,3624,7023,5883
134.40,3626,7027,5882
134.55,3627,7028,5884
134.70,3627,7030,5888
134.85,3627,7032,5902
135.00,3628,7032,5889
135.15,3629,7035,5890
135.30,3629,7040,5893
135.45,3629,7036,5908
135.60,3631,7046,5893
135.75,3630,7039,5909
135.90,3633,7043,5896
136.05,3632,7047,5898
136.20,3638,7046,5912
136.35,3636,7048,5902
136.50,3637,7049,5916
136.65,3634,7059,5918
136.80,3634,7060,5903
136.95,3636,7052,5919
137.10,3638,7049,5905
137.25,3638,7052,5905
137.40,3637,7052,5905
137.55,3638,7053,5909
137.70,3639,7065,5908
137.85,3639,7056,5907
138.00,3635,7055,5907
138.15,3640,7056,5922
138.30,3638,7056,5907
138.45,3636,7055,5908
138.60,3636,7053,5907
138.75,3636,7055,5907
138.90,3638,7054,5909
139.05,3640,7061,5922
139.20,3637,7055,5913
139.35,3636,7053,5907
139.50,3634,7054,5920
139.65,3634,7060,5916
139.80,3632,7062,5918
139.95,3637,7050,5900
140.10,3633,7050,5901
140.25,3636,7049,5904
140.40,3632,7049,5903
140.55,3630,7045,5900
140.70,3632,7048,5898
140.85,3628,7046,5898
141.00,3628,7043,5909
141.15,3627,7041,5908
141.30,3629,7050,5894
141.45,3628,7046,5893
141.60,3625,7033,5906
141.75,3624,7031,5888
141.90,3623,7043,5887
142.05,3623,7042,5884
142.20,3622,7039,5891
142.35,3621,7035,5879
142.50,3619,7025,5878
142.65,3617,7019,5877
142.80,3615,7020,5876
142.95,3615,7021,5875
143.10,3615,7020,5870
143.25,3611,7009,5865
143.40,3612,7012,5864
143.55,3610,6996,5860
143.70,3604,7003,5856
143.85,3601,6995,5849
144.00,3599,6980,5848
144.15,3593,6974,5840
144.30,3596,6978,5856
144.45,3594,6972,5837
144.60,3587,6962,5831
144.75,3589,6971,5830
144.90,3585,6953,5837
145.05,3581,6952,5821
145.20,3581,6949,5818
145.35,3581,6949,5818
145.50,3571,6934,5804
145.65,3572,6933,5806
145.80,3573,6944,5803
145.95,3572,6925,5796
146.10,3565,6929,5791
146.25,3565,6928,5792
146.40,3562,6923,5800
146.55,3563,6913,5786
146.70,3559,6908,5788
146.85,3556,6903,5779
147.00,3553,6904,5786
147.15,3551,6891,5769
147.30,3548,6888,5767
147.45,3546,6884,5760
147.60,3543,6877,5769
147.75,3539,6884,5764
147.90,3537,6867,5744
148.05,3533,6871,5739
148.20,3530,6851,5735
148.35,3527,6847,5729
148.50,3523,6840,5725
148.65,3522,6832,5715
148.80,3517,6828,5713
148.95,3515,6832,5704
149.10,3511,6819,5718
149.25,3504,6797,5689
149.40,3504,6812,5687
149.55,3502,6798,5686
149.70,3495,6780,5670
149.85,3494,6780,5668
150.00,3489,6765,5658
150.15,3482,6759,5667
150.30,3478,6764,5650
150.45,3472,6739,5651
150.60,3469,6733,5632
150.75,3461,6716,5616
150.90,3461,6717,5618
151.05,3461,6719,5612
151.20,3453,6703,5605
151.35,3449,6693,5596
151.50,3446,6687,5592
151.65,3441,6667,5573
151.80,3436,6671,5576
151.95,3432,6659,5568
152.10,3432,6649,5558
152.25,3423,6653,5568
152.40,3421,6638,5556
152.55,3418,6631,5542
152.70,3415,6622,5538
152.85,3409,6613,5528
153.00,3403,6608,5537
153.15,3400,6609,5516
153.30,3398,6594,5512
153.45,3392,6585,5504
153.60,3387,6576,5507
153.75,3382,6576,5488
153.90,3382,6564,5492
154.05,3375,6546,5471
154.20,3373,6537,5463
154.35,3364,6526,5464
154.50,3363,6519,5448
154.65,3351,6503,5437
154.80,3355,6501,5432
154.95,3333,6469,5421
155.10,3335,6481,5408
155.25,3333,6465,5405
155.40,3330,6473,5409
155.55,3324,6441,5384
155.70,3315,6429,5373
155.85,3295,6393,5341
156.00,3294,6393,5356
156.15,3296,6394,5344
156.30,3290,6382,5332
156.45,3279,6361,5316
156.60,3272,6350,5320
156.75,3269,6331,5307
156.90,3265,6348,5307
157.05,3260,6325,5282
157.20,3247,6289,5254
157.35,3242,6290,5255
157.50,3245,6287,5252
157.65,3235,6276,5243
157.80,3228,6268,5250
157.95,3222,6251,5223
158.10,3215,6246,5211
158.25,3208,6225,5214
158.40,3208,6224,5201
158.55,3202,6214,5192
158.70,3201,6203,5181
158.85,3197,6192,5186
159.00,3185,6193,5165
159.15,3182,6185,5173
159.30,3177,6171,5149
159.45,3171,6152,5140
159.60,3164,6142,5130
159.75,3162,6127,5118
159.90,3155,6114,5107
160.05,3145,6103,5096
160.20,3139,6090,5086
160.35,3133,6074,5076
160.50,3126,6065,5081
160.65,3114,6045,5052
160.80,3104,6033,5045
160.95,3105,6034,5032
161.10,3103,6016,5025
161.25,3082,5973,4991
161.40,3084,5976,5005
161.55,3080,5972,4989
161.70,3065,5936,4958
161.85,3060,5935,4974
162.00,3048,5910,4952
162.15,3039,5903,4938
162.30,3026,5870,4905
162.45,3028,5882,4906
162.60,3027,5861,4898
162.75,3013,5840,4882
162.90,3007,5826,4883
163.05,2996,5798,4845
163.20,2996,5810,4849
163.35,2983,5785,4836
163.50,2970,5771,4816
163.65,2963,5742,4801
163.80,2963,5744,4801
163.95,2946,5695,4778
164.10,2940,5694,4765
164.25,2939,5709,4778
164.40,2934,5688,4754
164.55,2934,5673,4744
164.70,2919,5660,4734
164.85,2915,5659,4727
165.00,2909,5646,4716
165.15,2904,5622,4717
165.30,2894,5606,4705
165.45,2888,5606,4682
165.60,2879,5581,4677
165.75,2877,5566,4662
165.90,2864,5547,4655
166.05,2859,5546,4631
166.20,2854,5531,4621
166.35,2847,5500,4608
166.50,2834,5488,4593
166.65,2827,5476,4581
166.80,2807,5435,4562
166.95,2806,5437,4565
167.10,2796,5416,4534
167.25,2795,5416,4549
167.40,2779,5385,4503
167.55,2771,5367,4506
167.70,2770,5364,4490
167.85,2742,5309,4458
168.00,2741,5323,4457
168.15,2729,5287,4425
168.30,2730,5286,4438
168.45,2718,5268,4406
168.60,2709,5249,4406
168.75,2702,5231,4394
168.90,2684,5203,4353
169.05,2687,5192,4358
169.20,2677,5185,4339
169.35,2669,5169,4324
169.50,2659,5150,4323
169.65,2646,5122,4286
169.80,2640,5112,4292
169.95,2637,5108,4275
170.10,2617,5066,4246
170.25,2604,5042,4233
170.40,2604,5050,4237
170.55,2607,5046,4226
170.70,2599,5021,4204
170.85,2585,5006,4189
171.00,2578,5002,4179
171.15,2570,4979,4178
171.30,2564,4963,4153
171.45,2554,4957,4151
171.60,2545,4929,4125
171.75,2539,4913,4111
171.90,2529,4899,4102
172.05,2520,4894,4084
172.20,2521,4867,4075
172.35,2506,4840,4060
172.50,2495,4834,4044
172.65,2490,4820,4042
172.80,2463,4771,4003
172.95,2463,4784,4007
173.10,2463,4772,3993
173.25,2454,4755,3977
173.40,2445,4751,3960
173.55,2434,4716,3943
173.70,2426,4697,3917
173.85,2399,4645,3897
174.00,2400,4657,3886
174.15,2389,4629,3882
174.30,2373,4595,3855
174.45,2368,4589,3836
174.60,2357,4565,3832
174.75,2350,4552,3818
174.90,2344,4528,3786
175.05,2338,4516,3773
175.20,2330,4512,3775
175.35,2314,4495,3747
175.50,2306,4478,3730
175.65,2292,4440,3710
175.80,2286,4432,3701
175.95,2277,4408,3684
176.10,2269,4396,3676
176.25,2261,4376,3658
176.40,2252,4363,3660
176.55,2244,4350,3633
176.70,2236,4330,3620
176.85,2235,4316,3604
177.00,2222,4316,3592
177.15,2211,4285,3594
177.30,2212,4269,3577
177.45,2205,4255,3551
177.60,2191,4237,3537
177.75,2176,4217,3521
177.90,2170,4200,3522
178.05,2159,4184,3492
178.20,2149,4165,3477
178.35,2131,4143,3451
178.50,2129,4127,3443
178.65,2122,4116,3444
178.80,2116,4099,3421
178.95,2090,4051,3381
179.10,2092,4053,3383
179.25,2097,4044,3390
179.40,2079,4023,3357
179.55,2065,4018,3340
179.70,2057,3969,3308
179.85,2028,3930,3292
180.00,2033,3937,3279
180.15,2017,3923,3261
180.30,1983,3846,3208
180.45,1985,3848,3207
180.60,1985,3862,3209
180.75,1987,3834,3198
180.90,1968,3816,3183
181.05,1960,3800,3176
181.20,1947,3773,3162
181.35,1940,3761,3135
181.50,1931,3741,3120
181.65,1927,3719,3099
181.80,1912,3706,3089
181.95,1904,3689,3076
182.10,1882,3650,3056
182.25,1883,3650,3040
182.40,1877,3638,3048
182.55,1868,3621,3020
182.70,1857,3602,3016
182.85,1851,3590,2991
183.00,1844,3586,2978
183.15,1834,3557,2963
183.30,1835,3540,2949
183.45,1827,3523,2935
183.60,1816,3506,2921
183.75,1799,3489,2921
183.90,1790,3483,2890
184.05,1778,3447,2870
184.20,1782,3436,2863
184.35,1757,3420,2850
184.50,1750,3394,2826
184.65,1744,3379,2815
184.80,1736,3359,2803
184.95,1724,3344,2786
185.10,1727,3324,2785
185.25,1690,3280,2731
185.40,1692,3282,2733
185.55,1685,3265,2720
185.70,1673,3243,2699
185.85,1663,3226,2699
186.00,1642,3185,2664
186.15,1633,3177,2644
186.30,1623,3148,2619
186.45,1612,3128,2615
186.60,1612,3105,2586
186.75,1597,3077,2563
186.90,1587,3072,2558
187.05,1578,3059,2546
187.20,1569,3054,2530
187.35,1561,3036,2517
187.50,1558,3012,2512
187.65,1541,2967,2468
187.80,1541,2969,2471
187.95,1506,2920,2447
188.10,1507,2921,2432
188.25,1504,2915,2442
188.40,1497,2901,2415
188.55,1489,2897,2401
188.70,1482,2881,2394
188.85,1483,2853,2389
189.00,1464,2836,2363
189.15,1456,2821,2350
189.30,1456,2803,2334
189.45,1441,2802,2321
189.60,1434,2786,2307
189.75,1423,2752,2307
189.90,1414,2736,2277
190.05,1403,2732,2277
190.20,1394,2701,2262
190.35,1379,2687,2225
190.50,1377,2671,2219
190.65,1367,2660,2209
190.80,1345,2614,2182
190.95,1347,2620,2170
191.10,1334,2584,2150
191.25,1328,2568,2140
191.40,1318,2551,2123
191.55,1319,2543,2105
191.70,1297,2508,2088
191.85,1300,2506,2074
192.00,1273,2480,2067
192.15,1265,2448,2053
192.30,1257,2429,2036
192.45,1242,2417,2015
192.60,1216,2349,1956
192.75,1218,2364,1970
192.90,1226,2348,1954
193.05,1207,2315,1931
193.20,1192,2306,1919
193.35,1195,2305,1921
193.50,1177,2286,1891
193.65,1165,2263,1874
193.80,1167,2232,1857
193.95,1147,2216,1844
194.10,1145,2216,1841
194.25,1140,2216,1833
194.40,1127,2169,1805
194.55,1122,2168,1804
194.70,1127,2154,1794
194.85,1120,2139,1779
195.00,1111,2136,1767
195.15,1093,2114,1755
195.30,1085,2095,1753
195.45,1078,2081,1739
195.60,1084,2073,1735
195.75,1061,2062,1704
195.90,1050,2027,1686
196.05,1038,2012,1683
196.20,1033,2007,1659
196.35,1023,1972,1658
196.50,1027,1958,1630
196.65,1005,1934,1611
196.80,1000,1916,1586
196.95,1000,1904,1587
197.10,982,1891,1574
197.25,973,1872,1560
197.40,964,1866,1555
197.55,966,1836,1545
197.70,944,1828,1515
197.85,928,1787,1505
198.00,907,1747,1455
198.15,908,1746,1458
198.30,896,1723,1451
198.45,896,1738,1452
198.60,884,1697,1417
198.75,870,1686,1394
198.90,866,1666,1388
199.05,872,1665,1394
199.20,862,1633,1363
199.35,846,1626,1370
199.50,834,1602,1337
199.65,819,1573,1312
199.80,832,1574,1313
199.95,800,1535,1281
200.10,801,1534,1281
200.25,798,1540,1293
200.40,792,1519,1269
200.55,788,1523,1274
200.70,781,1499,1266
200.85,787,1484,1238
201.00,767,1487,1245
201.15,774,1459,1219
201.30,767,1465,1209
201.45,749,1436,1203
201.60,749,1435,1196
201.75,734,1404,1176
201.90,726,1404,1161
202.05,729,1372,1146
202.20,720,1358,1135
202.35,700,1345,1135
202.50,694,1338,1111
202.65,695,1307,1109
202.80,679,1303,1103
202.95,675,1276,1068
203.10,662,1273,1059
203.25,660,1278,1057
203.40,654,1250,1045
203.55,656,1246,1047
203.70,634,1212,1030
203.85,623,1202,1009
204.00,626,1176,984
204.15,624,1172,979
204.30,614,1167,965
204.45,593,1134,948
204.60,586,1133,936
204.75,581,1107,927
204.90,584,1094,917
205.05,555,1059,886
205.20,556,1059,887
205.35,550,1066,880
205.50,549,1042,875
205.65,539,1008,858
205.80,530,1020,846
205.95,530,997,835
206.10,526,983,823
206.25,521,988,816
206.40,516,979,806
206.55,500,951,797
206.70,495,943,791
206.85,499,932,780
207.00,483,921,772
207.15,478,909,762
207.30,474,899,767
207.45,468,905,746
207.60,471,877,734
207.75,455,866,739
207.90,449,854,716
208.05,444,856,719
208.20,443,845,708
208.35,437,813,681
208.50,424,806,687
208.65,428,797,673
208.80,422,784,659
208.95,401,762,640
209.10,402,765,652
209.25,398,756,645
209.40,390,738,617
209.55,392,743,612
209.70,385,717,607
209.85,373,718,601
210.00,367,682,571
210.15,359,679,569
210.30,351,678,559
210.45,346,666,550
210.60,341,655,540
210.75,331,627,524
210.90,335,632,521
211.05,318,602,511
211.20,316,607,500
211.35,309,582,489
211.50,306,578,486
211.65,298,556,467
211.80,291,549,461
211.95,287,528,446
212.10,281,530,451
212.25,281,539,444
212.40,279,516,436
212.55,272,511,432
212.70,267,503,422
212.85,265,497,417
213.00,261,489,410
213.15,257,490,404
213.30,253,473,400
213.45,249,466,393
213.60,244,459,385
213.75,239,449,383
213.90,234,440,369
214.05,230,430,362
214.20,224,421,353
214.35,219,419,344
214.50,215,402,338
214.65,212,403,330
214.80,208,390,327
214.95,209,380,318
215.10,205,380,312
215.25,189,355,297
215.40,191,354,297
215.55,189,354,292
215.70,189,340,284
215.85,185,340,280
216.00,179,323,271
216.15,169,321,263
216.30,165,305,256
216.45,161,303,249
216.60,161,288,242
216.75,153,284,231
216.90,147,276,226
217.05,145,273,224
217.20,145,257,218
217.35,136,251,211
217.50,129,239,192
217.65,128,235,192
217.80,127,235,194
217.95,126,227,191
218.10,117,216,178
218.25,121,213,179
218.40,115,211,175
218.55,114,209,173
218.70,115,205,169
218.85,109,198,165
219.00,106,191,160
219.15,103,187,150
219.30,102,182,152
219.45,99,178,141
219.60,96,172,144
219.75,97,168,132
219.90,91,163,136
220.05,88,161,130
220.20,85,150,127
220.35,83,145,122
220.50,80,142,120
220.65,79,137,115
220.80,76,130,111
220.95,74,129,108
221.10,72,126,96
221.25,71,122,103
221.40,69,116,97
221.55,65,114,96
221.70,64,108,81
221.85,61,106,87
222.00,60,97,81
222.15,55,94,79
222.30,53,84,75
222.45,52,79,71
222.60,49,81,68
222.75,48,79,56
222.90,49,68,63
223.05,44,73,50
223.20,43,69,58
223.35,43,57,47
223.50,43,64,54
223.65,38,59,39
223.80,37,50,38
223.95,35,55,45
224.10,34,43,33
224.25,34,51,31
224.40,32,49,41
224.55,33,49,40
224.70,30,46,38
224.85,30,45,26
225.00,30,34,36
225.15,28,42,36
225.30,28,31,34
225.45,27,36,21
225.60,30,38,31
225.75,28,37,31
225.90,25,34,29
226.05,24,33,28
226.20,24,32,27
226.35,26,21,26
226.50,24,19,13
226.65,22,29,24
226.80,25,28,25
226.95,24,25,24
227.10,21,28,24
227.25,21,27,22
227.40,21,16,11
227.55,21,16,22
227.70,21,16,23
227.85,21,26,22
228.00,23,15,23
228.15,23,26,22
228.30,24,27,23
228.45,21,19,24
228.60,22,29,23
228.75,23,29,24
228.90,22,29,24
229.05,25,20,25
229.20,23,31,26
229.35,24,31,27
229.50,25,35,25
229.65,28,35,29
229.80,29,39,31
229.95,27,37,20
230.10,27,39,32
230.25,30,40,22
230.40,28,30,26
230.55,33,44,25
230.70,31,41,39
230.85,34,38,28
231.00,32,48,29
231.15,36,50,30
231.30,36,43,32
231.45,34,45,45
231.60,38,47,36
231.75,37,59,48
231.90,39,61,50
232.05,40,64,53
232.20,41,66,56
232.35,41,62,47
232.50,44,65,60
232.65,49,69,52
232.80,47,79,67
232.95,50,75,70
233.10,50,85,70
233.25,52,81,63
233.40,54,91,66
233.55,56,89,69
233.70,58,93,73
233.85,59,103,86
234.00,63,109,91
234.15,65,114,94
234.30,67,112,98
234.45,70,124,103
234.60,73,130,98
234.75,75,133,102
234.90,77,136,106
235.05,84,143,119
235.20,87,148,123
235.35,86,153,129
235.50,88,158,124
235.65,96,164,130
235.80,94,169,141
235.95,97,175,147
236.10,99,181,151
236.25,102,185,147
236.40,105,188,158
236.55,107,195,162
236.70,109,199,165
236.85,115,203,170
237.00,113,207,171
237.15,116,212,176
237.30,123,216,174
237.45,120,226,184
237.60,128,227,190
237.75,127,234,195
237.90,131,242,201
238.05,135,248,202
238.20,139,262,213
238.35,142,263,220
238.50,147,269,227
238.65,148,275,229
238.80,152,281,236
238.95,156,288,241
239.10,162,293,241
239.25,162,307,248
239.40,169,315,262
239.55,169,317,264
239.70,175,323,268
239.85,178,334,278
240.00,185,347,289
240.15,190,361,296
240.30,195,370,304
240.45,198,371,309
240.60,207,378,316
240.75,208,388,325
240.90,216,399,334
241.05,221,412,338
241.20,220,414,345
241.35,228,425,354
241.50,235,431,361
241.65,235,442,371
241.80,240,450,377
241.95,251,460,384
242.10,256,470,394
242.25,253,477,398
242.40,256,483,404
242.55,266,491,410
242.70,263,507,420
242.85,274,505,422
243.00,272,511,427
243.15,274,517,433
243.30,278,535,448
243.45,283,533,446
243.60,288,543,459
243.75,293,552,468
243.90,298,564,472
244.05,304,575,487
244.20,317,588,497
244.35,316,599,502
244.50,322,619,515
244.65,324,628,517
244.80,330,638,523
244.95,344,637,533
245.10,340,643,538
245.25,344,663,545
245.40,350,664,555
245.55,360,689,567
245.70,363,702,587
245.85,370,701,586
246.00,378,720,600
246.15,385,745,622
246.30,398,743,622
246.45,405,755,643
246.60,408,768,654
246.75,410,780,652
246.90,423,792,674
247.05,421,803,685
247.20,429,817,694
247.35,435,829,694
247.50,450,838,714
247.65,459,858,727
247.80,456,869,739
247.95,460,895,736
248.10,468,904,760
248.25,473,902,753
248.40,478,911,762
248.55,483,921,784
248.70,498,947,780
248.85,495,941,788
249.00,507,951,799
249.15,501,960,803
249.30,507,969,811
249.45,514,982,835
249.60,529,1009,830
249.75,537,1007,843
249.90,534,1023,855
250.05,542,1036,866
250.20,554,1051,879
250.35,559,1082,890
250.50,573,1076,906
250.65,577,1087,910
250.80,575,1101,920
250.95,594,1117,932
251.10,586,1120,937
251.25,603,1151,949
251.40,612,1167,963
251.55,609,1181,991
251.70,618,1182,1006
251.85,624,1197,1001
252.00,635,1219,1019
252.15,657,1236,1034
252.30,664,1263,1044
252.45,659,1262,1056
252.60,668,1279,1070
252.75,678,1296,1085
252.90,684,1325,1097
253.05,704,1325,1124
253.20,710,1340,1121
253.35,711,1359,1137
253.50,714,1370,1145
253.65,740,1395,1166
253.80,731,1403,1188
253.95,738,1427,1183
254.10,761,1436,1201
254.25,765,1444,1206
254.40,771,1470,1216
254.55,764,1465,1242
254.70,766,1474,1238
254.85,775,1487,1243
255.00,780,1497,1266
255.15,785,1507,1259
255.30,790,1521,1272
255.45,797,1547,1298
255.60,806,1548,1294
255.75,814,1577,1308
255.90,823,1581,1323
256.05,832,1599,1339
256.20,842,1617,1353
256.35,864,1640,1387
256.50,861,1667,1382
256.65,868,1669,1395
256.80,875,1681,1420
256.95,885,1708,1419
257.10,887,1720,1428
257.25,896,1723,1441
257.40,914,1739,1456
257.55,914,1773,1472
257.70,928,1790,1492
257.85,937,1801,1519
258.00,959,1821,1523
258.15,955,1836,1536
258.30,964,1855,1551
258.45,973,1887,1580
258.60,983,1890,1581
258.75,992,1909,1613
258.90,1001,1939,1618
259.05,1023,1942,1628
259.20,1018,1960,1638
259.35,1040,1982,1654
259.50,1033,2005,1666
259.65,1047,2015,1685
259.80,1053,2043,1712
259.95,1063,2062,1727
260.10,1074,2066,1728
260.25,1078,2073,1736
260.40,1085,2099,1746
260.55,1090,2098,1755
260.70,1095,2109,1764
260.85,1102,2135,1773
261.00,1117,2132,1785
261.15,1114,2153,1794
261.30,1120,2157,1820
261.45,1126,2186,1832
261.60,1134,2187,1846
261.75,1146,2222,1847
261.90,1155,2226,1878
262.05,1165,2246,1889
262.20,1176,2268,1896
262.35,1188,2304,1915
262.50,1210,2311,1933
262.65,1208,2327,1961
262.80,1216,2343,1975
262.95,1226,2360,1974
263.10,1244,2375,2002
263.25,1245,2400,2007
263.40,1251,2425,2019
263.55,1260,2429,2046
263.70,1272,2449,2047
263.85,1293,2484,2066
264.00,1293,2509,2087
264.15,1303,2513,2116
264.30,1313,2545,2131
264.45,1325,2555,2137
264.60,1335,2576,2169
264.75,1349,2598,2188
264.90,1358,2617,2187
265.05,1368,2649,2220
265.20,1375,2658,2219
265.35,1386,2685,2248
265.50,1394,2686,2246
265.65,1417,2724,2268
265.80,1415,2743,2281
265.95,1434,2756,2294
266.10,1444,2776,2311
266.25,1440,2789,2321
266.40,1452,2789,2348
266.55,1451,2800,2342
266.70,1456,2823,2350
266.85,1462,2828,2358
267.00,1469,2840,2384
267.15,1476,2845,2381
267.30,1491,2861,2393
267.45,1499,2876,2405
267.60,1499,2908,2419
267.75,1509,2914,2440
267.90,1519,2939,2456
268.05,1532,2957,2473
268.20,1543,2990,2489
268.35,1555,3001,2511
268.50,1579,3025,2530
268.65,1586,3044,2545
268.80,1585,3073,2564
268.95,1606,3079,2572
269.10,1604,3106,2586
269.25,1610,3106,2597
269.40,1622,3130,2619
269.55,1646,3156,2640
269.70,1647,3179,2658
269.85,1654,3194,2671
270.00,1667,3229,2704
270.15,1678,3255,2715
270.30,1688,3272,2723
270.45,1709,3284,2744
270.60,1710,3313,2759
270.75,1719,3317,2773
270.90,1731,3345,2795
271.05,1743,3377,2813
271.20,1752,3386,2831
271.35,1761,3406,2849
271.50,1771,3416,2868
271.65,1781,3444,2877
271.80,1790,3472,2891
271.95,1802,3492,2908
272.10,1811,3505,2938
272.25,1817,3523,2934
272.40,1825,3525,2959
272.55,1830,3536,2957
272.70,1847,3547,2968
272.85,1843,3572,2991
273.00,1848,3574,2989
273.15,1856,3587,2999
273.30,1871,3601,3026
273.45,1872,3623,3024
273.60,1883,3636,3056
273.75,1892,3656,3070
273.90,1914,3677,3088
274.05,1917,3701,3093
274.20,1926,3723,3127
274.35,1949,3759,3131
274.50,1948,3764,3146
274.65,1957,3778,3159
274.80,1965,3796,3187
274.95,1986,3831,3191
275.10,1985,3846,3210
275.25,2006,3854,3235
275.40,2005,3871,3234
275.55,2016,3891,3264
275.70,2035,3911,3267
275.85,2035,3945,3284
276.00,2047,3954,3304
276.15,2059,3989,3330
276.30,2071,3999,3356
276.45,2085,4026,3365
276.60,2088,4037,3377
276.75,2110,4074,3408
276.90,2110,4073,3419
277.05,2118,4091,3420
277.20,2140,4113,3441
277.35,2140,4129,3455
277.50,2157,4150,3468
277.65,2156,4167,3481
277.80,2168,4184,3497
277.95,2174,4200,3508
278.10,2183,4214,3538
278.25,2193,4234,3537
278.40,2210,4251,3554
278.55,2211,4273,3571
278.70,2218,4284,3581
278.85,2224,4297,3599
279.00,2240,4308,3617
279.15,2238,4322,3628
279.30,2252,4337,3625
279.45,2255,4358,3639
279.60,2260,4378,3652
279.75,2270,4386,3668
279.90,2280,4407,3695
280.05,2293,4423,3701
280.20,2302,4445,3733
280.35,2311,4473,3730
280.50,2320,4478,3743
280.65,2329,4513,3777
280.80,2343,4521,3782
280.95,2351,4542,3795
281.10,2363,4552,3809
281.25,2369,4579,3843
281.40,2382,4599,3847
281.55,2391,4611,3873
281.70,2400,4636,3890
281.85,2410,4655,3894
282.00,2433,4683,3930
282.15,2435,4700,3930
282.30,2451,4733,3970
282.45,2458,4750,3986
282.60,2466,4760,3979
282.75,2474,4781,3997
282.90,2491,4797,4027
283.05,2494,4829,4027
283.20,2509,4858,4050
283.35,2514,4853,4070
283.50,2519,4867,4069
283.65,2531,4888,4101
283.80,2538,4908,4100
283.95,2548,4923,4130
284.10,2558,4937,4129
284.25,2569,4946,4150
284.40,2567,4960,4147
284.55,2573,4969,4158
284.70,2578,4993,4165
284.85,2585,4991,4174
285.00,2590,5003,4184
285.15,2594,5017,4195
285.30,2601,5027,4205
285.45,2607,5048,4217
285.60,2615,5057,4229
285.75,2627,5077,4261
285.90,2643,5096,4261
286.05,2648,5117,4292
286.20,2658,5140,4294
286.35,2668,5157,4327
286.50,2681,5180,4346
286.65,2690,5207,4345
286.80,2697,5210,4358
286.95,2707,5239,4386
287.10,2713,5237,4381
287.25,2720,5255,4394
287.40,2730,5274,4409
287.55,2739,5291,4422
287.70,2750,5311,4454
287.85,2765,5332,4458
288.00,2768,5344,4470
288.15,2786,5370,4492
288.30,2788,5387,4503
288.45,2798,5402,4530
288.60,2804,5418,4532
288.75,2817,5452,4562
288.90,2823,5457,4565
289.05,2832,5484,4577
289.20,2841,5492,4593
289.35,2850,5499,4601
289.50,2857,5516,4613
289.65,2872,5531,4625
289.80,2876,5556,4641
289.95,2877,5569,4649
290.10,2887,5581,4680
290.25,2895,5599,4689
290.40,2898,5608,4680
290.55,2902,5621,4690
290.70,2908,5620,4715
290.85,2919,5627,4722
291.00,2919,5636,4716
291.15,2926,5656,4725
291.30,2933,5659,4735
291.45,2934,5680,4746
291.60,2947,5697,4758
291.75,2950,5713,4773
291.90,2964,5721,4787
292.05,2970,5748,4814
292.20,2980,5757,4814
292.35,2995,5777,4832
292.50,3006,5805,4856
292.65,3008,5808,4875
292.80,3016,5825,4871
292.95,3023,5850,4884
293.10,3028,5849,4895
293.25,3041,5861,4906
293.40,3046,5886,4925
293.55,3053,5894,4932
293.70,3061,5909,4944
293.85,3065,5925,4969
294.00,3080,5950,4980
294.15,3091,5959,5004
294.30,3094,5977,4999
294.45,3105,5999,5012
294.60,3115,6003,5025
294.75,3115,6019,5038
294.90,3126,6042,5054
295.05,3138,6050,5063
295.20,3139,6060,5075
295.35,3147,6080,5085
295.50,3153,6093,5111
295.65,3158,6106,5125
295.80,3168,6117,5134
295.95,3178,6147,5149
296.10,3180,6143,5151
296.25,3184,6151,5146
296.40,3192,6160,5153
296.55,3192,6179,5174
296.70,3192,6175,5168
296.85,3199,6181,5186
297.00,3201,6189,5192
297.15,3205,6206,5187
297.30,3210,6217,5194
297.45,3214,6228,5203
297.60,3225,6230,5220
297.75,3233,6252,5237
297.90,3236,6269,5237
298.05,3251,6275,5249
298.20,3254,6300,5276
298.35,3264,6306,5274
298.50,3275,6329,5287
298.65,3281,6340,5311
298.80,3281,6350,5315
298.95,3286,6358,5326
299.10,3291,6361,5338
299.25,3298,6384,5333
299.40,3309,6395,5343
299.55,3310,6394,5366
299.70,3319,6413,5368
299.85,3325,6419,5373
300.00,3332,6439,5390
300.15,3336,6447,5393
300.30,3343,6456,5405
300.45,3347,6481,5414
300.60,3355,6484,5425
300.75,3365,6503,5455
300.90,3370,6506,5445
301.05,3371,6526,5455
301.20,3375,6537,5463
301.35,3384,6533,5483
301.50,3390,6543,5491
301.65,3392,6552,5503
301.80,3396,6575,5494
301.95,3404,6576,5508
302.10,3407,6583,5507
302.25,3409,6590,5514
302.40,3412,6596,5534
302.55,3416,6610,5525
302.70,3415,6616,5543
302.85,3424,6626,5537
303.00,3426,6630,5540
303.15,3428,6625,5546
303.30,3427,6634,5553
303.45,3433,6651,5561
303.60,3439,6649,5580
303.75,3443,6670,5588
303.90,3447,6677,5581
304.05,3459,6684,5590
304.20,3458,6701,5612
304.35,3465,6702,5613
304.50,3473,6712,5617
304.65,3482,6721,5623
304.80,3482,6729,5631
304.95,3488,6748,5636
305.10,3489,6754,5644
305.25,3498,6752,5649
305.40,3499,6762,5657
305.55,3503,6780,5662
305.70,3507,6778,5673
305.85,3516,6797,5681
306.00,3524,6811,5705
306.15,3521,6804,5692
306.30,3527,6815,5717
306.45,3532,6823,5705
306.60,3533,6828,5713
306.75,3539,6837,5720
306.90,3542,6844,5741
307.05,3544,6851,5730
307.20,3549,6870,5733
307.35,3555,6874,5743
307.50,3555,6879,5748
307.65,3556,6878,5755
307.80,3561,6892,5758
307.95,3564,6888,5763
308.10,3569,6892,5765
308.25,3567,6896,5782
308.40,3571,6902,5783
308.55,3572,6914,5774
308.70,3574,6909,5779
308.85,3576,6914,5783
309.00,3576,6916,5800
309.15,3578,6930,5802
309.30,3578,6922,5792
309.45,3582,6927,5797
309.60,3584,6933,5813
309.75,3589,6940,5806
309.90,3591,6957,5823
310.05,3597,6950,5814
310.20,3598,6968,5817
310.35,3605,6966,5837
310.50,3606,6968,5827
310.65,3608,6972,5844
310.80,3610,6978,5835
310.95,3614,6981,5851
311.10,3614,6984,5841
311.25,3618,6991,5848
311.40,3620,6994,5864
311.55,3626,7001,5854
311.70,3624,7000,5856
311.85,3626,7006,5862
312.00,3628,7012,5863
312.15,3632,7026,5869
312.30,3635,7020,5872
312.45,3641,7026,5874
312.60,3636,7037,5879
312.75,3638,7033,5896
312.90,3644,7033,5884
313.05,3641,7037,5886
313.20,3642,7043,5889
313.35,3645,7046,5905
313.50,3647,7050,5894
313.65,3650,7060,5896
313.80,3650,7052,5912
313.95,3649,7053,5899
314.10,3650,7057,5901
314.25,3653,7061,5918
314.40,3652,7063,5918
314.55,3648,7058,5904
314.70,3649,7072,5904
314.85,3650,7060,5918
315.00,3651,7065,5920
315.15,3651,7063,5920
315.30,3651,7063,5906
315.45,3649,7067,5908
315.60,3652,7069,5910
315.75,3653,7069,5913
315.90,3656,7074,5915
316.05,3658,7074,5930
316.20,3658,7077,5919
316.35,3662,7082,5922
316.50,3667,7089,5922
316.65,3664,7082,5938
316.80,3667,7082,5924
316.95,3665,7085,5929
317.10,3664,7084,5922
317.25,3664,7088,5938
317.40,3670,7089,5928
317.55,3666,7089,5927
317.70,3664,7094,5925
317.85,3669,7088,5926
318.00,3665,7099,5929
318.15,3668,7087,5943
318.30,3665,7089,5927
318.45,3665,7088,5925
318.60,3666,7098,5928
318.75,3665,7089,5925
318.90,3663,7086,5926
319.05,3667,7095,5923
319.20,3664,7085,5938
319.35,3664,7084,5926
319.50,3663,7085,5923
319.65,3662,7096,5937
319.80,3663,7086,5921
319.95,3662,7091,5921
320.10,3659,7078,5918
320.25,3662,7079,5930
320.40,3661,7082,5918
320.55,3662,7088,5918
320.70,3657,7076,5920
320.85,3656,7082,5913
321.00,3655,7070,5908
321.15,3652,7066,5923
321.30,3653,7063,5907
321.45,3650,7060,5906
321.60,3651,7064,5905
321.75,3654,7073,5903
321.90,3647,7059,5905
322.05,3649,7061,5900
322.20,3648,7056,5900
322.35,3648,7056,5895
322.50,3646,7063,5906
322.65,3645,7050,5894
322.80,3645,7055,5890
322.95,3644,7045,5900
323.10,3638,7052,5884
323.25,3635,7047,5893
323.40,3635,7036,5890
323.55,3636,7034,5889
323.70,3633,7026,5869
323.85,3630,7033,5880
324.00,3626,7016,5859
324.15,3627,7022,5870
324.30,3624,7008,5854
324.45,3619,7012,5864
324.60,3619,6996,5846
324.75,3614,6992,5840
324.90,3613,6987,5837
325.05,3610,6993,5847
325.20,3606,6980,5830
325.35,3606,6974,5825
325.50,3604,6974,5821
325.65,3602,6962,5815
325.80,3598,6956,5812
325.95,3594,6948,5821
326.10,3593,6958,5815
326.25,3590,6951,5798
326.40,3588,6938,5796
326.55,3583,6931,5807
326.70,3581,6938,5789
326.85,3579,6925,5801
327.00,3576,6923,5782
327.15,3572,6916,5781
327.30,3568,6910,5775
327.45,3567,6906,5769
327.60,3564,6896,5765
327.75,3567,6893,5769
327.90,3561,6887,5754
328.05,3556,6877,5748
328.20,3557,6871,5740
328.35,3550,6864,5733
328.50,3545,6856,5727
328.65,3542,6860,5736
328.80,3543,6845,5716
328.95,3536,6834,5723
329.10,3532,6835,5706
329.25,3529,6823,5696
329.40,3527,6815,5709
329.55,3521,6808,5685
329.70,3514,6795,5691
329.85,3512,6789,5672
330.00,3507,6780,5664
330.15,3501,6769,5666
330.30,3497,6764,5647
330.45,3492,6759,5640
330.60,3487,6743,5632
330.75,3482,6734,5636
330.90,3478,6731,5627
331.05,3473,6724,5621
331.20,3467,6704,5601
331.35,3463,6698,5594
331.50,3459,6689,5602
331.65,3455,6687,5580
331.80,3451,6679,5587
331.95,3445,6658,5563
332.10,3439,6648,5556
332.25,3437,6643,5550
332.40,3432,6631,5556
332.55,3427,6628,5540
332.70,3424,6626,5536
332.85,3421,6628,5528
333.00,3418,6611,5538
333.15,3418,6604,5523
333.30,3408,6596,5511
333.45,3404,6584,5504
333.60,3399,6576,5496
333.75,3394,6573,5488
333.90,3391,6558,5476
334.05,3386,6550,5466
334.20,3377,6526,5456
334.35,3371,6514,5457
334.50,3367,6514,5449
334.65,3360,6494,5429
334.80,3361,6488,5436
334.95,3351,6479,5430
335.10,3348,6480,5408
335.25,3343,6459,5415
335.40,3335,6458,5401
335.55,3329,6435,5390
335.70,3324,6425,5381
335.85,3323,6422,5372
336.00,3310,6394,5342
336.15,3302,6383,5331
336.30,3296,6371,5334
336.45,3289,6357,5326
336.60,3280,6342,5313
336.75,3281,6332,5292
336.90,3275,6329,5279
337.05,3265,6322,5284
337.20,3257,6310,5259
337.35,3250,6293,5249
337.50,3246,6272,5240
337.65,3241,6256,5240
337.80,3237,6244,5232
337.95,3227,6234,5206
338.10,3216,6219,5196
338.25,3213,6210,5204
338.40,3209,6202,5194
338.55,3204,6192,5184
338.70,3198,6187,5164
338.85,3192,6172,5171
339.00,3194,6164,5149
339.15,3186,6155,5141
339.30,3176,6154,5134
339.45,3170,6141,5123
339.60,3162,6118,5112
339.75,3157,6107,5102
339.90,3152,6100,5086
340.05,3144,6077,5090
340.20,3137,6062,5062
340.35,3133,6046,5065
340.50,3126,6036,5041
340.65,3116,6022,5029
340.80,3110,6010,5031
340.95,3103,5999,5024
341.10,3098,6000,5014
341.25,3091,5972,4988
341.40,3087,5960,4975
341.55,3075,5941,4962
341.70,3071,5924,4948
341.85,3059,5913,4949
342.00,3048,5892,4921
342.15,3041,5889,4921
342.30,3033,5863,4895
342.45,3025,5848,4882
342.60,3017,5840,4866
342.75,3006,5822,4850
342.90,3000,5802,4839
343.05,2995,5792,4824
343.20,2986,5766,4826
343.35,2975,5752,4801
343.50,2972,5743,4793
343.65,2964,5723,4791
343.80,2953,5709,4777
343.95,2945,5702,4750
344.10,2936,5680,4739
344.25,2932,5668,4731
344.40,2930,5667,4736
344.55,2919,5648,4728
344.70,2914,5646,4718
344.85,2909,5628,4695
345.00,2904,5627,4695
345.15,2897,5604,4679
345.30,2897,5593,4668
345.45,2882,5578,4672
345.60,2875,5573,4657
345.75,2871,5556,4630
345.90,2857,5527,4629
346.05,2854,5512,4598
346.20,2838,5492,4582
346.35,2831,5472,4567
346.50,2822,5455,4552
346.65,2812,5451,4539
346.80,2807,5429,4529
346.95,2801,5427,4520
347.10,2795,5415,4510
347.25,2785,5384,4494
347.40,2782,5368,4491
347.55,2767,5363,4480
347.70,2763,5332,4461
347.85,2749,5315,4434
348.00,2738,5296,4416
348.15,2730,5290,4419
348.30,2722,5259,4387
348.45,2718,5241,4369
348.60,2700,5220,4367
348.75,2691,5203,4336
348.90,2679,5183,4336
349.05,2672,5165,4324
349.20,2663,5149,4294
349.35,2664,5132,4281
349.50,2650,5118,4267
349.65,2641,5109,4249
349.80,2628,5082,4238
349.95,2620,5067,4225
350.10,2616,5047,4207
350.25,2604,5035,4198
350.40,2606,5036,4203
350.55,2597,5011,4177
350.70,2584,5002,4168
350.85,2584,4989,4164
351.00,2572,4977,4152
351.15,2564,4962,4154
351.30,2565,4951,4128
351.45,2550,4936,4117
351.60,2551,4919,4101
351.75,2535,4900,4083
351.90,2522,4880,4083
352.05,2513,4861,4066
352.20,2510,4853,4035
352.35,2491,4819,4030
352.50,2490,4804,4004
352.65,2477,4798,3988
352.80,2465,4768,3987
352.95,2458,4762,3960
353.10,2451,4740,3963
353.25,2442,4735,3949
353.40,2431,4713,3919
353.55,2423,4679,3900
353.70,2412,4663,3885
353.85,2411,4644,3870
354.00,2397,4633,3851
354.15,2378,4608,3844
354.30,2370,4580,3816
354.45,2359,4559,3814
354.60,2348,4551,3781
354.75,2340,4531,3766
354.90,2336,4511,3747
355.05,2316,4490,3730
355.20,2307,4458,3730
355.35,2298,4439,3700
355.50,2291,4427,3689
355.65,2286,4402,3667
355.80,2272,4389,3657
355.95,2260,4378,3639
356.10,2251,4353,3625
356.25,2247,4340,3614
356.40,2238,4336,3601
356.55,2232,4315,3609
356.70,2225,4302,3583
356.85,2218,4299,3572
357.00,2220,4275,3562
357.15,2203,4259,3548
357.30,2196,4258,3538
357.45,2195,4228,3536
357.60,2177,4222,3509
357.75,2168,4191,3489
357.90,2159,4168,3473
358.05,2147,4162,3470
358.20,2137,4129,3452
358.35,2125,4117,3419
358.50,2117,4092,3422
358.65,2108,4070,3391
358.80,2108,4068,3377
358.95,2093,4040,3365
359.10,2085,4026,3354
359.25,2076,4010,3353
359.40,2064,3987,3321
359.55,2062,3977,3303
359.70,2042,3943,3299
359.85,2031,3922,3269
