0.00,244,535,433
0.12,232,522,422
0.24,231,521,420
0.36,230,525,419
0.48,228,512,413
0.60,226,510,410
0.72,224,514,410
0.84,221,498,402
0.96,219,503,398
1.08,223,488,397
1.20,214,482,390
1.32,213,487,384
1.44,215,471,379
1.56,212,464,380
1.68,202,458,368
1.80,200,458,362
1.92,196,440,356
2.04,199,434,350
2.16,195,434,343
2.28,186,417,335
2.40,188,408,332
2.52,183,400,322
2.64,180,393,316
2.76,178,388,312
2.88,168,377,304
3.00,168,378,303
3.12,165,380,300
3.24,167,372,299
3.36,163,354,287
3.48,156,349,282
3.60,153,342,273
3.72,153,345,271
3.84,142,314,254
3.96,142,314,254
4.08,147,322,248
4.20,137,310,244
4.32,137,304,245
4.44,133,290,228
4.56,128,284,229
4.68,128,283,226
4.80,129,275,221
4.92,126,276,216
5.04,118,260,210
5.16,119,266,210
5.28,118,250,202
5.40,117,256,203
5.52,112,238,184
5.64,108,238,191
5.76,106,231,180
5.88,104,227,183
6.00,104,220,170
6.12,100,217,168
6.24,101,214,166
6.36,96,210,170
6.48,96,208,167
6.60,93,209,157
6.72,93,202,163
6.84,91,201,152
6.96,89,195,158
7.08,89,197,154
7.20,88,188,144
7.32,86,185,149
7.44,84,182,146
7.56,82,177,135
7.68,81,173,140
7.80,79,170,133
7.92,77,168,133
8.04,74,160,126
8.16,73,155,118
8.28,72,148,122
8.40,69,144,118
8.52,66,142,105
8.64,65,134,101
8.76,62,132,106
8.88,60,127,103
9.00,64,127,102
9.12,58,122,99
9.24,55,116,94
9.36,55,115,86
9.48,57,109,83
9.60,52,109,77
9.72,50,104,84
9.84,50,101,81
9.96,51,91,78
10.08,50,95,65
10.20,41,80,59
10.32,43,79,52
10.44,40,79,53
10.56,43,82,65
10.68,38,76,61
10.80,37,74,48
10.92,38,72,57
11.04,35,66,57
11.16,37,65,52
11.28,33,64,42
11.40,32,52,48
11.52,31,60,47
11.64,31,48,34
11.76,32,56,45
11.88,28,51,41
12.00,28,41,41
12.12,30,43,41
12.24,25,46,31
12.36,25,35,37
12.48,24,34,36
12.60,24,34,23
12.72,24,42,20
12.84,22,41,33
12.96,23,33,33
13.08,22,39,31
13.20,25,39,31
13.32,22,38,24
13.44,21,35,16
13.56,20,35,28
13.68,20,32,13
13.80,19,32,26
13.92,18,31,24
14.04,21,18,25
14.16,20,17,9
14.28,18,27,22
14.40,15,26,17
14.52,16,12,21
14.64,15,24,9
14.76,15,23,7
14.88,14,14,18
15.00,11,23,13
15.12,13,20,17
15.24,16,20,10
15.36,14,8,13
15.48,13,7,15
15.60,13,18,2
15.72,14,8,16
15.84,13,20,2
15.96,13,18,15
16.08,13,6,7
16.20,13,20,4
16.32,15,21,9
16.44,13,8,16
16.56,14,21,7
16.68,14,20,17
16.80,15,19,16
16.92,14,21,3
17.04,15,23,19
17.16,15,23,6
17.28,15,23,5
17.40,16,19,20
17.52,15,13,19
17.64,17,14,23
17.76,13,15,9
17.88,17,26,23
18.00,18,29,24
18.12,17,30,24
18.24,17,29,24
18.36,19,31,25
18.48,19,19,27
18.60,18,20,26
18.72,17,21,27
18.84,20,22,15
18.96,20,34,20
19.08,20,36,29
19.20,19,37,30
19.32,22,26,23
19.44,22,38,32
19.56,22,40,33
19.68,23,41,34
19.80,24,44,22
19.92,25,35,37
20.04,25,46,30
20.16,25,47,40
20.28,26,50,30
20.40,28,53,44
20.52,29,55,46
20.64,33,58,47
20.76,31,60,47
20.88,33,63,52
21.00,34,58,42
21.12,36,62,51
21.24,36,70,45
21.36,39,78,53
21.48,39,78,64
21.60,39,70,57
21.72,45,81,67
21.84,42,86,70
21.96,50,96,67
22.08,46,95,68
22.20,47,95,72
22.32,48,92,70
22.44,54,116,93
22.56,54,112,92
22.68,54,106,93
22.80,54,112,82
22.92,61,123,89
23.04,58,122,99
23.16,64,126,104
23.28,60,125,99
23.40,68,137,113
23.52,64,132,112
23.64,65,133,113
23.76,67,143,106
23.88,74,149,124
24.00,73,150,124
24.12,75,152,124
24.24,74,157,129
24.36,80,163,135
24.48,81,164,136
24.60,81,166,128
24.72,78,169,140
24.84,85,173,143
24.96,81,175,136
25.08,82,178,147
25.20,84,182,141
25.32,86,186,153
25.44,91,187,155
25.56,92,190,158
25.68,94,194,161
25.80,91,198,164
25.92,93,203,167
26.04,94,207,163
26.16,97,216,167
26.28,100,218,180
26.40,102,222,184
26.52,104,228,188
26.64,108,237,193
26.76,110,240,198
26.88,117,246,203
27.00,114,251,204
27.12,121,256,212
27.24,120,269,217
27.36,127,277,223
27.48,124,272,224
27.60,131,289,233
27.72,127,282,231
27.84,134,300,247
27.96,139,300,245
28.08,140,307,242
28.20,144,318,250
28.32,153,350,281
28.44,158,343,284
28.56,158,341,280
28.68,158,350,285
28.80,154,352,282
28.92,157,357,289
29.04,172,374,305
29.16,166,374,304
29.28,172,374,306
29.40,174,388,313
29.52,179,394,316
29.64,181,394,324
29.76,179,408,329
29.88,184,403,329
30.00,182,408,336
30.12,195,426,349
30.24,194,425,348
30.36,189,427,350
30.48,192,435,355
30.60,198,445,364
30.72,198,446,366
30.84,200,452,369
30.96,203,465,374
31.08,205,471,381
31.20,212,465,381
31.32,208,470,385
31.44,217,475,392
31.56,212,480,394
31.68,214,486,399
31.80,224,491,405
31.92,220,508,408
32.04,230,505,415
32.16,227,522,421
32.28,236,521,426
32.40,234,528,434
32.52,237,547,443
32.64,241,545,451
32.76,244,565,455
32.88,249,566,463
33.00,259,573,469
33.12,257,593,480
33.24,268,593,486
33.36,263,599,491
33.48,266,616,494
33.60,280,634,509
33.72,273,622,517
33.84,285,633,518
33.96,286,651,532
34.08,285,650,530
34.20,304,677,553
34.32,297,676,562
34.44,303,685,551
34.56,319,728,602
34.68,324,733,593
34.80,318,725,593
34.92,326,726,602
35.04,317,739,601
35.16,346,787,633
35.28,338,772,630
35.40,345,773,630
35.52,338,772,631
35.64,345,774,643
35.76,349,798,664
35.88,348,797,650
36.00,356,797,649
36.12,359,821,669
36.24,358,819,680
36.36,363,833,680
36.48,363,832,680
36.60,376,845,690
36.72,380,854,696
36.84,382,867,700
36.96,378,873,705
37.08,381,872,712
37.20,382,890,717
37.32,386,901,722
37.44,398,892,728
37.56,391,898,733
37.68,395,918,739
37.80,397,913,745
37.92,409,936,753
38.04,414,929,760
38.16,409,938,767
38.28,413,949,775
38.40,427,975,782
38.52,423,969,791
38.64,435,980,808
38.76,431,1010,809
38.88,445,1004,833
39.00,443,1019,831
39.12,457,1030,853
39.24,461,1038,845
39.36,464,1063,864
39.48,465,1072,872
39.60,465,1087,871
39.72,474,1106,885
39.84,483,1091,904
39.96,481,1121,902
40.08,491,1122,902
40.20,500,1130,919
40.32,501,1156,953
40.44,500,1164,954
40.56,510,1177,956
40.68,510,1187,956
40.80,524,1198,981
40.92,522,1205,996
41.04,526,1215,987
41.16,543,1232,1011
41.28,537,1239,1006
41.40,563,1278,1038
41.52,553,1292,1038
41.64,563,1294,1036
41.76,556,1289,1061
41.88,558,1300,1048
42.00,578,1353,1085
42.12,588,1335,1084
42.24,577,1350,1082
42.36,596,1353,1115
42.48,584,1352,1096
42.60,597,1356,1101
42.72,607,1393,1136
42.84,610,1401,1133
42.96,612,1389,1128
43.08,613,1396,1149
43.20,607,1406,1156
43.32,621,1426,1145
43.44,613,1419,1170
43.56,617,1443,1166
43.68,630,1436,1176
43.80,624,1444,1174
43.92,640,1453,1196
44.04,637,1463,1197
44.16,642,1490,1196
44.28,653,1486,1204
44.40,646,1512,1232
44.52,651,1526,1241
44.64,663,1539,1254
44.76,663,1550,1245
44.88,680,1566,1274
45.00,688,1582,1269
45.12,694,1597,1280
45.24,687,1611,1289
45.36,692,1606,1315
45.48,697,1634,1318
45.60,701,1628,1318
45.72,711,1651,1336
45.84,711,1660,1334
45.96,730,1681,1361
46.08,724,1684,1362
46.20,744,1698,1389
46.32,744,1744,1399
46.44,744,1745,1398
46.56,748,1754,1404
46.68,754,1752,1433
46.80,772,1809,1467
46.92,770,1792,1466
47.04,788,1801,1454
47.16,799,1858,1500
47.28,812,1857,1501
47.40,812,1857,1501
47.52,808,1855,1513
47.64,820,1879,1516
47.76,810,1898,1536
47.88,816,1900,1534
48.00,838,1951,1591
48.12,839,1951,1590
48.24,851,1948,1571
48.36,838,1949,1589
48.48,855,1969,1597
48.60,861,1971,1606
48.72,853,1983,1616
48.84,873,1999,1612
48.96,862,2017,1619
49.08,865,2013,1625
49.20,869,2041,1632
49.32,887,2032,1639
49.44,890,2049,1647
49.56,882,2069,1661
49.68,895,2059,1668
49.80,901,2068,1693
49.92,902,2079,1684
50.04,897,2088,1691
50.16,918,2101,1703
50.28,923,2128,1729
50.40,928,2142,1735
50.52,930,2153,1733
50.64,926,2156,1745
50.76,932,2187,1774
50.88,942,2186,1767
51.00,952,2205,1782
51.12,953,2237,1813
51.24,959,2232,1823
51.36,976,2248,1834
51.48,979,2257,1836
51.60,983,2305,1850
51.72,983,2290,1868
51.84,992,2328,1868
51.96,992,2312,1882
52.08,1011,2325,1878
52.20,1001,2351,1889
52.32,1028,2365,1910
52.44,1029,2375,1917
52.56,1026,2410,1932
52.68,1050,2432,1952
52.80,1036,2417,1952
52.92,1077,2515,2032
53.04,1076,2529,2031
53.16,1076,2513,2030
53.28,1078,2526,2028
53.40,1090,2511,2028
53.52,1075,2511,2029
53.64,1094,2562,2079
53.76,1094,2551,2061
53.88,1115,2569,2075
54.00,1106,2597,2087
54.12,1109,2586,2090
54.24,1116,2607,2121
54.36,1124,2607,2123
54.48,1136,2639,2123
54.60,1134,2644,2135
54.72,1158,2683,2171
54.84,1156,2668,2170
54.96,1164,2690,2189
55.08,1155,2696,2195
55.20,1156,2698,2181
55.32,1160,2712,2204
55.44,1179,2719,2216
55.56,1183,2731,2208
55.68,1176,2755,2214
55.80,1186,2750,2240
55.92,1182,2759,2230
56.04,1199,2769,2239
56.16,1191,2798,2249
56.28,1209,2792,2258
56.40,1215,2817,2268
56.52,1219,2837,2280
56.64,1214,2834,2293
56.76,1219,2850,2303
56.88,1227,2867,2315
57.00,1241,2880,2328
57.12,1248,2908,2343
57.24,1251,2917,2374
57.36,1258,2933,2369
57.48,1265,2948,2393
57.60,1270,2963,2394
57.72,1276,2988,2403
57.84,1299,3004,2428
57.96,1287,3002,2434
58.08,1308,3049,2476
58.20,1306,3047,2476
58.32,1306,3046,2460
58.44,1317,3078,2496
58.56,1322,3084,2507
58.68,1342,3099,2501
58.80,1355,3130,2546
58.92,1356,3162,2570
59.04,1368,3161,2570
59.16,1363,3180,2569
59.28,1368,3192,2581
59.40,1389,3254,2616
59.52,1396,3245,2629
59.64,1389,3238,2615
59.76,1395,3254,2643
59.88,1409,3284,2655
60.00,1407,3285,2669
60.12,1430,3306,2671
60.24,1424,3307,2673
60.36,1426,3327,2688
60.48,1449,3392,2728
60.60,1448,3377,2746
60.72,1449,3377,2728
60.84,1448,3391,2746
60.96,1454,3388,2739
61.08,1476,3414,2756
61.20,1478,3432,2759
61.32,1481,3423,2778
61.44,1474,3447,2778
61.56,1479,3447,2783
61.68,1487,3461,2792
61.80,1486,3462,2800
61.92,1502,3472,2824
62.04,1493,3482,2819
62.16,1498,3493,2840
62.28,1505,3506,2852
62.40,1508,3518,2846
62.52,1514,3546,2857
62.64,1521,3547,2867
62.76,1541,3560,2880
62.88,1546,3591,2903
63.00,1552,3594,2908
63.12,1549,3610,2935
63.24,1557,3644,2951
63.36,1575,3663,2949
63.48,1574,3664,2961
63.60,1594,3696,2976
63.72,1585,3699,2996
63.84,1595,3713,3001
63.96,1601,3741,3026
64.08,1609,3746,3027
64.20,1612,3753,3032
64.32,1627,3800,3076
64.44,1627,3793,3060
64.56,1643,3825,3098
64.68,1638,3816,3084
64.80,1654,3846,3107
64.92,1654,3850,3111
65.04,1675,3902,3165
65.16,1673,3906,3160
65.28,1685,3920,3158
65.40,1689,3926,3173
65.52,1695,3938,3184
65.64,1717,3975,3204
65.76,1705,3962,3220
65.88,1718,3995,3247
66.00,1730,3993,3227
66.12,1724,4006,3239
66.24,1743,4050,3288
66.36,1742,4046,3273
66.48,1742,4048,3288
66.60,1765,4074,3293
66.72,1758,4079,3299
66.84,1782,4124,3343
66.96,1783,4113,3326
67.08,1779,4129,3338
67.20,1782,4153,3355
67.32,1785,4147,3368
67.44,1798,4167,3376
67.56,1793,4161,3367
67.68,1807,4185,3374
67.80,1800,4180,3381
67.92,1804,4203,3389
68.04,1809,4197,3397
68.16,1824,4210,3406
68.28,1814,4219,3415
68.40,1830,4230,3437
68.52,1828,4243,3434
68.64,1833,4255,3458
68.76,1851,4272,3474
68.88,1846,4288,3469
69.00,1861,4317,3496
69.12,1865,4316,3510
69.24,1879,4332,3509
69.36,1887,4352,3539
69.48,1885,4369,3552
69.60,1901,4386,3569
69.72,1905,4400,3563
69.84,1905,4418,3586
69.96,1910,4430,3587
70.08,1934,4456,3607
70.20,1922,4467,3607
70.32,1932,4489,3626
70.44,1950,4518,3661
70.56,1955,4517,3660
70.68,1949,4515,3675
70.80,1958,4538,3696
70.92,1969,4565,3714
71.04,1969,4575,3713
71.16,1982,4600,3736
71.28,1984,4594,3742
71.40,1995,4622,3746
71.52,2001,4651,3760
71.64,2012,4658,3796
71.76,2019,4670,3776
71.88,2037,4707,3808
72.00,2025,4692,3823
72.12,2042,4714,3815
72.24,2046,4716,3826
72.36,2049,4758,3850
72.48,2059,4744,3850
72.60,2054,4767,3877
72.72,2056,4778,3868
72.84,2070,4796,3895
72.96,2074,4811,3897
73.08,2077,4823,3903
73.20,2093,4825,3920
73.32,2088,4837,3938
73.44,2090,4853,3931
73.56,2094,4853,3951
73.68,2097,4873,3961
73.80,2102,4865,3954
73.92,2105,4876,3960
74.04,2110,4900,3971
74.16,2126,4906,3979
74.28,2119,4905,3987
74.40,2122,4929,3995
74.52,2137,4941,4003
74.64,2132,4939,4015
74.76,2149,4951,4026
74.88,2144,4964,4036
75.00,2150,4980,4046
75.12,2164,5006,4058
75.24,2162,5006,4072
75.36,2170,5026,4099
75.48,2187,5035,4114
75.60,2182,5065,4111
75.72,2201,5081,4136
75.84,2194,5079,4151
75.96,2212,5095,4149
76.08,2215,5103,4157
76.20,2223,5141,4204
76.32,2222,5155,4203
76.44,2233,5143,4188
76.56,2229,5158,4202
76.68,2238,5183,4223
76.80,2240,5195,4238
76.92,2247,5205,4233
77.04,2252,5210,4247
77.16,2263,5239,4270
77.28,2273,5238,4285
77.40,2278,5271,4298
77.52,2276,5271,4311
77.64,2290,5297,4320
77.76,2289,5296,4318
77.88,2303,5320,4327
78.00,2308,5335,4342
78.12,2314,5333,4352
78.24,2321,5349,4366
78.36,2325,5358,4389
78.48,2334,5398,4420
78.60,2331,5410,4425
78.72,2333,5397,4421
78.84,2348,5418,4425
78.96,2343,5423,4424
79.08,2354,5445,4450
79.20,2354,5445,4450
79.32,2369,5454,4465
79.44,2361,5460,4463
79.56,2363,5465,4473
79.68,2377,5492,4481
79.80,2371,5488,4487
79.92,2376,5499,4492
80.04,2390,5508,4501
80.16,2388,5512,4507
80.28,2386,5536,4516
80.40,2400,5539,4525
80.52,2395,5552,4532
80.64,2407,5551,4541
80.76,2405,5574,4562
80.88,2407,5570,4560
81.00,2422,5596,4582
81.12,2424,5606,4595
81.24,2422,5607,4588
81.36,2427,5633,4599
81.48,2433,5642,4624
81.60,2440,5651,4620
81.72,2450,5653,4631
81.84,2458,5675,4638
81.96,2454,5692,4655
82.08,2459,5688,4675
82.20,2462,5695,4666
82.32,2473,5718,4687
82.44,2481,5729,4704
82.56,2479,5732,4718
82.68,2483,5738,4723
82.80,2487,5761,4716
82.92,2491,5770,4728
83.04,2501,5778,4760
83.16,2506,5793,4756
83.28,2511,5801,4764
83.40,2526,5850,4812
83.52,2525,5845,4806
83.64,2536,5836,4794
83.76,2542,5851,4807
83.88,2535,5855,4829
84.00,2544,5879,4831
84.12,2546,5900,4838
84.24,2553,5896,4847
84.36,2557,5904,4858
84.48,2572,5917,4871
84.60,2562,5931,4869
84.72,2569,5927,4876
84.84,2571,5936,4888
84.96,2576,5947,4896
85.08,2588,5978,4935
85.20,2587,5975,4936
85.32,2588,5989,4921
85.44,2592,5988,4931
85.56,2605,5990,4934
85.68,2608,5996,4942
85.80,2600,6006,4958
85.92,2604,6013,4952
86.04,2606,6018,4957
86.16,2610,6028,4979
86.28,2615,6033,4987
86.40,2619,6042,4981
86.52,2621,6051,4999
86.64,2622,6062,4995
86.76,2634,6081,4998
86.88,2631,6090,5007
87.00,2635,6088,5020
87.12,2639,6105,5022
87.24,2643,6103,5030
87.36,2646,6112,5054
87.48,2650,6118,5046
87.60,2664,6138,5073
87.72,2660,6151,5069
87.84,2672,6148,5075
87.96,2668,6157,5088
88.08,2674,6171,5107
88.20,2678,6188,5103
88.32,2681,6188,5110
88.44,2689,6188,5114
88.56,2687,6198,5120
88.68,2695,6201,5125
88.80,2694,6217,5139
88.92,2696,6224,5143
89.04,2710,6257,5168
89.16,2712,6250,5176
89.28,2706,6264,5167
89.40,2714,6265,5189
89.52,2735,6295,5203
89.64,2724,6302,5203
89.76,2725,6288,5219
89.88,2731,6305,5233
90.00,2735,6313,5235
90.12,2747,6322,5246
90.24,2745,6333,5243
90.36,2744,6331,5241
90.48,2756,6355,5271
90.60,2753,6356,5262
90.72,2753,6355,5262
90.84,2762,6360,5266
90.96,2768,6379,5272
91.08,2763,6382,5294
91.20,2766,6380,5285
91.32,2779,6396,5315
91.44,2778,6407,5308
91.56,2776,6405,5322
91.68,2778,6409,5311
91.80,2781,6414,5314
91.92,2781,6417,5319
92.04,2794,6438,5324
92.16,2787,6440,5330
92.28,2790,6442,5335
92.40,2793,6456,5339
92.52,2793,6448,5353
92.64,2804,6465,5348
92.76,2800,6470,5369
92.88,2812,6466,5357
93.00,2813,6484,5378
93.12,2809,6480,5379
93.24,2819,6487,5377
93.36,2821,6493,5399
93.48,2825,6508,5391
93.60,2819,6519,5397
93.72,2833,6513,5418
93.84,2825,6526,5412
93.96,2836,6525,5417
94.08,2831,6530,5436
94.20,2836,6550,5435
94.32,2835,6557,5431
94.44,2843,6569,5447
94.56,2842,6554,5448
94.68,2844,6562,5453
94.80,2846,6578,5453
94.92,2851,6573,5463
95.04,2853,6576,5465
95.16,2864,6587,5477
95.28,2858,6590,5478
95.40,2863,6605,5510
95.52,2867,6620,5495
95.64,2868,6620,5507
95.76,2870,6620,5506
95.88,2883,6645,5530
96.00,2882,6646,5528
96.12,2882,6646,5528
96.24,2881,6645,5529
96.36,2891,6654,5540
96.48,2893,6652,5537
96.60,2894,6658,5552
96.72,2889,6665,5559
96.84,2895,6677,5558
96.96,2897,6681,5557
97.08,2908,6694,5587
97.20,2908,6692,5570
97.32,2901,6693,5572
97.44,2909,6711,5580
97.56,2906,6699,5579
97.68,2906,6710,5579
97.80,2909,6707,5585
97.92,2907,6720,5587
98.04,2909,6713,5592
98.16,2913,6715,5595
98.28,2921,6721,5599
98.40,2920,6722,5614
98.52,2916,6737,5617
98.64,2917,6729,5605
98.76,2924,6742,5607
98.88,2920,6737,5626
99.00,2926,6750,5613
99.12,2924,6742,5619
99.24,2930,6757,5623
99.36,2935,6764,5629
99.48,2929,6758,5633
99.60,2932,6767,5638
99.72,2941,6772,5642
99.84,2935,6774,5646
99.96,2938,6782,5667
100.08,2938,6785,5656
100.20,2944,6785,5657
100.32,2942,6789,5673
100.44,2940,6806,5664
100.56,2951,6801,5669
100.68,2945,6799,5668
100.80,2950,6806,5675
100.92,2948,6810,5692
101.04,2954,6821,5688
101.16,2962,6826,5702
101.28,2952,6832,5688
101.40,2958,6827,5693
101.52,2957,6838,5694
101.64,2959,6832,5698
101.76,2959,6847,5700
101.88,2961,6836,5703
102.00,2962,6841,5707
102.12,2963,6854,5711
102.24,2965,6849,5727
102.36,2968,6862,5719
102.48,2969,6855,5720
102.60,2969,6859,5734
102.72,2970,6861,5720
102.84,2971,6870,5723
102.96,2977,6868,5736
103.08,2972,6878,5728
103.20,2975,6876,5753
103.32,2976,6887,5738
103.44,2977,6877,5738
103.56,2978,6877,5738
103.68,2976,6891,5749
103.80,2978,6879,5741
103.92,2978,6881,5741
104.04,2977,6892,5752
104.16,2978,6885,5743
104.28,2980,6886,5744
104.40,2986,6891,5760
104.52,2980,6887,5747
104.64,2985,6887,5761
104.76,2981,6900,5747
104.88,2981,6894,5761
105.00,2982,6904,5749
105.12,2982,6903,5752
105.24,2987,6892,5751
105.36,2985,6893,5769
105.48,2982,6895,5755
105.60,2990,6908,5755
105.72,2983,6909,5759
105.84,2986,6902,5761
105.96,2986,6903,5760
106.08,2986,6916,5770
106.20,2988,6913,5766
106.32,2986,6916,5774
106.44,2989,6907,5764
106.56,2987,6918,5767
106.68,2986,6919,5766
106.80,2988,6921,5768
106.92,2987,6909,5767
107.04,2996,6909,5768
107.16,2996,6910,5771
107.28,2990,6908,5786
107.40,2995,6911,5782
107.52,2992,6920,5771
107.64,2990,6921,5788
107.76,2989,6924,5787
107.88,2989,6912,5771
108.00,2988,6912,5770
108.12,2988,6913,5769
108.24,2987,6922,5787
108.36,2987,6910,5771
108.48,2991,6911,5770
108.60,2987,6909,5770
108.72,2990,6918,5771
108.84,2995,6922,5769
108.96,2994,6906,5770
109.08,2987,6909,5778
109.20,2993,6907,5766
109.32,2986,6908,5779
109.44,2994,6909,5766
109.56,2993,6914,5765
109.68,2984,6903,5765
109.80,2985,6917,5766
109.92,2982,6899,5764
110.04,2982,6904,5776
110.16,2984,6900,5763
110.28,2984,6911,5761
110.40,2988,6911,5761
110.52,2983,6898,5776
110.64,2987,6895,5761
110.76,2981,6907,5760
110.88,2981,6895,5760
111.00,2980,6906,5756
111.12,2980,6893,5755
111.24,2976,6887,5754
111.36,2979,6887,5754
111.48,2977,6888,5751
111.60,2982,6883,5756
111.72,2976,6893,5759
111.84,2976,6880,5749
111.96,2974,6888,5753
112.08,2973,6889,5743
112.20,2971,6883,5743
112.32,2971,6882,5746
112.44,2974,6879,5738
112.56,2971,6869,5747
112.68,2970,6865,5733
112.80,2967,6875,5733
112.92,2971,6860,5730
113.04,2966,6854,5726
113.16,2964,6856,5728
113.28,2964,6853,5722
113.40,2961,6849,5722
113.52,2960,6846,5728
113.64,2966,6842,5715
113.76,2957,6837,5731
113.88,2956,6836,5726
114.00,2953,6831,5707
114.12,2953,6826,5700
114.24,2952,6838,5700
114.36,2950,6823,5693
114.48,2951,6822,5706
114.60,2947,6826,5690
114.72,2943,6811,5700
114.84,2944,6809,5685
114.96,2942,6805,5685
115.08,2941,6802,5695
115.20,2937,6808,5676
115.32,2938,6809,5673
115.44,2936,6807,5671
115.56,2937,6779,5668
115.68,2932,6780,5659
115.80,2932,6780,5670
115.92,2938,6776,5655
116.04,2931,6778,5672
116.16,2926,6772,5665
116.28,2925,6770,5649
116.40,2926,6766,5664
116.52,2927,6761,5644
116.64,2930,6769,5643
116.76,2920,6757,5640
116.88,2920,6752,5637
117.00,2917,6755,5646
117.12,2914,6745,5641
117.24,2912,6739,5640
117.36,2911,6737,5637
117.48,2909,6729,5619
117.60,2909,6738,5633
117.72,2910,6732,5612
117.84,2912,6722,5610
117.96,2909,6715,5605
118.08,2906,6724,5602
118.20,2906,6705,5611
118.32,2895,6698,5589
118.44,2895,6697,5591
118.56,2894,6688,5584
118.68,2897,6688,5597
118.80,2888,6682,5577
118.92,2885,6675,5577
119.04,2883,6678,5567
119.16,2885,6665,5554
119.28,2884,6654,5556
119.40,2883,6654,5574
119.52,2873,6648,5547
119.64,2871,6644,5544
119.76,2869,6635,5550
119.88,2864,6623,5528
120.00,2872,6633,5546
120.12,2856,6609,5533
120.24,2864,6610,5534
120.36,2849,6594,5517
120.48,2849,6592,5502
120.60,2849,6600,5499
120.72,2842,6573,5503
120.84,2841,6573,5488
120.96,2840,6567,5482
121.08,2834,6561,5476
121.20,2828,6540,5475
121.32,2827,6554,5474
121.44,2832,6540,5478
121.56,2827,6525,5462
121.68,2822,6524,5461
121.80,2821,6525,5449
121.92,2819,6519,5442
122.04,2811,6512,5441
122.16,2808,6498,5441
122.28,2808,6499,5427
122.40,2806,6489,5435
122.52,2805,6496,5417
122.64,2811,6495,5416
122.76,2799,6476,5407
122.88,2797,6470,5419
123.00,2795,6471,5411
123.12,2799,6471,5407
123.24,2789,6454,5387
123.36,2789,6448,5385
123.48,2790,6443,5378
123.60,2790,6439,5388
123.72,2780,6435,5367
123.84,2776,6420,5366
123.96,2772,6411,5364
124.08,2778,6413,5349
124.20,2764,6404,5342
124.32,2761,6396,5332
124.44,2759,6380,5328
124.56,2753,6383,5333
124.68,2757,6360,5311
124.80,2751,6372,5312
124.92,2742,6347,5308
125.04,2739,6346,5300
125.16,2741,6337,5291
125.28,2737,6322,5281
125.40,2733,6324,5293
125.52,2734,6316,5263
125.64,2723,6299,5264
125.76,2717,6267,5233
125.88,2709,6269,5245
126.00,2710,6282,5242
126.12,2690,6223,5198
126.24,2690,6221,5197
126.36,2691,6223,5196
126.48,2690,6226,5198
126.60,2691,6214,5185
126.72,2687,6208,5183
126.84,2680,6212,5178
126.96,2679,6194,5187
127.08,2675,6188,5169
127.20,2662,6158,5145
127.32,2662,6161,5144
127.44,2662,6158,5154
127.56,2660,6149,5137
127.68,2652,6132,5134
127.80,2651,6132,5119
127.92,2649,6127,5121
128.04,2639,6102,5100
128.16,2641,6119,5099
128.28,2636,6108,5091
128.40,2633,6089,5091
128.52,2626,6089,5092
128.64,2626,6073,5075
128.76,2622,6062,5074
128.88,2621,6063,5072
129.00,2624,6055,5072
129.12,2612,6046,5048
129.24,2614,6034,5045
129.36,2606,6027,5049
129.48,2602,6023,5047
129.60,2598,6014,5022
129.72,2595,6005,5034
129.84,2592,5993,5007
129.96,2584,5993,4999
130.08,2582,5983,4990
130.20,2578,5963,4982
130.32,2571,5953,4973
130.44,2568,5935,4960
130.56,2563,5930,4955
130.68,2558,5902,4936
130.80,2549,5903,4932
130.92,2551,5903,4946
131.04,2553,5894,4941
131.16,2533,5861,4900
131.28,2533,5860,4906
131.40,2534,5865,4902
131.52,2532,5840,4885
131.64,2535,5855,4885
131.76,2518,5801,4867
131.88,2508,5801,4858
132.00,2508,5815,4851
132.12,2498,5791,4833
132.24,2498,5779,4834
132.36,2491,5768,4824
132.48,2489,5754,4815
132.60,2487,5728,4810
132.72,2479,5736,4805
132.84,2470,5706,4777
132.96,2469,5712,4776
133.08,2457,5692,4773
133.20,2457,5695,4758
133.32,2438,5635,4727
133.44,2438,5642,4721
133.56,2438,5635,4728
133.68,2437,5637,4720
133.80,2433,5621,4707
133.92,2422,5588,4699
134.04,2426,5589,4695
134.16,2420,5604,4683
134.28,2407,5567,4659
134.40,2407,5564,4663
134.52,2407,5560,4673
134.64,2401,5547,4649
134.76,2396,5541,4661
134.88,2390,5525,4633
135.00,2396,5522,4628
135.12,2385,5518,4623
135.24,2391,5506,4614
135.36,2388,5505,4607
135.48,2374,5484,4612
135.60,2379,5470,4587
135.72,2372,5462,4579
135.84,2358,5461,4571
135.96,2353,5438,4574
136.08,2347,5427,4566
136.20,2342,5422,4545
136.32,2339,5401,4531
136.44,2333,5387,4517
136.56,2322,5363,4500
136.68,2331,5377,4505
136.80,2326,5348,4502
136.92,2311,5321,4464
137.04,2303,5325,4465
137.16,2304,5323,4481
137.28,2299,5301,4448
137.40,2294,5309,4445
137.52,2281,5264,4427
137.64,2288,5267,4419
137.76,2270,5234,4383
137.88,2262,5223,4394
138.00,2268,5224,4385
138.12,2232,5159,4324
138.24,2230,5149,4323
138.36,2232,5155,4325
138.48,2231,5155,4325
138.60,2232,5163,4332
138.72,2230,5151,4319
138.84,2217,5117,4293
138.96,2218,5119,4293
139.08,2200,5078,4262
139.20,2201,5079,4272
139.32,2200,5089,4280
139.44,2191,5062,4249
139.56,2190,5056,4258
139.68,2181,5038,4226
139.80,2172,5017,4226
139.92,2163,5001,4211
140.04,2166,5003,4195
140.16,2151,4968,4167
140.28,2161,4975,4172
140.40,2147,4961,4162
140.52,2143,4951,4153
140.64,2138,4937,4141
140.76,2139,4927,4140
140.88,2129,4916,4126
141.00,2124,4909,4133
141.12,2119,4892,4121
141.24,2114,4896,4100
141.36,2111,4871,4088
141.48,2106,4863,4079
141.60,2100,4850,4068
141.72,2094,4850,4058
141.84,2098,4825,4062
141.96,2084,4825,4040
142.08,2088,4798,4043
142.20,2083,4786,4015
142.32,2071,4770,4001
142.44,2062,4763,3994
142.56,2062,4738,3986
142.68,2048,4729,3966
142.80,2056,4729,3981
142.92,2039,4724,3953
143.04,2037,4718,3948
143.16,2028,4689,3951
143.28,2024,4675,3923
143.40,2018,4673,3912
143.52,2010,4645,3913
143.64,2010,4639,3892
143.76,1993,4616,3867
143.88,1993,4608,3854
144.00,1984,4584,3844
144.12,1968,4564,3827
144.24,1969,4559,3829
144.36,1965,4546,3808
144.48,1955,4532,3787
144.60,1943,4489,3765
144.72,1944,4502,3777
144.84,1936,4475,3763
144.96,1934,4467,3747
145.08,1921,4438,3728
145.20,1922,4438,3723
145.32,1914,4424,3708
145.44,1905,4404,3708
145.56,1900,4395,3684
145.68,1908,4387,3679
145.80,1889,4371,3663
145.92,1879,4341,3640
146.04,1878,4344,3641
146.16,1868,4310,3610
146.28,1866,4311,3612
146.40,1860,4295,3602
146.52,1861,4285,3592
146.64,1848,4271,3581
146.76,1837,4256,3558
146.88,1838,4250,3562
147.00,1846,4249,3554
147.12,1824,4225,3536
147.24,1825,4216,3549
147.36,1818,4205,3532
147.48,1813,4202,3529
147.60,1809,4183,3520
147.72,1802,4168,3501
147.84,1797,4154,3493
147.96,1803,4143,3471
148.08,1787,4142,3469
148.20,1781,4117,3450
148.32,1772,4099,3436
148.44,1771,4098,3421
148.56,1768,4063,3403
148.68,1751,4048,3390
148.80,1762,4060,3387
148.92,1739,4027,3371
149.04,1738,4021,3368
149.16,1744,4006,3370
149.28,1722,3979,3333
149.40,1721,3979,3333
149.52,1712,3961,3315
149.64,1715,3961,3305
149.76,1701,3945,3299
149.88,1696,3924,3275
150.00,1683,3891,3268
150.12,1684,3892,3271
150.24,1667,3835,3213
150.36,1658,3839,3213
150.48,1661,3847,3228
150.60,1647,3825,3187
150.72,1650,3825,3186
150.84,1646,3801,3171
150.96,1646,3779,3178
151.08,1617,3733,3123
151.20,1614,3736,3125
151.32,1614,3735,3123
151.44,1607,3721,3108
151.56,1601,3706,3114
151.68,1592,3686,3083
151.80,1590,3691,3092
151.92,1585,3651,3054
152.04,1567,3629,3033
152.16,1579,3645,3036
152.28,1559,3608,3018
152.40,1556,3613,3028
152.52,1558,3582,3011
152.64,1547,3574,3005
152.76,1552,3564,2980
152.88,1531,3549,2980
153.00,1532,3541,2978
153.12,1533,3520,2942
153.24,1517,3512,2937
153.36,1512,3502,2943
153.48,1508,3498,2919
153.60,1502,3479,2909
153.72,1500,3468,2900
153.84,1493,3468,2902
153.96,1487,3441,2875
154.08,1481,3425,2864
154.20,1476,3429,2854
154.32,1480,3403,2839
154.44,1460,3378,2839
154.56,1451,3360,2826
154.68,1453,3358,2807
154.80,1435,3324,2779
154.92,1449,3325,2779
155.04,1433,3315,2772
155.16,1439,3296,2756
155.28,1424,3292,2751
155.40,1419,3268,2731
155.52,1412,3279,2730
155.64,1406,3238,2716
155.76,1396,3228,2714
155.88,1382,3213,2673
156.00,1383,3199,2673
156.12,1386,3189,2657
156.24,1375,3160,2642
156.36,1349,3120,2609
156.48,1349,3135,2627
156.60,1341,3113,2607
156.72,1342,3100,2593
156.84,1327,3071,2566
156.96,1331,3078,2574
157.08,1321,3022,2542
157.20,1308,3021,2528
157.32,1301,3005,2513
157.44,1299,3018,2524
157.56,1290,2996,2510
157.68,1288,2988,2487
157.80,1281,2960,2475
157.92,1272,2957,2458
158.04,1274,2932,2445
158.16,1254,2907,2438
158.28,1259,2912,2434
158.40,1245,2882,2409
158.52,1245,2878,2406
158.64,1232,2850,2379
158.76,1231,2860,2381
158.88,1242,2836,2370
159.00,1230,2826,2364
159.12,1220,2832,2358
159.24,1214,2807,2346
159.36,1211,2794,2354
159.48,1204,2783,2327
159.60,1209,2771,2318
159.72,1192,2756,2317
159.84,1188,2760,2296
159.96,1184,2746,2286
160.08,1183,2717,2289
160.20,1184,2714,2261
160.32,1165,2705,2267
160.44,1157,2674,2235
160.56,1156,2660,2224
160.68,1151,2657,2212
160.80,1139,2631,2200
160.92,1135,2622,2207
161.04,1129,2610,2182
161.16,1137,2609,2178
161.28,1116,2575,2154
161.40,1113,2572,2165
161.52,1102,2544,2127
161.64,1099,2538,2124
161.76,1088,2513,2103
161.88,1083,2514,2090
162.00,1082,2499,2089
162.12,1064,2455,2054
162.24,1065,2458,2055
162.36,1058,2441,2040
162.48,1048,2424,2027
162.60,1038,2396,2018
162.72,1043,2397,2005
162.84,1021,2354,1970
162.96,1020,2355,1970
163.08,1016,2346,1963
163.20,994,2308,1931
163.32,995,2294,1920
163.44,996,2296,1937
163.56,987,2292,1909
163.68,985,2270,1914
163.80,973,2242,1878
163.92,983,2241,1876
164.04,971,2238,1872
164.16,960,2213,1854
164.28,969,2203,1862
164.40,952,2195,1834
164.52,946,2181,1825
164.64,938,2166,1830
164.76,936,2161,1826
164.88,946,2151,1799
165.00,924,2127,1782
165.12,924,2128,1781
165.24,926,2102,1760
165.36,912,2116,1776
165.48,922,2104,1748
165.60,913,2073,1737
165.72,898,2070,1734
165.84,892,2063,1736
165.96,901,2046,1714
166.08,885,2051,1706
166.20,879,2036,1707
166.32,888,2009,1683
166.44,877,2004,1687
166.56,857,1992,1663
166.68,852,1962,1660
166.80,846,1945,1630
166.92,855,1952,1636
167.04,835,1936,1609
167.16,846,1915,1620
167.28,828,1903,1608
167.40,810,1867,1564
167.52,812,1876,1578
167.64,811,1865,1562
167.76,814,1867,1552
167.88,793,1821,1529
168.00,792,1821,1525
168.12,799,1804,1530
168.24,774,1778,1491
168.36,773,1777,1491
168.48,781,1777,1480
168.60,762,1750,1468
168.72,761,1723,1445
168.84,748,1696,1439
168.96,751,1714,1440
169.08,728,1673,1416
169.20,741,1674,1405
169.32,723,1674,1392
169.44,715,1653,1379
169.56,707,1622,1380
169.68,707,1635,1364
169.80,698,1603,1345
169.92,696,1595,1341
170.04,689,1581,1328
170.16,697,1572,1338
170.28,675,1548,1302
170.40,676,1550,1302
170.52,673,1542,1294
170.64,663,1536,1280
170.76,671,1510,1288
170.88,657,1505,1265
171.00,653,1495,1257
171.12,661,1489,1269
171.24,645,1477,1243
171.36,641,1469,1236
171.48,649,1458,1226
171.60,632,1446,1217
171.72,627,1436,1217
171.84,624,1428,1201
171.96,631,1420,1194
172.08,625,1410,1185
172.20,611,1400,1177
172.32,607,1387,1185
172.44,601,1383,1159
172.56,595,1376,1149
172.68,591,1352,1139
172.80,586,1337,1144
172.92,591,1327,1128
173.04,574,1314,1107
173.16,571,1322,1099
173.28,565,1309,1104
173.40,560,1300,1081
173.52,557,1289,1088
173.64,552,1260,1062
173.76,546,1247,1067
173.88,554,1254,1048
174.00,538,1232,1055
174.12,531,1213,1040
174.24,528,1209,1016
174.36,526,1202,1027
174.48,521,1190,1003
174.60,513,1184,1003
174.72,503,1157,980
174.84,503,1147,977
174.96,499,1136,975
175.08,494,1136,965
175.20,491,1110,937
175.32,484,1103,929
175.44,478,1086,920
175.56,472,1088,909
175.68,469,1068,917
175.80,465,1061,896
175.92,453,1050,887
176.04,463,1034,873
176.16,449,1038,876
176.28,446,1015,856
176.40,434,986,832
176.52,433,986,846
176.64,433,992,832
176.76,435,973,821
176.88,429,973,809
177.00,417,949,815
177.12,416,945,797
177.24,421,939,793
177.36,409,928,797
177.48,405,920,778
177.60,400,912,770
177.72,396,903,765
177.84,394,911,758
177.96,391,886,763
178.08,395,880,743
178.20,392,877,749
178.32,380,863,729
178.44,376,853,731
178.56,373,860,715
178.68,370,851,707
178.80,371,839,700
178.92,361,829,692
179.04,357,812,685
179.16,352,810,676
179.28,348,789,667
179.40,352,795,660
179.52,341,778,653
179.64,344,764,645
179.76,331,753,636
179.88,331,751,635
180.00,334,750,630
180.12,325,735,633
180.24,319,724,612
180.36,316,715,606
180.48,317,716,595
180.60,313,694,587
180.72,308,682,576
180.84,297,673,569
180.96,300,664,563
181.08,297,669,563
181.20,285,646,555
181.32,281,648,546
181.44,285,628,542
181.56,274,618,523
181.68,270,610,516
181.80,274,602,510
181.92,260,587,495
182.04,266,595,496
182.16,262,585,489
182.28,252,568,481
182.40,249,562,479
182.52,243,548,472
182.64,242,542,463
182.76,237,536,453
182.88,230,521,441
183.00,230,529,443
183.12,227,512,434
183.24,226,508,434
183.36,228,512,428
183.48,221,506,422
183.60,217,489,414
183.72,220,494,411
183.84,219,479,406
183.96,210,472,399
184.08,208,465,395
184.20,211,460,389
184.32,203,464,385
184.44,199,448,379
184.56,197,441,374
184.68,198,444,368
184.80,196,428,360
184.92,193,421,356
185.04,185,414,350
185.16,181,414,342
185.28,178,399,343
185.40,177,394,337
185.52,173,396,329
185.64,176,381,323
185.76,173,384,319
185.88,164,367,311
186.00,169,366,310
186.12,160,357,303
186.24,157,352,297
186.36,154,350,287
186.48,152,347,287
186.60,148,331,280
186.72,146,332,276
186.84,144,321,267
186.96,143,312,267
187.08,141,305,257
187.20,137,301,244
187.32,129,294,243
187.44,132,290,245
187.56,126,278,235
187.68,124,273,231
187.80,120,266,229
187.92,122,267,223
188.04,121,262,217
188.16,113,249,211
188.28,111,251,207
188.40,110,242,204
188.52,111,233,196
188.64,107,229,190
188.76,102,223,189
188.88,99,221,184
189.00,103,215,175
189.12,95,210,176
189.24,95,208,172
189.36,94,209,167
189.48,92,200,169
189.60,94,197,166
189.72,88,193,163
189.84,87,188,159
189.96,85,185,151
190.08,87,181,156
190.20,82,177,150
190.32,84,174,138
190.44,79,169,143
190.56,81,166,139
190.68,74,162,136
190.80,74,158,133
190.92,75,154,130
191.04,73,152,119
191.16,68,146,124
191.28,67,139,120
191.40,65,135,116
191.52,63,135,114
191.64,65,131,111
191.76,60,127,98
191.88,62,128,94
192.00,57,117,102
192.12,56,119,101
192.24,59,116,98
192.36,53,112,95
192.48,51,108,82
192.60,53,104,81
192.72,49,101,86
192.84,48,98,75
192.96,49,95,68
193.08,44,90,76
193.20,42,86,74
193.32,41,84,73
193.44,40,82,66
193.56,41,77,56
193.68,40,65,52
193.80,38,73,61
193.92,35,62,58
194.04,35,64,56
194.16,33,55,46
194.28,33,62,53
194.40,32,59,39
194.52,30,57,48
194.64,29,53,47
194.76,30,52,44
194.88,27,50,43
195.00,26,48,40
195.12,27,37,39
195.24,24,45,39
195.36,24,44,37
195.48,22,42,36
195.60,26,42,23
195.72,23,39,33
195.84,22,28,32
195.96,21,37,31
196.08,21,36,31
196.20,20,33,21
196.32,20,23,28
196.44,19,33,27
196.56,19,31,26
196.68,18,30,12
196.80,17,29,24
196.92,14,28,22
197.04,17,18,10
197.16,18,27,21
197.28,19,25,21
197.40,16,11,21
197.52,11,24,8
197.64,15,22,19
197.76,11,9,19
197.88,14,21,6
198.00,14,21,18
198.12,13,7,6
198.24,13,21,16
198.36,13,20,16
198.48,9,19,15
198.60,13,18,16
198.72,13,18,3
198.84,8,5,15
198.96,13,8,16
199.08,12,19,15
199.20,15,15,15
199.32,13,18,15
199.44,13,19,15
199.56,13,20,15
199.68,13,19,4
199.80,9,21,17
199.92,14,9,18
200.04,16,9,12
200.16,9,22,17
200.28,14,17,18
200.40,15,10,5
200.52,15,24,20
200.64,16,25,19
200.76,19,19,21
200.88,17,21,22
201.00,16,21,22
201.12,14,28,9
201.24,18,29,11
201.36,14,30,26
201.48,21,30,26
201.60,18,32,27
201.72,22,30,18
201.84,20,25,29
201.96,20,36,30
202.08,21,38,31
202.20,21,39,33
202.32,22,40,33
202.44,22,32,21
202.56,22,42,35
202.68,25,39,35
202.80,23,40,38
202.92,28,47,40
203.04,26,49,41
203.16,26,41,43
203.28,28,56,44
203.40,30,46,47
203.52,30,57,37
203.64,30,59,49
203.76,30,61,40
203.88,35,64,54
204.00,33,66,44
204.12,35,68,52
204.24,35,74,60
204.36,35,73,57
204.48,40,75,62
204.60,40,77,53
204.72,40,81,63
204.84,43,83,70
204.96,42,88,62
205.08,46,85,75
205.20,45,93,79
205.32,47,102,82
205.44,52,97,80
205.56,51,104,88
205.68,51,108,90
205.80,52,112,93
205.92,55,116,98
206.04,60,120,100
206.16,58,123,97
206.28,59,129,100
206.40,61,130,109
206.52,63,135,112
206.64,64,138,115
206.76,66,142,119
206.88,71,147,113
207.00,71,150,119
207.12,72,157,130
207.24,74,160,136
207.36,76,165,137
207.48,76,168,131
207.60,78,171,143
207.72,80,175,146
207.84,85,177,148
207.96,86,180,151
208.08,84,185,155
208.20,89,188,157
208.32,87,190,159
208.44,88,194,155
208.56,90,202,162
208.68,91,202,169
208.80,97,205,172
208.92,95,210,173
209.04,101,218,181
209.16,104,221,184
209.28,102,226,191
209.40,104,232,195
209.52,111,237,199
209.64,110,243,203
209.76,111,247,208
209.88,113,252,212
210.00,115,258,216
210.12,117,261,216
210.24,124,274,223
210.36,125,278,228
210.48,122,274,229
210.60,130,282,236
210.72,128,293,237
210.84,131,293,246
210.96,139,300,255
211.08,141,304,255
211.20,144,320,259
211.32,147,320,269
211.44,147,329,276
211.56,149,341,280
211.68,157,343,287
211.80,156,356,290
211.92,157,361,293
212.04,161,370,303
212.16,168,367,308
212.28,166,374,314
212.40,169,389,317
212.52,171,387,327
212.64,179,393,330
212.76,183,400,336
212.88,179,415,348
213.00,184,414,348
213.12,186,422,354
213.24,189,430,360
213.36,193,436,369
213.48,196,444,373
213.60,203,449,376
213.72,205,462,380
213.84,202,468,394
213.96,204,465,390
214.08,207,471,396
214.20,211,484,408
214.32,213,483,411
214.44,214,486,409
214.56,222,501,413
214.68,225,498,419
214.80,222,513,426
214.92,225,510,429
215.04,227,528,437
215.16,231,536,450
215.28,234,545,448
215.40,239,542,456
215.52,242,550,468
215.64,252,559,471
215.76,249,569,478
215.88,253,581,484
216.00,257,582,489
216.12,261,589,495
216.24,268,596,501
216.36,272,605,516
216.48,267,612,521
216.60,271,628,527
216.72,280,632,530
216.84,283,632,541
216.96,281,655,549
217.08,286,664,557
217.20,297,663,557
217.32,294,675,571
217.44,307,686,581
217.56,311,694,587
217.68,308,702,590
217.80,311,711,598
217.92,323,734,607
218.04,321,745,616
218.16,324,741,624
218.28,329,750,630
218.40,332,758,638
218.52,343,767,645
218.64,339,775,652
218.76,351,786,661
218.88,348,797,670
219.00,353,806,678
219.12,358,831,700
219.24,361,826,693
219.36,365,848,705
219.48,377,854,712
219.60,382,855,726
219.72,375,862,725
219.84,387,866,739
219.96,383,876,737
220.08,385,882,740
220.20,398,906,763
220.32,394,899,769
220.44,395,905,762
220.56,399,922,769
220.68,403,922,774
220.80,406,943,780
220.92,409,937,788
221.04,413,947,796
221.16,418,966,811
221.28,422,972,828
221.40,429,979,838
221.52,440,990,833
221.64,439,1000,847
221.76,441,1024,851
221.88,454,1023,860
222.00,449,1043,870
222.12,451,1037,874
222.24,456,1049,882
222.36,470,1058,891
222.48,466,1069,914
222.60,468,1082,918
222.72,472,1088,915
222.84,478,1111,937
222.96,482,1107,930
223.08,487,1135,941
223.20,492,1143,952
223.32,498,1156,978
223.44,504,1155,973
223.56,510,1187,1001
223.68,516,1185,998
223.80,525,1194,1005
223.92,534,1223,1024
224.04,542,1235,1026
224.16,546,1242,1050
224.28,542,1243,1048
224.40,557,1255,1057
224.52,556,1262,1064
224.64,554,1274,1074
224.76,571,1286,1084
224.88,564,1297,1093
225.00,579,1315,1102
225.12,576,1337,1113
225.24,582,1340,1144
225.36,586,1346,1134
225.48,590,1358,1160
225.60,597,1372,1160
225.72,602,1397,1164
225.84,604,1388,1169
225.96,610,1398,1189
226.08,611,1422,1185
226.20,623,1426,1206
226.32,618,1425,1198
226.44,621,1430,1208
226.56,624,1437,1211
226.68,628,1446,1224
226.80,631,1470,1224
226.92,637,1462,1232
227.04,640,1475,1241
227.16,645,1484,1253
227.28,651,1498,1270
227.40,667,1510,1285
227.52,673,1522,1283
227.64,666,1536,1296
227.76,677,1552,1305
227.88,680,1582,1320
228.00,686,1580,1339
228.12,702,1598,1358
228.24,696,1604,1366
228.36,700,1629,1358
228.48,705,1639,1384
228.60,709,1636,1376
228.72,713,1644,1399
228.84,718,1669,1395
228.96,725,1671,1407
229.08,730,1682,1427
229.20,736,1711,1432
229.32,742,1720,1455
229.44,748,1725,1458
229.56,756,1740,1483
229.68,762,1762,1480
229.80,769,1776,1490
229.92,774,1783,1503
230.04,781,1809,1532
230.16,787,1814,1528
230.28,794,1824,1536
230.40,800,1852,1567
230.52,803,1854,1576
230.64,809,1865,1571
230.76,814,1878,1597
230.88,833,1892,1594
231.00,837,1907,1607
231.12,831,1931,1613
231.24,838,1931,1627
231.36,846,1950,1642
231.48,850,1969,1651
231.60,854,1984,1676
231.72,872,1995,1680
231.84,880,2008,1689
231.96,869,2002,1689
232.08,873,2013,1702
232.20,876,2021,1717
232.32,888,2042,1708
232.44,885,2039,1735
232.56,886,2046,1725
232.68,906,2058,1748
232.80,909,2065,1755
232.92,899,2090,1757
233.04,904,2087,1756
233.16,910,2099,1767
233.28,915,2113,1786
233.40,921,2125,1789
233.52,939,2156,1807
233.64,933,2155,1814
233.76,951,2170,1827
233.88,948,2184,1842
234.00,955,2218,1856
234.12,962,2234,1869
234.24,969,2249,1880
234.36,974,2249,1892
234.48,978,2258,1901
234.60,985,2278,1914
234.72,991,2285,1924
234.84,994,2293,1932
234.96,1004,2306,1951
235.08,1007,2332,1957
235.20,1014,2337,1968
235.32,1031,2349,1979
235.44,1026,2371,1997
235.56,1031,2390,2006
235.68,1040,2415,2021
235.80,1047,2415,2042
235.92,1057,2428,2046
236.04,1060,2459,2079
236.16,1068,2480,2091
236.28,1074,2481,2091
236.40,1080,2490,2097
236.52,1101,2512,2116
236.64,1094,2522,2125
236.76,1105,2551,2140
236.88,1108,2550,2165
237.00,1115,2567,2163
237.12,1117,2582,2174
237.24,1137,2604,2196
237.36,1144,2613,2207
237.48,1137,2623,2228
237.60,1141,2650,2219
237.72,1148,2650,2242
237.84,1155,2676,2246
237.96,1160,2691,2254
238.08,1174,2684,2262
238.20,1167,2694,2270
238.32,1170,2702,2276
238.44,1188,2719,2298
238.56,1190,2720,2306
238.68,1182,2746,2313
238.80,1200,2743,2307
238.92,1190,2755,2314
239.04,1205,2762,2327
239.16,1199,2773,2334
239.28,1205,2792,2345
239.40,1213,2802,2356
239.52,1218,2816,2368
239.64,1227,2829,2399
239.76,1234,2848,2396
239.88,1241,2862,2409
240.00,1247,2880,2432
240.12,1268,2898,2441
240.24,1262,2912,2455
240.36,1269,2929,2468
240.48,1288,2955,2479
240.60,1291,2955,2505
240.72,1293,2967,2517
240.84,1289,2982,2521
240.96,1303,3000,2518
241.08,1303,3014,2538
241.20,1308,3024,2546
241.32,1315,3034,2558
241.44,1321,3055,2573
241.56,1333,3076,2590
241.68,1339,3095,2603
241.80,1348,3109,2631
241.92,1351,3120,2631
242.04,1370,3134,2641
242.16,1368,3155,2674
242.28,1372,3169,2671
242.40,1383,3184,2681
242.52,1396,3215,2710
242.64,1393,3215,2709
242.76,1398,3231,2722
242.88,1412,3245,2733
243.00,1413,3262,2748
243.12,1418,3277,2765
243.24,1436,3290,2771
243.36,1436,3323,2805
243.48,1437,3324,2813
243.60,1457,3336,2811
243.72,1448,3348,2836
243.84,1458,3367,2838
243.96,1468,3382,2847
244.08,1467,3390,2870
244.20,1471,3400,2865
244.32,1488,3411,2891
244.44,1479,3418,2880
244.56,1496,3443,2888
244.68,1489,3450,2900
244.80,1490,3447,2910
244.92,1497,3469,2911
245.04,1505,3482,2918
245.16,1505,3481,2930
245.28,1514,3492,2940
245.40,1518,3507,2952
245.52,1525,3521,2978
245.64,1529,3537,2992
245.76,1539,3558,3011
245.88,1545,3572,3008
246.00,1552,3588,3022
246.12,1560,3621,3047
246.24,1568,3623,3051
246.36,1574,3635,3062
246.48,1579,3661,3087
246.60,1583,3662,3084
246.72,1589,3672,3095
246.84,1594,3688,3107
246.96,1601,3703,3118
247.08,1606,3728,3142
247.20,1617,3754,3149
247.32,1619,3740,3155
247.44,1627,3759,3171
247.56,1633,3776,3182
247.68,1651,3791,3194
247.80,1646,3812,3208
247.92,1666,3827,3224
248.04,1665,3859,3252
248.16,1669,3858,3249
248.28,1677,3878,3264
248.40,1683,3890,3288
248.52,1690,3912,3306
248.64,1701,3924,3305
248.76,1704,3935,3332
248.88,1709,3955,3330
249.00,1716,3981,3360
249.12,1724,3986,3358
249.24,1737,3996,3369
249.36,1741,4003,3373
249.48,1743,4024,3407
249.60,1755,4032,3397
249.72,1755,4054,3404
249.84,1756,4059,3419
249.96,1761,4072,3441
250.08,1778,4083,3440
250.20,1773,4098,3470
250.32,1782,4109,3465
250.44,1784,4134,3488
250.56,1790,4147,3500
250.68,1804,4148,3510
250.80,1798,4170,3502
250.92,1810,4176,3510
251.04,1806,4178,3517
251.16,1823,4197,3531
251.28,1816,4202,3540
251.40,1822,4213,3562
251.52,1827,4227,3559
251.64,1835,4239,3570
251.76,1839,4253,3596
251.88,1852,4268,3600
252.00,1853,4292,3610
252.12,1859,4298,3623
252.24,1866,4311,3635
252.36,1871,4340,3645
252.48,1876,4341,3659
252.60,1884,4355,3673
252.72,1889,4370,3698
252.84,1897,4391,3698
252.96,1902,4411,3723
253.08,1910,4413,3721
253.20,1918,4429,3745
253.32,1921,4453,3743
253.44,1927,4460,3757
253.56,1936,4470,3772
253.68,1952,4503,3800
253.80,1956,4505,3798
253.92,1960,4532,3819
254.04,1961,4538,3825
254.16,1971,4564,3840
254.28,1978,4571,3852
254.40,1982,4598,3865
254.52,1995,4611,3900
254.64,2004,4609,3887
254.76,2005,4631,3905
254.88,2012,4646,3919
255.00,2023,4651,3920
255.12,2021,4672,3940
255.24,2026,4680,3946
255.36,2040,4696,3973
255.48,2036,4716,3984
255.60,2046,4742,3989
255.72,2048,4734,3994
255.84,2054,4745,4003
255.96,2060,4760,4013
256.08,2065,4774,4033
256.20,2068,4785,4033
256.32,2073,4805,4040
256.44,2077,4805,4050
256.56,2082,4814,4056
256.68,2094,4830,4061
256.80,2088,4842,4068
256.92,2092,4834,4075
257.04,2096,4845,4083
257.16,2101,4854,4091
257.28,2110,4863,4113
257.40,2107,4875,4121
257.52,2113,4886,4112
257.64,2117,4913,4125
257.76,2123,4911,4138
257.88,2130,4925,4151
258.00,2141,4944,4177
258.12,2143,4964,4177
258.24,2154,4972,4193
258.36,2166,4989,4220
258.48,2174,5005,4221
258.60,2172,5022,4234
258.72,2176,5034,4246
258.84,2183,5052,4268
258.96,2186,5067,4265
259.08,2191,5065,4278
259.20,2203,5087,4282
259.32,2199,5085,4290
259.44,2209,5119,4307
259.56,2214,5121,4314
259.68,2218,5141,4325
259.80,2225,5145,4339
259.92,2233,5163,4355
260.04,2237,5177,4376
260.16,2256,5195,4381
260.28,2254,5222,4396
260.40,2256,5219,4417
260.52,2265,5247,4420
260.64,2269,5246,4425
260.76,2275,5274,4438
260.88,2281,5272,4448
261.00,2293,5282,4456
261.12,2292,5298,4468
261.24,2297,5320,4478
261.36,2303,5326,4492
261.48,2310,5334,4512
261.60,2319,5350,4508
261.72,2320,5374,4538
261.84,2322,5372,4531
261.96,2325,5379,4539
262.08,2330,5391,4561
262.20,2344,5402,4565
262.32,2341,5426,4580
262.44,2346,5422,4574
262.56,2347,5436,4584
262.68,2358,5447,4588
262.80,2353,5446,4590
262.92,2357,5455,4613
263.04,2359,5463,4602
263.16,2363,5472,4610
263.28,2377,5490,4618
263.40,2370,5500,4623
263.52,2383,5496,4631
263.64,2379,5506,4640
263.76,2383,5515,4664
263.88,2390,5534,4660
264.00,2400,5539,4671
264.12,2399,5556,4684
264.24,2404,5574,4693
264.36,2412,5581,4705
264.48,2420,5609,4728
264.60,2423,5610,4732
264.72,2435,5620,4741
264.84,2436,5631,4765
264.96,2439,5642,4760
265.08,2444,5667,4769
265.20,2446,5669,4778
265.32,2454,5672,4786
265.44,2455,5689,4801
265.56,2469,5709,4806
265.68,2467,5715,4816
265.80,2471,5720,4826
265.92,2475,5731,4850
266.04,2483,5746,4846
266.16,2489,5772,4857
266.28,2500,5772,4871
266.40,2498,5800,4882
266.52,2504,5800,4889
266.64,2510,5810,4916
266.76,2515,5822,4915
266.88,2524,5838,4920
267.00,2522,5844,4932
267.12,2530,5865,4938
267.24,2531,5876,4946
267.36,2545,5875,4954
267.48,2540,5886,4965
267.60,2546,5897,4973
267.72,2552,5906,4981
267.84,2557,5932,4996
267.96,2560,5929,5003
268.08,2564,5939,5011
268.20,2572,5961,5035
268.32,2572,5959,5041
268.44,2574,5962,5033
268.56,2587,5973,5039
268.68,2589,5975,5040
268.80,2584,5994,5048
268.92,2587,6002,5050
269.04,2588,5996,5056
269.16,2593,6014,5061
269.28,2595,6010,5073
269.40,2597,6020,5070
269.52,2601,6022,5074
269.64,2602,6028,5093
269.76,2606,6052,5105
269.88,2615,6057,5095
270.00,2616,6069,5104
270.12,2618,6070,5128
270.24,2632,6081,5129
270.36,2630,6090,5150
270.48,2642,6102,5145
270.60,2648,6114,5157
270.72,2646,6128,5170
270.84,2651,6134,5191
270.96,2655,6145,5184
271.08,2656,6150,5188
271.20,2660,6159,5214
271.32,2663,6168,5199
271.44,2674,6187,5226
271.56,2670,6185,5217
271.68,2674,6196,5229
271.80,2688,6211,5235
271.92,2683,6214,5254
272.04,2689,6228,5265
272.16,2692,6243,5257
272.28,2702,6246,5284
272.40,2700,6269,5276
272.52,2704,6272,5282
272.64,2716,6271,5307
272.76,2712,6283,5298
272.88,2725,6292,5309
273.00,2719,6299,5315
273.12,2725,6312,5323
273.24,2727,6328,5328
273.36,2731,6327,5336
273.48,2731,6330,5355
273.60,2737,6341,5350
273.72,2742,6351,5355
273.84,2747,6356,5361
273.96,2748,6364,5371
274.08,2756,6369,5372
274.20,2753,6376,5377
274.32,2758,6390,5394
274.44,2766,6401,5393
274.56,2762,6411,5413
274.68,2773,6404,5414
274.80,2768,6409,5418
274.92,2769,6413,5417
275.04,2772,6418,5416
275.16,2776,6422,5414
275.28,2774,6428,5431
275.40,2775,6434,5421
275.52,2777,6439,5435
275.64,2789,6446,5438
275.76,2781,6451,5447
275.88,2786,6456,5439
276.00,2791,6472,5461
276.12,2792,6471,5452
276.24,2801,6478,5458
276.36,2801,6487,5468
276.48,2803,6504,5473
276.60,2808,6502,5497
276.72,2812,6512,5490
276.84,2820,6515,5495
276.96,2817,6525,5501
277.08,2819,6531,5518
277.20,2822,6540,5513
277.32,2826,6540,5516
277.44,2825,6545,5522
277.56,2830,6554,5525
277.68,2835,6565,5537
277.80,2837,6580,5552
277.92,2839,6573,5548
278.04,2842,6584,5567
278.16,2846,6604,5560
278.28,2848,6596,5560
278.40,2857,6605,5581
278.52,2854,6605,5573
278.64,2857,6614,5578
278.76,2859,6621,5591
278.88,2862,6631,5589
279.00,2865,6636,5594
279.12,2868,6642,5603
279.24,2871,6646,5606
279.36,2880,6651,5607
279.48,2879,6656,5622
279.60,2876,6663,5633
279.72,2881,6667,5637
279.84,2881,6671,5633
279.96,2889,6678,5634
280.08,2886,6682,5635
280.20,2889,6686,5641
280.32,2888,6690,5656
280.44,2891,6698,5645
280.56,2893,6701,5665
280.68,2895,6701,5651
280.80,2896,6707,5654
280.92,2897,6708,5656
281.04,2898,6712,5657
281.16,2905,6726,5659
281.28,2903,6717,5666
281.40,2899,6723,5672
281.52,2903,6735,5679
281.64,2903,6729,5668
281.76,2905,6731,5669
281.88,2906,6737,5673
282.00,2907,6740,5677
282.12,2910,6745,5682
282.24,2913,6751,5686
282.36,2915,6753,5704
282.48,2919,6764,5695
282.60,2919,6761,5701
282.72,2922,6765,5708
282.84,2925,6767,5711
282.96,2926,6773,5714
283.08,2928,6775,5727
283.20,2927,6780,5715
283.32,2937,6782,5722
283.44,2931,6784,5723
283.56,2932,6789,5743
283.68,2933,6788,5725
283.80,2938,6798,5732
283.92,2937,6807,5735
284.04,2938,6797,5753
284.16,2948,6818,5745
284.28,2942,6819,5742
284.40,2946,6811,5761
284.52,2946,6816,5750
284.64,2955,6818,5755
284.76,2948,6823,5755
284.88,2948,6825,5759
285.00,2950,6826,5760
285.12,2953,6831,5765
285.24,2954,6844,5766
285.36,2955,6835,5767
285.48,2956,6835,5770
285.60,2957,6842,5773
285.72,2955,6854,5773
285.84,2966,6843,5777
285.96,2959,6847,5777
286.08,2965,6847,5782
286.20,2958,6850,5782
286.32,2961,6852,5796
286.44,2962,6854,5784
286.56,2963,6866,5789
286.68,2963,6871,5802
286.80,2970,6859,5807
286.92,2965,6862,5793
287.04,2965,6862,5795
287.16,2965,6863,5796
287.28,2965,6865,5802
287.40,2972,6865,5791
287.52,2968,6865,5788
287.64,2973,6867,5788
287.76,2967,6865,5790
287.88,2966,6870,5791
288.00,2968,6882,5803
288.12,2969,6876,5795
288.24,2970,6876,5796
288.36,2977,6887,5796
288.48,2970,6880,5798
288.60,2972,6880,5804
288.72,2972,6883,5804
288.84,2971,6883,5806
288.96,2975,6883,5807
289.08,2974,6885,5808
289.20,2980,6885,5809
289.32,2979,6889,5816
289.44,2976,6888,5826
289.56,2976,6891,5814
289.68,2976,6889,5814
289.80,2975,6886,5818
289.92,2976,6890,5812
290.04,2975,6889,5815
290.16,2978,6900,5813
290.28,2981,6891,5822
290.40,2982,6892,5814
290.52,2980,6902,5816
290.64,2976,6893,5815
290.76,2982,6890,5814
290.88,2977,6890,5830
291.00,2986,6896,5816
291.12,2979,6894,5815
291.24,2977,6903,5816
291.36,2976,6894,5817
291.48,2983,6892,5828
291.60,2976,6891,5811
291.72,2977,6901,5815
291.84,2976,6892,5812
291.96,2974,6890,5813
292.08,2977,6889,5825
292.20,2976,6888,5812
292.32,2974,6899,5824
292.44,2973,6896,5810
292.56,2973,6884,5824
292.68,2973,6885,5810
292.80,2975,6884,5806
292.92,2978,6883,5805
293.04,2973,6881,5826
293.16,2972,6895,5805
293.28,2972,6894,5804
293.40,2972,6880,5801
293.52,2972,6885,5801
293.64,2971,6876,5811
293.76,2969,6876,5808
293.88,2969,6871,5795
294.00,2974,6883,5795
294.12,2973,6870,5792
294.24,2966,6870,5791
294.36,2972,6866,5794
294.48,2970,6876,5793
294.60,2963,6873,5791
294.72,2965,6867,5802
294.84,2964,6861,5787
294.96,2963,6861,5790
295.08,2962,6870,5800
295.20,2966,6859,5786
295.32,2960,6854,5800
295.44,2961,6856,5787
295.56,2959,6852,5779
295.68,2958,6859,5779
295.80,2957,6846,5787
295.92,2955,6849,5772
296.04,2962,6844,5785
296.16,2953,6850,5768
296.28,2952,6837,5778
296.40,2953,6840,5764
296.52,2951,6828,5769
296.64,2949,6829,5759
296.76,2947,6836,5752
296.88,2944,6822,5751
297.00,2941,6826,5761
297.12,2942,6812,5748
297.24,2940,6810,5744
297.36,2941,6808,5743
297.48,2938,6802,5739
297.60,2935,6797,5751
297.72,2937,6796,5746
297.84,2935,6792,5727
297.96,2931,6789,5726
298.08,2930,6791,5738
298.20,2929,6782,5722
298.32,2929,6778,5718
298.44,2927,6773,5713
298.56,2924,6768,5710
298.68,2921,6775,5705
298.80,2921,6759,5701
298.92,2919,6758,5698
299.04,2917,6753,5700
299.16,2917,6751,5693
299.28,2920,6751,5690
299.40,2912,6758,5686
299.52,2917,6742,5684
299.64,2913,6740,5696
299.76,2909,6738,5678
299.88,2912,6741,5689
300.00,2905,6729,5670
300.12,2903,6726,5670
300.24,2903,6732,5679
300.36,2903,6719,5662
300.48,2904,6721,5668
300.60,2896,6706,5654
300.72,2894,6700,5651
300.84,2892,6697,5646
300.96,2888,6702,5640
301.08,2886,6692,5635
301.20,2888,6687,5631
301.32,2883,6670,5628
301.44,2881,6667,5626
301.56,2877,6660,5624
301.68,2879,6656,5615
301.80,2874,6651,5622
301.92,2871,6652,5606
302.04,2869,6640,5611
302.16,2866,6640,5596
302.28,2867,6626,5603
302.40,2860,6626,5586
302.52,2855,6621,5575
302.64,2853,6605,5572
302.76,2852,6601,5565
302.88,2849,6600,5561
303.00,2846,6587,5557
303.12,2842,6588,5547
303.24,2838,6581,5551
303.36,2834,6561,5536
303.48,2832,6553,5534
303.60,2834,6547,5523
303.72,2830,6541,5520
303.84,2822,6534,5512
303.96,2821,6534,5508
304.08,2818,6523,5502
304.20,2815,6520,5496
304.32,2812,6512,5490
304.44,2808,6502,5483
304.56,2806,6496,5479
304.68,2803,6489,5486
304.80,2799,6480,5468
304.92,2796,6470,5461
305.04,2794,6467,5466
305.16,2793,6470,5461
305.28,2790,6457,5449
305.40,2795,6455,5445
305.52,2788,6451,5442
305.64,2785,6447,5438
305.76,2788,6440,5446
305.88,2786,6442,5439
306.00,2780,6435,5440
306.12,2775,6429,5426
306.24,2773,6421,5413
306.36,2769,6411,5420
306.48,2768,6408,5403
306.60,2762,6405,5393
306.72,2760,6394,5386
306.84,2756,6373,5378
306.96,2752,6363,5383
307.08,2746,6359,5362
307.20,2740,6343,5353
307.32,2738,6335,5363
307.44,2736,6329,5356
307.56,2733,6324,5337
307.68,2731,6317,5339
307.80,2732,6320,5324
307.92,2732,6302,5317
308.04,2721,6301,5326
308.16,2716,6285,5318
308.28,2710,6287,5298
308.40,2716,6269,5286
308.52,2709,6267,5293
308.64,2707,6244,5272
308.76,2696,6238,5265
308.88,2689,6225,5254
309.00,2692,6231,5246
309.12,2693,6211,5252
309.24,2680,6203,5231
309.36,2675,6190,5223
309.48,2669,6177,5214
309.60,2668,6171,5205
309.72,2660,6158,5193
309.84,2660,6166,5192
309.96,2656,6140,5179
310.08,2650,6135,5173
310.20,2652,6123,5162
310.32,2643,6113,5156
310.44,2641,6114,5148
310.56,2632,6092,5152
310.68,2627,6080,5132
310.80,2628,6078,5140
310.92,2620,6064,5127
311.04,2624,6050,5105
311.16,2621,6049,5115
311.28,2610,6052,5095
311.40,2612,6031,5101
311.52,2610,6026,5083
311.64,2601,6021,5092
311.76,2597,6015,5071
311.88,2603,6007,5065
312.00,2599,6002,5063
312.12,2589,6007,5068
312.24,2586,5984,5047
312.36,2581,5986,5037
312.48,2579,5969,5031
312.60,2573,5956,5023
312.72,2567,5947,5012
312.84,2571,5934,5012
312.96,2559,5924,4991
313.08,2554,5910,4984
313.20,2549,5899,4970
313.32,2544,5889,4969
313.44,2539,5885,4957
313.56,2545,5873,4956
313.68,2537,5865,4944
313.80,2530,5851,4932
313.92,2524,5842,4939
314.04,2520,5833,4929
314.16,2517,5835,4923
314.28,2512,5817,4915
314.40,2515,5804,4893
314.52,2511,5804,4882
314.64,2493,5786,4868
314.76,2491,5762,4858
314.88,2489,5753,4848
315.00,2478,5740,4837
315.12,2473,5729,4827
315.24,2477,5714,4818
315.36,2461,5712,4806
315.48,2457,5688,4792
315.60,2461,5679,4788
315.72,2445,5672,4774
315.84,2442,5653,4763
315.96,2443,5638,4754
316.08,2439,5628,4743
316.20,2426,5616,4735
316.32,2428,5613,4736
316.44,2424,5604,4716
316.56,2410,5577,4717
316.68,2406,5566,4693
316.80,2408,5559,4699
316.92,2398,5547,4677
317.04,2392,5534,4680
317.16,2387,5525,4657
317.28,2384,5531,4666
317.40,2381,5512,4650
317.52,2387,5502,4639
317.64,2374,5506,4641
317.76,2371,5500,4625
317.88,2369,5485,4621
318.00,2365,5474,4611
318.12,2362,5464,4605
318.24,2356,5461,4598
318.36,2359,5447,4590
318.48,2348,5438,4578
318.60,2344,5424,4578
318.72,2338,5415,4576
318.84,2333,5399,4559
318.96,2326,5398,4537
319.08,2321,5370,4526
319.20,2316,5367,4515
319.32,2307,5340,4500
319.44,2302,5329,4487
319.56,2301,5318,4480
319.68,2298,5302,4465
319.80,2288,5294,4461
319.92,2281,5293,4461
320.04,2275,5283,4441
320.16,2274,5263,4435
320.28,2268,5257,4424
320.40,2261,5234,4420
320.52,2256,5223,4405
320.64,2250,5219,4387
320.76,2251,5192,4376
320.88,2236,5192,4369
321.00,2232,5169,4353
321.12,2224,5150,4336
321.24,2221,5137,4328
321.36,2220,5136,4316
321.48,2211,5110,4313
321.60,2199,5094,4290
321.72,2194,5092,4293
321.84,2189,5076,4265
321.96,2180,5051,4253
322.08,2177,5040,4253
322.20,2169,5025,4245
322.32,2165,5015,4222
322.44,2161,5011,4213
322.56,2156,4993,4202
322.68,2148,4985,4186
322.80,2151,4970,4176
322.92,2137,4952,4168
323.04,2131,4939,4158
323.16,2126,4939,4147
323.28,2121,4911,4136
323.40,2128,4905,4132
323.52,2114,4898,4120
323.64,2109,4887,4123
323.76,2106,4887,4107
323.88,2103,4868,4099
324.00,2100,4860,4091
324.12,2097,4853,4083
324.24,2100,4840,4075
324.36,2087,4832,4070
324.48,2080,4821,4058
324.60,2085,4809,4048
324.72,2072,4794,4033
324.84,2065,4780,4023
324.96,2058,4768,4016
325.08,2052,4764,4001
325.20,2047,4748,3987
325.32,2048,4731,3974
325.44,2033,4715,3959
325.56,2027,4700,3958
325.68,2021,4688,3935
325.80,2022,4674,3923
325.92,2009,4650,3931
326.04,2003,4635,3917
326.16,1997,4624,3893
326.28,1996,4615,3886
326.40,1990,4603,3874
326.52,1980,4596,3860
326.64,1975,4571,3860
326.76,1970,4559,3838
326.88,1963,4539,3821
327.00,1967,4529,3813
327.12,1950,4524,3797
327.24,1940,4490,3779
327.36,1935,4474,3767
327.48,1938,4461,3770
327.60,1923,4446,3758
327.72,1914,4427,3739
327.84,1910,4430,3719
327.96,1900,4396,3701
328.08,1896,4385,3704
328.20,1890,4371,3680
328.32,1883,4358,3667
328.44,1878,4340,3651
328.56,1872,4326,3644
328.68,1867,4315,3632
328.80,1855,4296,3629
328.92,1853,4285,3621
329.04,1853,4285,3595
329.16,1838,4252,3578
329.28,1834,4243,3574
329.40,1829,4230,3562
329.52,1835,4221,3552
329.64,1832,4210,3545
329.76,1826,4203,3553
329.88,1814,4194,3529
330.00,1816,4184,3522
330.12,1816,4174,3529
330.24,1799,4177,3503
330.36,1807,4156,3511
330.48,1792,4145,3487
330.60,1785,4130,3482
330.72,1779,4123,3463
330.84,1775,4105,3452
330.96,1778,4095,3438
331.08,1762,4084,3425
331.20,1763,4060,3426
331.32,1747,4041,3400
331.44,1750,4019,3393
331.56,1742,4002,3372
331.68,1727,3989,3376
331.80,1720,3979,3350
331.92,1715,3975,3336
332.04,1723,3968,3329
332.16,1716,3954,3331
332.28,1698,3939,3312
332.40,1694,3919,3297
332.52,1692,3906,3296
332.64,1694,3891,3274
332.76,1676,3889,3260
332.88,1669,3872,3263
333.00,1668,3846,3248
333.12,1656,3829,3220
333.24,1647,3820,3203
333.36,1647,3786,3185
333.48,1633,3770,3174
333.60,1626,3759,3164
333.72,1620,3746,3166
333.84,1611,3727,3138
333.96,1608,3712,3123
334.08,1600,3709,3110
334.20,1591,3686,3098
334.32,1585,3664,3084
334.44,1581,3655,3088
334.56,1583,3635,3073
334.68,1578,3639,3060
334.80,1563,3614,3038
334.92,1554,3590,3021
335.04,1551,3582,3015
335.16,1547,3574,3007
335.28,1546,3547,3001
335.40,1543,3547,2991
335.52,1527,3541,2970
335.64,1531,3517,2973
335.76,1513,3501,2947
335.88,1510,3489,2938
336.00,1506,3489,2929
336.12,1502,3483,2932
336.24,1496,3460,2910
336.36,1493,3450,2901
336.48,1497,3449,2907
336.60,1481,3424,2881
336.72,1476,3410,2883
336.84,1468,3410,2874
336.96,1464,3390,2862
337.08,1457,3381,2834
337.20,1450,3359,2833
337.32,1444,3339,2810
337.44,1435,3320,2793
337.56,1431,3307,2785
337.68,1425,3295,2772
337.80,1419,3283,2761
337.92,1412,3277,2745
338.04,1411,3251,2742
338.16,1400,3242,2722
338.28,1403,3219,2707
338.40,1390,3211,2716
338.52,1380,3191,2701
338.64,1369,3173,2661
338.76,1369,3173,2676
338.88,1359,3142,2645
339.00,1355,3138,2637
339.12,1350,3119,2630
339.24,1342,3103,2612
339.36,1334,3084,2605
339.48,1324,3059,2574
339.60,1320,3050,2569
339.72,1309,3026,2547
339.84,1307,3029,2538
339.96,1297,3012,2525
340.08,1304,2986,2514
340.20,1297,2983,2510
340.32,1280,2957,2490
340.44,1274,2940,2476
340.56,1262,2914,2452
340.68,1261,2914,2456
340.80,1257,2906,2459
340.92,1256,2881,2424
341.04,1253,2870,2427
341.16,1248,2868,2402
341.28,1229,2835,2404
341.40,1223,2836,2376
341.52,1218,2821,2369
341.64,1220,2802,2358
341.76,1220,2791,2365
341.88,1203,2779,2339
342.00,1198,2768,2331
342.12,1205,2758,2323
342.24,1190,2746,2312
342.36,1191,2735,2303
342.48,1181,2726,2311
342.60,1187,2714,2284
342.72,1182,2704,2288
342.84,1177,2703,2262
342.96,1160,2676,2251
343.08,1162,2661,2254
343.20,1147,2646,2226
343.32,1139,2629,2213
343.44,1133,2616,2202
343.56,1128,2601,2192
343.68,1129,2586,2177
343.80,1125,2575,2165
343.92,1115,2559,2155
344.04,1117,2549,2160
344.16,1099,2541,2134
344.28,1107,2524,2128
344.40,1094,2523,2118
344.52,1083,2501,2107
344.64,1078,2487,2110
344.76,1064,2456,2085
344.88,1065,2458,2071
345.00,1071,2439,2055
345.12,1047,2419,2047
345.24,1047,2413,2049
345.36,1037,2407,2030
345.48,1030,2388,2003
345.60,1021,2356,1985
345.72,1016,2343,1975
345.84,1006,2317,1968
345.96,1003,2312,1950
346.08,1001,2302,1937
346.20,992,2299,1927
346.32,984,2267,1911
346.44,979,2254,1901
346.56,986,2242,1900
346.68,957,2208,1862
346.80,957,2209,1875
346.92,956,2203,1874
347.04,955,2192,1835
347.16,943,2176,1849
347.28,938,2167,1823
347.40,936,2147,1826
347.52,924,2130,1796
347.64,924,2117,1792
347.76,929,2109,1778
347.88,913,2106,1770
348.00,907,2091,1762
348.12,919,2085,1760
348.24,915,2075,1748
348.36,896,2080,1741
348.48,903,2056,1732
348.60,892,2056,1726
348.72,884,2037,1716
348.84,879,2026,1721
348.96,874,2014,1697
349.08,868,2015,1700
349.20,861,1989,1674
349.32,872,1973,1664
349.44,852,1960,1652
349.56,857,1959,1654
349.68,843,1932,1627
349.80,842,1916,1628
349.92,825,1913,1598
350.04,833,1887,1590
350.16,816,1887,1582
350.28,808,1878,1569
350.40,819,1859,1563
350.52,800,1843,1555
350.64,795,1848,1556
350.76,804,1838,1553
350.88,799,1813,1533
351.00,780,1808,1511
351.12,786,1783,1516
351.24,766,1765,1487
351.36,773,1766,1479
351.48,767,1737,1463
351.60,746,1719,1462
351.72,752,1708,1438
351.84,735,1693,1425
351.96,730,1680,1414
352.08,723,1663,1401
352.20,714,1645,1385
352.32,707,1630,1387
352.44,707,1628,1381
352.56,701,1614,1368
352.68,698,1612,1349
352.80,692,1607,1341
352.92,686,1579,1329
353.04,691,1561,1332
353.16,677,1559,1327
353.28,679,1546,1317
353.40,668,1536,1292
353.52,661,1523,1282
353.64,657,1511,1273
353.76,652,1517,1261
353.88,648,1492,1255
354.00,644,1482,1248
354.12,638,1470,1238
354.24,636,1464,1231
354.36,642,1453,1238
354.48,639,1445,1220
354.60,625,1437,1225
354.72,621,1432,1203
354.84,617,1435,1195
354.96,612,1410,1186
355.08,618,1402,1179
355.20,614,1405,1170
355.32,609,1379,1158
355.44,593,1368,1150
355.56,587,1365,1145
355.68,584,1358,1143
355.80,577,1345,1130
355.92,572,1321,1105
356.04,570,1304,1112
356.16,562,1294,1089
356.28,569,1286,1095
356.40,552,1271,1084
356.52,550,1264,1077
356.64,544,1254,1070
356.76,540,1256,1059
356.88,536,1244,1040
357.00,529,1217,1039
357.12,524,1222,1029
357.24,518,1208,1002
357.36,512,1184,991
357.48,518,1184,981
357.60,502,1167,968
357.72,505,1140,958
357.84,499,1128,963
357.96,495,1117,938
358.08,481,1105,929
358.20,476,1098,933
358.32,480,1097,909
358.44,473,1071,898
358.56,469,1061,897
358.68,464,1065,895
358.80,454,1042,875
358.92,449,1046,880
359.04,444,1022,858
359.16,443,1028,851
359.28,433,995,837
359.40,431,992,836
359.52,437,983,827
359.64,430,970,816
359.76,419,961,818
359.88,416,970,800
360.00,412,948,796
