0.00,1787,3963,3395
0.30,1772,3935,3371
0.60,1760,3906,3346
0.90,1742,3882,3295
1.20,1725,3842,3276
1.50,1716,3793,3222
1.80,1685,3740,3202
2.10,1666,3700,3150
2.40,1650,3661,3119
2.70,1634,3625,3088
3.00,1628,3598,3057
3.30,1601,3556,3028
3.60,1603,3529,3002
3.90,1576,3495,2975
4.20,1563,3469,2960
4.50,1549,3443,2928
4.80,1535,3408,2899
5.10,1518,3371,2868
5.40,1502,3333,2838
5.70,1484,3295,2804
6.00,1476,3257,2781
6.30,1461,3218,2754
6.60,1441,3193,2704
6.90,1418,3164,2679
7.20,1413,3107,2646
7.50,1378,3075,2604
7.80,1361,3035,2584
8.10,1354,2978,2532
8.40,1327,2944,2520
8.70,1322,2902,2485
9.00,1292,2868,2455
9.30,1290,2830,2409
9.60,1262,2816,2383
9.90,1264,2775,2361
10.20,1239,2748,2353
10.50,1226,2736,2313
10.80,1222,2687,2284
11.10,1208,2650,2254
11.40,1179,2613,2221
11.70,1160,2573,2189
12.00,1161,2557,2163
12.30,1133,2510,2136
12.60,1118,2479,2110
12.90,1101,2441,2073
13.20,1080,2393,2052
13.50,1078,2369,2004
13.80,1043,2329,1966
14.10,1044,2281,1958
14.40,1011,2240,1905
14.70,1002,2217,1887
15.00,997,2180,1854
15.30,968,2160,1824
15.60,953,2126,1796
15.90,957,2106,1777
16.20,935,2084,1775
16.50,923,2060,1738
16.80,910,2016,1712
17.10,894,1993,1683
17.40,877,1961,1656
17.70,875,1903,1635
18.00,847,1876,1595
18.30,850,1848,1573
18.60,823,1832,1561
18.90,806,1801,1533
19.20,786,1739,1479
19.50,772,1710,1455
19.80,753,1664,1429
20.10,740,1652,1390
20.40,729,1611,1369
20.70,728,1594,1359
21.00,713,1547,1316
21.30,688,1536,1290
21.60,677,1511,1271
21.90,663,1486,1247
22.20,655,1449,1230
22.50,658,1426,1212
22.80,635,1420,1190
23.10,623,1390,1183
23.40,608,1342,1139
23.70,593,1326,1128
24.00,581,1301,1090
24.30,565,1266,1059
24.60,565,1228,1040
24.90,540,1195,1013
25.20,528,1167,989
25.50,513,1131,975
25.80,498,1099,948
26.10,485,1071,908
26.40,484,1064,887
26.70,464,1026,867
27.00,446,985,849
27.30,441,972,822
27.60,432,951,805
27.90,423,932,789
28.20,415,914,789
28.50,407,896,772
28.80,398,876,741
29.10,395,850,732
29.40,383,824,711
29.70,371,797,687
30.00,351,785,654
30.30,341,748,643
30.60,332,741,625
30.90,322,705,597
31.20,309,677,573
31.50,294,644,552
31.80,288,631,533
32.10,273,598,511
32.40,268,586,499
32.70,259,576,483
33.00,254,542,459
33.30,241,526,446
33.60,240,508,434
33.90,235,509,422
34.20,229,486,411
34.50,223,483,400
34.80,209,456,386
35.10,201,438,369
35.40,193,419,353
35.70,183,397,334
36.00,176,380,321
36.30,174,367,307
36.60,163,352,297
36.90,153,339,280
37.20,147,315,261
37.50,138,296,250
37.80,132,283,233
38.10,125,276,226
38.40,116,246,208
38.70,118,242,204
39.00,113,229,193
39.30,102,214,180
39.60,103,208,167
39.90,95,199,162
40.20,91,190,153
40.50,88,182,145
40.80,87,173,137
41.10,77,159,137
41.40,73,147,126
41.70,67,134,117
42.00,67,125,98
42.30,61,111,88
42.60,55,105,94
42.90,52,105,78
43.20,47,86,78
43.50,41,82,69
43.80,44,78,66
44.10,36,69,58
44.40,33,55,42
44.70,33,58,50
45.00,28,44,44
45.30,25,36,40
45.60,26,45,39
45.90,24,43,35
46.20,21,40,33
46.50,20,26,19
46.80,18,22,28
47.10,19,19,26
47.40,18,27,23
47.70,16,25,6
48.00,12,23,5
48.30,15,21,18
48.60,14,20,16
48.90,10,19,16
49.20,10,7,17
49.50,14,6,2
49.80,13,22,5
50.10,12,12,19
50.40,16,25,20
50.70,14,25,20
51.00,18,16,24
51.30,16,29,26
51.60,19,32,27
51.90,21,25,29
52.20,21,25,31
52.50,22,39,33
52.80,25,34,23
53.10,26,48,41
53.40,29,53,45
53.70,33,50,52
54.00,34,64,45
54.30,41,64,51
54.60,41,83,70
54.90,44,86,74
55.20,48,85,80
55.50,59,112,87
55.80,58,116,89
56.10,63,128,98
56.40,67,133,119
56.70,68,139,119
57.00,73,153,122
57.30,82,162,139
57.60,80,164,134
57.90,83,173,140
58.20,87,182,156
58.50,95,191,163
58.80,95,201,163
59.10,101,213,182
59.40,112,228,194
59.70,114,241,206
60.00,122,264,220
60.30,133,272,234
60.60,137,284,242
60.90,137,303,253
61.20,150,331,276
61.50,157,344,287
61.80,162,349,295
62.10,181,390,332
62.40,185,398,332
62.70,183,405,338
63.00,197,414,353
63.30,204,440,367
63.60,204,452,378
63.90,209,465,388
64.20,216,468,405
64.50,222,482,413
64.80,228,499,423
65.10,243,516,440
65.40,252,548,456
65.70,257,572,478
66.00,273,581,495
66.30,281,618,525
66.60,287,642,537
66.90,295,649,558
67.20,316,678,583
67.50,328,734,620
67.80,335,723,612
68.10,350,754,639
68.40,357,802,668
68.70,366,791,669
69.00,375,811,687
69.30,381,843,716
69.60,386,853,722
69.90,393,884,736
70.20,410,886,764
70.50,410,905,779
70.80,419,941,784
71.10,439,967,821
71.40,442,978,829
71.70,466,1011,855
72.00,467,1035,876
72.30,494,1074,923
72.60,489,1086,918
72.90,509,1126,951
73.20,531,1155,991
73.50,531,1179,996
73.80,550,1221,1032
74.10,557,1240,1063
74.40,570,1270,1068
74.70,582,1293,1092
75.00,603,1342,1148
75.30,609,1357,1142
75.60,630,1393,1159
75.90,628,1395,1177
76.20,637,1415,1212
76.50,647,1439,1213
76.80,659,1480,1234
77.10,671,1495,1260
77.40,686,1526,1304
77.70,702,1582,1334
78.00,718,1600,1345
78.30,728,1641,1366
78.60,750,1676,1408
78.90,761,1718,1447
79.20,775,1746,1468
79.50,801,1792,1504
79.80,815,1823,1545
80.10,855,1880,1576
80.40,839,1896,1576
80.70,862,1946,1633
81.00,867,1940,1625
81.30,884,1974,1671
81.60,907,1997,1673
81.90,915,2030,1692
82.20,912,2041,1713
82.50,924,2065,1733
82.80,945,2097,1759
83.10,953,2134,1788
83.40,984,2173,1819
83.70,987,2213,1853
84.00,1004,2251,1881
84.30,1031,2284,1928
84.60,1030,2313,1933
84.90,1055,2365,1976
85.20,1068,2396,2002
85.50,1113,2514,2086
85.80,1112,2499,2101
86.10,1116,2506,2092
86.40,1147,2546,2123
86.70,1152,2591,2160
87.00,1177,2618,2184
87.30,1182,2675,2217
87.60,1205,2682,2237
87.90,1204,2719,2274
88.20,1214,2746,2278
88.50,1228,2757,2318
88.80,1240,2804,2345
89.10,1258,2840,2359
89.40,1275,2881,2391
89.70,1294,2912,2426
90.00,1313,2977,2464
90.30,1325,2986,2483
90.60,1341,3019,2515
90.90,1370,3088,2568
91.20,1377,3105,2583
91.50,1442,3226,2679
91.80,1429,3224,2681
92.10,1441,3245,2696
92.40,1452,3280,2726
92.70,1464,3315,2759
93.00,1483,3345,2797
93.30,1500,3384,2811
93.60,1523,3404,2828
93.90,1534,3431,2853
94.20,1545,3457,2875
94.50,1545,3486,2914
94.80,1560,3532,2924
95.10,1589,3568,2955
95.40,1595,3608,3003
95.70,1628,3642,3023
96.00,1645,3676,3068
96.30,1660,3715,3102
96.60,1685,3768,3142
96.90,1696,3792,3146
97.20,1704,3836,3181
97.50,1728,3907,3228
97.80,1762,3940,3286
98.10,1762,3965,3305
98.40,1787,4010,3316
98.70,1793,4036,3349
99.00,1831,4091,3395
99.30,1840,4126,3425
99.60,1849,4133,3430
99.90,1849,4157,3451
100.20,1872,4185,3474
100.50,1872,4208,3512
100.80,1887,4256,3523
101.10,1904,4280,3553
101.40,1922,4335,3582
101.70,1953,4365,3622
102.00,1971,4404,3657
102.30,1991,4445,3704
102.60,1990,4469,3710
102.90,2019,4543,3757
103.20,2026,4546,3774
103.50,2055,4611,3827
103.80,2066,4637,3849
104.10,2085,4674,3881
104.40,2103,4710,3910
104.70,2116,4743,3952
105.00,2135,4785,3971
105.30,2158,4814,3995
105.60,2170,4840,4017
105.90,2179,4873,4052
106.20,2178,4897,4073
106.50,2191,4912,4090
106.80,2204,4940,4103
107.10,2221,4975,4132
107.40,2238,5012,4164
107.70,2266,5063,4195
108.00,2274,5085,4226
108.30,2288,5116,4252
108.60,2316,5158,4284
108.90,2331,5203,4331
109.20,2333,5225,4334
109.50,2350,5265,4384
109.80,2366,5300,4415
110.10,2386,5331,4438
110.40,2401,5377,4466
110.70,2423,5388,4486
111.00,2429,5420,4531
111.30,2437,5441,4533
111.60,2448,5478,4552
111.90,2467,5502,4571
112.20,2478,5513,4603
112.50,2478,5538,4630
112.80,2501,5562,4635
113.10,2513,5591,4659
113.40,2519,5618,4685
113.70,2542,5651,4731
114.00,2547,5681,4736
114.30,2560,5706,4760
114.60,2569,5729,4783
114.90,2589,5767,4816
115.20,2598,5791,4854
115.50,2613,5822,4864
115.80,2639,5893,4915
116.10,2658,5899,4950
116.40,2651,5905,4940
116.70,2671,5942,4962
117.00,2674,5967,4985
117.30,2686,5981,5007
117.60,2694,6001,5024
117.90,2703,6028,5043
118.20,2711,6043,5057
118.50,2719,6064,5090
118.80,2730,6082,5093
119.10,2741,6116,5115
119.40,2750,6125,5151
119.70,2771,6149,5160
120.00,2780,6183,5195
120.30,2782,6203,5197
120.60,2792,6223,5230
120.90,2820,6279,5269
121.20,2818,6263,5269
121.50,2829,6293,5307
121.80,2844,6306,5319
122.10,2852,6327,5340
122.40,2860,6353,5349
122.70,2884,6388,5397
123.00,2873,6387,5380
123.30,2889,6418,5416
123.60,2899,6422,5412
123.90,2901,6434,5426
124.20,2901,6451,5436
124.50,2909,6477,5448
124.80,2923,6480,5467
125.10,2931,6497,5481
125.40,2937,6513,5513
125.70,2949,6530,5515
126.00,2947,6557,5531
126.30,2961,6556,5557
126.60,2964,6579,5562
126.90,2976,6590,5571
127.20,2976,6603,5585
127.50,2987,6625,5607
127.80,2995,6649,5628
128.10,3006,6665,5648
128.40,3016,6670,5649
128.70,3012,6682,5657
129.00,3023,6690,5667
129.30,3022,6704,5676
129.60,3034,6715,5702
129.90,3030,6737,5712
130.20,3034,6735,5705
130.50,3040,6755,5711
130.80,3049,6752,5721
131.10,3048,6764,5733
131.40,3053,6777,5755
131.70,3063,6787,5766
132.00,3064,6796,5758
132.30,3064,6809,5787
132.60,3070,6816,5789
132.90,3073,6828,5785
133.20,3084,6832,5806
133.50,3083,6844,5798
133.80,3085,6865,5806
134.10,3097,6859,5814
134.40,3091,6865,5834
134.70,3102,6869,5838
135.00,3104,6882,5845
135.30,3100,6893,5834
135.60,3102,6885,5839
135.90,3103,6900,5857
136.20,3103,6894,5846
136.50,3104,6909,5845
136.80,3113,6897,5865
137.10,3114,6901,5853
137.40,3108,6917,5858
137.70,3117,6909,5861
138.00,3111,6910,5863
138.30,3114,6913,5861
138.60,3113,6930,5864
138.90,3114,6916,5865
139.20,3114,6930,5866
139.50,3114,6916,5869
139.80,3119,6918,5867
140.10,3111,6917,5868
140.40,3111,6929,5865
140.70,3116,6914,5881
141.00,3112,6910,5881
141.30,3110,6922,5881
141.60,3110,6907,5862
141.90,3114,6902,5858
142.20,3105,6904,5870
142.50,3105,6903,5855
142.80,3103,6898,5869
143.10,3107,6904,5848
143.40,3099,6887,5859
143.70,3103,6881,5842
144.00,3095,6876,5852
144.30,3090,6867,5829
144.60,3093,6870,5822
144.90,3087,6860,5837
145.20,3083,6850,5831
145.50,3085,6842,5809
145.80,3074,6844,5818
146.10,3068,6816,5806
146.40,3071,6812,5786
146.70,3068,6803,5794
147.00,3056,6801,5765
147.30,3051,6800,5760
147.60,3047,6787,5750
147.90,3046,6771,5764
148.20,3051,6762,5754
148.50,3037,6754,5746
148.80,3040,6742,5724
149.10,3028,6733,5712
149.40,3024,6723,5702
149.70,3017,6708,5692
150.00,3019,6696,5681
150.30,3005,6683,5669
150.60,3009,6673,5677
150.90,2993,6664,5661
151.20,2988,6641,5634
151.50,2978,6634,5615
151.80,2975,6598,5600
152.10,2964,6588,5603
152.40,2955,6583,5590
152.70,2946,6559,5568
153.00,2940,6541,5547
153.30,2941,6523,5531
153.60,2927,6517,5518
153.90,2929,6504,5505
154.20,2915,6478,5507
154.50,2910,6476,5481
154.80,2900,6461,5484
155.10,2903,6425,5451
155.40,2884,6418,5449
155.70,2874,6398,5414
156.00,2873,6372,5403
156.30,2859,6362,5386
156.60,2851,6332,5372
156.90,2839,6305,5351
157.20,2830,6285,5319
157.50,2816,6250,5306
157.80,2807,6245,5289
158.10,2788,6189,5264
158.40,2783,6193,5242
158.70,2777,6180,5231
159.00,2761,6132,5217
159.30,2761,6111,5181
159.60,2748,6102,5173
159.90,2738,6080,5169
160.20,2738,6062,5138
160.50,2719,6041,5122
160.80,2719,6022,5119
161.10,2699,5996,5099
161.40,2697,5974,5078
161.70,2682,5944,5055
162.00,2668,5923,5036
162.30,2658,5882,4988
162.60,2639,5861,4983
162.90,2634,5834,4947
163.20,2612,5799,4932
163.50,2611,5779,4899
163.80,2589,5748,4889
164.10,2576,5718,4849
164.40,2562,5690,4842
164.70,2544,5646,4789
165.00,2536,5631,4775
165.30,2534,5607,4751
165.60,2521,5587,4728
165.90,2503,5567,4709
166.20,2490,5527,4689
166.50,2480,5506,4686
166.80,2476,5477,4645
167.10,2454,5446,4622
167.40,2452,5430,4598
167.70,2428,5383,4586
168.00,2426,5375,4548
168.30,2393,5324,4507
168.60,2383,5299,4488
168.90,2370,5261,4466
169.20,2347,5219,4418
169.50,2325,5159,4378
169.80,2317,5151,4363
170.10,2308,5117,4345
170.40,2292,5101,4319
170.70,2286,5049,4285
171.00,2262,5017,4276
171.30,2245,4957,4211
171.60,2241,4950,4202
171.90,2228,4938,4199
172.20,2208,4910,4159
172.50,2195,4883,4152
172.80,2183,4840,4108
173.10,2167,4808,4081
173.40,2165,4791,4055
173.70,2146,4737,4040
174.00,2139,4717,4021
174.30,2121,4684,3977
174.60,2096,4650,3945
174.90,2087,4605,3911
175.20,2074,4574,3901
175.50,2041,4542,3859
175.80,2024,4492,3809
176.10,2007,4450,3776
176.40,1991,4431,3748
176.70,1977,4383,3718
177.00,1970,4358,3686
177.30,1947,4314,3661
177.60,1931,4281,3632
177.90,1927,4263,3605
178.20,1902,4217,3579
178.50,1899,4189,3553
178.80,1874,4156,3526
179.10,1858,4122,3511
179.40,1842,4089,3466
179.70,1825,4067,3434
180.00,1823,4023,3425
180.30,1808,3987,3380
180.60,1775,3959,3357
180.90,1774,3926,3329
181.20,1728,3849,3246
181.50,1712,3798,3216
181.80,1704,3787,3222
182.10,1689,3746,3169
182.40,1670,3709,3140
182.70,1654,3674,3108
183.00,1637,3635,3092
183.30,1625,3598,3030
183.60,1606,3582,3018
183.90,1594,3551,2991
184.20,1577,3503,2962
184.50,1565,3476,2937
184.80,1549,3441,2908
185.10,1546,3418,2879
185.40,1516,3367,2862
185.70,1515,3335,2818
186.00,1485,3317,2791
186.30,1485,3266,2778
186.60,1452,3226,2727
186.90,1437,3206,2713
187.20,1419,3167,2663
187.50,1387,3083,2622
187.80,1380,3076,2604
188.10,1350,2996,2530
188.40,1354,2994,2518
188.70,1340,2944,2507
189.00,1300,2899,2454
189.30,1294,2874,2428
189.60,1282,2845,2403
189.90,1280,2809,2390
190.20,1267,2782,2348
190.50,1240,2755,2326
190.80,1240,2723,2315
191.10,1225,2704,2270
191.40,1196,2655,2257
191.70,1180,2631,2227
192.00,1164,2580,2178
192.30,1139,2541,2132
192.60,1130,2509,2134
192.90,1124,2463,2098
193.20,1097,2448,2053
193.50,1078,2387,2016
193.80,1073,2347,1981
194.10,1021,2261,1910
194.40,1022,2263,1911
194.70,1003,2224,1895
195.00,990,2209,1852
195.30,997,2177,1836
195.60,968,2144,1809
195.90,956,2129,1803
196.20,957,2084,1759
196.50,945,2075,1736
196.80,931,2030,1730
197.10,902,1995,1701
197.40,900,1960,1653
197.70,872,1928,1628
198.00,851,1885,1608
198.30,840,1876,1571
198.60,801,1767,1510
198.90,814,1768,1493
199.20,800,1740,1469
199.50,775,1699,1439
199.80,759,1692,1432
200.10,745,1661,1391
200.40,740,1620,1355
200.70,721,1564,1320
201.00,702,1568,1328
201.30,700,1534,1283
201.60,677,1493,1264
201.90,667,1488,1244
202.20,668,1463,1239
202.50,646,1440,1203
202.80,636,1400,1183
203.10,634,1384,1158
203.40,619,1336,1149
203.70,603,1319,1101
204.00,591,1278,1082
204.30,571,1256,1063
204.60,560,1230,1041
204.90,543,1191,1009
205.20,521,1144,970
205.50,527,1135,980
205.80,499,1094,927
206.10,491,1078,914
206.40,489,1065,889
206.70,461,1008,855
207.00,447,956,811
207.30,447,955,812
207.60,433,946,817
207.90,432,926,799
208.20,415,903,767
208.50,413,884,750
208.80,396,862,732
209.10,394,840,712
209.40,374,830,694
209.70,362,802,670
210.00,362,771,667
210.30,348,741,639
210.60,341,728,619
210.90,324,706,600
211.20,309,683,570
211.50,302,667,565
211.80,286,632,527
212.10,281,610,519
212.40,277,586,501
212.70,265,570,480
213.00,254,537,459
213.30,238,515,438
213.60,236,509,432
213.90,229,504,421
214.20,222,479,408
214.50,214,473,395
214.80,208,450,383
215.10,206,441,367
215.40,192,414,351
215.70,184,395,336
216.00,178,370,314
216.30,170,371,308
216.60,149,327,268
216.90,150,320,272
217.20,144,304,259
217.50,140,297,253
217.80,132,281,234
218.10,122,256,212
218.40,118,254,207
218.70,114,242,204
219.00,112,226,185
219.30,100,210,179
219.60,97,203,165
219.90,98,196,165
220.20,88,185,157
220.50,89,176,149
220.80,80,167,132
221.10,75,156,133
221.40,75,145,117
221.70,65,134,114
222.00,61,119,95
222.30,60,114,96
222.60,54,108,82
222.90,49,89,82
223.20,51,92,78
223.50,43,85,59
223.80,40,76,64
224.10,40,61,60
224.40,33,61,51
224.70,28,38,28
225.00,28,50,42
225.30,26,34,39
225.60,25,43,36
225.90,23,28,34
226.20,21,25,30
226.50,20,34,28
226.80,20,31,26
227.10,18,28,25
227.40,16,26,22
227.70,15,11,20
228.00,15,8,17
228.30,14,21,3
228.60,14,19,1
228.90,14,6,2
229.20,14,19,2
229.50,13,20,2
229.80,11,21,17
230.10,15,9,17
230.40,16,24,20
230.70,14,12,7
231.00,18,15,9
231.30,19,31,12
231.60,19,21,14
231.90,21,36,30
232.20,23,39,33
232.50,24,42,35
232.80,25,46,25
233.10,28,51,29
233.40,30,57,47
233.70,33,63,40
234.00,34,59,44
234.30,38,65,62
234.60,45,89,76
234.90,45,82,75
235.20,49,91,82
235.50,55,111,82
235.80,58,114,90
236.10,67,128,98
236.40,69,135,113
236.70,75,147,123
237.00,75,158,132
237.30,86,171,143
237.60,84,175,147
237.90,87,184,154
238.20,91,192,153
238.50,100,201,168
238.80,104,211,177
239.10,106,224,180
239.40,111,240,200
239.70,119,254,214
240.00,125,275,226
240.30,130,277,234
240.60,137,293,243
240.90,145,312,264
241.20,151,325,270
241.50,158,349,288
241.80,184,385,326
242.10,183,384,326
242.40,186,392,328
242.70,192,415,350
243.00,198,430,363
243.30,210,456,386
243.60,215,467,395
243.90,219,476,403
244.20,225,489,413
244.50,237,501,424
244.80,237,528,437
245.10,246,537,454
245.40,258,559,476
245.70,269,596,495
246.00,277,605,518
246.30,283,619,524
246.60,299,638,539
246.90,318,680,582
247.20,321,701,593
247.50,332,738,613
247.80,337,739,634
248.10,356,776,645
248.40,362,806,671
248.70,373,817,691
249.00,383,854,709
249.30,394,868,748
249.60,400,878,745
249.90,417,899,760
250.20,418,917,777
250.50,427,934,792
250.80,445,957,811
251.10,457,983,833
251.40,471,1013,872
251.70,484,1042,881
252.00,485,1066,902
252.30,496,1090,922
252.60,506,1130,942
252.90,519,1157,965
253.20,544,1214,1030
253.50,549,1225,1038
253.80,565,1242,1052
254.10,577,1271,1091
254.40,591,1301,1102
254.70,603,1330,1125
255.00,619,1362,1152
255.30,641,1388,1176
255.60,640,1412,1214
255.90,662,1449,1212
256.20,659,1466,1246
256.50,668,1472,1247
256.80,691,1497,1268
257.10,693,1545,1295
257.40,709,1563,1323
257.70,726,1604,1359
258.00,755,1638,1387
258.30,766,1661,1405
258.60,766,1706,1431
258.90,793,1720,1474
259.20,798,1762,1510
259.50,815,1797,1521
259.80,848,1858,1577
260.10,863,1873,1602
260.40,878,1904,1631
260.70,893,1939,1660
261.00,911,1993,1674
261.30,912,2011,1705
261.60,920,2033,1721
261.90,929,2051,1756
262.20,939,2092,1757
262.50,948,2100,1794
262.80,962,2128,1817
263.10,992,2178,1831
263.40,1010,2200,1876
263.70,1030,2260,1901
264.00,1033,2285,1934
264.30,1046,2312,1960
264.60,1070,2364,2001
264.90,1077,2379,2031
265.20,1099,2445,2059
265.50,1114,2463,2103
265.80,1135,2524,2125
266.10,1156,2556,2163
266.40,1168,2600,2188
266.70,1185,2633,2234
267.00,1214,2658,2250
267.30,1228,2689,2277
267.60,1229,2734,2319
267.90,1238,2754,2319
268.20,1248,2763,2339
268.50,1260,2790,2361
268.80,1274,2837,2387
269.10,1291,2857,2435
269.40,1310,2899,2453
269.70,1330,2959,2492
270.00,1348,2986,2544
270.30,1363,3014,2553
270.60,1376,3060,2579
270.90,1414,3102,2640
271.20,1427,3133,2654
271.50,1435,3173,2690
271.80,1453,3216,2724
272.10,1470,3268,2756
272.40,1490,3302,2795
272.70,1506,3331,2822
273.00,1535,3373,2858
273.30,1552,3409,2888
273.60,1554,3435,2911
273.90,1563,3476,2930
274.20,1586,3502,2952
274.50,1584,3526,2974
274.80,1600,3561,3002
275.10,1617,3585,3036
275.40,1639,3626,3073
275.70,1658,3687,3109
276.00,1673,3708,3140
276.30,1700,3753,3166
276.60,1722,3791,3210
276.90,1721,3810,3243
277.20,1746,3868,3277
277.50,1770,3898,3303
277.80,1781,3948,3344
278.10,1797,3997,3389
278.40,1815,4035,3406
278.70,1840,4050,3429
279.00,1858,4104,3478
279.30,1860,4134,3491
279.60,1877,4166,3518
279.90,1901,4198,3544
280.20,1912,4209,3565
280.50,1923,4238,3588
280.80,1937,4283,3630
281.10,1942,4302,3661
281.40,1960,4339,3677
281.70,1977,4379,3725
282.00,1993,4415,3742
282.30,2011,4466,3787
282.60,2033,4499,3815
282.90,2045,4533,3842
283.20,2065,4585,3875
283.50,2085,4618,3914
283.80,2112,4656,3946
284.10,2128,4687,3973
284.40,2135,4727,4007
284.70,2148,4769,4031
285.00,2179,4801,4086
285.30,2179,4839,4103
285.60,2200,4849,4128
285.90,2200,4884,4126
286.20,2217,4894,4146
286.50,2228,4932,4181
286.80,2242,4959,4191
287.10,2250,4997,4220
287.40,2263,5020,4268
287.70,2285,5059,4289
288.00,2302,5097,4338
288.30,2324,5127,4345
288.60,2327,5157,4373
288.90,2341,5188,4398
289.20,2374,5250,4439
289.50,2391,5272,4486
289.80,2395,5304,4513
290.10,2421,5338,4528
290.40,2428,5374,4555
290.70,2436,5394,4576
291.00,2462,5443,4605
291.30,2464,5458,4627
291.60,2476,5482,4665
291.90,2493,5501,4680
292.20,2502,5521,4680
292.50,2503,5547,4714
292.80,2521,5586,4719
293.10,2527,5602,4763
293.40,2541,5634,4792
293.70,2568,5684,4821
294.00,2584,5703,4852
294.30,2593,5739,4856
294.60,2609,5762,4885
294.90,2609,5797,4922
295.20,2622,5811,4930
295.50,2641,5863,4961
295.80,2653,5876,5001
296.10,2677,5925,5017
296.40,2679,5938,5036
296.70,2692,5963,5059
297.00,2704,5993,5082
297.30,2717,6021,5109
297.60,2725,6034,5132
297.90,2736,6060,5143
298.20,2744,6068,5158
298.50,2740,6086,5155
298.80,2752,6119,5173
299.10,2772,6132,5210
299.40,2776,6167,5234
299.70,2797,6185,5246
300.00,2812,6223,5268
300.30,2811,6228,5285
300.60,2823,6252,5320
300.90,2838,6275,5340
301.20,2842,6309,5342
301.50,2862,6324,5367
301.80,2863,6350,5387
302.10,2880,6396,5413
302.40,2884,6396,5425
302.70,2901,6414,5439
303.00,2911,6435,5459
303.30,2913,6458,5477
303.60,2927,6478,5503
303.90,2922,6492,5494
304.20,2928,6495,5506
304.50,2940,6511,5531
304.80,2939,6523,5528
305.10,2947,6540,5557
305.40,2959,6575,5573
305.70,2966,6577,5578
306.00,2982,6597,5610
306.30,2983,6616,5621
306.60,3000,6631,5626
306.90,2999,6645,5636
307.20,3006,6661,5651
307.50,3013,6692,5680
307.80,3023,6695,5678
308.10,3027,6712,5706
308.40,3033,6722,5717
308.70,3037,6733,5713
309.00,3051,6749,5723
309.30,3051,6759,5749
309.60,3060,6784,5742
309.90,3056,6777,5744
310.20,3061,6789,5753
310.50,3063,6797,5758
310.80,3066,6807,5781
311.10,3072,6830,5772
311.40,3076,6825,5802
311.70,3083,6834,5795
312.00,3095,6843,5821
312.30,3093,6866,5811
312.60,3096,6861,5818
312.90,3099,6870,5826
313.20,3111,6876,5828
313.50,3113,6886,5842
313.80,3116,6906,5845
314.10,3119,6912,5851
314.40,3124,6921,5857
314.70,3119,6909,5876
315.00,3118,6931,5867
315.30,3124,6936,5872
315.60,3133,6927,5873
315.90,3125,6935,5892
316.20,3134,6935,5874
316.50,3129,6951,5894
316.80,3129,6940,5877
317.10,3131,6955,5898
317.40,3133,6946,5888
317.70,3142,6961,5891
318.00,3141,6948,5893
318.30,3142,6966,5895
318.60,3136,6956,5895
318.90,3138,6959,5898
319.20,3136,6967,5913
319.50,3136,6959,5897
319.80,3138,6969,5912
320.10,3138,6960,5897
320.40,3138,6958,5914
320.70,3136,6966,5895
321.00,3136,6954,5893
321.30,3133,6966,5891
321.60,3138,6960,5904
321.90,3141,6957,5890
322.20,3128,6955,5881
322.50,3128,6938,5875
322.80,3132,6946,5873
323.10,3126,6944,5870
323.40,3132,6929,5885
323.70,3122,6922,5867
324.00,3119,6930,5860
324.30,3118,6913,5872
324.60,3113,6906,5866
324.90,3110,6902,5845
325.20,3107,6893,5855
325.50,3110,6886,5846
325.80,3106,6873,5822
326.10,3093,6877,5829
326.40,3097,6854,5823
326.70,3087,6845,5815
327.00,3090,6837,5790
327.30,3075,6822,5780
327.60,3077,6811,5771
327.90,3070,6808,5765
328.20,3072,6799,5759
328.50,3067,6794,5766
328.80,3062,6783,5755
329.10,3049,6770,5748
329.40,3053,6769,5737
329.70,3041,6740,5706
330.00,3032,6723,5714
330.30,3025,6710,5684
330.60,3028,6696,5672
330.90,3013,6694,5660
331.20,3004,6677,5661
331.50,2997,6640,5625
331.80,2990,6640,5615
332.10,2982,6619,5597
332.40,2972,6604,5598
332.70,2965,6590,5570
333.00,2957,6568,5552
333.30,2947,6538,5538
333.60,2942,6531,5539
333.90,2939,6516,5514
334.20,2931,6516,5505
334.50,2926,6492,5510
334.80,2917,6489,5481
335.10,2917,6453,5462
335.40,2899,6423,5457
335.70,2895,6410,5420
336.00,2877,6395,5421
336.30,2872,6358,5390
336.60,2863,6355,5387
336.90,2849,6317,5369
337.20,2843,6298,5334
337.50,2834,6268,5309
337.80,2817,6242,5289
338.10,2813,6229,5268
338.40,2794,6201,5244
338.70,2783,6170,5240
339.00,2777,6139,5201
339.30,2761,6128,5183
339.60,2753,6108,5165
339.90,2743,6093,5164
340.20,2734,6065,5154
340.50,2727,6048,5137
340.80,2714,6021,5100
341.10,2703,5998,5077
341.40,2699,5966,5054
341.70,2679,5948,5027
342.00,2666,5915,5023
342.30,2655,5891,4986
342.60,2642,5858,4975
342.90,2641,5849,4938
343.20,2618,5803,4914
343.50,2603,5772,4886
343.80,2596,5750,4872
344.10,2573,5702,4825
344.40,2560,5688,4803
344.70,2548,5647,4780
345.00,2533,5615,4752
345.30,2518,5597,4726
345.60,2519,5563,4725
345.90,2499,5545,4708
346.20,2503,5528,4692
346.50,2482,5508,4659
346.80,2480,5479,4635
347.10,2457,5459,4607
347.40,2450,5412,4592
347.70,2432,5369,4542
348.00,2410,5343,4517
348.30,2396,5315,4493
348.60,2383,5280,4467
348.90,2368,5265,4443
349.20,2356,5219,4414
349.50,2335,5175,4378
349.80,2328,5140,4346
350.10,2303,5101,4312
350.40,2296,5072,4288
350.70,2272,5038,4275
351.00,2267,5013,4229
351.30,2242,4973,4202
351.60,2231,4943,4179
351.90,2220,4923,4178
352.20,2209,4902,4159
352.50,2197,4890,4120
352.80,2196,4863,4096
353.10,2169,4810,4067
353.40,2152,4787,4050
353.70,2133,4730,3996
354.00,2129,4695,3967
354.30,2104,4680,3943
354.60,2100,4633,3930
354.90,2074,4596,3882
355.20,2057,4574,3851
355.50,2035,4510,3809
355.80,2019,4474,3781
356.10,2001,4447,3745
356.40,1980,4388,3724
356.70,1969,4358,3681
357.00,1960,4321,3650
357.30,1941,4289,3612
357.60,1923,4271,3596
357.90,1912,4249,3576
358.20,1901,4209,3554
358.50,1889,4199,3534
358.80,1873,4151,3522
359.10,1857,4114,3475
359.40,1848,4071,3456
359.70,1819,4029,3419
360.00,1804,3992,3372
