0.00,20,35,28
0.15,21,36,29
0.30,22,25,31
0.45,21,38,18
0.60,21,39,33
0.75,24,41,34
0.90,24,31,36
1.05,25,45,24
1.20,27,48,41
1.35,27,39,29
1.50,28,53,44
1.65,30,57,35
1.80,32,61,51
1.95,32,63,40
2.10,34,66,43
2.25,40,71,48
2.40,39,72,49
2.55,41,76,63
2.70,42,79,53
2.85,43,73,69
3.00,46,92,66
3.15,45,84,77
3.30,52,98,70
3.45,51,96,86
3.60,51,98,90
3.75,55,112,93
3.90,62,116,91
4.05,62,122,93
4.20,65,126,105
4.35,62,128,107
4.50,67,132,111
4.65,66,136,107
4.80,67,138,109
4.95,69,145,122
5.10,72,153,119
5.25,74,157,130
5.40,77,164,128
5.55,79,164,129
5.70,83,169,132
5.85,81,174,146
6.00,87,177,149
6.15,89,181,144
6.30,87,184,155
6.45,89,190,158
6.60,91,193,162
6.75,97,199,158
6.90,95,204,171
7.05,102,211,168
7.20,104,216,181
7.35,103,223,187
7.50,106,229,192
7.65,113,237,198
7.80,113,246,206
7.95,120,252,203
8.10,123,259,217
8.25,124,278,221
8.40,124,272,227
8.55,133,287,234
8.70,133,299,244
8.85,133,293,243
9.00,142,301,246
9.15,140,309,252
9.30,144,327,267
9.45,154,338,275
9.60,151,334,275
9.75,155,344,285
9.90,169,372,304
10.05,164,372,303
10.20,167,372,310
10.35,171,379,314
10.50,181,392,325
10.65,185,398,332
10.80,181,413,337
10.95,191,413,344
11.10,197,440,365
11.25,196,447,364
11.40,196,438,363
11.55,200,447,373
11.70,202,451,375
11.85,205,458,382
12.00,214,473,386
12.15,210,480,391
12.30,214,487,396
12.45,216,493,402
12.60,225,491,408
12.75,222,509,415
12.90,226,517,424
13.05,230,516,430
13.20,235,527,437
13.35,246,538,450
13.50,243,560,454
13.65,256,560,465
13.80,255,582,474
13.95,265,581,482
14.10,271,595,493
14.25,268,603,505
14.40,278,611,506
14.55,281,619,519
14.70,291,658,546
14.85,292,658,545
15.00,292,657,545
15.15,300,676,561
15.30,307,679,563
15.45,317,718,594
15.60,316,717,592
15.75,341,754,624
15.90,341,753,622
16.05,332,765,631
16.20,346,781,633
16.35,351,799,672
16.50,352,798,661
16.65,352,812,660
16.80,353,802,663
16.95,359,814,672
17.10,373,846,698
17.25,372,859,698
17.40,383,866,704
17.55,388,861,711
17.70,391,882,716
17.85,387,877,724
18.00,398,886,732
18.15,403,893,753
18.30,405,918,747
18.45,400,911,753
18.60,406,921,776
18.75,419,946,785
18.90,415,958,779
19.05,421,954,790
19.20,425,968,800
19.35,432,982,811
19.50,446,995,824
19.65,445,1011,835
19.80,451,1029,849
19.95,456,1058,872
20.10,463,1057,870
20.25,471,1074,900
20.40,484,1081,907
20.55,481,1097,904
20.70,489,1114,918
20.85,506,1148,933
21.00,498,1139,937
21.15,503,1148,947
21.30,527,1199,989
21.45,518,1187,978
21.60,534,1199,988
21.75,540,1212,999
21.90,542,1253,1036
22.05,547,1251,1028
22.20,559,1297,1066
22.35,569,1295,1052
22.50,571,1307,1074
22.65,580,1322,1088
22.80,580,1330,1094
22.95,583,1334,1099
23.10,601,1352,1128
23.25,596,1386,1142
23.40,601,1379,1149
23.55,607,1392,1145
23.70,611,1401,1151
23.85,614,1412,1161
24.00,621,1438,1168
24.15,625,1448,1176
24.30,629,1441,1185
24.45,645,1451,1211
24.60,638,1480,1205
24.75,655,1490,1215
24.90,662,1490,1243
25.05,655,1504,1238
25.20,663,1520,1268
25.35,670,1554,1281
25.50,688,1571,1277
25.65,687,1590,1294
25.80,693,1609,1310
25.95,698,1624,1339
26.10,705,1621,1350
26.25,711,1653,1343
26.40,732,1657,1377
26.55,736,1664,1369
26.70,731,1699,1383
26.85,750,1724,1415
27.00,747,1722,1413
27.15,755,1757,1428
27.30,774,1754,1439
27.45,778,1810,1471
27.60,778,1795,1473
27.75,797,1851,1506
27.90,810,1834,1506
28.05,810,1881,1533
28.20,817,1881,1544
28.35,819,1888,1549
28.50,825,1903,1562
28.65,853,1936,1587
28.80,853,1933,1587
28.95,849,1959,1606
29.10,875,1984,1628
29.25,859,1982,1643
29.40,871,2012,1648
29.55,889,2017,1653
29.70,879,2027,1662
29.85,885,2041,1675
30.00,900,2051,1682
30.15,909,2065,1710
30.30,900,2075,1703
30.45,906,2086,1713
30.60,910,2099,1724
30.75,917,2130,1735
30.90,924,2129,1768
31.05,930,2146,1763
31.20,938,2168,1780
31.35,948,2187,1794
31.50,970,2207,1810
31.65,966,2232,1829
31.80,971,2264,1841
31.95,992,2263,1870
32.10,1000,2297,1867
32.25,993,2297,1880
32.40,1006,2343,1904
32.55,1006,2326,1906
32.70,1021,2375,1946
32.85,1027,2378,1946
33.00,1049,2394,1961
33.15,1041,2407,1986
33.30,1063,2425,2002
33.45,1060,2464,2004
33.60,1073,2500,2050
33.75,1079,2494,2041
33.90,1101,2536,2061
34.05,1094,2530,2071
34.20,1100,2548,2101
34.35,1113,2592,2108
34.50,1120,2592,2121
34.65,1139,2618,2130
34.80,1138,2634,2155
34.95,1152,2636,2157
35.10,1171,2677,2207
35.25,1158,2677,2191
35.40,1175,2708,2203
35.55,1170,2710,2216
35.70,1174,2731,2224
35.85,1195,2748,2236
36.00,1200,2743,2264
36.15,1191,2757,2274
36.30,1210,2785,2268
36.45,1201,2784,2279
36.60,1208,2807,2292
36.75,1228,2813,2304
36.90,1234,2825,2334
37.05,1242,2860,2332
37.20,1251,2864,2346
37.35,1259,2884,2378
37.50,1269,2904,2380
37.65,1264,2928,2396
37.80,1273,2951,2415
37.95,1283,2969,2430
38.10,1290,2984,2456
38.25,1310,3013,2470
38.40,1318,3068,2515
38.55,1332,3050,2496
38.70,1337,3062,2505
38.85,1340,3113,2552
39.00,1338,3107,2550
39.15,1350,3126,2558
39.30,1365,3156,2582
39.45,1387,3190,2596
39.60,1388,3184,2606
39.75,1396,3213,2646
39.90,1407,3252,2661
40.05,1419,3251,2675
40.20,1424,3266,2688
40.35,1425,3305,2695
40.50,1428,3303,2702
40.65,1457,3342,2733
40.80,1442,3338,2748
40.95,1466,3376,2751
41.10,1461,3378,2766
41.25,1473,3405,2804
41.40,1478,3416,2795
41.55,1496,3448,2808
41.70,1500,3443,2833
41.85,1495,3458,2830
42.00,1501,3470,2857
42.15,1519,3499,2852
42.30,1512,3494,2863
42.45,1528,3507,2872
42.60,1523,3522,2885
42.75,1542,3536,2914
42.90,1538,3555,2911
43.05,1545,3571,2941
43.20,1553,3593,2956
43.35,1563,3629,2959
43.50,1573,3632,2992
43.65,1583,3672,2994
43.80,1592,3680,3015
43.95,1603,3704,3034
44.10,1607,3712,3057
44.25,1615,3747,3056
44.40,1632,3786,3103
44.55,1643,3781,3087
44.70,1657,3842,3135
44.85,1656,3827,3147
45.00,1671,3855,3159
45.15,1669,3868,3157
45.30,1707,3911,3202
45.45,1706,3908,3204
45.60,1713,3924,3214
45.75,1721,3943,3229
45.90,1724,3991,3258
46.05,1733,3998,3290
46.20,1733,4014,3276
46.35,1757,4024,3313
46.50,1764,4041,3311
46.65,1762,4080,3347
46.80,1773,4082,3359
46.95,1789,4113,3374
47.10,1785,4131,3390
47.25,1795,4151,3407
47.40,1812,4161,3397
47.55,1808,4163,3413
47.70,1812,4173,3438
47.85,1819,4189,3434
48.00,1824,4198,3444
48.15,1840,4227,3470
48.30,1834,4238,3466
48.45,1849,4235,3492
48.60,1845,4250,3488
48.75,1852,4263,3501
48.90,1870,4280,3518
49.05,1875,4315,3547
49.20,1886,4319,3545
49.35,1897,4340,3576
49.50,1906,4361,3588
49.65,1902,4396,3612
49.80,1916,4405,3617
49.95,1921,4420,3630
50.10,1941,4442,3660
50.25,1938,4463,3674
50.40,1954,4495,3691
50.55,1954,4494,3692
50.70,1962,4512,3719
50.85,1971,4548,3724
51.00,1984,4559,3746
51.15,1995,4584,3765
51.30,2011,4599,3780
51.45,2023,4626,3803
51.60,2018,4646,3811
51.75,2028,4661,3833
51.90,2035,4690,3846
52.05,2042,4693,3861
52.20,2056,4721,3901
52.35,2061,4737,3899
52.50,2079,4754,3913
52.65,2078,4772,3943
52.80,2081,4797,3952
52.95,2086,4792,3948
53.10,2109,4838,3984
53.25,2105,4836,4000
53.40,2110,4850,4009
53.55,2118,4867,4027
53.70,2124,4880,4020
53.85,2126,4886,4040
54.00,2133,4900,4041
54.15,2138,4911,4049
54.30,2142,4920,4059
54.45,2157,4945,4070
54.60,2153,4945,4083
54.75,2157,4960,4109
54.90,2165,4975,4126
55.05,2174,5001,4125
55.20,2184,5008,4159
55.35,2190,5024,4159
55.50,2197,5043,4176
55.65,2209,5065,4209
55.80,2217,5083,4210
55.95,2224,5114,4238
56.10,2234,5132,4253
56.25,2245,5144,4266
56.40,2243,5147,4280
56.55,2257,5180,4294
56.70,2267,5191,4306
56.85,2270,5210,4319
57.00,2270,5205,4331
57.15,2298,5245,4352
57.30,2286,5245,4352
57.45,2301,5293,4397
57.60,2311,5304,4397
57.75,2317,5317,4406
57.90,2337,5338,4435
58.05,2327,5337,4449
58.20,2345,5357,4448
58.35,2344,5386,4466
58.50,2348,5384,4490
58.65,2358,5410,4497
58.80,2361,5412,4499
58.95,2369,5428,4531
59.10,2385,5452,4529
59.25,2382,5466,4546
59.40,2393,5503,4568
59.55,2394,5486,4582
59.70,2398,5514,4594
59.85,2404,5512,4586
60.00,2407,5523,4595
60.15,2413,5535,4623
60.30,2417,5557,4615
60.45,2422,5554,4629
60.60,2424,5565,4634
60.75,2429,5589,4657
60.90,2435,5591,4675
61.05,2444,5616,4693
61.20,2458,5630,4702
61.35,2467,5640,4715
61.50,2464,5662,4712
61.65,2471,5681,4729
61.80,2477,5687,4742
61.95,2491,5706,4753
62.10,2488,5712,4765
62.25,2508,5729,4787
62.40,2512,5739,4796
62.55,2507,5760,4820
62.70,2513,5765,4817
62.85,2521,5775,4829
63.00,2531,5807,4873
63.15,2537,5803,4858
63.30,2539,5817,4870
63.45,2550,5849,4897
63.60,2555,5855,4919
63.75,2582,5909,4937
63.90,2571,5892,4939
64.05,2577,5907,4938
64.20,2582,5928,4960
64.35,2587,5931,4974
64.50,2589,5945,4989
64.65,2597,5955,5011
64.80,2601,5957,5015
64.95,2618,5978,5032
65.10,2609,5991,5037
65.25,2614,5990,5027
65.40,2627,6010,5040
65.55,2633,6014,5054
65.70,2627,6033,5056
65.85,2636,6032,5083
66.00,2636,6042,5076
66.15,2642,6067,5095
66.30,2645,6063,5107
66.45,2648,6085,5101
66.60,2659,6082,5107
66.75,2656,6091,5130
66.90,2660,6101,5132
67.05,2664,6112,5139
67.20,2669,6123,5147
67.35,2683,6133,5161
67.50,2690,6155,5171
67.65,2687,6165,5184
67.80,2692,6174,5202
67.95,2695,6177,5212
68.10,2713,6199,5219
68.25,2710,6212,5250
68.40,2710,6209,5232
68.55,2716,6221,5256
68.70,2720,6229,5252
68.85,2732,6257,5276
69.00,2731,6255,5278
69.15,2740,6272,5305
69.30,2742,6296,5301
69.45,2747,6304,5325
69.60,2752,6303,5320
69.75,2762,6312,5328
69.90,2761,6328,5343
70.05,2773,6362,5376
70.20,2774,6353,5362
70.35,2780,6352,5381
70.50,2784,6363,5392
70.65,2785,6388,5388
70.80,2791,6389,5402
70.95,2792,6396,5410
71.10,2795,6415,5413
71.25,2804,6416,5441
71.40,2806,6434,5439
71.55,2808,6433,5433
71.70,2809,6430,5441
71.85,2818,6439,5465
72.00,2815,6444,5463
72.15,2816,6465,5460
72.30,2824,6456,5465
72.45,2831,6466,5482
72.60,2827,6474,5477
72.75,2829,6482,5496
72.90,2832,6488,5502
73.05,2844,6497,5500
73.20,2839,6515,5507
73.35,2844,6517,5532
73.50,2853,6519,5536
73.65,2860,6539,5533
73.80,2856,6546,5541
73.95,2858,6539,5558
74.10,2861,6546,5550
74.25,2864,6559,5574
74.40,2865,6572,5566
74.55,2872,6585,5592
74.70,2875,6580,5594
74.85,2875,6597,5588
75.00,2878,6591,5608
75.15,2886,6600,5601
75.30,2889,6624,5611
75.45,2895,6639,5633
75.60,2895,6627,5643
75.75,2899,6631,5631
75.90,2901,6651,5640
76.05,2907,6653,5664
76.20,2915,6652,5653
76.35,2913,6675,5660
76.50,2913,6671,5668
76.65,2916,6690,5678
76.80,2918,6680,5678
76.95,2920,6698,5683
77.10,2925,6696,5688
77.25,2934,6698,5694
77.40,2929,6704,5698
77.55,2930,6709,5704
77.70,2933,6717,5708
77.85,2934,6726,5727
78.00,2938,6723,5718
78.15,2936,6725,5731
78.30,2946,6741,5740
78.45,2946,6736,5739
78.60,2941,6737,5740
78.75,2941,6743,5742
78.90,2946,6754,5738
79.05,2952,6754,5744
79.20,2953,6757,5748
79.35,2955,6766,5754
79.50,2956,6772,5759
79.65,2966,6785,5780
79.80,2958,6787,5770
79.95,2962,6795,5771
80.10,2963,6804,5775
80.25,2966,6802,5783
80.40,2968,6805,5785
80.55,2975,6805,5796
80.70,2972,6825,5796
80.85,2975,6835,5815
81.00,2976,6824,5803
81.15,2978,6835,5805
81.30,2983,6849,5828
81.45,2990,6852,5832
81.60,2985,6844,5820
81.75,2984,6846,5821
81.90,2986,6847,5833
82.05,2991,6851,5843
82.20,2989,6855,5845
82.35,2990,6857,5832
82.50,2990,6872,5836
82.65,2991,6867,5841
82.80,2992,6873,5840
82.95,2994,6870,5849
83.10,2995,6873,5861
83.25,2997,6876,5847
83.40,2999,6889,5850
83.55,2999,6880,5854
83.70,2999,6884,5853
83.85,2997,6888,5855
84.00,3006,6885,5859
84.15,3007,6890,5860
84.30,3002,6899,5861
84.45,3003,6904,5862
84.60,3006,6891,5860
84.75,3001,6893,5859
84.90,3003,6907,5875
85.05,3006,6902,5862
85.20,3010,6899,5866
85.35,3004,6913,5871
85.50,3007,6916,5872
85.65,3007,6905,5873
85.80,3014,6914,5874
85.95,3014,6905,5887
86.10,3012,6915,5874
86.25,3007,6906,5877
86.40,3009,6910,5887
86.55,3011,6908,5895
86.70,3011,6912,5879
86.85,3012,6928,5883
87.00,3010,6914,5882
87.15,3018,6915,5884
87.30,3017,6919,5899
87.45,3010,6916,5883
87.60,3012,6921,5884
87.75,3010,6915,5883
87.90,3010,6916,5884
88.05,3017,6912,5883
88.20,3016,6915,5894
88.35,3009,6910,5896
88.50,3008,6911,5882
88.65,3009,6921,5881
88.80,3013,6910,5880
88.95,3007,6918,5881
89.10,3007,6910,5879
89.25,3006,6905,5892
89.40,3014,6905,5876
89.55,3006,6904,5877
89.70,3005,6916,5874
89.85,3005,6902,5886
90.00,3008,6898,5872
90.15,3010,6905,5872
90.30,3002,6897,5883
90.45,3003,6900,5875
90.60,3000,6896,5869
90.75,3000,6896,5866
90.90,2999,6893,5863
91.05,2998,6891,5864
91.20,2998,6887,5873
91.35,3003,6886,5861
91.50,2997,6897,5861
91.65,3002,6886,5856
91.80,2992,6880,5869
91.95,2992,6888,5853
92.10,2991,6873,5850
92.25,2988,6866,5846
92.40,2989,6875,5854
92.55,2988,6873,5843
92.70,2986,6859,5839
92.85,2984,6854,5837
93.00,2982,6857,5829
93.15,2985,6859,5829
93.30,2977,6839,5825
93.45,2976,6837,5819
93.60,2982,6834,5831
93.75,2978,6823,5810
93.90,2977,6824,5809
94.05,2970,6820,5808
94.20,2969,6817,5799
94.35,2963,6815,5814
94.50,2969,6806,5795
94.65,2962,6802,5788
94.80,2958,6806,5784
94.95,2956,6786,5792
95.10,2960,6790,5782
95.25,2958,6792,5775
95.40,2950,6785,5771
95.55,2944,6769,5771
95.70,2946,6780,5782
95.85,2951,6779,5761
96.00,2949,6771,5771
96.15,2942,6770,5770
96.30,2936,6754,5764
96.45,2934,6747,5745
96.60,2934,6742,5747
96.75,2931,6739,5744
96.90,2927,6732,5731
97.05,2926,6739,5724
97.20,2923,6722,5722
97.35,2920,6714,5729
97.50,2918,6710,5710
97.65,2917,6715,5705
97.80,2914,6699,5700
97.95,2908,6687,5704
98.10,2911,6688,5691
98.25,2904,6682,5697
98.40,2903,6679,5678
98.55,2900,6672,5676
98.70,2896,6674,5669
98.85,2893,6649,5660
99.00,2886,6637,5650
99.15,2889,6646,5651
99.30,2884,6639,5650
99.45,2880,6620,5636
99.60,2875,6611,5632
99.75,2871,6601,5620
99.90,2869,6597,5617
100.05,2862,6583,5601
100.20,2860,6578,5602
100.35,2857,6581,5605
100.50,2862,6568,5595
100.65,2856,6560,5589
100.80,2855,6555,5573
100.95,2839,6532,5558
101.10,2841,6532,5558
101.25,2837,6537,5558
101.40,2832,6507,5540
101.55,2829,6513,5534
101.70,2824,6509,5543
101.85,2821,6480,5533
102.00,2822,6484,5536
102.15,2817,6478,5520
102.30,2814,6468,5509
102.45,2810,6468,5501
102.60,2806,6457,5493
102.75,2802,6450,5488
102.90,2798,6439,5486
103.05,2799,6428,5472
103.20,2794,6420,5463
103.35,2786,6408,5456
103.50,2790,6400,5449
103.65,2779,6389,5449
103.80,2772,6381,5431
103.95,2770,6372,5423
104.10,2770,6376,5418
104.25,2761,6354,5415
104.40,2763,6347,5400
104.55,2756,6331,5389
104.70,2748,6322,5399
104.85,2749,6323,5380
105.00,2740,6300,5377
105.15,2729,6286,5365
105.30,2731,6279,5352
105.45,2725,6266,5347
105.60,2717,6253,5329
105.75,2712,6242,5318
105.90,2700,6221,5293
106.05,2700,6209,5290
106.20,2692,6203,5274
106.35,2691,6187,5268
106.50,2684,6174,5256
106.65,2674,6165,5249
106.80,2686,6154,5241
106.95,2673,6132,5219
107.10,2665,6129,5220
107.25,2663,6125,5211
107.40,2658,6114,5203
107.55,2651,6101,5195
107.70,2650,6094,5206
107.85,2643,6089,5176
108.00,2640,6074,5170
108.15,2635,6062,5163
108.30,2632,6050,5156
108.45,2626,6057,5157
108.60,2622,6035,5134
108.75,2617,6025,5127
108.90,2617,6025,5124
109.05,2606,6003,5110
109.20,2603,5989,5098
109.35,2598,5986,5086
109.50,2591,5958,5088
109.65,2585,5951,5063
109.80,2577,5942,5065
109.95,2579,5930,5060
110.10,2567,5909,5028
110.25,2564,5891,5009
110.40,2557,5883,5007
110.55,2553,5875,5003
110.70,2546,5858,4982
110.85,2538,5838,4982
111.00,2543,5829,4962
111.15,2529,5820,4955
111.30,2525,5806,4958
111.45,2515,5800,4925
111.60,2506,5767,4910
111.75,2502,5754,4905
111.90,2495,5739,4899
112.05,2494,5729,4876
112.20,2476,5697,4861
112.35,2475,5699,4846
112.50,2464,5674,4827
112.65,2468,5667,4842
112.80,2460,5655,4826
112.95,2450,5640,4798
113.10,2444,5621,4787
113.25,2440,5614,4777
113.40,2432,5590,4765
113.55,2426,5574,4750
113.70,2423,5568,4745
113.85,2417,5556,4735
114.00,2420,5541,4721
114.15,2406,5529,4725
114.30,2401,5517,4710
114.45,2396,5507,4707
114.60,2391,5493,4682
114.75,2383,5477,4681
114.90,2379,5464,4660
115.05,2372,5450,4661
115.20,2366,5440,4633
115.35,2357,5415,4625
115.50,2353,5406,4610
115.65,2343,5395,4594
115.80,2348,5373,4583
115.95,2332,5359,4571
116.10,2338,5349,4574
116.25,2312,5318,4529
116.40,2313,5321,4548
116.55,2311,5303,4524
116.70,2302,5288,4513
116.85,2295,5274,4499
117.00,2288,5252,4481
117.15,2275,5231,4461
117.30,2273,5217,4461
117.45,2252,5169,4428
117.60,2252,5180,4424
117.75,2241,5149,4391
117.90,2246,5145,4385
118.05,2229,5115,4379
118.20,2224,5108,4357
118.35,2218,5093,4348
118.50,2211,5082,4330
118.65,2204,5059,4330
118.80,2205,5043,4301
118.95,2196,5031,4286
119.10,2176,4998,4281
119.25,2176,4997,4263
119.40,2172,4961,4232
119.55,2159,4974,4231
119.70,2152,4943,4216
119.85,2145,4923,4215
120.00,2142,4928,4193
120.15,2133,4899,4192
120.30,2136,4893,4165
120.45,2122,4876,4155
120.60,2117,4872,4145
120.75,2111,4846,4142
120.90,2103,4828,4128
121.05,2096,4822,4124
121.20,2090,4795,4093
121.35,2092,4796,4096
121.50,2079,4766,4067
121.65,2070,4752,4054
121.80,2059,4736,4035
121.95,2055,4720,4036
122.10,2040,4689,4012
122.25,2042,4690,4003
122.40,2034,4675,3986
122.55,2029,4657,3973
122.70,2020,4648,3956
122.85,2011,4620,3941
123.00,1999,4596,3932
123.15,1993,4576,3905
123.30,1977,4547,3874
123.45,1969,4520,3859
123.60,1961,4507,3846
123.75,1956,4494,3833
123.90,1947,4477,3832
124.05,1941,4479,3821
124.20,1942,4440,3794
124.35,1925,4424,3773
124.50,1918,4412,3773
124.65,1911,4395,3749
124.80,1904,4377,3737
124.95,1895,4356,3716
125.10,1885,4338,3698
125.25,1879,4324,3701
125.40,1873,4302,3667
125.55,1864,4284,3665
125.70,1865,4272,3644
125.85,1850,4254,3645
126.00,1845,4243,3616
126.15,1838,4231,3605
126.30,1831,4213,3592
126.45,1824,4197,3577
126.60,1817,4179,3562
126.75,1822,4164,3562
126.90,1802,4156,3531
127.05,1804,4131,3528
127.20,1789,4113,3506
127.35,1792,4095,3505
127.50,1779,4083,3475
127.65,1761,4048,3452
127.80,1753,4032,3436
127.95,1748,4020,3440
128.10,1743,4011,3433
128.25,1732,3983,3412
128.40,1728,3975,3402
128.55,1718,3953,3370
128.70,1712,3940,3360
128.85,1708,3913,3345
129.00,1695,3899,3323
129.15,1686,3886,3324
129.30,1676,3855,3285
129.45,1658,3815,3251
129.60,1668,3813,3253
129.75,1648,3794,3232
129.90,1637,3777,3211
130.05,1633,3762,3211
130.20,1622,3734,3182
130.35,1613,3720,3161
130.50,1607,3698,3151
130.65,1599,3680,3135
130.80,1592,3665,3130
130.95,1593,3646,3106
131.10,1575,3626,3089
131.25,1564,3602,3068
131.40,1567,3590,3060
131.55,1560,3569,3050
131.70,1551,3558,3049
131.85,1549,3541,3015
132.00,1541,3525,3001
132.15,1524,3509,2988
132.30,1519,3492,2975
132.45,1513,3476,2963
132.60,1504,3462,2961
132.75,1503,3447,2950
132.90,1499,3424,2918
133.05,1482,3411,2907
133.20,1473,3406,2890
133.35,1467,3389,2884
133.50,1459,3357,2861
133.65,1449,3333,2841
133.80,1445,3323,2832
133.95,1438,3322,2823
134.10,1429,3289,2817
134.25,1431,3270,2787
134.40,1416,3260,2779
134.55,1407,3243,2759
134.70,1408,3213,2751
134.85,1389,3197,2725
135.00,1381,3191,2709
135.15,1372,3157,2690
135.30,1364,3150,2675
135.45,1355,3111,2652
135.60,1344,3093,2655
135.75,1333,3072,2614
135.90,1336,3048,2604
136.05,1317,3031,2589
136.20,1318,3010,2566
136.35,1301,2989,2564
136.50,1295,2974,2536
136.65,1285,2968,2519
136.80,1279,2938,2505
136.95,1269,2915,2504
137.10,1261,2899,2473
137.25,1252,2883,2452
137.40,1248,2869,2447
137.55,1235,2840,2423
137.70,1232,2844,2415
137.85,1227,2817,2403
138.00,1217,2803,2390
138.15,1214,2789,2379
138.30,1206,2782,2364
138.45,1214,2757,2370
138.60,1192,2740,2337
138.75,1187,2739,2340
138.90,1180,2712,2310
139.05,1172,2697,2311
139.20,1165,2674,2282
139.35,1169,2660,2276
139.50,1152,2656,2269
139.65,1140,2622,2236
139.80,1148,2604,2237
139.95,1126,2588,2223
140.10,1115,2575,2184
140.25,1112,2551,2175
140.40,1098,2521,2149
140.55,1098,2517,2151
140.70,1093,2502,2127
140.85,1080,2477,2114
141.00,1072,2473,2114
141.15,1062,2435,2077
141.30,1058,2415,2058
141.45,1043,2393,2041
141.60,1037,2377,2029
141.75,1027,2356,2012
141.90,1030,2351,1993
142.05,1010,2326,1975
142.20,1000,2296,1957
142.35,1004,2284,1937
142.50,987,2276,1942
142.65,975,2249,1908
142.80,973,2230,1920
142.95,965,2212,1889
143.10,959,2199,1876
143.25,953,2193,1875
143.40,951,2162,1850
143.55,938,2150,1835
143.70,933,2136,1827
143.85,925,2134,1809
144.00,919,2105,1798
144.15,922,2106,1803
144.30,901,2069,1763
144.45,909,2062,1776
144.60,893,2047,1748
144.75,889,2035,1736
144.90,884,2018,1733
145.05,886,2013,1719
145.20,867,1981,1699
145.35,874,1971,1682
145.50,854,1956,1671
145.65,843,1929,1647
145.80,849,1914,1633
145.95,834,1914,1632
146.10,824,1886,1612
146.25,813,1862,1591
146.40,810,1867,1598
146.55,801,1837,1564
146.70,795,1819,1551
146.85,786,1797,1533
147.00,779,1780,1533
147.15,777,1777,1506
147.30,762,1754,1486
147.45,750,1715,1476
147.60,744,1701,1462
147.75,749,1683,1432
147.90,744,1668,1440
148.05,738,1654,1412
148.20,730,1637,1412
148.35,714,1621,1397
148.50,715,1602,1365
148.65,694,1588,1362
148.80,701,1580,1338
148.95,688,1556,1323
149.10,677,1544,1313
149.25,670,1527,1306
149.40,663,1526,1278
149.55,658,1499,1263
149.70,653,1487,1256
149.85,662,1493,1245
150.00,641,1463,1243
150.15,638,1450,1209
150.30,632,1439,1205
150.45,638,1427,1219
150.60,622,1427,1198
150.75,616,1401,1170
150.90,610,1389,1176
151.05,616,1375,1151
151.20,609,1359,1141
151.35,598,1343,1133
151.50,595,1328,1126
151.65,577,1313,1110
151.80,582,1298,1114
151.95,565,1284,1090
152.10,560,1271,1083
152.25,556,1275,1073
152.40,550,1250,1063
152.55,544,1234,1075
152.70,540,1225,1047
152.85,532,1222,1033
153.00,528,1197,1039
153.15,522,1183,1008
153.30,523,1177,988
153.45,504,1142,961
153.60,509,1134,953
153.75,500,1124,927
153.90,495,1098,932
154.05,480,1088,932
154.20,473,1069,916
154.35,467,1060,899
154.50,459,1057,889
154.65,455,1028,874
154.80,450,1015,857
154.95,445,1023,867
155.10,446,1004,836
155.25,433,981,846
155.40,426,965,832
155.55,428,952,823
155.70,417,959,815
155.85,418,934,807
156.00,417,938,783
156.15,403,927,775
156.30,400,902,759
156.45,395,891,753
156.60,388,879,728
156.75,384,870,720
156.90,380,858,713
157.05,383,862,704
157.20,379,837,695
157.35,374,827,685
157.50,360,815,687
157.65,362,802,675
157.80,350,790,665
157.95,346,780,670
158.10,341,770,648
158.25,343,768,648
158.40,331,761,629
158.55,330,755,634
158.70,332,744,619
158.85,320,718,605
159.00,311,702,597
159.15,309,693,588
159.30,308,681,577
159.45,296,665,565
159.60,291,666,556
159.75,286,641,547
159.90,287,630,536
160.05,282,631,534
160.20,271,610,523
160.35,267,600,512
160.50,262,589,511
160.65,264,590,491
160.80,252,566,485
160.95,248,568,473
161.10,242,544,466
161.25,240,542,453
161.40,239,532,444
161.55,236,523,438
161.70,226,509,433
161.85,224,501,425
162.00,227,506,421
162.15,217,485,414
162.30,213,479,408
162.45,210,471,403
162.60,207,471,400
162.75,209,456,388
162.90,200,447,381
163.05,196,440,373
163.20,192,430,367
163.35,189,429,364
163.50,185,415,354
163.65,181,412,345
163.80,178,403,344
163.95,175,387,331
164.10,171,389,325
164.25,168,374,318
164.40,165,366,313
164.55,162,366,305
164.70,162,351,298
164.85,154,342,292
165.00,151,342,285
165.15,152,334,277
165.30,143,319,271
165.45,140,308,262
165.60,141,307,256
165.75,134,288,241
165.90,127,282,241
166.05,125,276,234
166.20,121,274,224
166.35,124,260,222
166.50,116,253,217
166.65,115,246,204
166.80,114,246,206
166.95,107,237,191
167.10,108,233,193
167.25,102,221,191
167.40,100,219,178
167.55,96,211,178
167.70,95,205,174
167.85,96,201,170
168.00,95,197,165
168.15,92,191,161
168.30,90,186,148
168.45,85,182,152
168.60,86,176,150
168.75,80,176,135
168.90,78,167,130
169.05,79,162,137
169.20,77,157,131
169.35,72,150,127
169.50,69,147,123
169.65,67,142,118
169.80,64,138,113
169.95,63,133,111
170.10,65,128,107
170.25,63,124,93
170.40,57,115,90
170.55,57,118,89
170.70,55,113,96
170.85,51,109,81
171.00,50,102,76
171.15,52,99,82
171.30,47,88,79
171.45,45,83,76
171.60,43,87,72
171.75,41,83,58
171.90,38,69,64
172.05,37,74,61
172.20,38,70,48
172.35,36,67,57
172.50,33,64,53
172.65,33,63,39
172.80,30,49,41
172.95,30,55,46
173.10,30,53,45
173.25,26,49,38
173.40,25,47,39
173.55,24,40,37
173.70,23,44,36
173.85,23,42,34
174.00,20,40,33
174.15,21,38,32
174.30,21,37,30
174.45,23,35,22
174.60,18,29,28
174.75,19,32,15
174.90,19,27,22
175.05,14,29,12
175.20,18,27,23
175.35,16,13,21
175.50,14,25,22
175.65,15,23,20
175.80,15,11,20
175.95,14,21,18
176.10,14,21,18
176.25,11,8,16
176.40,17,20,4
176.55,13,20,16
176.70,10,20,17
176.85,12,18,16
177.00,13,19,4
177.15,12,18,16
177.30,12,18,15
177.45,9,18,3
177.60,13,18,16
177.75,13,19,3
177.90,15,19,3
178.05,13,8,16
178.20,12,20,17
178.35,13,21,18
178.50,14,21,18
178.65,14,11,6
178.80,15,10,7
178.95,16,13,21
179.10,16,25,22
179.25,16,27,23
179.40,15,29,24
179.55,17,29,26
179.70,19,31,13
179.85,19,33,28
180.00,19,35,28
180.15,19,36,29
180.30,19,37,31
180.45,23,28,32
180.60,22,40,32
180.75,23,42,35
180.90,24,44,37
181.05,25,45,39
181.20,28,50,41
181.35,27,44,43
181.50,28,44,47
181.65,30,57,43
181.80,32,59,50
181.95,31,53,53
182.10,32,65,43
182.25,34,59,46
182.40,35,72,60
182.55,35,71,50
182.70,38,77,65
182.85,42,80,56
183.00,41,83,70
183.15,45,87,63
183.30,44,91,77
183.45,46,96,82
183.60,47,100,85
183.75,50,101,89
183.90,53,105,94
184.05,54,118,97
184.20,57,113,92
184.35,59,123,105
184.50,60,128,109
184.65,62,137,114
184.80,63,137,117
184.95,66,141,123
185.10,69,149,127
185.25,72,152,123
185.40,74,160,129
185.55,80,164,141
185.70,78,169,143
185.85,80,174,148
186.00,81,179,152
186.15,84,182,148
186.30,87,187,156
186.45,87,194,156
186.60,90,194,166
186.75,90,199,164
186.90,97,206,174
187.05,100,210,180
187.20,98,216,188
187.35,101,223,191
187.50,104,229,199
187.65,107,236,205
187.80,110,244,209
187.95,113,254,217
188.10,115,257,218
188.25,117,261,224
188.40,120,267,229
188.55,127,278,232
188.70,126,286,238
188.85,133,295,248
189.00,137,295,253
189.15,136,309,259
189.30,140,313,266
189.45,150,323,276
189.60,153,330,284
189.75,157,338,296
189.90,155,356,297
190.05,158,355,305
190.20,163,365,313
190.35,170,373,317
190.50,169,389,325
190.65,172,389,332
190.80,176,398,339
190.95,185,408,346
191.10,189,424,355
191.25,188,433,363
191.40,193,438,372
191.55,196,444,378
191.70,204,448,386
191.85,202,456,391
192.00,205,463,394
192.15,213,470,401
192.30,211,487,407
192.45,213,483,414
192.60,217,489,417
192.75,219,507,425
192.90,224,505,435
193.05,233,514,441
193.20,232,534,446
193.35,236,544,458
193.50,247,556,463
193.65,245,568,473
193.80,251,571,482
193.95,254,577,487
194.10,258,585,493
194.25,261,592,501
194.40,265,603,513
194.55,268,608,517
194.70,273,618,532
194.85,279,632,535
195.00,284,645,546
195.15,288,656,556
195.30,294,679,575
195.45,301,695,589
195.60,306,696,589
195.75,311,717,610
195.90,315,730,610
196.05,326,743,621
196.20,326,746,642
196.35,338,755,640
196.50,337,766,650
196.65,342,789,659
196.80,353,802,669
196.95,358,801,679
197.10,360,816,705
197.25,360,823,711
197.40,376,840,713
197.55,378,859,727
197.70,377,858,740
197.85,382,870,738
198.00,385,877,747
198.15,389,902,770
198.30,402,897,777
198.45,396,917,771
198.60,400,916,792
198.75,404,939,786
198.90,411,944,797
199.05,416,949,807
199.20,430,961,830
199.35,428,992,831
199.50,432,988,842
199.65,440,1015,869
199.80,455,1017,869
199.95,449,1028,874
200.10,454,1039,884
200.25,469,1050,893
200.40,474,1070,902
200.55,468,1071,912
200.70,475,1086,903
200.85,490,1114,917
201.00,493,1114,929
201.15,496,1132,944
201.30,500,1160,953
201.45,511,1168,974
201.60,517,1180,991
201.75,533,1195,1004
201.90,529,1210,1033
202.05,536,1224,1046
202.20,542,1240,1050
202.35,558,1253,1068
202.50,564,1266,1072
202.65,560,1297,1073
202.80,566,1313,1091
202.95,573,1323,1101
203.10,583,1347,1130
203.25,586,1348,1118
203.40,595,1360,1128
203.55,600,1388,1139
203.70,609,1381,1150
203.85,608,1394,1144
204.00,624,1402,1161
204.15,629,1413,1168
204.30,622,1422,1194
204.45,627,1447,1180
204.60,630,1446,1189
204.75,635,1457,1225
204.90,641,1483,1237
205.05,647,1484,1214
205.20,653,1500,1249
205.35,662,1517,1250
205.50,672,1533,1261
205.65,689,1554,1289
205.80,685,1589,1300
205.95,691,1600,1319
206.10,710,1601,1324
206.25,703,1611,1352
206.40,718,1627,1352
206.55,714,1637,1357
206.70,722,1654,1380
206.85,729,1673,1382
207.00,735,1687,1414
207.15,745,1706,1450
207.30,752,1725,1449
207.45,762,1749,1471
207.60,781,1771,1498
207.75,777,1786,1498
207.90,784,1800,1531
208.05,791,1813,1542
208.20,812,1832,1559
208.35,806,1850,1559
208.50,812,1867,1575
208.65,833,1898,1591
208.80,829,1900,1604
208.95,844,1915,1633
209.10,843,1936,1635
209.25,862,1950,1647
209.40,857,1983,1659
209.55,863,1983,1687
209.70,882,1993,1678
209.85,874,2007,1688
210.00,878,2016,1708
210.15,896,2026,1702
210.30,896,2039,1704
210.45,894,2050,1706
210.60,897,2063,1718
210.75,903,2074,1731
210.90,907,2090,1741
211.05,921,2105,1771
211.20,922,2124,1792
211.35,932,2154,1808
211.50,940,2175,1832
211.65,952,2194,1860
211.80,972,2202,1881
211.95,980,2220,1896
212.10,976,2252,1897
212.25,994,2262,1908
212.40,988,2283,1937
212.55,993,2283,1948
212.70,1003,2303,1966
212.85,1011,2331,1961
213.00,1016,2336,1975
213.15,1026,2369,1991
213.30,1034,2374,1994
213.45,1045,2417,2015
213.60,1063,2414,2021
213.75,1061,2437,2044
213.90,1069,2457,2078
214.05,1078,2489,2079
214.20,1100,2512,2106
214.35,1093,2511,2110
214.50,1103,2533,2129
214.65,1112,2554,2149
214.80,1121,2566,2153
214.95,1126,2589,2168
215.10,1138,2605,2181
215.25,1140,2624,2208
215.40,1149,2637,2222
215.55,1167,2669,2225
215.70,1173,2666,2253
215.85,1165,2693,2250
216.00,1170,2688,2258
216.15,1185,2715,2266
216.30,1180,2713,2276
216.45,1197,2725,2285
216.60,1189,2738,2323
216.75,1197,2753,2317
216.90,1214,2770,2347
217.05,1212,2801,2346
217.20,1219,2805,2362
217.35,1228,2824,2391
217.50,1249,2845,2410
217.65,1247,2863,2413
217.80,1258,2891,2436
217.95,1265,2917,2446
218.10,1276,2942,2477
218.25,1279,2940,2469
218.40,1298,2957,2482
218.55,1290,2980,2489
218.70,1300,2986,2517
218.85,1315,3021,2510
219.00,1322,3036,2533
219.15,1326,3047,2548
219.30,1338,3069,2551
219.45,1347,3095,2586
219.60,1366,3127,2598
219.75,1364,3134,2626
219.90,1375,3158,2644
220.05,1390,3172,2637
220.20,1389,3190,2649
220.35,1396,3211,2679
220.50,1410,3234,2680
220.65,1416,3252,2766
220.80,1432,3279,2794
220.95,1441,3300,2808
221.10,1438,3320,2826
221.25,1450,3323,2834
221.40,1454,3342,2845
221.55,1462,3358,2862
221.70,1466,3385,2866
221.85,1472,3385,2877
222.00,1476,3396,2897
222.15,1489,3409,2891
222.30,1487,3420,2899
222.45,1492,3432,2922
222.60,1497,3459,2932
222.75,1504,3463,2930
222.90,1510,3483,2942
223.05,1520,3497,2956
223.20,1529,3517,2969
223.35,1549,3549,2986
223.50,1547,3558,3003
223.65,1557,3583,3023
223.80,1567,3601,3043
223.95,1574,3617,3049
224.10,1590,3647,3080
224.25,1588,3650,3079
224.40,1595,3666,3094
224.55,1600,3680,3111
224.70,1614,3708,3136
224.85,1629,3722,3150
225.00,1628,3742,3193
225.15,1637,3774,3194
225.30,1645,3792,3212
225.45,1657,3810,3237
225.60,1664,3825,3253
225.75,1683,3846,3274
225.90,1686,3878,3314
226.05,1688,3881,3320
226.20,1699,3921,3344
226.35,1706,3927,3343
226.50,1713,3940,3355
226.65,1732,3962,3373
226.80,1728,3985,3385
226.95,1746,4012,3423
227.10,1754,4020,3416
227.25,1752,4028,3436
227.40,1760,4042,3450
227.55,1765,4068,3478
227.70,1774,4080,3485
227.85,1782,4094,3500
228.00,1797,4106,3511
228.15,1801,4120,3524
228.30,1797,4133,3536
228.45,1803,4143,3549
228.60,1810,4159,3563
228.75,1816,4173,3594
228.90,1822,4187,3595
229.05,1828,4206,3622
229.20,1839,4234,3626
229.35,1846,4243,3660
229.50,1854,4258,3662
229.65,1862,4293,3685
229.80,1878,4309,3694
229.95,1876,4311,3722
230.10,1895,4330,3739
230.25,1894,4366,3742
230.40,1903,4368,3757
230.55,1918,4395,3773
230.70,1921,4410,3795
230.85,1927,4423,3810
231.00,1935,4451,3825
231.15,1941,4464,3853
231.30,1963,4487,3866
231.45,1965,4514,3894
231.60,1968,4523,3904
231.75,1979,4557,3922
231.90,1989,4573,3961
232.05,1992,4582,3972
232.20,2003,4600,3988
232.35,2019,4619,4006
232.50,2018,4650,4021
232.65,2026,4658,4039
232.80,2032,4665,4031
232.95,2050,4692,4054
233.10,2047,4713,4062
233.25,2053,4729,4093
233.40,2062,4736,4096
233.55,2069,4748,4120
233.70,2080,4760,4117
233.85,2076,4783,4130
234.00,2080,4781,4140
234.15,2084,4792,4145
234.30,2089,4805,4156
234.45,2093,4829,4162
234.60,2098,4840,4172
234.75,2101,4842,4199
234.90,2107,4857,4196
235.05,2118,4884,4221
235.20,2133,4891,4243
235.35,2141,4918,4245
235.50,2143,4927,4276
235.65,2152,4957,4280
235.80,2161,4970,4299
235.95,2169,5000,4333
236.10,2186,5002,4344
236.25,2185,5029,4343
236.40,2188,5031,4371
236.55,2198,5049,4376
236.70,2202,5061,4397
236.85,2211,5079,4398
237.00,2225,5094,4410
237.15,2227,5115,4429
237.30,2234,5136,4448
237.45,2243,5166,4479
237.60,2250,5175,4479
237.75,2258,5189,4492
237.90,2265,5210,4513
238.05,2271,5223,4537
238.20,2280,5243,4552
238.35,2287,5268,4554
238.50,2293,5283,4566
238.65,2309,5286,4592
238.80,2312,5299,4588
238.95,2311,5318,4608
239.10,2321,5329,4628
239.25,2326,5347,4628
239.40,2331,5362,4640
239.55,2346,5378,4670
239.70,2350,5387,4678
239.85,2348,5395,4668
240.00,2349,5409,4676
240.15,2355,5414,4683
240.30,2359,5428,4691
240.45,2361,5445,4698
240.60,2366,5446,4711
240.75,2369,5459,4730
240.90,2373,5472,4725
241.05,2382,5485,4751
241.20,2388,5501,4755
241.35,2396,5518,4773
241.50,2403,5533,4779
241.65,2413,5547,4807
241.80,2419,5568,4810
241.95,2428,5583,4837
242.10,2434,5611,4850
242.25,2439,5612,4847
242.40,2444,5624,4856
242.55,2450,5649,4879
242.70,2456,5651,4876
242.85,2463,5668,4903
243.00,2476,5692,4915
243.15,2478,5707,4930
243.30,2482,5722,4942
243.45,2500,5733,4949
243.60,2499,5750,4977
243.75,2504,5756,4970
243.90,2509,5775,4986
244.05,2518,5793,5000
244.20,2523,5802,5014
244.35,2529,5819,5025
244.50,2535,5831,5039
244.65,2541,5844,5062
244.80,2545,5868,5069
244.95,2558,5872,5069
245.10,2559,5886,5095
245.25,2562,5896,5088
245.40,2576,5923,5101
245.55,2574,5920,5109
245.70,2576,5928,5114
245.85,2578,5936,5119
246.00,2582,5953,5123
246.15,2584,5960,5127
246.30,2586,5960,5133
246.45,2595,5967,5139
246.60,2592,5978,5146
246.75,2600,5989,5152
246.90,2607,6000,5173
247.05,2606,6010,5170
247.20,2614,6023,5181
247.35,2620,6036,5195
247.50,2629,6050,5205
247.65,2633,6063,5224
247.80,2638,6079,5230
247.95,2653,6102,5253
248.10,2652,6102,5248
248.25,2655,6121,5252
248.40,2662,6121,5273
248.55,2663,6135,5265
248.70,2669,6146,5276
248.85,2674,6153,5284
249.00,2680,6165,5288
249.15,2684,6180,5298
249.30,2690,6191,5306
249.45,2697,6203,5316
249.60,2699,6214,5321
249.75,2708,6228,5333
249.90,2714,6255,5341
250.05,2719,6252,5347
250.20,2723,6267,5370
250.35,2733,6284,5360
250.50,2731,6285,5367
250.65,2736,6294,5375
250.80,2739,6304,5369
250.95,2746,6317,5381
251.10,2750,6337,5392
251.25,2758,6331,5407
251.40,2757,6345,5400
251.55,2762,6350,5399
251.70,2769,6358,5412
251.85,2770,6364,5404
252.00,2766,6370,5402
252.15,2770,6377,5419
252.30,2776,6395,5410
252.45,2772,6403,5414
252.60,2775,6407,5424
252.75,2778,6407,5433
252.90,2780,6416,5450
253.05,2787,6422,5440
253.20,2791,6446,5448
253.35,2796,6454,5454
253.50,2801,6452,5464
253.65,2806,6470,5475
253.80,2813,6481,5494
253.95,2817,6482,5498
254.10,2821,6492,5497
254.25,2822,6509,5497
254.40,2827,6502,5502
254.55,2827,6508,5507
254.70,2837,6522,5513
254.85,2841,6528,5516
255.00,2844,6537,5548
255.15,2849,6555,5531
255.30,2846,6552,5526
255.45,2854,6568,5547
255.60,2856,6575,5541
255.75,2862,6580,5541
255.90,2862,6587,5541
256.05,2866,6593,5518
256.20,2869,6602,5561
256.35,2871,6610,5566
256.50,2875,6628,5598
256.65,2876,6623,5597
256.80,2880,6627,5619
256.95,2883,6638,5611
257.10,2886,6642,5616
257.25,2888,6646,5620
257.40,2897,6662,5624
257.55,2892,6666,5627
257.70,2894,6672,5628
257.85,2898,6668,5631
258.00,2902,6670,5639
258.15,2898,6676,5647
258.30,2901,6681,5646
258.45,2905,6695,5642
258.60,2898,6691,5647
258.75,2901,6704,5651
258.90,2906,6697,5671
259.05,2911,6702,5676
259.20,2910,6719,5665
259.35,2914,6721,5674
259.50,2919,6728,5679
259.65,2918,6734,5681
259.80,2923,6738,5698
259.95,2929,6733,5688
260.10,2933,6738,5687
260.25,2928,6739,5690
260.40,2937,6746,5720
260.55,2937,6757,5713
260.70,2934,6751,5723
260.85,2940,6765,5730
261.00,2937,6770,5739
261.15,2944,6765,5758
261.30,2942,6770,5765
261.45,2944,6780,5756
261.60,2948,6780,5761
261.75,2945,6783,5765
261.90,2949,6794,5769
262.05,2958,6791,5771
262.20,2952,6791,5790
262.35,2953,6803,5792
262.50,2955,6800,5796
262.65,2956,6805,5805
262.80,2957,6804,5812
262.95,2964,6807,5823
263.10,2962,6810,5823
263.25,2961,6825,5811
263.40,2967,6825,5810
263.55,2963,6817,5807
263.70,2963,6819,5804
263.85,2964,6833,5772
264.00,2969,6821,5668
264.15,2962,6825,5720
264.30,2964,6828,5728
264.45,2971,6830,5723
264.60,2970,6832,5713
264.75,2962,6835,5704
264.90,2964,6838,5714
265.05,2970,6836,5719
265.20,2973,6839,5726
265.35,2970,6847,5726
265.50,2972,6841,5718
265.65,2971,6839,5724
265.80,2979,6842,5716
265.95,2974,6843,5719
266.10,2974,6842,5765
266.25,2974,6839,5739
266.40,2974,6843,5719
266.55,2974,6845,5708
266.70,2974,6844,5725
266.85,2974,6854,5709
267.00,2976,6855,5720
267.15,2975,6847,5703
267.30,2976,6849,5697
267.45,2976,6858,5713
267.60,2976,6846,5744
267.75,2980,6850,5707
267.90,2975,6849,5691
268.05,2981,6848,5717
268.20,2975,6846,5749
268.35,2978,6855,5742
268.50,2976,6846,5753
268.65,2974,6853,5767
268.80,2973,6844,5763
268.95,2980,6849,5754
269.10,2974,6845,5778
269.25,2979,6844,5762
269.40,2978,6841,5762
269.55,2973,6843,5779
269.70,2973,6838,5793
269.85,2977,6841,5777
270.00,2969,6847,5790
270.15,2968,6836,5768
270.30,2968,6845,5763
270.45,2966,6842,5750
270.60,2964,6831,5760
270.75,2964,6828,5768
270.90,2963,6836,5756
271.05,2966,6823,5757
271.20,2963,6827,5704
271.35,2963,6824,5697
271.50,2963,6831,5737
271.65,2962,6829,5713
271.80,2967,6818,5698
271.95,2964,6827,5689
272.10,2960,6812,5722
272.25,2957,6813,5766
272.40,2963,6813,5761
272.55,2955,6808,5773
272.70,2954,6802,5786
272.85,2958,6800,5773
273.00,2952,6795,5773
273.15,2951,6792,5784
273.30,2947,6790,5767
273.45,2945,6781,5761
273.60,2943,6780,5779
273.75,2940,6772,5790
273.90,2939,6780,5774
274.05,2938,6767,5779
274.20,2940,6761,5775
274.35,2933,6757,5770
274.50,2933,6753,5766
274.65,2929,6755,5762
274.80,2928,6744,5773
274.95,2926,6738,5752
275.10,2924,6733,5747
275.25,2924,6728,5742
275.40,2921,6727,5739
275.55,2924,6718,5748
275.70,2917,6726,5746
275.85,2914,6711,5724
276.00,2914,6716,5729
276.15,2909,6702,5718
276.30,2908,6700,5690
276.45,2906,6696,5674
276.60,2902,6701,5705
276.75,2900,6686,5675
276.90,2897,6681,5673
277.05,2895,6674,5642
277.20,2896,6669,5622
277.35,2899,6661,5645
277.50,2896,6653,5643
277.65,2889,6646,5653
277.80,2885,6649,5623
277.95,2881,6633,5621
278.10,2880,6625,5619
278.25,2877,6617,5606
278.40,2874,6612,5590
278.55,2872,6616,5525
278.70,2866,6607,5471
278.85,2864,6591,5460
279.00,2868,6583,5525
279.15,2856,6575,5515
279.30,2854,6575,5507
279.45,2851,6558,5511
279.60,2843,6544,5526
279.75,2839,6536,5508
279.90,2844,6529,5495
280.05,2839,6518,5477
280.20,2835,6520,5454
280.35,2826,6502,5431
280.50,2830,6493,5407
280.65,2816,6494,5405
280.80,2821,6477,5419
280.95,2818,6480,5441
281.10,2814,6456,5416
281.25,2811,6458,5406
281.40,2804,6441,5403
281.55,2800,6427,5395
281.70,2797,6425,5403
281.85,2795,6419,5401
282.00,2793,6425,5426
282.15,2791,6422,5423
282.30,2787,6407,5439
282.45,2786,6400,5429
282.60,2774,6394,5425
282.75,2776,6384,5401
282.90,2772,6375,5409
283.05,2762,6366,5383
283.20,2767,6352,5383
283.35,2761,6338,5360
283.50,2758,6326,5362
283.65,2747,6323,5350
283.80,2739,6299,5337
283.95,2737,6295,5331
284.10,2733,6285,5319
284.25,2728,6276,5325
284.40,2723,6265,5314
284.55,2727,6266,5294
284.70,2716,6250,5296
284.85,2712,6238,5271
285.00,2706,6223,5272
285.15,2701,6213,5247
285.30,2697,6202,5232
285.45,2689,6186,5218
285.60,2682,6173,5206
285.75,2680,6162,5208
285.90,2681,6152,5186
286.05,2667,6139,5174
286.20,2670,6128,5177
286.35,2658,6113,5163
286.50,2653,6101,5139
286.65,2645,6086,5128
286.80,2649,6078,5135
286.95,2642,6067,5113
287.10,2629,6053,5116
287.25,2627,6047,5106
287.40,2622,6032,5111
287.55,2613,6026,5099
287.70,2619,6011,5093
287.85,2617,6002,5075
288.00,2605,6002,5072
288.15,2600,5983,5078
288.30,2595,5976,5066
288.45,2600,5969,5051
288.60,2595,5960,5045
288.75,2589,5946,5050
288.90,2578,5936,5027
289.05,2575,5926,5019
289.20,2567,5912,5003
289.35,2562,5897,5002
289.50,2558,5880,4978
289.65,2548,5869,4968
289.80,2543,5855,4959
289.95,2544,5854,4949
290.10,2533,5827,4938
290.25,2535,5827,4928
290.40,2528,5806,4927
290.55,2518,5799,4909
290.70,2510,5775,4890
290.85,2506,5774,4899
291.00,2501,5754,4874
291.15,2490,5733,4875
291.30,2485,5730,4864
291.45,2485,5702,4851
291.60,2479,5686,4847
291.75,2465,5669,4811
291.90,2462,5655,4798
292.05,2451,5654,4808
292.20,2442,5621,4807
292.35,2438,5612,4793
292.50,2431,5594,4779
292.65,2430,5575,4770
292.80,2425,5566,4761
292.95,2408,5548,4761
293.10,2404,5534,4740
293.25,2401,5523,4744
293.40,2392,5507,4732
293.55,2388,5496,4707
293.70,2391,5486,4701
293.85,2379,5484,4705
294.00,2374,5479,4685
294.15,2370,5470,4676
294.30,2366,5448,4686
294.45,2360,5438,4661
294.60,2363,5440,4653
294.75,2350,5418,4643
294.90,2351,5401,4630
295.05,2337,5387,4620
295.20,2330,5369,4606
295.35,2322,5363,4592
295.50,2316,5346,4579
295.65,2309,5325,4564
295.80,2308,5296,4549
295.95,2294,5283,4539
296.10,2289,5282,4528
296.25,2291,5259,4518
296.40,2277,5241,4504
296.55,2273,5231,4494
296.70,2262,5209,4489
296.85,2265,5209,4483
297.00,2258,5190,4453
297.15,2242,5173,4440
297.30,2236,5159,4427
297.45,2226,5123,4410
297.60,2219,5106,4406
297.75,2210,5089,4381
297.90,2205,5081,4377
298.05,2196,5050,4347
298.20,2196,5045,4334
298.35,2181,5030,4318
298.50,2175,5004,4319
298.65,2167,4984,4303
298.80,2158,4982,4290
298.95,2148,4945,4258
299.10,2145,4935,4247
299.25,2141,4922,4253
299.40,2139,4903,4222
299.55,2123,4885,4207
299.70,2118,4884,4213
299.85,2114,4873,4189
300.00,2109,4854,4194
300.15,2111,4856,4189
300.30,2099,4835,4164
300.45,2103,4822,4154
300.60,2088,4810,4155
300.75,2082,4799,4131
300.90,2084,4782,4132
301.05,2067,4765,4118
301.20,2062,4759,4088
301.35,2062,4729,4087
301.50,2046,4708,4056
301.65,2038,4700,4039
301.80,2028,4665,4020
301.95,2030,4650,4008
302.10,2013,4634,4007
302.25,2009,4615,3980
302.40,2000,4600,3964
302.55,1996,4601,3970
302.70,1995,4572,3938
302.85,1987,4552,3938
303.00,1981,4547,3906
303.15,1971,4514,3890
303.30,1955,4506,3871
303.45,1945,4476,3857
303.60,1935,4449,3849
303.75,1936,4434,3820
303.90,1917,4412,3802
304.05,1910,4393,3784
304.20,1902,4371,3766
304.35,1894,4370,3755
304.50,1886,4334,3733
304.65,1876,4329,3733
304.80,1872,4314,3706
304.95,1864,4301,3693
305.10,1863,4261,3671
305.25,1855,4260,3672
305.40,1849,4231,3642
305.55,1833,4224,3642
305.70,1836,4210,3627
305.85,1821,4200,3605
306.00,1819,4191,3597
306.15,1821,4164,3586
306.30,1804,4152,3574
306.45,1800,4154,3564
306.60,1794,4143,3553
306.75,1787,4112,3538
306.90,1779,4108,3525
307.05,1773,4089,3524
307.20,1764,4058,3508
307.35,1756,4037,3476
307.50,1757,4028,3474
307.65,1737,3996,3454
307.80,1729,3972,3422
307.95,1722,3957,3408
308.10,1714,3952,3392
308.25,1707,3936,3385
308.40,1702,3914,3384
308.55,1695,3910,3355
308.70,1688,3882,3339
308.85,1678,3865,3325
309.00,1672,3842,3308
309.15,1664,3835,3305
309.30,1663,3812,3269
309.45,1643,3776,3265
309.60,1643,3769,3232
309.75,1626,3738,3215
309.90,1624,3712,3193
310.05,1606,3694,3177
310.20,1600,3678,3164
310.35,1601,3670,3148
310.50,1584,3641,3133
310.65,1574,3620,3113
310.80,1568,3603,3115
310.95,1562,3601,3087
311.10,1551,3563,3064
311.25,1541,3555,3049
311.40,1534,3530,3037
311.55,1539,3516,3024
311.70,1525,3499,3013
311.85,1515,3496,3011
312.00,1508,3469,2998
312.15,1504,3455,2973
312.30,1497,3442,2962
312.45,1503,3436,2965
312.60,1485,3431,2952
312.75,1478,3400,2922
312.90,1472,3383,2907
313.05,1463,3366,2893
313.20,1456,3345,2892
313.35,1448,3340,2858
313.50,1452,3313,2860
313.65,1441,3301,2827
313.80,1425,3273,2828
313.95,1416,3268,2811
314.10,1406,3231,2777
314.25,1399,3216,2759
314.40,1391,3212,2762
314.55,1386,3199,2738
314.70,1372,3152,2720
314.85,1368,3146,2714
315.00,1361,3124,2684
315.15,1358,3113,2661
315.30,1343,3086,2648
315.45,1331,3061,2626
315.60,1323,3039,2624
315.75,1325,3019,2590
315.90,1303,2994,2569
316.05,1297,2995,2570
316.20,1297,2952,2531
316.35,1280,2940,2537
316.50,1271,2937,2507
316.65,1272,2913,2485
316.80,1257,2887,2475
316.95,1246,2877,2455
317.10,1240,2847,2453
317.25,1232,2834,2428
317.40,1235,2811,2422
317.55,1217,2807,2392
317.70,1210,2781,2376
317.85,1216,2774,2368
318.00,1197,2753,2367
318.15,1193,2741,2356
318.30,1187,2737,2328
318.45,1193,2714,2317
318.60,1186,2702,2304
318.75,1169,2683,2290
318.90,1161,2666,2290
319.05,1153,2663,2260
319.20,1156,2642,2256
319.35,1138,2611,2224
319.50,1141,2593,2222
319.65,1122,2580,2192
319.80,1125,2555,2189
319.95,1107,2540,2177
320.10,1100,2524,2149
320.25,1092,2521,2132
320.40,1085,2506,2132
320.55,1081,2481,2106
320.70,1083,2473,2089
320.85,1077,2457,2074
321.00,1056,2436,2058
321.15,1046,2400,2054
321.30,1039,2398,2028
321.45,1040,2358,2020
321.60,1021,2355,1990
321.75,1013,2337,1978
321.90,1004,2305,1961
322.05,995,2296,1956
322.20,983,2272,1935
322.35,993,2248,1926
322.50,973,2228,1907
322.65,964,2211,1877
322.80,959,2214,1865
322.95,950,2193,1861
323.10,954,2160,1841
323.25,936,2159,1807
323.40,929,2131,1806
323.55,919,2106,1767
323.70,914,2094,1769
323.85,908,2085,1751
324.00,904,2074,1726
324.15,899,2078,1734
324.30,895,2065,1726
324.45,889,2040,1720
324.60,897,2027,1690
324.75,877,2029,1694
324.90,872,1999,1691
325.05,864,1981,1659
325.20,870,1979,1646
325.35,850,1948,1630
325.50,841,1944,1615
325.65,847,1911,1616
325.80,836,1889,1604
325.95,818,1888,1590
326.10,825,1861,1581
326.25,802,1840,1563
326.40,812,1832,1558
326.55,807,1833,1548
326.70,787,1820,1536
326.85,780,1802,1536
327.00,772,1772,1523
327.15,765,1753,1506
327.30,770,1734,1475
327.45,760,1729,1456
327.60,739,1709,1456
327.75,730,1691,1425
327.90,734,1655,1422
328.05,727,1640,1395
328.20,721,1623,1394
328.35,713,1606,1363
328.50,696,1597,1352
328.65,702,1582,1350
328.80,685,1567,1317
328.95,690,1553,1323
329.10,682,1537,1295
329.25,665,1540,1285
329.40,660,1511,1271
329.55,653,1508,1257
329.70,648,1494,1246
329.85,654,1487,1236
330.00,636,1458,1243
330.15,632,1463,1219
330.30,639,1437,1224
330.45,635,1428,1215
330.60,618,1433,1206
330.75,613,1420,1194
330.90,619,1393,1168
331.05,602,1379,1155
331.20,595,1365,1145
331.35,588,1362,1133
331.50,592,1332,1134
331.65,574,1330,1107
331.80,568,1299,1094
331.95,563,1289,1098
332.10,566,1291,1073
332.25,551,1261,1059
332.40,545,1261,1061
332.55,539,1235,1034
332.70,533,1224,1018
332.85,526,1219,1006
333.00,519,1201,991
333.15,511,1173,984
333.30,506,1170,983
333.45,499,1138,969
333.60,498,1119,937
333.75,486,1126,932
333.90,478,1110,934
334.05,472,1090,922
334.20,466,1066,896
334.35,461,1052,887
334.50,455,1040,874
334.65,449,1026,863
334.80,452,1013,851
334.95,439,1017,841
335.10,431,987,841
335.25,428,993,822
335.40,421,962,809
335.55,417,968,814
335.70,413,959,794
335.85,417,933,784
336.00,405,923,775
336.15,402,915,769
336.30,397,908,775
336.45,395,900,755
336.60,390,905,746
336.75,393,880,737
336.90,381,884,728
337.05,376,857,718
337.20,371,845,706
337.35,365,831,696
337.50,359,819,685
337.65,352,817,684
337.80,348,790,673
337.95,342,778,652
338.10,336,764,652
338.25,339,755,642
338.40,333,741,621
338.55,331,737,616
338.70,317,736,605
338.85,314,725,597
339.00,309,712,586
339.15,302,698,574
339.30,295,670,571
339.45,291,672,562
339.60,286,660,545
339.75,281,636,541
339.90,275,633,528
340.05,271,619,519
340.20,264,600,499
340.35,262,593,499
340.50,263,582,489
340.65,253,572,481
340.80,248,562,473
340.95,244,549,457
341.10,244,551,454
341.25,242,532,442
341.40,236,521,433
341.55,232,511,426
341.70,224,506,422
341.85,222,500,418
342.00,219,495,412
342.15,221,498,405
342.30,214,482,399
342.45,211,478,396
342.60,213,478,390
342.75,204,464,382
342.90,206,454,375
343.05,197,445,368
343.20,193,435,359
343.35,194,434,352
343.50,189,423,344
343.65,185,406,336
343.80,181,403,326
343.95,173,387,319
344.10,174,378,312
344.25,166,374,308
344.40,162,370,307
344.55,159,364,297
344.70,157,350,296
344.85,157,343,291
345.00,147,338,286
345.15,143,325,268
345.30,139,319,261
345.45,136,309,258
345.60,135,299,254
345.75,135,291,247
345.90,131,289,238
346.05,124,279,226
346.20,120,272,220
346.35,115,257,216
346.50,114,252,213
346.65,113,247,208
346.80,110,241,203
346.95,106,240,200
347.10,101,222,187
347.25,100,224,180
347.40,95,210,178
347.55,98,208,169
347.70,97,205,172
347.85,96,201,170
348.00,94,198,167
348.15,92,195,162
348.30,87,191,159
348.45,86,186,156
348.60,84,182,152
348.75,82,176,140
348.90,80,172,144
349.05,77,166,131
349.20,76,160,126
349.35,75,154,121
349.50,73,148,125
349.65,67,144,111
349.80,65,137,105
349.95,66,132,110
350.10,62,130,106
350.25,60,118,98
350.40,56,114,98
350.55,58,116,95
350.70,53,106,82
350.85,51,102,89
351.00,50,104,86
351.15,48,99,82
351.30,49,94,68
351.45,46,92,73
351.60,44,77,69
351.75,43,81,67
351.90,38,68,64
352.05,37,74,62
352.20,34,69,46
352.35,34,67,45
352.50,34,55,42
352.65,32,61,51
352.80,31,58,38
352.95,30,56,46
353.10,26,52,43
353.25,27,52,42
353.40,26,39,40
353.55,24,46,38
353.70,23,35,37
353.85,22,42,35
354.00,23,31,22
354.15,22,30,33
354.30,20,39,32
354.45,20,27,32
354.60,21,36,18
354.75,19,34,28
354.90,19,33,28
355.05,16,31,26
355.20,17,18,25
355.35,14,17,24
355.50,16,26,21
355.65,13,25,20
355.80,15,12,20
355.95,14,11,19
356.10,15,23,5
356.25,14,20,17
356.40,14,19,17
356.55,14,20,16
356.70,10,20,16
356.85,9,6,15
357.00,9,19,3
357.15,9,6,15
357.30,13,6,15
357.45,12,18,15
357.60,13,6,15
357.75,13,7,17
357.90,13,8,3
358.05,10,9,18
358.20,10,20,17
358.35,13,20,5
358.50,14,10,19
358.65,14,23,19
358.80,15,12,7
358.95,15,25,20
359.10,16,15,22
359.25,13,26,23
359.40,17,17,12
359.55,17,30,13
359.70,17,30,13
359.85,19,31,26
360.00,17,32,28