0.00,2193,1839,2145
0.15,2188,1836,2140
0.30,2180,1829,2133
0.45,2171,1821,2125
0.60,2160,1810,2112
0.75,2148,1802,2101
0.90,2132,1788,2084
1.05,2126,1782,2079
1.20,2113,1772,2066
1.35,2100,1763,2054
1.50,2083,1746,2037
1.65,2069,1736,2024
1.80,2062,1731,2018
1.95,2050,1719,2003
2.10,2040,1710,1994
2.25,2034,1706,1991
2.40,2027,1699,1981
2.55,2014,1688,1969
2.70,2006,1681,1962
2.85,1977,1658,1934
3.00,1980,1659,1934
3.15,1970,1650,1925
3.30,1964,1647,1921
3.45,1956,1641,1913
3.60,1949,1633,1906
3.75,1943,1627,1898
3.90,1933,1621,1890
4.05,1926,1614,1881
4.20,1919,1607,1874
4.35,1911,1600,1867
4.50,1901,1592,1857
4.65,1892,1584,1847
4.80,1883,1577,1839
4.95,1872,1567,1830
5.10,1861,1559,1819
5.25,1850,1550,1808
5.40,1841,1543,1800
5.55,1830,1533,1787
5.70,1820,1525,1778
5.85,1804,1511,1762
6.00,1795,1503,1754
6.15,1783,1493,1742
6.30,1777,1488,1735
6.45,1770,1481,1727
6.60,1744,1461,1704
6.75,1745,1461,1704
6.90,1734,1452,1693
7.05,1724,1443,1684
7.20,1714,1436,1674
7.35,1694,1419,1655
7.50,1680,1408,1642
7.65,1676,1405,1639
7.80,1649,1384,1614
7.95,1650,1385,1615
8.10,1634,1372,1600
8.25,1623,1363,1589
8.40,1617,1357,1583
8.55,1611,1351,1575
8.70,1603,1344,1569
8.85,1585,1330,1551
9.00,1577,1322,1543
9.15,1572,1318,1537
9.30,1557,1305,1523
9.45,1549,1300,1514
9.60,1545,1295,1509
9.75,1537,1289,1503
9.90,1530,1282,1496
10.05,1522,1275,1487
10.20,1514,1269,1480
10.35,1507,1262,1473
10.50,1499,1255,1464
10.65,1489,1246,1455
10.80,1480,1239,1447
10.95,1469,1230,1437
11.10,1458,1222,1426
11.25,1447,1213,1417
11.40,1438,1205,1406
11.55,1426,1196,1394
11.70,1416,1188,1385
11.85,1405,1178,1375
12.00,1399,1175,1368
12.15,1391,1166,1363
12.30,1382,1159,1353
12.45,1376,1154,1345
12.60,1358,1138,1329
12.75,1348,1131,1320
12.90,1333,1118,1304
13.05,1332,1116,1302
13.20,1317,1104,1289
13.35,1300,1089,1272
13.50,1294,1084,1265
13.65,1273,1066,1245
13.80,1273,1067,1244
13.95,1264,1059,1237
14.10,1248,1045,1221
14.25,1245,1042,1217
14.40,1234,1034,1207
14.55,1226,1026,1198
14.70,1217,1019,1190
14.85,1207,1011,1181
15.00,1195,1000,1169
15.15,1187,994,1160
15.30,1172,982,1146
15.45,1167,978,1142
15.60,1163,974,1137
15.75,1157,967,1131
15.90,1151,961,1125
16.05,1144,958,1118
16.20,1137,951,1112
16.35,1131,946,1105
16.50,1123,939,1097
16.65,1114,932,1089
16.80,1105,924,1080
16.95,1098,919,1071
17.10,1087,909,1061
17.25,1077,901,1053
17.40,1068,894,1042
17.55,1055,882,1031
17.70,1045,873,1022
17.85,1037,867,1014
18.00,1026,859,1003
18.15,1018,852,995
18.30,1015,850,992
18.45,1005,841,983
18.60,999,837,976
18.75,989,828,967
18.90,976,817,954
19.05,969,810,946
19.20,955,798,933
19.35,945,790,924
19.50,928,775,907
19.65,926,775,905
19.80,916,767,895
19.95,906,759,885
20.10,899,751,878
20.25,890,745,870
20.40,881,738,861
20.55,872,730,853
20.70,866,723,846
20.85,855,715,835
21.00,850,710,829
21.15,838,702,819
21.30,826,691,807
21.45,826,691,807
21.60,820,686,800
21.75,813,679,793
21.90,807,675,788
22.05,800,670,782
22.20,794,665,775
22.35,789,659,769
22.50,782,653,762
22.65,776,648,756
22.80,767,641,749
22.95,760,634,741
23.10,751,628,733
23.25,742,621,724
23.40,734,614,715
23.55,723,605,706
23.70,714,598,696
23.85,710,594,693
24.00,703,588,686
24.15,694,581,678
24.30,688,576,670
24.45,680,569,663
24.60,670,562,654
24.75,658,551,642
24.90,652,546,636
25.05,645,540,628
25.20,633,529,617
25.35,623,521,608
25.50,616,516,600
25.65,608,508,592
25.80,600,503,586
25.95,587,491,571
26.10,582,486,567
26.25,574,479,558
26.40,571,476,556
26.55,564,471,550
26.70,556,463,541
26.85,545,452,530
27.00,544,455,529
27.15,538,448,523
27.30,529,440,514
27.45,523,437,509
27.60,520,434,504
27.75,515,429,501
27.90,511,427,496
28.05,505,419,490
28.20,500,417,486
28.35,494,410,481
28.50,489,409,476
28.65,483,404,470
28.80,476,394,463
28.95,469,392,456
29.10,463,382,450
29.25,457,381,441
29.40,450,375,435
29.55,441,364,428
29.70,434,362,418
29.85,422,349,408
30.00,420,346,405
30.15,410,342,398
30.30,404,335,394
30.45,402,336,390
30.60,393,330,384
30.75,391,321,379
30.90,379,314,371
31.05,371,312,358
31.20,370,302,353
31.35,355,297,339
31.50,353,288,337
31.65,343,291,332
31.80,341,285,330
31.95,335,279,319
32.10,327,273,317
32.25,325,270,314
32.40,319,258,308
32.55,313,261,296
32.70,308,256,297
32.85,296,251,285
33.00,291,235,274
33.15,290,241,280
33.30,283,228,274
33.45,281,234,264
33.60,278,224,269
33.75,268,229,265
33.90,271,217,262
34.05,260,222,250
34.20,264,219,255
34.35,254,216,251
34.50,256,213,247
34.65,252,209,235
34.80,246,205,230
34.95,234,200,225
35.10,236,196,228
35.25,232,192,214
35.40,218,188,218
35.55,220,174,212
35.70,215,168,207
35.85,210,174,193
36.00,197,170,188
36.15,202,168,195
36.30,198,165,181
36.45,187,162,179
36.60,187,155,179
36.75,185,154,178
36.90,181,139,173
37.05,172,142,156
37.20,165,137,158
37.35,165,137,157
37.50,161,133,153
37.65,155,118,149
37.80,143,126,146
37.95,147,111,130
38.10,142,117,135
38.25,140,104,133
38.40,126,102,130
38.55,128,94,123
38.70,127,105,122
38.85,125,92,119
39.00,113,90,117
39.15,119,98,102
39.30,116,85,110
39.45,113,94,108
39.60,111,80,94
39.75,109,78,104
39.90,107,88,101
40.05,104,86,99
40.20,92,84,96
40.35,89,82,94
40.50,97,68,81
40.65,95,78,89
40.80,92,76,86
40.95,89,61,84
41.10,86,70,80
41.25,71,68,78
41.40,68,65,62
41.55,76,62,71
41.70,61,59,68
41.85,71,46,54
42.00,56,56,64
42.15,63,50,58
42.30,50,38,58
42.45,50,51,44
42.60,59,48,54
42.75,56,46,52
42.90,39,28,35
43.05,39,41,47
43.20,36,39,44
43.35,32,37,42
43.50,44,22,28
43.65,29,33,37
43.80,38,31,34
43.95,38,30,20
44.10,21,28,31
44.25,34,27,17
44.40,19,26,16
44.55,18,25,14
44.70,30,10,26
44.85,26,20,22
45.00,26,7,22
45.15,24,18,20
45.30,24,5,20
45.45,10,18,20
45.60,23,4,5
45.75,22,3,4
45.90,21,2,4
46.05,7,2,17
46.20,19,14,3
46.35,19,0,1
46.50,18,0,14
46.65,4,0,0
46.80,16,12,13
46.95,1,11,12
47.10,14,0,11
47.25,1,0,0
47.40,12,9,0
47.55,12,0,0
47.70,11,0,0
47.85,11,0,8
48.00,10,0,7
48.15,10,7,0
48.30,0,6,6
48.45,10,7,6
48.60,0,6,6
48.75,9,0,6
48.90,9,0,6
49.05,9,6,0
49.20,0,6,0
49.35,9,0,6
49.50,9,0,6
49.65,10,6,6
49.80,9,0,0
49.95,11,7,7
50.10,11,7,0
50.25,11,7,8
50.40,12,8,9
50.55,14,10,0
50.70,1,0,0
50.85,14,10,0
51.00,14,10,11
51.15,15,0,0
51.30,16,0,13
51.45,2,12,13
51.60,17,12,0
51.75,4,13,0
51.90,4,13,1
52.05,19,14,2
52.20,5,15,16
52.35,20,15,17
52.50,21,2,4
52.65,22,17,19
52.80,23,18,20
52.95,11,5,21
53.10,26,6,23
53.25,14,22,10
53.40,29,23,26
53.55,31,24,28
53.70,33,26,29
53.85,22,14,32
54.00,36,29,32
54.15,39,31,36
54.30,41,33,38
54.45,41,33,38
54.60,31,21,40
54.75,33,23,42
54.90,49,40,46
55.05,51,41,47
55.20,53,43,49
55.35,61,50,58
55.50,48,36,45
55.65,61,37,57
55.80,63,51,59
55.95,54,41,63
56.10,71,46,54
56.25,71,58,68
56.40,61,60,69
56.55,67,64,62
56.70,67,64,62
56.85,83,67,79
57.00,88,60,84
57.15,76,72,83
57.30,90,62,73
57.45,91,76,76
57.60,94,65,90
57.75,85,78,79
57.90,98,81,94
58.05,100,82,96
58.20,90,84,97
58.35,105,86,88
58.50,107,77,102
58.65,110,79,106
58.80,113,81,108
58.95,116,85,112
59.10,120,99,116
59.25,124,102,119
59.40,128,94,123
59.55,132,109,127
59.70,136,102,131
59.85,140,116,135
60.00,145,120,139
60.15,147,122,131
60.30,152,125,146
60.45,154,117,148
60.60,161,134,155
60.75,154,135,147
60.90,168,139,151
61.05,163,143,166
61.20,171,150,175
61.35,186,155,180
61.50,182,159,184
61.65,192,150,176
61.80,188,154,191
61.95,202,159,187
62.10,210,175,204
62.25,214,178,208
62.40,216,171,209
62.55,221,174,215
62.70,217,187,218
62.85,232,185,225
63.00,235,195,228
63.15,232,199,232
63.30,245,204,237
63.45,247,206,232
63.60,243,209,243
63.75,246,212,239
63.90,250,214,249
64.05,261,217,253
64.20,264,220,256
64.35,267,214,252
64.50,266,218,257
64.65,277,231,268
64.80,275,226,274
64.95,287,232,279
65.10,293,244,278
65.25,299,248,290
65.40,305,254,290
65.55,312,260,298
65.70,317,258,309
65.85,323,270,315
66.00,329,274,320
66.15,342,286,327
66.30,342,279,327
66.45,347,289,337
66.60,352,293,342
66.75,358,299,348
66.90,368,308,354
67.05,369,305,363
67.20,383,314,373
67.35,401,329,390
67.50,400,328,389
67.65,401,333,394
67.80,412,344,401
67.95,419,350,403
68.10,417,352,410
68.25,427,360,418
68.40,436,360,422
68.55,440,368,428
68.70,452,377,439
68.85,454,381,442
69.00,459,381,449
69.15,471,393,456
69.30,473,394,460
69.45,476,399,463
69.60,482,402,467
69.75,484,405,473
69.90,491,410,478
70.05,494,413,480
70.20,499,414,485
70.35,505,418,490
70.50,510,426,497
70.65,516,430,502
70.80,522,433,508
70.95,530,441,515
71.10,538,447,523
71.25,545,455,531
71.40,553,462,538
71.55,562,469,549
71.70,569,476,556
71.85,577,482,561
72.00,584,489,570
72.15,596,497,580
72.30,601,502,585
72.45,608,507,593
72.60,620,518,604
72.75,620,518,604
72.90,636,531,619
73.05,641,535,624
73.20,654,545,637
73.35,663,554,644
73.50,675,564,658
73.65,674,563,657
73.80,686,574,669
73.95,691,577,673
74.10,702,586,685
74.25,708,592,689
74.40,724,605,704
74.55,724,604,706
74.70,730,610,712
74.85,747,624,729
75.00,747,625,729
75.15,754,630,735
75.30,764,638,744
75.45,770,643,751
75.60,773,646,754
75.75,779,652,761
75.90,785,656,765
76.05,791,660,772
76.20,796,665,776
76.35,803,670,782
76.50,808,676,789
76.65,816,682,796
76.80,825,688,804
76.95,834,696,813
77.10,843,703,823
77.25,851,711,831
77.40,861,720,840
77.55,872,730,852
77.70,881,738,861
77.85,887,742,868
78.00,898,750,877
78.15,904,757,883
78.30,918,768,898
78.45,925,773,904
78.60,941,788,921
78.75,946,790,922
78.90,955,798,931
79.05,969,811,948
79.20,986,824,963
79.35,985,825,964
79.50,1005,841,982
79.65,1005,841,982
79.80,1024,855,1001
79.95,1023,854,1000
80.10,1047,876,1024
80.25,1048,876,1024
80.40,1053,880,1029
80.55,1060,886,1037
80.70,1065,891,1042
80.85,1078,902,1054
81.00,1088,909,1064
81.15,1094,914,1071
81.30,1105,923,1081
81.45,1109,929,1086
81.60,1116,933,1093
81.75,1122,938,1098
81.90,1130,943,1105
82.05,1136,949,1111
82.20,1142,954,1117
82.35,1148,959,1124
82.50,1156,966,1131
82.65,1165,974,1141
82.80,1175,980,1150
82.95,1185,989,1160
83.10,1196,999,1171
83.25,1206,1007,1180
83.40,1217,1018,1193
83.55,1228,1027,1204
83.70,1238,1034,1213
83.85,1245,1040,1220
84.00,1262,1053,1236
84.15,1267,1059,1242
84.30,1273,1063,1247
84.45,1283,1071,1257
84.60,1300,1086,1273
84.75,1305,1091,1278
84.90,1312,1096,1286
85.05,1337,1117,1311
85.20,1337,1117,1310
85.35,1351,1129,1324
85.50,1384,1158,1357
85.65,1384,1158,1358
85.80,1385,1158,1357
85.95,1396,1166,1368
86.10,1411,1179,1383
86.25,1412,1180,1384
86.40,1421,1188,1392
86.55,1439,1203,1411
86.70,1438,1202,1410
86.85,1454,1215,1425
87.00,1459,1219,1431
87.15,1467,1225,1437
87.30,1479,1235,1450
87.45,1486,1241,1456
87.60,1492,1245,1462
87.75,1498,1250,1469
87.90,1505,1255,1474
88.05,1513,1261,1481
88.20,1520,1267,1488
88.35,1527,1272,1496
88.50,1534,1280,1504
88.65,1542,1286,1511
88.80,1552,1294,1521
88.95,1563,1303,1530
89.10,1572,1312,1542
89.25,1585,1321,1552
89.40,1596,1332,1564
89.55,1610,1343,1578
89.70,1622,1352,1589
89.85,1634,1363,1602
90.00,1641,1368,1608
90.15,1652,1378,1620
90.30,1664,1387,1629
90.45,1669,1392,1636
90.60,1685,1405,1652
90.75,1695,1414,1662
90.90,1711,1428,1677
91.05,1717,1433,1683
91.20,1746,1456,1711
91.35,1745,1457,1710
91.50,1759,1469,1725
91.65,1778,1483,1741
91.80,1777,1482,1741
91.95,1786,1492,1752
92.10,1806,1509,1770
92.25,1807,1509,1771
92.40,1817,1518,1781
92.55,1828,1525,1791
92.70,1838,1535,1802
92.85,1850,1546,1813
93.00,1856,1550,1819
93.15,1862,1556,1827
93.30,1874,1567,1838
93.45,1879,1573,1844
93.60,1887,1578,1851
93.75,1893,1583,1858
93.90,1900,1589,1863
94.05,1908,1595,1870
94.20,1915,1600,1877
94.35,1920,1605,1885
94.50,1930,1612,1892
94.65,1939,1620,1901
94.80,1948,1628,1910
94.95,1959,1636,1921
95.10,1970,1647,1932
95.25,1983,1657,1943
95.40,1992,1666,1954
95.55,2008,1679,1969
95.70,2017,1687,1977
95.85,2031,1698,1992
96.00,2038,1704,1999
96.15,2061,1721,2020
96.30,2060,1723,2021
96.45,2073,1733,2032
96.60,2078,1738,2039
96.75,2091,1748,2051
96.90,2106,1760,2065
97.05,2126,1779,2087
97.20,2128,1779,2086
97.35,2160,1806,2118
97.50,2160,1806,2119
97.65,2163,1806,2120
97.80,2170,1814,2129
97.95,2194,1834,2153
98.10,2195,1835,2152
98.25,2207,1844,2165
98.40,2215,1851,2172
98.55,2222,1858,2180
98.70,2235,1866,2189
98.85,2265,1892,2221
99.00,2263,1893,2221
99.15,2264,1891,2220
99.30,2277,1903,2232
99.45,2280,1905,2236
99.60,2287,1911,2242
99.75,2294,1916,2248
99.90,2300,1920,2253
100.05,2307,1925,2261
100.20,2313,1932,2267
100.35,2321,1936,2272
100.50,2328,1942,2279
100.65,2337,1950,2291
100.80,2346,1959,2299
100.95,2358,1967,2308
101.10,2368,1977,2319
101.25,2379,1986,2331
101.40,2390,1994,2343
101.55,2403,2007,2356
101.70,2416,2017,2367
101.85,2424,2026,2376
102.00,2440,2038,2391
102.15,2448,2047,2401
102.30,2457,2055,2410
102.45,2463,2059,2416
102.60,2478,2070,2428
102.75,2488,2080,2439
102.90,2512,2099,2462
103.05,2511,2100,2460
103.20,2536,2120,2485
103.35,2536,2119,2485
103.50,2552,2132,2500
103.65,2562,2141,2512
103.80,2567,2146,2516
103.95,2579,2154,2526
104.10,2595,2169,2542
104.25,2595,2167,2542
104.40,2616,2185,2562
104.55,2614,2187,2563
104.70,2621,2190,2569
104.85,2634,2202,2582
105.00,2650,2216,2597
105.15,2653,2217,2601
105.30,2662,2224,2608
105.45,2668,2227,2613
105.60,2673,2233,2618
105.75,2679,2236,2623
105.90,2684,2241,2628
106.05,2691,2246,2636
106.20,2697,2249,2641
106.35,2705,2255,2647
106.50,2711,2260,2653
106.65,2720,2266,2661
106.80,2728,2275,2671
106.95,2738,2284,2680
107.10,2747,2292,2690
107.25,2760,2301,2701
107.40,2770,2312,2712
107.55,2782,2324,2725
107.70,2793,2333,2737
107.85,2803,2342,2748
108.00,2814,2351,2756
108.15,2824,2360,2768
108.30,2841,2374,2785
108.45,2842,2375,2786
108.60,2846,2376,2788
108.75,2854,2385,2796
108.90,2868,2396,2811
109.05,2876,2402,2819
109.20,2885,2409,2828
109.35,2901,2423,2844
109.50,2908,2430,2851
109.65,2921,2440,2863
109.80,2924,2444,2868
109.95,2942,2458,2883
110.10,2953,2466,2893
110.25,2951,2466,2894
110.40,2961,2474,2902
110.55,2970,2481,2910
110.70,2988,2496,2929
110.85,2987,2494,2928
111.00,3003,2508,2941
111.15,3003,2510,2944
111.30,3009,2514,2951
111.45,3016,2519,2956
111.60,3022,2527,2962
111.75,3027,2529,2968
111.90,3035,2534,2973
112.05,3040,2536,2978
112.20,3045,2541,2983
112.35,3050,2545,2987
112.50,3056,2549,2994
112.65,3064,2557,3002
112.80,3073,2565,3011
112.95,3081,2571,3016
113.10,3091,2580,3028
113.25,3101,2589,3036
113.40,3111,2598,3047
113.55,3120,2607,3056
113.70,3128,2613,3065
113.85,3137,2620,3072
114.00,3145,2627,3082
114.15,3158,2640,3092
114.30,3162,2641,3096
114.45,3167,2647,3102
114.60,3174,2653,3108
114.75,3190,2665,3125
114.90,3193,2668,3127
115.05,3205,2678,3137
115.20,3209,2683,3144
115.35,3231,2702,3166
115.50,3234,2701,3165
115.65,3240,2708,3173
115.80,3245,2712,3178
115.95,3254,2720,3187
116.10,3260,2728,3191
116.25,3275,2739,3209
116.40,3277,2738,3208
116.55,3281,2745,3215
116.70,3286,2750,3222
116.85,3295,2756,3228
117.00,3300,2761,3234
117.15,3307,2765,3237
117.30,3316,2773,3248
117.45,3321,2777,3253
117.60,3324,2781,3258
117.75,3328,2785,3262
117.90,3333,2788,3268
118.05,3337,2792,3270
118.20,3344,2792,3274
118.35,3346,2797,3280
118.50,3352,2800,3284
118.65,3359,2806,3289
118.80,3366,2811,3294
118.95,3373,2817,3304
119.10,3381,2825,3311
119.25,3388,2834,3318
119.40,3395,2842,3326
119.55,3404,2849,3334
119.70,3409,2854,3342
119.85,3414,2858,3345
120.00,3423,2863,3354
120.15,3435,2873,3363
120.30,3437,2872,3364
120.45,3444,2879,3372
120.60,3454,2889,3382
120.75,3464,2895,3390
120.90,3466,2897,3390
121.05,3468,2900,3396
121.20,3479,2910,3404
121.35,3487,2916,3414
121.50,3491,2919,3417
121.65,3497,2924,3421
121.80,3505,2930,3429
121.95,3511,2935,3437
122.10,3517,2940,3442
122.25,3522,2946,3446
122.40,3534,2954,3458
122.55,3533,2954,3457
122.70,3538,2957,3462
122.85,3544,2965,3471
123.00,3549,2965,3473
123.15,3557,2973,3480
123.30,3557,2973,3482
123.45,3563,2977,3488
123.60,3566,2982,3488
123.75,3571,2985,3495
123.90,3572,2986,3499
124.05,3575,2988,3502
124.20,3576,2989,3502
124.35,3579,2991,3508
124.50,3584,2994,3511
124.65,3587,2997,3513
124.80,3590,3002,3519
124.95,3595,3005,3523
125.10,3601,3011,3530
125.25,3607,3018,3537
125.40,3614,3023,3542
125.55,3619,3029,3548
125.70,3623,3033,3552
125.85,3627,3036,3557
126.00,3633,3040,3561
126.15,3636,3042,3565
126.30,3637,3045,3567
126.45,3642,3046,3571
126.60,3644,3051,3574
126.75,3652,3054,3580
126.90,3657,3059,3587
127.05,3661,3064,3589
127.20,3666,3068,3595
127.35,3671,3070,3600
127.50,3675,3073,3604
127.65,3681,3078,3611
127.80,3685,3081,3613
127.95,3687,3082,3616
128.10,3692,3086,3620
128.25,3700,3091,3626
128.40,3701,3093,3629
128.55,3705,3096,3633
128.70,3706,3098,3634
128.85,3709,3099,3639
129.00,3713,3102,3642
129.15,3716,3105,3643
129.30,3717,3108,3646
129.45,3722,3109,3650
129.60,3724,3110,3652
129.75,3725,3112,3652
129.90,3728,3113,3655
130.05,3730,3114,3656
130.20,3732,3115,3657
130.35,3735,3115,3661
130.50,3736,3116,3664
130.65,3741,3118,3666
130.80,3743,3122,3670
130.95,3746,3123,3671
131.10,3749,3127,3675
131.25,3750,3130,3678
131.40,3753,3133,3682
131.55,3754,3134,3684
131.70,3759,3138,3688
131.85,3757,3140,3689
132.00,3760,3140,3691
132.15,3763,3140,3694
132.30,3763,3142,3694
132.45,3765,3145,3697
132.60,3768,3148,3701
132.75,3768,3148,3701
132.90,3772,3151,3704
133.05,3774,3153,3707
133.20,3776,3155,3710
133.35,3779,3157,3712
133.50,3781,3158,3715
133.65,3781,3162,3715
133.80,3782,3163,3719
133.95,3785,3163,3720
134.10,3783,3163,3723
134.25,3786,3166,3723
134.40,3787,3167,3724
134.55,3789,3168,3725
134.70,3788,3169,3726
134.85,3789,3171,3728
135.00,3792,3174,3730
135.15,3793,3171,3732
135.30,3795,3176,3732
135.45,3795,3176,3735
135.60,3796,3177,3735
135.75,3796,3176,3735
135.90,3800,3179,3736
136.05,3800,3178,3739
136.20,3801,3175,3737
136.35,3799,3177,3737
136.50,3802,3174,3736
136.65,3802,3177,3737
136.80,3803,3178,3739
136.95,3802,3179,3737
137.10,3804,3181,3740
137.25,3804,3183,3741
137.40,3803,3185,3743
137.55,3805,3185,3742
137.70,3804,3186,3741
137.85,3804,3185,3743
138.00,3805,3186,3744
138.15,3803,3187,3744
138.30,3805,3188,3745
138.45,3806,3187,3743
138.60,3805,3188,3743
138.75,3804,3189,3744
138.90,3804,3189,3746
139.05,3805,3189,3744
139.20,3803,3191,3743
139.35,3803,3189,3744
139.50,3805,3190,3743
139.65,3805,3189,3742
139.80,3804,3190,3743
139.95,3803,3190,3741
140.10,3804,3190,3742
140.25,3804,3188,3741
140.40,3803,3188,3741
140.55,3804,3188,3741
140.70,3805,3189,3739
140.85,3804,3187,3740
141.00,3803,3189,3741
141.15,3803,3187,3739
141.30,3803,3187,3738
141.45,3802,3187,3739
141.60,3803,3187,3737
141.75,3801,3184,3736
141.90,3801,3186,3736
142.05,3799,3184,3733
142.20,3796,3181,3730
142.35,3797,3180,3732
142.50,3795,3178,3729
142.65,3793,3177,3728
142.80,3795,3178,3727
142.95,3794,3177,3726
143.10,3793,3175,3726
143.25,3793,3176,3726
143.40,3793,3178,3724
143.55,3791,3177,3723
143.70,3790,3176,3721
143.85,3791,3174,3721
144.00,3788,3175,3719
144.15,3789,3172,3717
144.30,3785,3172,3715
144.45,3785,3173,3715
144.60,3783,3168,3711
144.75,3778,3164,3708
144.90,3779,3165,3709
145.05,3779,3163,3707
145.20,3776,3162,3703
145.35,3775,3160,3701
145.50,3772,3156,3699
145.65,3770,3157,3695
145.80,3767,3153,3693
145.95,3763,3154,3690
146.10,3761,3151,3688
146.25,3759,3148,3685
146.40,3758,3145,3682
146.55,3752,3139,3677
146.70,3751,3141,3677
146.85,3751,3139,3674
147.00,3749,3137,3671
147.15,3746,3134,3669
147.30,3743,3131,3666
147.45,3739,3130,3664
147.60,3736,3128,3664
147.75,3735,3127,3662
147.90,3734,3126,3659
148.05,3730,3122,3656
148.20,3727,3122,3653
148.35,3726,3119,3651
148.50,3719,3112,3645
148.65,3720,3112,3643
148.80,3715,3110,3641
148.95,3712,3107,3639
149.10,3709,3105,3634
149.25,3708,3105,3632
149.40,3704,3102,3629
149.55,3701,3098,3625
149.70,3698,3096,3623
149.85,3695,3094,3619
150.00,3692,3092,3617
150.15,3688,3089,3613
150.30,3685,3086,3610
150.45,3681,3084,3606
150.60,3676,3080,3602
150.75,3672,3077,3598
150.90,3669,3074,3593
151.05,3664,3068,3589
151.20,3660,3065,3585
151.35,3654,3060,3577
151.50,3650,3059,3576
151.65,3645,3054,3570
151.80,3642,3050,3565
151.95,3627,3039,3552
152.10,3630,3038,3552
152.25,3624,3037,3548
152.40,3624,3035,3546
152.55,3618,3031,3542
152.70,3614,3028,3538
152.85,3609,3022,3534
153.00,3603,3019,3528
153.15,3600,3014,3525
153.30,3595,3009,3517
153.45,3592,3008,3515
153.60,3590,3006,3512
153.75,3586,3002,3510
153.90,3580,3000,3507
154.05,3578,2995,3501
154.20,3572,2992,3496
154.35,3568,2988,3492
154.50,3564,2984,3487
154.65,3559,2978,3482
154.80,3555,2976,3478
154.95,3551,2971,3475
155.10,3545,2966,3469
155.25,3541,2965,3464
155.40,3536,2960,3459
155.55,3530,2954,3452
155.70,3525,2951,3450
155.85,3522,2947,3445
156.00,3515,2942,3438
156.15,3501,2928,3425
156.30,3500,2931,3425
156.45,3499,2930,3422
156.60,3494,2923,3417
156.75,3478,2910,3402
156.90,3479,2912,3403
157.05,3473,2906,3395
157.20,3466,2899,3390
157.35,3460,2895,3383
157.50,3455,2889,3377
157.65,3440,2877,3361
157.80,3440,2878,3362
157.95,3433,2872,3356
158.10,3428,2866,3350
158.25,3411,2851,3333
158.40,3410,2854,3333
158.55,3412,2853,3334
158.70,3406,2849,3328
158.85,3399,2841,3319
159.00,3394,2838,3315
159.15,3388,2832,3311
159.30,3381,2824,3302
159.45,3377,2821,3300
159.60,3366,2813,3288
159.75,3364,2812,3285
159.90,3360,2808,3284
160.05,3354,2801,3276
160.20,3349,2798,3270
160.35,3344,2794,3265
160.50,3337,2787,3259
160.65,3332,2782,3253
160.80,3325,2777,3247
160.95,3320,2772,3241
161.10,3312,2767,3234
161.25,3307,2762,3227
161.40,3298,2756,3222
161.55,3290,2750,3215
161.70,3286,2746,3209
161.85,3281,2740,3202
162.00,3274,2736,3197
162.15,3251,2715,3173
162.30,3252,2717,3174
162.45,3251,2715,3174
162.60,3245,2712,3168
162.75,3237,2703,3161
162.90,3228,2697,3151
163.05,3221,2691,3144
163.20,3212,2682,3135
163.35,3203,2675,3124
163.50,3196,2668,3119
163.65,3183,2659,3107
163.80,3180,2654,3101
163.95,3169,2645,3091
164.10,3161,2638,3086
164.25,3155,2635,3080
164.40,3137,2620,3061
164.55,3139,2620,3063
164.70,3130,2612,3053
164.85,3123,2607,3047
165.00,3113,2599,3037
165.15,3103,2590,3029
165.30,3093,2583,3019
165.45,3094,2583,3018
165.60,3086,2578,3012
165.75,3077,2572,3004
165.90,3072,2565,2999
166.05,3064,2559,2991
166.20,3059,2552,2984
166.35,3051,2549,2977
166.50,3044,2541,2973
166.65,3037,2535,2965
166.80,3030,2528,2955
166.95,3022,2521,2948
167.10,3011,2514,2939
167.25,3005,2509,2934
167.40,2996,2501,2923
167.55,2988,2494,2916
167.70,2978,2485,2908
167.85,2965,2476,2895
168.00,2965,2476,2895
168.15,2956,2469,2887
168.30,2946,2461,2875
168.45,2941,2457,2871
168.60,2931,2448,2863
168.75,2922,2441,2855
168.90,2912,2432,2843
169.05,2899,2421,2831
169.20,2885,2411,2817
169.35,2878,2403,2810
169.50,2857,2388,2791
169.65,2859,2388,2790
169.80,2839,2372,2773
169.95,2840,2373,2773
170.10,2830,2364,2762
170.25,2821,2358,2757
170.40,2807,2347,2742
170.55,2805,2343,2739
170.70,2788,2330,2724
170.85,2783,2325,2718
171.00,2778,2320,2713
171.15,2769,2313,2703
171.30,2757,2303,2692
171.45,2748,2297,2685
171.60,2743,2291,2678
171.75,2731,2282,2667
171.90,2724,2275,2660
172.05,2716,2270,2651
172.20,2708,2263,2643
172.35,2699,2256,2636
172.50,2691,2248,2629
172.65,2683,2241,2622
172.80,2674,2235,2613
172.95,2664,2228,2603
173.10,2655,2218,2594
173.25,2647,2213,2586
173.40,2636,2203,2574
173.55,2630,2196,2570
173.70,2621,2189,2561
173.85,2614,2185,2555
174.00,2606,2179,2547
174.15,2596,2171,2539
174.30,2585,2159,2526
174.45,2577,2154,2520
174.60,2563,2141,2502
174.75,2556,2136,2498
174.90,2544,2127,2487
175.05,2534,2116,2477
175.20,2520,2105,2464
175.35,2500,2088,2445
175.50,2491,2082,2437
175.65,2487,2078,2431
175.80,2476,2068,2422
175.95,2464,2059,2409
176.10,2452,2048,2398
176.25,2444,2043,2390
176.40,2436,2035,2382
176.55,2426,2027,2372
176.70,2418,2019,2366
176.85,2406,2009,2352
177.00,2394,2001,2342
177.15,2387,1994,2334
177.30,2374,1984,2323
177.45,2368,1977,2315
177.60,2361,1975,2311
177.75,2347,1961,2296
177.90,2342,1958,2292
178.05,2331,1949,2282
178.20,2325,1942,2275
178.35,2316,1935,2267
178.50,2307,1928,2256
178.65,2298,1919,2249
178.80,2287,1911,2239
178.95,2278,1904,2228
179.10,2269,1895,2220
179.25,2260,1889,2212
179.40,2251,1881,2202
179.55,2240,1870,2190
179.70,2231,1863,2181
179.85,2222,1857,2173
180.00,2214,1851,2166
180.15,2196,1836,2149
180.30,2196,1835,2148
180.45,2183,1824,2135
180.60,2169,1812,2123
180.75,2164,1808,2117
180.90,2143,1791,2097
181.05,2139,1787,2094
181.20,2126,1776,2080
181.35,2105,1759,2059
181.50,2096,1750,2050
181.65,2083,1739,2036
181.80,2076,1735,2031
181.95,2063,1723,2016
182.10,2056,1718,2011
182.25,2050,1712,2004
182.40,2039,1704,1994
182.55,2030,1694,1985
182.70,2021,1688,1974
182.85,2009,1678,1963
183.00,1980,1654,1936
183.15,1982,1655,1938
183.30,1977,1652,1933
183.45,1966,1640,1921
183.60,1964,1640,1921
183.75,1954,1631,1910
183.90,1945,1625,1901
184.05,1935,1616,1891
184.20,1926,1607,1881
184.35,1917,1600,1872
184.50,1909,1594,1864
184.65,1900,1587,1856
184.80,1891,1579,1847
184.95,1879,1570,1837
185.10,1871,1562,1827
185.25,1863,1556,1819
185.40,1850,1545,1808
185.55,1842,1537,1799
185.70,1834,1532,1791
185.85,1825,1523,1782
186.00,1814,1515,1772
186.15,1782,1490,1742
186.30,1783,1489,1741
186.45,1784,1489,1740
186.60,1775,1483,1733
186.75,1760,1470,1718
186.90,1751,1461,1708
187.05,1738,1451,1697
187.20,1725,1440,1683
187.35,1702,1421,1660
187.50,1704,1422,1662
187.65,1691,1411,1650
187.80,1680,1401,1638
187.95,1668,1393,1627
188.10,1661,1386,1620
188.25,1648,1376,1608
188.40,1639,1368,1599
188.55,1631,1363,1591
188.70,1619,1352,1580
188.85,1609,1344,1569
189.00,1600,1336,1558
189.15,1590,1327,1549
189.30,1579,1319,1541
189.45,1572,1313,1533
189.60,1565,1308,1527
189.75,1557,1300,1517
189.90,1543,1290,1505
190.05,1538,1285,1499
190.20,1531,1279,1493
190.35,1523,1273,1484
190.50,1513,1264,1474
190.65,1505,1257,1465
190.80,1495,1248,1457
190.95,1486,1241,1449
191.10,1476,1232,1437
191.25,1467,1225,1429
191.40,1458,1218,1421
191.55,1445,1207,1408
191.70,1438,1201,1401
191.85,1429,1194,1392
192.00,1419,1184,1382
192.15,1410,1177,1372
192.30,1383,1156,1348
192.45,1384,1157,1349
192.60,1372,1147,1336
192.75,1355,1132,1321
192.90,1353,1130,1317
193.05,1340,1119,1304
193.20,1331,1111,1296
193.35,1322,1103,1286
193.50,1297,1084,1263
193.65,1299,1084,1265
193.80,1265,1057,1232
193.95,1266,1058,1233
194.10,1266,1057,1232
194.25,1258,1051,1225
194.40,1242,1038,1211
194.55,1238,1035,1206
194.70,1231,1028,1198
194.85,1220,1019,1188
195.00,1212,1012,1179
195.15,1205,1007,1173
195.30,1186,990,1154
195.45,1186,990,1155
195.60,1175,981,1145
195.75,1171,978,1140
195.90,1161,970,1130
196.05,1154,964,1124
196.20,1146,957,1116
196.35,1138,950,1107
196.50,1132,944,1102
196.65,1122,938,1092
196.80,1114,931,1084
196.95,1106,923,1075
197.10,1097,915,1067
197.25,1088,907,1058
197.40,1074,896,1045
197.55,1068,890,1038
197.70,1060,885,1032
197.85,1040,868,1013
198.00,1035,864,1008
198.15,1019,852,992
198.30,1019,852,992
198.45,1010,842,982
198.60,999,834,973
198.75,993,828,967
198.90,982,819,956
199.05,967,807,942
199.20,958,798,933
199.35,949,791,923
199.50,928,774,903
199.65,930,774,904
199.80,919,767,896
199.95,903,753,879
200.10,895,746,872
200.25,893,744,870
200.40,884,736,861
200.55,876,730,853
200.70,868,723,846
200.85,841,701,819
201.00,842,701,819
201.15,841,702,819
201.30,834,696,812
201.45,825,686,803
201.60,823,685,801
201.75,815,679,793
201.90,808,674,788
202.05,800,666,778
202.20,795,661,773
202.35,788,656,768
202.50,782,650,760
202.65,775,645,755
202.80,768,639,746
202.95,759,632,740
203.10,752,625,731
203.25,742,617,723
203.40,734,610,714
203.55,722,601,703
203.70,718,596,698
203.85,711,591,692
204.00,690,574,672
204.15,690,574,672
204.30,678,563,660
204.45,678,564,661
204.60,673,560,655
204.75,664,553,646
204.90,658,547,641
205.05,648,540,632
205.20,641,533,625
205.35,620,515,604
205.50,621,516,604
205.65,615,511,598
205.80,607,504,591
205.95,589,488,573
206.10,588,490,574
206.25,583,486,569
206.40,562,468,548
206.55,564,468,548
206.70,560,464,546
206.85,551,458,536
207.00,539,450,526
207.15,538,447,524
207.30,527,438,512
207.45,521,434,509
207.60,519,432,506
207.75,513,424,500
207.90,508,422,493
208.05,502,417,488
208.20,496,412,482
208.35,489,407,477
208.50,484,403,472
208.65,477,394,464
208.80,473,388,460
208.95,466,387,454
209.10,457,381,446
209.25,451,376,439
209.40,443,366,432
209.55,436,360,425
209.70,431,358,419
209.85,419,350,408
210.00,422,345,411
210.15,407,336,397
210.30,411,336,401
210.45,402,329,391
210.60,396,329,386
210.75,390,320,377
210.90,381,319,375
211.05,375,315,364
211.20,368,306,359
211.35,358,301,353
211.50,353,293,344
211.65,345,284,341
211.80,344,286,330
211.95,332,281,323
212.10,332,275,323
212.25,322,260,313
212.40,320,266,306
212.55,308,261,299
212.70,309,256,300
212.85,301,250,292
213.00,295,246,287
213.15,292,234,283
213.30,274,233,273
213.45,276,233,273
213.60,278,231,270
213.75,267,219,266
213.90,270,224,262
214.05,264,211,257
214.20,261,217,253
214.35,257,213,249
214.50,253,210,245
214.65,249,198,241
214.80,244,203,229
214.95,239,189,232
215.10,227,194,227
215.25,230,181,222
215.40,224,186,217
215.55,218,172,202
215.70,215,178,199
215.85,207,163,193
216.00,205,160,198
216.15,199,165,193
216.30,199,164,193
216.45,185,161,178
216.60,162,132,166
216.75,162,143,156
216.90,172,131,166
217.05,172,132,166
217.20,168,128,161
217.35,156,129,150
217.50,157,118,151
217.65,156,129,151
217.80,135,108,139
217.95,145,119,139
218.10,142,106,126
218.25,140,104,134
218.40,132,109,116
218.55,132,109,127
218.70,129,106,113
218.85,120,98,103
219.00,120,88,104
219.15,108,85,101
219.30,114,94,98
219.45,113,92,96
219.60,110,90,94
219.75,107,88,90
219.90,105,73,100
220.05,102,83,96
220.20,100,69,94
220.35,97,80,92
220.50,84,78,78
220.65,80,63,87
220.80,90,73,84
220.95,86,70,82
221.10,83,56,78
221.25,80,65,76
221.40,65,51,61
221.55,75,61,58
221.70,61,47,68
221.85,70,57,66
222.00,68,55,64
222.15,52,39,47
222.30,63,38,59
222.45,60,49,57
222.60,57,46,40
222.75,57,45,52
222.90,54,43,37
223.05,51,28,34
223.20,47,37,31
223.35,47,37,43
223.50,44,22,40
223.65,41,33,37
223.80,36,29,19
223.95,36,15,19
224.10,20,26,30
224.25,20,12,29
224.40,20,26,29
224.55,16,22,26
224.70,30,23,26
224.85,13,20,23
225.00,26,20,22
225.15,25,19,21
225.30,23,17,19
225.45,9,17,19
225.60,22,3,18
225.75,21,16,3
225.90,20,2,17
226.05,19,14,1
226.20,5,0,1
226.35,17,13,14
226.50,17,13,14
226.65,16,0,0
226.80,15,11,0
226.95,15,10,12
227.10,14,0,0
227.25,13,9,10
227.40,0,8,9
227.55,0,0,8
227.70,11,0,8
227.85,0,7,8
228.00,11,7,7
228.15,0,7,0
228.30,10,0,7
228.45,0,6,6
228.60,0,6,6
228.75,9,6,6
228.90,0,6,6
229.05,0,0,0
229.20,9,0,0
229.35,9,6,0
229.50,0,6,0
229.65,10,6,6
229.80,10,7,0
229.95,0,7,7
230.10,0,7,8
230.25,11,0,8
230.40,12,0,8
230.55,0,9,9
230.70,13,0,10
230.85,13,10,10
231.00,14,10,11
231.15,15,0,12
231.30,15,11,12
231.45,17,0,12
231.60,3,12,14
231.75,18,13,14
231.90,19,0,15
232.05,20,1,16
232.20,21,15,17
232.35,7,16,17
232.50,22,3,4
232.65,23,17,6
232.80,24,4,21
232.95,26,20,8
233.10,27,20,23
233.25,28,22,25
233.40,30,10,26
233.55,32,25,15
233.70,34,27,30
233.85,35,28,18
234.00,36,28,32
234.15,27,18,36
234.30,40,32,22
234.45,41,33,37
234.60,34,37,30
234.75,34,37,30
234.90,51,41,47
235.05,51,41,47
235.20,54,31,50
235.35,56,45,52
235.50,59,47,42
235.65,60,49,56
235.80,64,52,47
235.95,55,42,63
236.10,68,43,51
236.25,61,46,68
236.40,62,61,71
236.55,64,50,71
236.70,67,65,75
236.85,70,67,78
237.00,87,58,82
237.15,87,72,83
237.30,92,75,74
237.45,93,64,76
237.60,95,78,90
237.75,86,80,93
237.90,100,70,95
238.05,91,84,86
238.20,94,85,99
238.35,96,88,101
238.50,98,90,92
238.65,113,92,107
238.80,116,83,110
238.95,119,98,113
239.10,123,101,117
239.25,116,92,110
239.40,119,108,124
239.55,125,112,129
239.70,138,114,132
239.85,142,117,136
240.00,137,110,141
240.15,152,114,146
240.30,152,115,146
240.45,149,131,152
240.60,160,132,154
240.75,178,147,161
240.90,178,136,171
241.05,178,147,161
241.20,179,149,173
241.35,197,160,198
241.50,205,170,198
241.65,196,170,197
241.80,205,170,188
241.95,196,170,198
242.10,200,173,201
242.25,213,167,205
242.40,221,174,205
242.55,219,189,219
242.70,219,189,219
242.85,224,193,224
243.00,239,189,231
243.15,234,191,232
243.30,247,205,238
243.45,243,200,234
243.60,254,202,245
243.75,258,214,250
243.90,254,208,245
244.05,266,221,257
244.20,268,215,260
244.35,273,218,256
244.50,270,230,268
244.65,281,233,264
244.80,286,237,270
244.95,292,242,275
245.10,298,247,288
245.25,304,245,294
245.40,309,257,300
245.55,317,257,301
245.70,321,261,311
245.85,322,272,316
246.00,338,275,327
246.15,338,274,328
246.30,346,288,336
246.45,342,288,335
246.60,364,302,352
246.75,358,302,351
246.90,366,299,350
247.05,371,313,363
247.20,383,321,374
247.35,402,330,390
247.50,398,335,390
247.65,401,336,388
247.80,410,341,396
247.95,415,344,402
248.10,423,353,410
248.25,437,359,424
248.40,437,364,424
248.55,442,365,429
248.70,452,377,436
248.85,462,382,448
249.00,461,386,448
249.15,467,386,455
249.30,478,399,462
249.45,482,402,468
249.60,487,402,471
249.75,491,406,477
249.90,497,414,482
250.05,502,416,485
250.20,506,423,491
250.35,512,427,496
250.50,517,429,502
250.65,524,436,508
250.80,531,442,515
250.95,537,448,520
251.10,546,455,530
251.25,553,462,537
251.40,561,466,545
251.55,570,473,553
251.70,575,481,559
251.85,582,486,566
252.00,587,490,570
252.15,599,499,580
252.30,601,502,584
252.45,610,509,593
252.60,624,520,606
252.75,629,525,611
252.90,636,531,617
253.05,641,534,623
253.20,675,563,656
253.35,675,563,655
253.50,674,563,655
253.65,689,574,668
253.80,689,576,669
253.95,710,592,690
254.10,710,592,690
254.25,712,594,692
254.40,721,601,699
254.55,729,610,710
254.70,736,615,715
254.85,753,629,731
255.00,758,633,736
255.15,770,642,748
255.30,773,645,750
255.45,775,648,753
255.60,781,652,759
255.75,786,657,765
255.90,793,661,770
256.05,797,665,775
256.20,803,670,780
256.35,810,676,786
256.50,816,680,792
256.65,823,687,799
256.80,831,693,807
256.95,840,700,815
257.10,849,708,825
257.25,859,717,833
257.40,867,725,844
257.55,878,734,855
257.70,890,742,864
257.85,899,749,874
258.00,904,755,880
258.15,914,762,889
258.30,920,767,893
258.45,933,778,907
258.60,945,790,920
258.75,955,796,929
258.90,968,806,939
259.05,966,806,940
259.20,988,824,960
259.35,1009,842,981
259.50,1008,841,982
259.65,1007,840,981
259.80,1024,854,995
259.95,1039,867,1011
260.10,1038,866,1010
260.25,1048,877,1021
260.40,1055,882,1027
260.55,1068,891,1040
260.70,1072,894,1044
260.85,1085,906,1057
261.00,1100,918,1071
261.15,1100,919,1071
261.30,1111,928,1082
261.45,1116,932,1089
261.60,1122,936,1093
261.75,1128,941,1099
261.90,1134,946,1105
262.05,1141,951,1111
262.20,1147,956,1116
262.35,1154,961,1123
262.50,1162,968,1129
262.65,1170,975,1137
262.80,1178,982,1146
262.95,1188,989,1156
263.10,1199,998,1166
263.25,1209,1006,1176
263.40,1217,1016,1186
263.55,1231,1026,1200
263.70,1242,1037,1211
263.85,1253,1045,1221
264.00,1260,1052,1228
264.15,1277,1067,1246
264.30,1277,1067,1245
264.45,1285,1074,1254
264.60,1323,1104,1289
264.75,1322,1104,1290
264.90,1321,1104,1289
265.05,1331,1111,1298
265.20,1355,1132,1323
265.35,1356,1133,1323
265.50,1379,1154,1347
265.65,1380,1152,1348
265.80,1418,1185,1385
265.95,1419,1185,1385
266.10,1418,1184,1384
266.25,1418,1185,1384
266.40,1448,1208,1411
266.55,1448,1207,1412
266.70,1451,1212,1416
266.85,1468,1226,1433
267.00,1470,1226,1433
267.15,1480,1235,1443
267.30,1489,1243,1452
267.45,1495,1248,1458
267.60,1501,1253,1464
267.75,1506,1258,1469
267.90,1512,1261,1475
268.05,1519,1268,1483
268.20,1525,1272,1489
268.35,1533,1279,1494
268.50,1541,1284,1502
268.65,1549,1292,1511
268.80,1558,1300,1520
268.95,1570,1309,1531
269.10,1580,1318,1542
269.25,1592,1327,1551
269.40,1604,1337,1564
269.55,1617,1349,1578
269.70,1630,1361,1590
269.85,1642,1369,1601
270.00,1653,1380,1612
270.15,1670,1393,1627
270.30,1670,1392,1628
270.45,1701,1417,1658
270.60,1700,1417,1657
270.75,1700,1419,1658
270.90,1732,1444,1689
271.05,1733,1445,1690
271.20,1751,1460,1708
271.35,1750,1459,1706
271.50,1760,1468,1717
271.65,1778,1484,1734
271.80,1793,1495,1749
271.95,1798,1500,1753
272.10,1808,1507,1763
272.25,1812,1511,1768
272.40,1828,1524,1782
272.55,1836,1532,1792
272.70,1843,1538,1798
272.85,1863,1554,1816
273.00,1867,1556,1820
273.15,1878,1564,1830
273.30,1886,1573,1839
273.45,1894,1580,1848
273.60,1900,1583,1851
273.75,1904,1589,1857
273.90,1912,1594,1865
274.05,1921,1599,1872
274.20,1927,1604,1877
274.35,1932,1611,1885
274.50,1940,1618,1893
274.65,1951,1625,1902
274.80,1960,1634,1912
274.95,1971,1644,1923
275.10,1984,1653,1935
275.25,1995,1663,1947
275.40,2007,1675,1958
275.55,2021,1687,1972
275.70,2031,1695,1982
275.85,2046,1707,1996
276.00,2051,1712,2001
276.15,2062,1721,2012
276.30,2068,1726,2017
276.45,2075,1733,2024
276.60,2087,1740,2034
276.75,2103,1754,2049
276.90,2119,1768,2066
277.05,2123,1772,2071
277.20,2140,1788,2088
277.35,2162,1804,2108
277.50,2162,1803,2107
277.65,2170,1810,2117
277.80,2184,1822,2132
277.95,2193,1830,2138
278.10,2200,1836,2147
278.25,2218,1852,2162
278.40,2245,1875,2190
278.55,2244,1873,2188
278.70,2244,1872,2188
278.85,2252,1880,2195
279.00,2258,1886,2204
279.15,2269,1893,2212
279.30,2277,1902,2221
279.45,2287,1908,2230
279.60,2296,1918,2240
279.75,2304,1923,2247
279.90,2312,1930,2254
280.05,2318,1934,2261
280.20,2325,1939,2267
280.35,2333,1946,2273
280.50,2341,1951,2281
280.65,2349,1960,2291
280.80,2357,1967,2300
280.95,2369,1977,2310
281.10,2380,1987,2321
281.25,2391,1995,2331
281.40,2400,2006,2344
281.55,2412,2015,2355
281.70,2424,2027,2366
281.85,2433,2031,2375
282.00,2444,2044,2386
282.15,2453,2052,2394
282.30,2459,2057,2401
282.45,2481,2076,2421
282.60,2482,2074,2421
282.75,2494,2084,2432
282.90,2509,2098,2447
283.05,2527,2113,2465
283.20,2529,2113,2466
283.35,2544,2126,2480
283.50,2551,2133,2488
283.65,2579,2157,2515
283.80,2579,2157,2514
283.95,2590,2166,2526
284.10,2602,2177,2539
284.25,2607,2181,2543
284.40,2621,2192,2556
284.55,2629,2198,2563
284.70,2632,2202,2567
284.85,2648,2217,2583
285.00,2654,2220,2589
285.15,2664,2228,2597
285.30,2670,2234,2605
285.45,2676,2238,2609
285.60,2682,2243,2615
285.75,2686,2247,2619
285.90,2690,2248,2623
286.05,2697,2254,2629
286.20,2704,2257,2635
286.35,2710,2263,2642
286.50,2717,2268,2648
286.65,2723,2273,2655
286.80,2732,2282,2663
286.95,2741,2292,2675
287.10,2753,2301,2684
287.25,2766,2310,2696
287.40,2774,2319,2704
287.55,2789,2330,2719
287.70,2801,2341,2730
287.85,2812,2351,2740
288.00,2817,2357,2748
288.15,2825,2366,2757
288.30,2833,2371,2765
288.45,2846,2380,2774
288.60,2854,2386,2781
288.75,2870,2401,2798
288.90,2877,2407,2805
289.05,2891,2418,2817
289.20,2902,2427,2830
289.35,2917,2438,2842
289.50,2924,2444,2848
289.65,2926,2447,2853
289.80,2958,2474,2883
289.95,2959,2475,2883
290.10,2960,2473,2884
290.25,2972,2484,2895
290.40,2979,2489,2902
290.55,2990,2496,2912
290.70,2991,2499,2914
290.85,3004,2511,2926
291.00,3014,2519,2936
291.15,3019,2523,2939
291.30,3027,2528,2949
291.45,3033,2533,2954
291.60,3038,2537,2958
291.75,3041,2540,2961
291.90,3045,2544,2964
292.05,3051,2545,2969
292.20,3056,2549,2972
292.35,3062,2555,2979
292.50,3068,2561,2984
292.65,3073,2566,2993
292.80,3082,2573,3001
292.95,3090,2580,3009
293.10,3100,2587,3018
293.25,3111,2597,3028
293.40,3120,2604,3037
293.55,3133,2614,3050
293.70,3142,2623,3062
293.85,3150,2630,3068
294.00,3157,2636,3076
294.15,3166,2643,3086
294.30,3172,2649,3092
294.45,3180,2655,3097
294.60,3191,2665,3111
294.75,3198,2670,3117
294.90,3204,2675,3123
295.05,3215,2685,3134
295.20,3222,2690,3141
295.35,3239,2705,3157
295.50,3247,2712,3167
295.65,3251,2718,3172
295.80,3259,2723,3179
295.95,3271,2733,3190
296.10,3275,2736,3197
296.25,3278,2741,3197
296.40,3287,2747,3207
296.55,3295,2754,3217
296.70,3300,2758,3220
296.85,3313,2768,3231
297.00,3314,2771,3235
297.15,3323,2779,3244
297.30,3328,2781,3249
297.45,3334,2786,3254
297.60,3337,2788,3253
297.75,3339,2789,3258
297.90,3343,2791,3260
298.05,3350,2796,3263
298.20,3351,2797,3267
298.35,3357,2801,3271
298.50,3361,2805,3276
298.65,3368,2810,3280
298.80,3373,2816,3287
298.95,3381,2821,3295
299.10,3391,2828,3304
299.25,3398,2836,3311
299.40,3407,2843,3319
299.55,3416,2851,3331
299.70,3423,2860,3340
299.85,3433,2867,3348
300.00,3436,2871,3353
300.15,3444,2878,3361
300.30,3450,2883,3365
300.45,3455,2884,3371
300.60,3463,2892,3380
300.75,3469,2897,3385
300.90,3476,2902,3392
301.05,3487,2909,3400
301.20,3490,2914,3405
301.35,3503,2925,3419
301.50,3503,2925,3419
301.65,3510,2931,3425
301.80,3517,2936,3433
301.95,3527,2945,3441
302.10,3532,2948,3446
302.25,3539,2954,3454
302.40,3540,2957,3458
302.55,3547,2960,3461
302.70,3549,2966,3465
302.85,3558,2970,3472
303.00,3565,2976,3480
303.15,3567,2979,3483
303.30,3570,2982,3487
303.45,3575,2985,3491
303.60,3576,2988,3494
303.75,3578,2988,3493
303.90,3582,2990,3495
304.05,3584,2990,3497
304.20,3587,2991,3500
304.35,3589,2993,3502
304.50,3593,2996,3505
304.65,3599,2999,3510
304.80,3604,3005,3515
304.95,3610,3009,3520
305.10,3615,3015,3528
305.25,3620,3021,3534
305.40,3626,3026,3541
305.55,3633,3035,3548
305.70,3639,3041,3555
305.85,3644,3046,3562
306.00,3649,3049,3565
306.15,3654,3053,3569
306.30,3659,3058,3574
306.45,3663,3063,3579
306.60,3670,3068,3585
306.75,3673,3069,3589
306.90,3675,3072,3592
307.05,3683,3078,3599
307.20,3685,3079,3600
307.35,3698,3092,3615
307.50,3698,3091,3614
307.65,3700,3095,3617
307.80,3707,3098,3622
307.95,3710,3101,3624
308.10,3713,3105,3628
308.25,3716,3105,3633
308.40,3717,3109,3637
308.55,3725,3113,3640
308.70,3726,3115,3641
308.85,3731,3118,3646
309.00,3734,3121,3650
309.15,3738,3125,3655
309.30,3741,3127,3656
309.45,3741,3128,3657
309.60,3746,3129,3660
309.75,3745,3127,3659
309.90,3745,3129,3658
310.05,3747,3129,3660
310.20,3749,3129,3662
310.35,3750,3131,3663
310.50,3754,3132,3665
310.65,3755,3136,3669
310.80,3758,3137,3671
310.95,3763,3140,3673
311.10,3767,3143,3676
311.25,3770,3147,3682
311.40,3774,3152,3686
311.55,3778,3158,3691
311.70,3782,3161,3696
311.85,3786,3166,3701
312.00,3790,3168,3702
312.15,3793,3173,3707
312.30,3793,3170,3707
312.45,3796,3173,3710
312.60,3798,3175,3712
312.75,3801,3177,3714
312.90,3807,3182,3719
313.05,3808,3182,3718
313.20,3812,3188,3723
313.35,3813,3188,3726
313.50,3814,3188,3726
313.65,3818,3190,3728
313.80,3820,3192,3731
313.95,3821,3194,3731
314.10,3826,3197,3735
314.25,3826,3198,3737
314.40,3829,3201,3740
314.55,3828,3200,3740
314.70,3830,3203,3741
314.85,3834,3204,3745
315.00,3834,3205,3744
315.15,3836,3205,3745
315.30,3836,3207,3745
315.45,3838,3207,3746
315.60,3837,3207,3748
315.75,3838,3205,3746
315.90,3840,3203,3745
316.05,3838,3201,3744
316.20,3836,3201,3743
316.35,3838,3201,3744
316.50,3840,3202,3744
316.65,3839,3202,3744
316.80,3840,3204,3747
316.95,3842,3205,3747
317.10,3844,3206,3749
317.25,3846,3209,3752
317.40,3849,3208,3755
317.55,3851,3213,3756
317.70,3851,3214,3759
317.85,3853,3215,3760
318.00,3853,3216,3761
318.15,3852,3216,3760
318.30,3853,3214,3759
318.45,3853,3216,3761
318.60,3853,3216,3763
318.75,3856,3216,3762
318.90,3854,3216,3762
319.05,3854,3218,3764
319.20,3853,3217,3762
319.35,3852,3217,3761
319.50,3854,3216,3762
319.65,3853,3216,3760
319.80,3851,3216,3762
319.95,3850,3216,3760
320.10,3850,3215,3759
320.25,3851,3214,3759
320.40,3848,3213,3759
320.55,3849,3213,3758
320.70,3847,3213,3758
320.85,3846,3212,3755
321.00,3845,3212,3756
321.15,3845,3211,3756
321.30,3845,3209,3756
321.45,3844,3210,3754
321.60,3843,3209,3754
321.75,3842,3207,3752
321.90,3841,3205,3750
322.05,3838,3203,3747
322.20,3837,3201,3747
322.35,3836,3198,3746
322.50,3833,3197,3742
322.65,3833,3196,3742
322.80,3830,3194,3740
322.95,3829,3195,3740
323.10,3829,3194,3739
323.25,3831,3195,3738
323.40,3827,3192,3737
323.55,3827,3195,3738
323.70,3825,3193,3737
323.85,3822,3192,3736
324.00,3821,3190,3734
324.15,3819,3189,3734
324.30,3817,3186,3730
324.45,3813,3184,3729
324.60,3813,3185,3728
324.75,3813,3184,3726
324.90,3808,3181,3723
325.05,3808,3179,3722
325.20,3803,3176,3717
325.35,3802,3175,3718
325.50,3796,3170,3712
325.65,3795,3171,3712
325.80,3793,3169,3708
325.95,3788,3164,3703
326.10,3788,3165,3703
326.25,3783,3162,3699
326.40,3781,3160,3699
326.55,3779,3158,3697
326.70,3776,3157,3692
326.85,3774,3154,3690
327.00,3769,3151,3687
327.15,3763,3148,3683
327.30,3765,3147,3684
327.45,3763,3145,3680
327.60,3762,3144,3678
327.75,3757,3138,3674
327.90,3755,3137,3670
328.05,3753,3132,3667
328.20,3747,3128,3664
328.35,3745,3126,3661
328.50,3743,3123,3657
328.65,3739,3122,3656
328.80,3737,3118,3651
328.95,3733,3116,3651
329.10,3732,3114,3646
329.25,3728,3116,3645
329.40,3725,3112,3642
329.55,3721,3111,3639
329.70,3718,3108,3637
329.85,3715,3105,3632
330.00,3711,3100,3629
330.15,3706,3098,3624
330.30,3704,3098,3621
330.45,3701,3094,3617
330.60,3696,3091,3615
330.75,3692,3088,3610
330.90,3683,3080,3603
331.05,3685,3080,3602
331.20,3680,3076,3597
331.35,3671,3069,3588
331.50,3670,3069,3589
331.65,3666,3064,3583
331.80,3656,3056,3572
331.95,3655,3056,3573
332.10,3652,3053,3569
332.25,3646,3049,3562
332.40,3638,3041,3554
332.55,3637,3041,3554
332.70,3633,3037,3550
332.85,3626,3031,3543
333.00,3623,3029,3539
333.15,3619,3025,3535
333.30,3615,3020,3531
333.45,3610,3018,3526
333.60,3608,3016,3524
333.75,3602,3011,3519
333.90,3598,3009,3514
334.05,3592,3000,3508
334.20,3587,2998,3505
334.35,3585,2993,3500
334.50,3580,2991,3496
334.65,3575,2986,3491
334.80,3570,2982,3487
334.95,3565,2979,3481
335.10,3560,2974,3477
335.25,3556,2971,3472
335.40,3552,2968,3469
335.55,3543,2964,3461
335.70,3541,2958,3456
335.85,3534,2953,3450
336.00,3526,2948,3445
336.15,3524,2947,3442
336.30,3522,2945,3439
336.45,3516,2940,3433
336.60,3508,2933,3427
336.75,3502,2928,3421
336.90,3496,2921,3414
337.05,3484,2912,3400
337.20,3475,2906,3394
337.35,3474,2904,3392
337.50,3465,2897,3384
337.65,3461,2891,3378
337.80,3449,2882,3367
337.95,3448,2881,3365
338.10,3437,2872,3356
338.25,3435,2869,3351
338.40,3427,2864,3345
338.55,3414,2852,3333
338.70,3414,2853,3333
338.85,3402,2840,3320
339.00,3401,2840,3319
339.15,3396,2836,3316
339.30,3387,2829,3306
339.45,3384,2827,3301
339.60,3377,2822,3296
339.75,3372,2817,3291
339.90,3368,2812,3287
340.05,3363,2805,3281
340.20,3356,2801,3275
340.35,3350,2797,3268
340.50,3344,2792,3263
340.65,3338,2786,3257
340.80,3332,2780,3251
340.95,3326,2775,3243
341.10,3318,2770,3237
341.25,3311,2765,3231
341.40,3303,2758,3225
341.55,3293,2751,3216
341.70,3287,2745,3209
341.85,3279,2738,3199
342.00,3274,2735,3195
342.15,3266,2728,3188
342.30,3261,2725,3184
342.45,3254,2717,3176
342.60,3238,2703,3161
342.75,3237,2703,3159
342.90,3223,2691,3146
343.05,3220,2690,3144
343.20,3211,2680,3133
343.35,3199,2673,3124
343.50,3183,2660,3110
343.65,3182,2657,3108
343.80,3172,2651,3099
343.95,3159,2640,3085
344.10,3153,2635,3081
344.25,3142,2627,3069
344.40,3137,2622,3064
344.55,3130,2614,3055
344.70,3124,2612,3053
344.85,3112,2600,3039
345.00,3107,2597,3034
345.15,3100,2589,3025
345.30,3091,2584,3019
345.45,3085,2577,3012
345.60,3080,2575,3008
345.75,3075,2567,3001
345.90,3068,2561,2993
346.05,3061,2555,2987
346.20,3054,2550,2982
346.35,3048,2542,2973
346.50,3040,2536,2967
346.65,3033,2530,2960
346.80,3025,2524,2952
346.95,3017,2517,2945
347.10,3009,2509,2935
347.25,3000,2503,2926
347.40,2993,2498,2920
347.55,2981,2491,2910
347.70,2972,2484,2902
347.85,2962,2475,2891
348.00,2957,2470,2887
348.15,2949,2464,2879
348.30,2942,2458,2872
348.45,2932,2453,2864
348.60,2921,2441,2851
348.75,2909,2432,2841
348.90,2902,2425,2832
349.05,2890,2415,2821
349.20,2882,2409,2814
349.35,2872,2400,2803
349.50,2856,2386,2785
349.65,2841,2373,2771
349.80,2840,2373,2770
349.95,2827,2362,2759
350.10,2818,2356,2750
350.25,2807,2344,2739
350.40,2803,2343,2736
350.55,2794,2336,2726
350.70,2787,2328,2719
350.85,2774,2318,2707
351.00,2763,2309,2696
351.15,2760,2306,2691
351.30,2749,2296,2681
351.45,2742,2291,2674
351.60,2738,2287,2669
351.75,2731,2278,2664
351.90,2724,2274,2656
352.05,2717,2267,2649
352.20,2709,2261,2640
352.35,2703,2255,2635
352.50,2694,2248,2627
352.65,2686,2241,2618
352.80,2677,2232,2609
352.95,2668,2225,2600
353.10,2658,2218,2591
353.25,2648,2210,2581
353.40,2638,2203,2573
353.55,2626,2194,2560
353.70,2614,2184,2550
353.85,2607,2178,2543
354.00,2592,2165,2527
354.15,2588,2162,2524
354.30,2576,2153,2512
354.45,2569,2148,2506
354.60,2559,2138,2496
354.75,2545,2129,2484
354.90,2536,2122,2476
355.05,2527,2114,2466
355.20,2516,2103,2455
355.35,2500,2090,2441
355.50,2484,2077,2424
355.65,2481,2073,2419
355.80,2466,2061,2407
355.95,2458,2056,2399
356.10,2445,2045,2387
356.25,2430,2032,2371
356.40,2424,2026,2365
356.55,2415,2019,2356
356.70,2407,2013,2349
356.85,2379,1989,2321
357.00,2380,1988,2320
357.15,2377,1987,2322
357.30,2367,1979,2310
357.45,2360,1972,2303
357.60,2354,1967,2297
357.75,2349,1961,2289
357.90,2340,1955,2282
358.05,2333,1948,2276
358.20,2326,1942,2267
358.35,2318,1935,2261
358.50,2311,1927,2252
358.65,2299,1919,2242
358.80,2291,1911,2233
358.95,2279,1903,2223
359.10,2268,1894,2212
359.25,2259,1886,2203
359.40,2247,1878,2193
359.55,2234,1867,2181
359.70,2223,1858,2170
359.85,2214,1851,2161
360.00,2202,1841,2149
360.15,2196,1836,2145
360.30,2188,1830,2135
360.45,2181,1823,2129
360.60,2169,1813,2117
360.75,2158,1803,2105
360.90,2138,1787,2088
361.05,2133,1783,2083
361.20,2122,1773,2071
361.35,2110,1764,2058
361.50,2091,1748,2040
361.65,2079,1735,2028
361.80,2071,1732,2021
361.95,2056,1718,2008
362.10,2046,1711,1998
362.25,2043,1709,1994
362.40,2032,1699,1984
362.55,2023,1691,1975
362.70,2014,1683,1964
362.85,1985,1660,1939
363.00,1984,1661,1939
363.15,1976,1652,1929
363.30,1972,1648,1925
363.45,1964,1643,1917
363.60,1957,1635,1908
363.75,1949,1629,1901
363.90,1940,1622,1894
364.05,1932,1615,1884
364.20,1924,1608,1878
364.35,1919,1601,1871
364.50,1909,1593,1861
364.65,1899,1586,1852
364.80,1890,1579,1844
364.95,1880,1571,1833
365.10,1868,1562,1823
365.25,1857,1552,1813
365.40,1848,1544,1803
365.55,1836,1534,1792
365.70,1827,1526,1781
365.85,1809,1513,1764
366.00,1801,1505,1757
366.15,1789,1495,1745
366.30,1783,1490,1740
366.45,1775,1484,1732
366.60,1745,1459,1701
366.75,1745,1458,1702
366.90,1739,1453,1696
367.05,1729,1445,1686
367.20,1719,1437,1677
367.35,1704,1424,1662
367.50,1689,1413,1648
367.65,1683,1406,1641
367.80,1660,1387,1620
367.95,1654,1383,1614
368.10,1643,1372,1604
368.25,1633,1365,1592
368.40,1626,1360,1586
368.55,1615,1351,1577
368.70,1609,1345,1569
368.85,1593,1332,1553
369.00,1583,1323,1546
369.15,1577,1319,1539
369.30,1562,1306,1524
369.45,1552,1298,1517
369.60,1549,1295,1512
369.75,1542,1289,1506
369.90,1535,1283,1498
370.05,1527,1276,1490
370.20,1519,1269,1482
370.35,1512,1263,1475
370.50,1503,1254,1466
370.65,1494,1247,1457
370.80,1485,1240,1448
370.95,1474,1232,1439
371.10,1464,1223,1428
371.25,1453,1216,1418
371.40,1442,1206,1408
371.55,1431,1195,1396
371.70,1421,1189,1388
371.85,1410,1179,1375
372.00,1404,1174,1371
372.15,1396,1167,1363
372.30,1387,1159,1353
372.45,1379,1154,1347
372.60,1361,1136,1327
372.75,1354,1132,1321
372.90,1337,1118,1306
373.05,1337,1118,1304
373.20,1325,1107,1292
373.35,1306,1092,1274
373.50,1297,1084,1265
373.65,1285,1075,1255
373.80,1276,1067,1246
373.95,1267,1061,1237
374.10,1258,1052,1228
374.25,1243,1039,1213
374.40,1239,1035,1208
374.55,1229,1028,1200
374.70,1221,1021,1191
374.85,1211,1012,1181
375.00,1199,1002,1169
375.15,1191,995,1162
375.30,1177,983,1148
375.45,1172,978,1142
375.60,1167,976,1140
375.75,1161,969,1132
375.90,1154,963,1125
376.05,1147,958,1118
376.20,1141,952,1112
376.35,1134,945,1105
376.50,1126,940,1098
376.65,1118,932,1091
376.80,1110,925,1082
376.95,1100,917,1073
377.10,1090,908,1062
377.25,1081,902,1054
377.40,1071,894,1045
377.55,1059,885,1033
377.70,1048,875,1023
377.85,1041,869,1016
378.00,1030,860,1005
378.15,1020,851,995
378.30,1018,850,994
378.45,1010,842,985
378.60,1002,836,977
378.75,993,828,968
378.90,979,817,956
379.05,971,811,947
379.20,958,800,933
379.35,949,792,924
379.50,937,781,913
379.65,929,775,906
379.80,918,765,895
379.95,909,759,886
380.10,902,753,879
380.25,894,747,871
380.40,884,739,862
380.55,876,730,854
380.70,868,725,846
380.85,858,717,836
381.00,851,710,830
381.15,840,701,819
381.30,830,692,807
381.45,829,691,807
381.60,822,686,801
381.75,814,681,794
381.90,809,675,787
382.05,803,670,782
382.20,798,665,777
382.35,792,659,770
382.50,784,654,764
382.65,777,648,756
382.80,769,641,750
382.95,762,634,741
383.10,754,628,732
383.25,744,622,725
383.40,736,614,717
383.55,724,605,706
383.70,717,599,698
383.85,712,594,693
384.00,704,588,685
384.15,696,582,678
384.30,690,575,672
384.45,681,569,664
384.60,672,561,654
384.75,662,551,643
384.90,653,545,636
385.05,647,540,629
385.20,635,530,618
385.35,625,521,608
385.50,619,516,602
385.65,610,509,593
385.80,602,502,586
385.95,588,490,571
386.10,583,485,566
386.25,576,478,559
386.40,572,477,555
386.55,567,473,550
386.70,557,464,541
386.85,544,454,529
387.00,544,452,529
387.15,540,450,523
387.30,530,440,514
387.45,524,435,509
387.60,520,434,505
387.75,516,428,501
387.90,510,426,496
388.05,506,418,491
388.20,501,416,484
388.35,495,414,481
388.50,490,408,476
388.65,483,404,469
388.80,477,394,463
388.95,470,393,454
389.10,464,387,448
389.25,458,378,441
389.40,448,371,437
389.55,439,368,428
389.70,432,361,418
389.85,425,349,408
390.00,419,347,406
390.15,410,339,396
390.30,403,339,394
390.45,403,335,387
390.60,397,331,384
390.75,391,326,379
390.90,384,313,371
391.05,373,310,361
391.20,363,306,355
391.35,355,295,338
391.50,355,290,343
391.65,350,284,332
391.80,342,278,331
391.95,335,279,324
392.10,325,275,320
392.25,321,267,311
392.40,319,257,308
392.55,314,261,303
392.70,302,248,297
392.85,294,250,291
393.00,294,244,277
393.15,284,233,280
393.30,284,236,274
393.45,282,234,272
393.60,279,232,261
393.75,276,228,266
393.90,271,224,255
394.05,268,213,258
394.20,264,211,255
394.35,254,207,243
394.50,248,213,247
394.65,244,209,243
394.80,246,196,238
394.95,241,200,233
395.10,236,186,228
395.25,224,192,223
395.40,226,178,209
395.55,220,183,212
395.70,206,168,207
395.85,201,175,193
396.00,205,170,197
396.15,203,159,195
396.30,189,154,181
396.45,188,163,188
396.60,179,156,181
396.75,174,151,167
396.90,180,149,163
397.05,174,145,167
397.20,158,128,161
397.35,164,127,147
397.50,160,131,153
397.65,155,129,139
397.80,153,126,136
397.95,148,110,141
398.10,141,117,135
398.25,140,116,123
398.40,136,100,120
398.55,130,107,123
398.70,129,107,124
398.85,118,98,113
399.00,119,98,113
399.15,119,86,113
399.30,117,95,99
399.45,103,81,97
399.60,111,92,94
399.75,98,90,104
399.90,107,77,101
400.05,92,86,99
400.20,90,84,97
400.35,88,82,94
400.50,97,80,80
400.65,95,65,77
400.80,92,75,87
400.95,88,60,71
401.10,86,70,69
401.25,71,55,65
401.40,68,65,74
401.55,76,62,58
401.70,61,48,56
401.85,71,58,66
402.00,55,56,63
402.15,53,54,49
402.30,52,38,45
402.45,62,50,45
402.60,60,48,55
402.75,57,45,40
402.90,51,28,35
403.05,38,42,34
403.20,49,39,45
403.35,33,22,41
403.50,42,34,38
403.65,41,19,37
403.80,24,30,34
403.95,38,16,21
404.10,35,14,32
404.25,35,13,17
404.40,32,25,28
404.55,18,24,27
404.70,15,23,13
404.85,27,7,9
405.00,27,21,9
405.15,11,6,7
405.30,11,19,21
405.45,24,4,6
405.60,22,3,19
405.75,8,16,18
405.90,7,16,17
406.05,20,15,16
406.20,5,1,16
406.35,19,14,15
406.50,4,0,14
406.65,17,13,13
406.80,16,12,0
406.95,15,0,12
407.10,14,0,11
407.25,0,9,0
407.40,0,9,9
407.55,12,9,0
407.70,11,8,0
407.85,11,8,8
408.00,11,0,7
408.15,0,0,7
408.30,10,6,0
408.45,0,6,0
408.60,9,0,0
408.75,9,0,0
408.90,9,0,0
409.05,9,0,0
409.20,0,6,6
409.35,0,0,0
409.50,10,6,7
409.65,10,7,6
409.80,10,6,0
409.95,11,7,7
410.10,11,0,0
410.25,11,0,8
410.40,12,8,8
410.55,13,0,0
410.70,13,0,10
410.85,14,10,0
411.00,15,10,0
411.15,2,0,12
411.30,2,11,0
411.45,2,0,13
411.60,17,0,14
411.75,3,13,14
411.90,18,1,15
412.05,5,0,16
412.20,6,1,16
412.35,20,15,17
412.50,7,2,18
412.65,22,17,5
412.80,23,18,20
412.95,25,19,22
413.10,26,21,23
413.25,28,22,25
413.40,29,23,26
413.55,31,10,28
413.70,33,26,30
413.85,22,14,32
414.00,36,15,33
414.15,38,30,34
414.30,40,18,36
414.45,42,33,37
414.60,44,22,41
414.75,47,24,32
414.90,50,40,33
415.05,37,29,33
415.20,54,44,37
415.35,59,34,55
415.50,58,35,42
415.65,61,36,57
415.80,50,51,47
415.95,67,54,63
416.10,57,56,65
416.25,72,59,68
416.40,61,60,69
416.55,66,51,74
416.70,79,65,76
416.85,83,57,67
417.00,74,71,70
417.15,74,58,82
417.30,90,73,85
417.45,92,76,88
417.60,83,77,90
417.75,96,66,79
417.90,86,68,94
418.05,90,70,84
418.20,91,85,86
418.35,93,86,100
418.50,108,76,91
418.65,110,90,94
418.80,102,82,109
418.95,117,96,112
419.10,121,100,115
419.25,113,102,119
419.40,128,106,124
419.55,133,110,117
419.70,136,113,131
419.85,142,106,125
420.00,144,118,138
420.15,138,123,142
420.30,152,114,146
420.45,155,118,149
420.60,151,122,154
420.75,154,134,149
420.90,158,140,163
421.05,176,146,171
421.20,178,148,162
421.35,184,143,178
421.50,193,160,186
421.65,192,160,178
421.80,198,154,182
421.95,203,160,196
422.10,211,176,204
422.25,206,169,208
422.40,220,182,213
422.55,221,184,215
422.70,225,187,219
422.85,232,192,225
423.00,228,196,228
423.15,239,200,232
423.30,236,203,229
423.45,240,197,241
423.60,243,209,236
423.75,254,212,246
423.90,250,214,250
424.05,261,217,246
424.20,265,220,257
424.35,269,223,254
424.50,273,218,257
424.65,277,231,262
424.80,282,226,274
424.95,288,239,280
425.10,293,244,279
425.25,293,242,284
425.40,305,254,290
425.55,313,261,304
425.70,318,258,310
425.85,324,263,309
426.00,329,267,320
426.15,343,287,334
426.30,338,279,334
426.45,346,289,337
426.60,357,295,346
426.75,361,301,346
426.90,370,303,360
427.05,369,311,363
427.20,381,317,370
427.35,396,330,385
427.50,396,330,381
427.65,401,330,387
427.80,408,342,396
427.95,421,346,410
428.10,421,352,410
428.25,426,357,413
428.40,435,363,423
428.55,439,364,426
428.70,450,375,435
428.85,458,381,445
429.00,461,385,449
429.15,470,393,458
429.30,472,395,460
429.45,477,395,465
429.60,481,402,469
429.75,486,406,472
429.90,491,410,476
430.05,495,413,481
430.20,500,414,487
430.35,505,418,492
430.50,511,425,497
430.65,517,430,503
430.80,523,436,510
430.95,531,443,517
431.10,539,448,523
431.25,547,454,531
431.40,554,462,540
431.55,565,470,549
431.70,572,477,556
431.85,579,481,564
432.00,586,488,571
432.15,595,497,579
432.30,600,500,585
432.45,612,510,596
432.60,614,511,599
432.75,622,518,607
432.90,636,529,619
433.05,641,535,625
433.20,651,542,634
433.35,665,554,647
433.50,673,562,656
433.65,682,569,666
433.80,687,572,669
433.95,692,577,674
434.10,705,588,687
434.25,709,591,691
434.40,724,604,706
434.55,727,608,711
434.70,731,610,713
434.85,745,623,727
435.00,752,628,732
435.15,757,632,738
435.30,764,639,747
435.45,771,644,753
435.60,775,647,756
435.75,781,652,763
435.90,787,656,768
436.05,792,661,772
436.20,798,666,778
436.35,803,671,785
436.50,810,676,790
436.65,818,682,797
436.80,825,688,805
436.95,833,696,814
437.10,843,703,824
437.25,853,712,832
437.40,862,720,842
437.55,873,730,853
437.70,883,737,863
437.85,890,744,869
438.00,901,752,881
438.15,911,761,892
438.30,916,764,894
438.45,923,771,902
438.60,957,799,934
438.75,956,800,935
438.90,956,798,933
439.05,972,812,950
439.20,988,824,965
439.35,987,824,966
439.50,1003,838,980
439.65,1005,840,983
439.80,1019,850,996
439.95,1026,857,1004
440.10,1043,870,1019
440.25,1058,885,1036
440.40,1058,884,1034
440.55,1061,886,1038
440.70,1068,892,1045
440.85,1080,902,1057
441.00,1090,909,1066
441.15,1096,915,1072
441.30,1106,924,1083
441.45,1112,929,1088
441.60,1119,934,1095
441.75,1126,939,1100
441.90,1133,945,1107
442.05,1138,950,1114
442.20,1145,955,1120
442.35,1152,959,1125
442.50,1158,966,1134
442.65,1169,974,1143
442.80,1177,980,1152
442.95,1187,990,1162
443.10,1199,1000,1173
443.25,1209,1007,1183
443.40,1220,1019,1195
443.55,1232,1028,1206
443.70,1240,1036,1214
443.85,1248,1042,1222
444.00,1265,1055,1239
444.15,1270,1060,1244
444.30,1276,1064,1248
444.45,1285,1073,1258
444.60,1293,1079,1267
444.75,1313,1097,1286
444.90,1315,1098,1289
445.05,1341,1120,1314
445.20,1342,1121,1315
445.35,1355,1134,1328
445.50,1363,1139,1336
445.65,1390,1161,1362
445.80,1389,1160,1361
445.95,1395,1165,1367
446.10,1407,1174,1378
446.25,1415,1182,1387
446.40,1425,1189,1397
446.55,1440,1201,1410
446.70,1440,1204,1412
446.85,1455,1215,1424
447.00,1467,1224,1436
447.15,1472,1229,1443
447.30,1481,1238,1452
447.45,1489,1245,1460
447.60,1495,1249,1466
447.75,1503,1254,1472
447.90,1509,1260,1478
448.05,1515,1264,1484
448.20,1522,1270,1490
448.35,1529,1276,1498
448.50,1538,1281,1506
448.65,1546,1288,1514
448.80,1556,1297,1523
448.95,1566,1305,1532
449.10,1578,1315,1544
449.25,1587,1325,1555
449.40,1601,1335,1567
449.55,1614,1347,1581
449.70,1626,1356,1592
449.85,1636,1366,1604
450.00,1647,1375,1615
450.15,1667,1390,1632
450.30,1665,1390,1630
450.45,1674,1396,1638
450.60,1692,1411,1658
450.75,1701,1420,1666
450.90,1707,1426,1673
451.05,1717,1433,1681
451.20,1743,1455,1707
451.35,1742,1455,1708
451.50,1775,1483,1739
451.65,1776,1483,1739
451.80,1776,1483,1740
451.95,1804,1505,1765
452.10,1803,1505,1765
452.25,1810,1510,1772
452.40,1819,1519,1782
452.55,1829,1527,1792
452.70,1840,1536,1803
452.85,1852,1546,1814
453.00,1859,1552,1821
453.15,1867,1557,1827
453.30,1878,1569,1840
453.45,1886,1574,1848
453.60,1893,1581,1855
453.75,1900,1586,1861
453.90,1907,1590,1866
454.05,1912,1596,1873
454.20,1920,1602,1881
454.35,1926,1608,1887
454.50,1935,1614,1895
454.65,1944,1621,1904
454.80,1954,1630,1913
454.95,1965,1638,1924
455.10,1977,1649,1936
455.25,1987,1658,1947
455.40,1999,1668,1959
455.55,2013,1680,1971
455.70,2023,1690,1982
455.85,2036,1700,1996
456.00,2045,1708,2003
456.15,2070,1727,2028
456.30,2069,1727,2028
456.45,2077,1735,2035
456.60,2099,1753,2057
456.75,2098,1752,2057
456.90,2108,1762,2067
457.05,2120,1771,2079
457.20,2131,1779,2087
457.35,2181,1820,2138
457.50,2180,1821,2137
457.65,2179,1819,2135
457.80,2180,1819,2135
457.95,2191,1828,2146
458.10,2203,1839,2157
458.25,2210,1845,2165
458.40,2235,1864,2189
458.55,2232,1864,2187
458.70,2243,1872,2196
458.85,2255,1883,2210
459.00,2263,1889,2215
459.15,2269,1894,2221
459.30,2280,1904,2234
459.45,2284,1907,2239
459.60,2293,1914,2247
459.75,2299,1917,2253
459.90,2304,1922,2258
460.05,2311,1929,2264
460.20,2318,1933,2270
460.35,2325,1940,2277
460.50,2332,1945,2286
460.65,2343,1952,2294
460.80,2351,1960,2303
460.95,2363,1970,2315
461.10,2373,1978,2324
461.25,2384,1989,2335
461.40,2395,1998,2348
461.55,2408,2011,2360
461.70,2420,2020,2371
461.85,2429,2029,2381
462.00,2442,2039,2392
462.15,2457,2052,2407
462.30,2460,2056,2412
462.45,2471,2063,2421
462.60,2482,2073,2434
462.75,2488,2079,2439
462.90,2502,2091,2452
463.05,2514,2101,2465
463.20,2534,2116,2482
463.35,2541,2124,2491
463.50,2546,2129,2497
463.65,2558,2139,2505
463.80,2579,2154,2527
463.95,2580,2155,2529
464.10,2593,2166,2541
464.25,2601,2172,2547
464.40,2616,2186,2563
464.55,2620,2190,2567
464.70,2629,2196,2575
464.85,2642,2206,2588
465.00,2654,2220,2601
465.15,2657,2218,2603
465.30,2669,2229,2615
465.45,2676,2233,2620
465.60,2679,2237,2625
465.75,2686,2241,2630
465.90,2691,2244,2634
466.05,2698,2249,2639
466.20,2702,2253,2644
466.35,2709,2258,2652
466.50,2716,2262,2658
466.65,2724,2269,2666
466.80,2734,2278,2676
466.95,2745,2286,2686
467.10,2753,2296,2695
467.25,2766,2304,2707
467.40,2776,2313,2717
467.55,2791,2327,2732
467.70,2802,2337,2741
467.85,2809,2345,2751
468.00,2817,2351,2759
468.15,2827,2360,2769
468.30,2841,2371,2783
468.45,2843,2372,2784
468.60,2854,2382,2794
468.75,2861,2389,2803
468.90,2878,2399,2816
469.05,2883,2406,2824
469.20,2892,2414,2832
469.35,2904,2425,2845
469.50,2922,2440,2861
469.65,2932,2446,2871
469.80,2931,2448,2871
469.95,2949,2462,2888
470.10,2959,2472,2899
470.25,2959,2471,2899
470.40,2969,2479,2909
470.55,2977,2487,2915
470.70,2994,2498,2933
470.85,2997,2502,2936
471.00,3007,2511,2945
471.15,3016,2519,2954
471.30,3017,2520,2956
471.45,3024,2525,2962
471.60,3030,2531,2969
471.75,3037,2533,2973
471.90,3042,2538,2978
472.05,3047,2542,2984
472.20,3052,2548,2986
472.35,3058,2551,2993
472.50,3063,2555,2999
472.65,3071,2562,3007
472.80,3079,2568,3014
472.95,3088,2576,3023
473.10,3097,2585,3034
473.25,3109,2593,3043
473.40,3117,2603,3053
473.55,3130,2613,3064
473.70,3135,2617,3069
473.85,3144,2624,3078
474.00,3152,2630,3085
474.15,3161,2638,3094
474.30,3172,2647,3104
474.45,3174,2649,3107
474.60,3182,2657,3116
474.75,3194,2666,3126
474.90,3202,2674,3133
475.05,3209,2679,3141
475.20,3220,2688,3151
475.35,3236,2702,3167
475.50,3237,2704,3167
475.65,3243,2710,3177
475.80,3258,2720,3189
475.95,3262,2724,3194
476.10,3269,2731,3202
476.25,3279,2741,3212
476.40,3284,2743,3214
476.55,3290,2749,3221
476.70,3302,2761,3232
476.85,3306,2762,3237
477.00,3308,2766,3240
477.15,3318,2774,3249
477.30,3323,2778,3253
477.45,3327,2781,3258
477.60,3330,2784,3262
477.75,3335,2790,3268
477.90,3342,2792,3271
478.05,3345,2793,3275
478.20,3349,2797,3280
478.35,3353,2800,3284
478.50,3359,2804,3290
478.65,3365,2809,3295
478.80,3373,2817,3301
478.95,3379,2821,3307
479.10,3388,2828,3315
479.25,3397,2836,3324
479.40,3403,2843,3333
479.55,3412,2853,3341
479.70,3418,2856,3347
479.85,3423,2861,3352
480.00,3431,2866,3357
480.15,3440,2875,3368
480.30,3444,2877,3369
480.45,3449,2882,3374
480.60,3455,2887,3380
480.75,3462,2893,3388
480.90,3471,2899,3397
481.05,3476,2904,3402
481.20,3485,2912,3411
481.35,3494,2919,3420
481.50,3498,2922,3423
481.65,3505,2929,3428
481.80,3512,2935,3437
481.95,3516,2939,3440
482.10,3522,2944,3447
482.25,3527,2948,3452
482.40,3542,2960,3465
482.55,3541,2958,3466
482.70,3545,2962,3469
482.85,3550,2965,3474
483.00,3556,2972,3479
483.15,3564,2977,3486
483.30,3565,2980,3488
483.45,3568,2982,3492
483.60,3570,2986,3496
483.75,3577,2988,3502
483.90,3579,2991,3503
484.05,3580,2990,3506
484.20,3583,2993,3508
484.35,3585,2994,3512
484.50,3589,2996,3512
484.65,3593,3001,3519
484.80,3598,3005,3524
484.95,3603,3011,3530
485.10,3611,3015,3535
485.25,3616,3022,3542
485.40,3623,3028,3548
485.55,3627,3033,3553
485.70,3631,3036,3558
485.85,3635,3041,3561
486.00,3638,3042,3565
486.15,3647,3050,3573
486.30,3647,3050,3574
486.45,3651,3052,3578
486.60,3655,3056,3579
486.75,3659,3059,3586
486.90,3664,3062,3589
487.05,3669,3065,3594
487.20,3674,3071,3601
487.35,3679,3074,3606
487.50,3682,3078,3609
487.65,3691,3084,3615
487.80,3693,3085,3618
487.95,3697,3089,3623
488.10,3700,3091,3626
488.25,3706,3095,3631
488.40,3709,3097,3634
488.55,3713,3098,3637
488.70,3716,3101,3639
488.85,3719,3103,3646
489.00,3724,3106,3648
489.15,3725,3106,3651
489.30,3728,3111,3653
489.45,3731,3111,3657
489.60,3733,3113,3657
489.75,3737,3116,3662
489.90,3738,3116,3662
490.05,3740,3118,3665
490.20,3742,3118,3666
490.35,3743,3118,3666
490.50,3746,3118,3667
490.65,3748,3122,3672
490.80,3752,3125,3673
490.95,3755,3127,3677
491.10,3757,3130,3682
491.25,3759,3134,3684
491.40,3761,3136,3689
491.55,3763,3139,3692
491.70,3769,3142,3694
491.85,3768,3142,3696
492.00,3772,3144,3700
492.15,3773,3145,3700
492.30,3774,3146,3703
492.45,3777,3149,3705
492.60,3778,3150,3707
492.75,3780,3151,3708
492.90,3781,3154,3711
493.05,3784,3156,3713
493.20,3787,3157,3715
493.35,3789,3161,3720
493.50,3792,3162,3722
493.65,3795,3162,3723
493.80,3795,3164,3726