0.00,9103,15061,15490
0.15,9101,15059,15476
0.30,9096,15056,15471
0.45,9097,15052,15474
0.60,9100,15063,15481
0.75,9095,15062,15477
0.90,9093,15063,15466
1.05,9093,15057,15471
1.20,9098,15069,15470
1.35,9099,15063,15472
1.50,9084,15056,15447
1.65,9096,15065,15461
1.80,9085,15054,15446
1.95,9088,15057,15442
2.10,9085,15057,15455
2.25,9085,15059,15444
2.40,9087,15054,15443
2.55,9081,15051,15446
2.70,9090,15063,15450
2.85,9090,15066,15442
3.00,9079,15050,15431
3.15,9082,15043,15434
3.30,9082,15048,15445
3.45,9081,15053,15439
3.60,9080,15048,15424
3.75,9070,15040,15415
3.90,9051,15018,15374
4.05,9033,15005,15343
4.20,9026,14993,15333
4.35,9012,14980,15296
4.50,9010,14969,15293
4.65,9006,14979,15290
4.80,9013,14978,15295
4.95,9016,14976,15328
5.10,9041,15001,15355
5.25,9044,14997,15355
5.40,9054,15002,15379
5.55,9045,14994,15375
5.70,9041,14984,15354
5.85,9033,14981,15361
6.00,9034,14976,15343
6.15,9026,14967,15343
6.30,9022,14959,15320
6.45,9016,14953,15320
6.60,9011,14950,15297
6.75,9008,14937,15300
6.90,9002,14935,15291
7.05,8996,14934,15270
7.20,8996,14925,15282
7.35,8983,14912,15253
7.50,8976,14903,15230
7.65,8975,14895,15228
7.80,8966,14883,15216
7.95,8961,14875,15206
8.10,8957,14860,15192
8.25,8950,14850,15187
8.40,8939,14839,15177
8.55,8931,14830,15154
8.70,8919,14814,15144
8.85,8921,14809,15151
9.00,8918,14802,15137
9.15,8906,14788,15105
9.30,8901,14772,15115
9.45,8899,14769,15094
9.60,8884,14756,15087
9.75,8878,14745,15069
9.90,8851,14712,15011
10.05,8837,14710,14986
10.20,8823,14685,14952
10.35,8805,14660,14931
10.50,8804,14650,14914
10.65,8799,14646,14912
10.80,8805,14643,14913
10.95,8798,14630,14923
11.10,8816,14647,14939
11.25,8816,14641,14948
11.40,8810,14629,14947
11.55,8810,14623,14940
11.70,8801,14607,14919
11.85,8792,14594,14922
12.00,8772,14567,14882
12.15,8776,14563,14874
12.30,8758,14539,14863
12.45,8746,14524,14819
12.60,8734,14515,14814
12.75,8723,14487,14786
12.90,8715,14466,14771
13.05,8713,14456,14762
13.20,8699,14439,14749
13.35,8692,14424,14718
13.50,8676,14405,14706
13.65,8665,14385,14679
13.80,8655,14366,14660
13.95,8638,14348,14631
14.10,8627,14326,14607
14.25,8611,14300,14585
14.40,8615,14301,14591
14.55,8599,14283,14561
14.70,8580,14251,14535
14.85,8569,14232,14511
15.00,8554,14211,14496
15.15,8545,14186,14473
15.30,8540,14178,14454
15.45,8531,14166,14455
15.60,8518,14143,14430
15.75,8498,14118,14391
15.90,8470,14088,14323
16.05,8457,14074,14308
16.20,8435,14058,14272
16.35,8423,14035,14242
16.50,8414,14015,14225
16.65,8400,13997,14203
16.80,8393,13982,14208
16.95,8394,13967,14200
17.10,8399,13959,14208
17.25,8388,13938,14195
17.40,8369,13906,14163
17.55,8357,13887,14143
17.70,8353,13875,14134
17.85,8339,13854,14119
18.00,8332,13826,14091
18.15,8319,13816,14091
18.30,8301,13794,14049
18.45,8293,13769,14025
18.60,8274,13739,13998
18.75,8265,13721,13990
18.90,8250,13699,13971
19.05,8227,13664,13932
19.20,8215,13637,13899
19.35,8197,13609,13878
19.50,8188,13587,13860
19.65,8161,13550,13804
19.80,8153,13533,13786
19.95,8133,13500,13752
20.10,8113,13475,13711
20.25,8099,13452,13695
20.40,8092,13430,13688
20.55,8078,13410,13660
20.70,8053,13379,13606
20.85,8042,13360,13591
21.00,8028,13332,13570
21.15,8009,13299,13545
21.30,8003,13290,13525
21.45,7994,13268,13530
21.60,7979,13249,13487
21.75,7965,13219,13457
21.90,7942,13193,13419
22.05,7923,13166,13385
22.20,7901,13141,13343
22.35,7874,13108,13300
22.50,7863,13086,13277
22.65,7855,13067,13258
22.80,7840,13038,13241
22.95,7834,13023,13222
23.10,7827,13003,13230
23.25,7813,12973,13192
23.40,7789,12941,13158
23.55,7775,12915,13128
23.70,7756,12889,13098
23.85,7745,12868,13087
24.00,7719,12829,13032
24.15,7717,12821,13033
24.30,7684,12765,12956
24.45,7678,12757,12957
24.60,7662,12722,12932
24.75,7634,12678,12877
24.90,7611,12650,12842
25.05,7592,12616,12809
25.20,7568,12571,12784
25.35,7538,12535,12726
25.50,7517,12494,12677
25.65,7510,12473,12666
25.80,7479,12440,12620
25.95,7469,12406,12590
26.10,7455,12390,12573
26.25,7436,12350,12539
26.40,7414,12318,12506
26.55,7387,12279,12453
26.70,7369,12243,12424
26.85,7353,12210,12396
27.00,7327,12178,12356
27.15,7313,12142,12325
27.30,7301,12128,12325
27.45,7292,12103,12292
27.60,7269,12080,12255
27.75,7251,12048,12219
27.90,7221,12015,12184
28.05,7201,11992,12129
28.20,7182,11961,12094
28.35,7159,11936,12057
28.50,7144,11902,12041
28.65,7132,11874,12002
28.80,7112,11841,11986
28.95,7096,11814,11948
29.10,7092,11787,11941
29.25,7065,11749,11904
29.40,7051,11714,11875
29.55,7031,11687,11846
29.70,7017,11653,11820
29.85,6999,11628,11785
30.00,6978,11591,11745
30.15,6965,11570,11721
30.30,6941,11539,11689
30.45,6917,11497,11635
30.60,6895,11459,11612
30.75,6868,11417,11560
30.90,6853,11381,11522
31.05,6824,11339,11478
31.20,6792,11289,11424
31.35,6780,11254,11406
31.50,6747,11214,11360
31.65,6715,11165,11291
31.80,6701,11127,11266
31.95,6676,11096,11244
32.10,6660,11068,11207
32.25,6642,11028,11172
32.40,6614,10994,11125
32.55,6599,10957,11093
32.70,6567,10913,11047
32.85,6553,10876,11026
33.00,6533,10847,10979
33.15,6505,10802,10932
33.30,6491,10776,10908
33.45,6474,10749,10880
33.60,6457,10718,10844
33.75,6431,10690,10806
33.90,6405,10661,10755
34.05,6386,10636,10717
34.20,6364,10596,10687
34.35,6337,10560,10638
34.50,6320,10538,10602
34.65,6302,10494,10572
34.80,6285,10468,10540
34.95,6260,10420,10517
35.10,6248,10388,10500
35.25,6231,10354,10473
35.40,6212,10311,10435
35.55,6191,10273,10394
35.70,6171,10241,10356
35.85,6151,10213,10322
36.00,6131,10177,10291
36.15,6117,10151,10280
36.30,6094,10117,10231
36.45,6067,10071,10178
36.60,6044,10030,10145
36.75,6015,9993,10101
36.90,5989,9942,10046
37.05,5967,9909,10005
37.20,5927,9839,9951
37.35,5913,9816,9923
37.50,5887,9762,9869
37.65,5858,9727,9822
37.80,5833,9675,9776
37.95,5805,9636,9729
38.10,5781,9594,9686
38.25,5759,9550,9649
38.40,5735,9511,9626
38.55,5719,9490,9581
38.70,5685,9441,9519
38.85,5663,9395,9488
39.00,5645,9365,9451
39.15,5613,9314,9399
39.30,5601,9294,9375
39.45,5583,9270,9347
39.60,5556,9227,9315
39.75,5540,9199,9276
39.90,5509,9169,9218
40.05,5491,9134,9188
40.20,5470,9101,9162
40.35,5447,9067,9103
40.50,5426,9039,9071
40.65,5406,8989,9043
40.80,5381,8953,8999
40.95,5362,8913,8962
41.10,5347,8879,8954
41.25,5328,8840,8923
41.40,5301,8792,8868
41.55,5280,8766,8829
41.70,5257,8728,8799
41.85,5240,8701,8759
42.00,5215,8654,8719
42.15,5203,8630,8694
42.30,5181,8589,8668
42.45,5156,8549,8630
42.60,5127,8506,8583
42.75,5101,8458,8537
42.90,5072,8424,8475
43.05,5043,8365,8423
43.20,5019,8322,8382
43.35,4990,8273,8335
43.50,4961,8237,8292
43.65,4935,8196,8239
43.80,4912,8144,8200
43.95,4883,8099,8155
44.10,4863,8064,8117
44.25,4838,8037,8080
44.40,4814,7994,8037
44.55,4802,7957,8016
44.70,4766,7903,7956
44.85,4749,7873,7926
45.00,4722,7834,7885
45.15,4701,7794,7851
45.30,4684,7763,7815
45.45,4658,7728,7790
45.60,4638,7696,7748
45.75,4617,7650,7699
45.90,4596,7629,7668
46.05,4571,7599,7626
46.20,4555,7562,7593
46.35,4527,7522,7546
46.50,4511,7486,7531
46.65,4494,7456,7501
46.80,4471,7416,7449
46.95,4452,7389,7433
47.10,4427,7342,7385
47.25,4406,7306,7342
47.40,4376,7260,7295
47.55,4358,7225,7271
47.70,4332,7188,7214
47.85,4308,7138,7185
48.00,4278,7093,7134
48.15,4265,7084,7101
48.30,4237,7041,7053
48.45,4213,6998,7023
48.60,4191,6961,6973
48.75,4155,6893,6912
48.90,4132,6861,6870
49.05,4103,6810,6838
49.20,4077,6770,6774
49.35,4042,6702,6718
49.50,4025,6681,6683
49.65,3997,6636,6644
49.80,3968,6590,6592
49.95,3943,6546,6546
50.10,3923,6504,6515
50.25,3897,6461,6473
50.40,3866,6419,6436
50.55,3855,6399,6397
50.70,3821,6352,6359
50.85,3799,6313,6306
51.00,3777,6265,6265
51.15,3748,6215,6215
51.30,3730,6188,6180
51.45,3711,6157,6154
51.60,3687,6115,6107
51.75,3672,6086,6084
51.90,3649,6050,6045
52.05,3630,6021,6012
52.20,3608,6000,5973
52.35,3585,5957,5936
52.50,3566,5919,5901
52.65,3547,5886,5866
52.80,3520,5847,5826
52.95,3497,5807,5787
53.10,3482,5769,5756
53.25,3462,5735,5719
53.40,3431,5702,5674
53.55,3410,5658,5641
53.70,3386,5618,5597
53.85,3376,5596,5574
54.00,3347,5553,5530
54.15,3335,5532,5512
54.30,3313,5495,5472
54.45,3283,5446,5434
54.60,3263,5417,5399
54.75,3231,5364,5348
54.90,3204,5318,5290
55.05,3188,5293,5270
55.20,3149,5223,5210
55.35,3121,5186,5145
55.50,3104,5145,5121
55.65,3075,5098,5069
55.80,3051,5075,5046
55.95,3025,5031,4992
56.10,2999,4976,4957
56.25,2975,4949,4900
56.40,2962,4922,4892
56.55,2941,4888,4842
56.70,2916,4839,4792
56.85,2891,4793,4765
57.00,2869,4762,4740
57.15,2840,4706,4679
57.30,2827,4694,4647
57.45,2815,4657,4624
57.60,2791,4623,4600
57.75,2772,4599,4555
57.90,2754,4579,4515
58.05,2733,4544,4486
58.20,2723,4523,4456
58.35,2700,4485,4420
58.50,2679,4464,4389
58.65,2655,4429,4367
58.80,2642,4382,4336
58.95,2614,4348,4301
59.10,2592,4310,4253
59.25,2575,4275,4222
59.40,2551,4240,4182
59.55,2538,4193,4164
59.70,2511,4163,4134
59.85,2504,4159,4100
60.00,2479,4110,4063
60.15,2473,4097,4042
60.30,2444,4049,4007
60.45,2426,4019,3989
60.60,2403,3982,3937
60.75,2371,3940,3880
60.90,2350,3893,3842
61.05,2324,3864,3814
61.20,2300,3811,3773
61.35,2263,3752,3699
61.50,2252,3729,3681
61.65,2230,3693,3642
61.80,2215,3656,3620
61.95,2187,3624,3569
62.10,2181,3609,3543
62.25,2146,3554,3500
62.40,2127,3521,3470
62.55,2107,3492,3436
62.70,2098,3460,3406
62.85,2071,3437,3387
63.00,2053,3413,3360
63.15,2026,3356,3301
63.30,2026,3340,3285
63.45,2003,3315,3273
63.60,1976,3273,3231
63.75,1962,3252,3204
63.90,1949,3226,3160
64.05,1929,3200,3132
64.20,1923,3190,3106
64.35,1899,3155,3079
64.50,1881,3124,3051
64.65,1867,3096,3026
64.80,1848,3063,3005
64.95,1837,3030,2981
65.10,1811,2998,2936
65.25,1795,2968,2909
65.40,1771,2934,2873
65.55,1758,2921,2847
65.70,1741,2883,2822
65.85,1733,2850,2790
66.00,1705,2820,2760
66.15,1691,2794,2732
66.30,1668,2772,2699
66.45,1649,2741,2664
66.60,1627,2690,2629
66.75,1606,2655,2608
66.90,1587,2624,2561
67.05,1561,2581,2517
67.20,1536,2552,2490
67.35,1518,2512,2448
67.50,1500,2479,2433
67.65,1481,2447,2398
67.80,1459,2422,2362
67.95,1459,2402,2327
68.10,1432,2362,2299
68.25,1415,2348,2273
68.40,1396,2304,2239
68.55,1383,2283,2234
68.70,1364,2250,2187
68.85,1359,2223,2160
69.00,1342,2197,2133
69.15,1317,2166,2121
69.30,1302,2155,2098
69.45,1303,2127,2082
69.60,1276,2119,2057
69.75,1272,2080,2031
69.90,1250,2059,1994
70.05,1239,2041,1973
70.20,1223,2023,1951
70.35,1222,2001,1928
70.50,1196,1978,1906
70.65,1181,1963,1897
70.80,1167,1927,1858
70.95,1151,1899,1831
71.10,1138,1870,1807
71.25,1127,1847,1781
71.40,1116,1817,1752
71.55,1085,1800,1723
71.70,1067,1755,1691
71.85,1058,1740,1678
72.00,1048,1704,1657
72.15,1031,1696,1632
72.30,1028,1669,1606
72.45,1006,1633,1585
72.60,984,1616,1555
72.75,975,1594,1526
72.90,961,1557,1497
73.05,934,1549,1470
73.20,918,1520,1443
73.35,899,1491,1413
73.50,883,1464,1389
73.65,869,1425,1380
73.80,861,1401,1339
73.95,836,1369,1323
74.10,830,1356,1294
74.25,830,1338,1290
74.40,802,1311,1252
74.55,803,1292,1231
74.70,787,1266,1222
74.85,756,1236,1176
75.00,749,1222,1178
75.15,731,1192,1134
75.30,723,1183,1121
75.45,717,1184,1109
75.60,707,1154,1095
75.75,709,1141,1080
75.90,688,1125,1063
76.05,679,1126,1046
76.20,670,1095,1032
76.35,661,1080,1015
76.50,650,1063,998
76.65,639,1045,978
76.80,627,1024,977
76.95,617,1005,941
77.10,606,999,924
77.25,593,981,921
77.40,590,942,885
77.55,579,922,880
77.70,559,908,851
77.85,549,892,838
78.00,543,894,826
78.15,531,874,818
78.30,525,849,794
78.45,501,809,756
78.60,501,809,756
78.75,498,788,748
78.90,476,769,729
79.05,463,747,695
79.20,454,743,680
79.35,441,708,658
79.50,433,707,644
79.65,424,678,629
79.80,421,662,625
79.95,407,638,588
80.10,396,631,584
80.25,394,617,568
80.40,380,603,554
80.55,371,590,543
80.70,366,582,526
80.85,353,562,523
81.00,347,560,505
81.15,341,540,487
81.30,331,524,479
81.45,321,512,471
81.60,324,511,456
81.75,318,492,448
81.90,307,483,448
82.05,301,475,434
82.20,295,475,421
82.35,290,456,411
82.50,283,455,401
82.65,277,434,391
82.80,269,431,381
82.95,262,419,371
83.10,261,398,360
83.25,249,386,348
83.40,246,373,337
83.55,239,362,326
83.70,235,361,316
83.85,224,352,309
84.00,217,335,299
84.15,216,324,289
84.30,204,312,279
84.45,201,306,273
84.60,201,298,262
84.75,189,286,254
84.90,188,283,242
85.05,180,268,229
85.20,173,252,220
85.35,166,247,218
85.50,161,243,205
85.65,153,227,195
85.80,152,222,190
85.95,146,214,188
86.10,142,208,182
86.25,143,201,180
86.40,134,194,172
86.55,132,190,166
86.70,126,182,154
86.85,124,178,149
87.00,121,172,152
87.15,118,167,147
87.30,115,162,142
87.45,114,159,133
87.60,112,153,136
87.75,108,149,133
87.90,106,147,130
88.05,105,143,120
88.20,103,139,117
88.35,105,138,122
88.50,99,135,110
88.65,97,128,117
88.80,94,127,115
88.95,92,120,109
89.10,91,119,110
89.25,89,116,107
89.40,88,110,105
89.55,86,112,104
89.70,85,109,103
89.85,83,108,102
90.00,86,106,100
90.15,86,104,100
90.30,80,102,90
90.45,84,101,98
90.60,79,103,90
90.75,79,99,98
90.90,79,98,91
91.05,82,93,101
91.20,79,93,102
91.35,80,98,103
91.50,79,99,96
91.65,81,100,98
91.80,81,96,109
91.95,82,98,111
92.10,82,103,113
92.25,83,103,116
92.40,86,111,121
92.55,90,105,121
92.70,91,117,124
92.85,95,116,131
93.00,90,116,132
93.15,92,118,136
93.30,93,117,131
93.45,99,123,142
93.60,96,122,144
93.75,98,125,148
93.90,99,131,144
94.05,102,133,148
94.20,103,136,158
94.35,105,140,162
94.50,112,141,167
94.65,115,148,172
94.80,117,153,172
94.95,117,157,178
95.10,125,163,192
95.25,124,169,199
95.40,129,177,208
95.55,131,183,209
95.70,137,191,224
95.85,139,194,228
96.00,144,204,241
96.15,146,205,240
96.30,150,212,246
96.45,154,219,258
96.60,158,225,266
96.75,164,234,275
96.90,169,244,284
97.05,176,254,297
97.20,188,266,312
97.35,198,280,329
97.50,193,283,332
97.65,206,300,343
97.80,206,304,354
97.95,217,313,365
98.10,222,329,375
98.25,224,333,388
98.40,228,347,397
98.55,238,355,416
98.70,241,363,421
98.85,250,383,436
99.00,262,394,454
99.15,267,393,459
99.30,271,399,463
99.45,277,410,479
99.60,284,428,484
99.75,282,427,494
99.90,292,435,511
100.05,291,451,510
100.20,302,452,520
100.35,309,461,538
100.50,308,471,550
100.65,315,483,564
100.80,325,506,570
100.95,332,511,585
101.10,341,525,611
101.25,350,540,617
101.40,366,555,634
101.55,367,567,648
101.70,374,581,675
101.85,390,594,677
102.00,392,609,703
102.15,401,623,720
102.30,409,648,736
102.45,417,651,737
102.60,429,666,755
102.75,441,689,780
102.90,449,704,797
103.05,471,737,832
103.20,474,745,840
103.35,486,766,877
103.50,496,793,879
103.65,506,811,898
103.80,518,833,920
103.95,538,835,938
104.10,548,865,955
104.25,549,870,991
104.40,560,888,996
104.55,569,903,1025
104.70,583,923,1032
104.85,598,949,1061
105.00,601,971,1082
105.15,615,975,1106
105.30,621,1003,1118
105.45,628,1017,1117
105.60,639,1018,1133
105.75,653,1032,1148
105.90,655,1044,1162
106.05,663,1057,1190
106.20,671,1071,1190
106.35,678,1100,1205
106.50,701,1102,1223
106.65,713,1121,1245
106.80,726,1143,1282
106.95,729,1180,1308
107.10,743,1189,1317
107.25,757,1226,1357
107.40,785,1245,1369
107.55,784,1273,1391
107.70,797,1295,1414
107.85,812,1296,1433
108.00,832,1317,1460
108.15,846,1338,1492
108.30,848,1376,1515
108.45,860,1380,1523
108.60,889,1419,1565
108.75,894,1437,1581
108.90,919,1474,1604
109.05,931,1489,1653
109.20,959,1524,1675
109.35,960,1548,1714
109.50,975,1571,1724
109.65,1004,1600,1772
109.80,1007,1624,1797
109.95,1021,1645,1803
110.10,1042,1698,1860
110.25,1054,1701,1863
110.40,1071,1734,1897
110.55,1087,1756,1922
110.70,1108,1777,1957
110.85,1109,1794,1975
111.00,1121,1815,1997
111.15,1140,1846,2029
111.30,1150,1860,2032
111.45,1160,1877,2049
111.60,1173,1914,2074
111.75,1193,1918,2088
111.90,1192,1934,2120
112.05,1199,1948,2121
112.20,1222,1982,2140
112.35,1221,1987,2158
112.50,1236,2016,2182
112.65,1251,2035,2209
112.80,1268,2062,2247
112.95,1298,2094,2272
113.10,1308,2139,2306
113.25,1327,2165,2341
113.40,1349,2199,2381
113.55,1364,2232,2406
113.70,1381,2246,2438
113.85,1396,2272,2462
114.00,1411,2297,2490
114.15,1429,2325,2520
114.30,1453,2349,2545
114.45,1460,2375,2574
114.60,1489,2409,2607
114.75,1500,2443,2644
114.90,1518,2473,2675
115.05,1545,2530,2737
115.20,1578,2557,2764
115.35,1581,2591,2785
115.50,1603,2628,2823
115.65,1622,2647,2872
115.80,1639,2677,2902
115.95,1670,2727,2940
116.10,1688,2741,2956
116.25,1709,2790,3010
116.40,1717,2805,3037
116.55,1741,2827,3045
116.70,1763,2865,3084
116.85,1772,2893,3113
117.00,1787,2931,3155
117.15,1808,2969,3195
117.30,1821,2976,3217
117.45,1835,2999,3226
117.60,1852,3040,3270
117.75,1870,3042,3283
117.90,1869,3062,3287
118.05,1880,3093,3304
118.20,1900,3117,3327
118.35,1907,3126,3348
118.50,1923,3154,3393
118.65,1941,3184,3427
118.80,1966,3221,3450
118.95,1989,3257,3489
119.10,2013,3306,3531
119.25,2037,3335,3590
119.40,2069,3377,3621
119.55,2080,3420,3667
119.70,2100,3453,3685
119.85,2115,3466,3713
120.00,2138,3503,3754
120.15,2156,3534,3783
120.30,2173,3560,3813
120.45,2199,3601,3858
120.60,2220,3634,3905
120.75,2245,3679,3939
120.90,2262,3710,3969
121.05,2297,3753,4011
121.20,2324,3799,4076
121.35,2346,3837,4101
121.50,2389,3917,4198
121.65,2395,3916,4183
121.80,2447,4024,4283
121.95,2444,4010,4282
122.10,2468,4050,4312
122.25,2484,4062,4338
122.40,2495,4095,4385
122.55,2518,4132,4396
122.70,2552,4200,4466
122.85,2566,4199,4483
123.00,2572,4225,4506
123.15,2601,4270,4566
123.30,2613,4307,4578
123.45,2630,4318,4602
123.60,2647,4345,4634
123.75,2662,4373,4660
123.90,2673,4394,4678
124.05,2683,4415,4693
124.20,2700,4447,4727
124.35,2710,4464,4756
124.50,2734,4503,4782
124.65,2760,4533,4817
124.80,2780,4590,4863
124.95,2809,4621,4927
125.10,2836,4675,4962
125.25,2870,4703,5019
125.40,2894,4759,5047
125.55,2912,4780,5094
125.70,2929,4815,5117
125.85,2948,4846,5166
126.00,2968,4883,5188
126.15,2992,4932,5228
126.30,3008,4956,5253
126.45,3039,4989,5301
126.60,3054,5029,5341
126.75,3083,5071,5399
126.90,3113,5115,5429
127.05,3131,5157,5470
127.20,3169,5215,5548
127.35,3226,5310,5631
127.50,3229,5308,5628
127.65,3299,5445,5756
127.80,3299,5432,5758
127.95,3297,5429,5754
128.10,3315,5461,5787
128.25,3332,5488,5814
128.40,3368,5549,5877
128.55,3374,5555,5900
128.70,3413,5616,5951
128.85,3419,5648,5978
129.00,3444,5674,6020
129.15,3466,5724,6048
129.30,3486,5749,6084
129.45,3502,5766,6103
129.60,3517,5799,6135
129.75,3527,5819,6162
129.90,3537,5841,6169
130.05,3550,5864,6189
130.20,3564,5890,6223
130.35,3577,5914,6246
130.50,3593,5946,6278
130.65,3618,5985,6318
130.80,3647,6037,6352
130.95,3674,6072,6402
131.10,3708,6120,6473
131.25,3736,6171,6511
131.40,3770,6223,6585
131.55,3796,6262,6612
131.70,3817,6296,6648
131.85,3839,6334,6688
132.00,3860,6365,6721
132.15,3882,6409,6763
132.30,3903,6445,6801
132.45,3928,6484,6843
132.60,3951,6530,6893
132.75,3981,6576,6939
132.90,4006,6612,6975
133.05,4043,6681,7050
133.20,4090,6754,7121
133.35,4102,6772,7154
133.50,4119,6809,7169
133.65,4149,6847,7229
133.80,4191,6921,7305
133.95,4236,7004,7367
134.10,4233,6998,7363
134.25,4243,7008,7384
134.40,4267,7054,7436
134.55,4288,7081,7456
134.70,4316,7127,7506
134.85,4336,7161,7552
135.00,4355,7204,7586
135.15,4381,7248,7620
135.30,4403,7286,7655
135.45,4419,7298,7694
135.60,4436,7331,7715
135.75,4446,7353,7733
135.90,4457,7372,7756
136.05,4464,7391,7770
136.20,4479,7418,7783
136.35,4489,7440,7803
136.50,4515,7481,7841
136.65,4536,7525,7888
136.80,4565,7566,7933
136.95,4595,7613,7995
137.10,4631,7663,8058
137.25,4659,7718,8093
137.40,4695,7772,8157
137.55,4715,7798,8190
137.70,4736,7832,8226
137.85,4757,7869,8274
138.00,4783,7926,8322
138.15,4808,7961,8345
138.30,4829,7982,8381
138.45,4857,8028,8426
138.60,4879,8070,8467
138.75,4906,8113,8526
138.90,4934,8160,8569
139.05,5012,8289,8700
139.20,5011,8288,8695
139.35,5030,8318,8742
139.50,5049,8350,8773
139.65,5087,8421,8827
139.80,5095,8428,8838
139.95,5135,8505,8919
140.10,5158,8535,8956
140.25,5169,8557,8964
140.40,5191,8589,9003
140.55,5209,8617,9030
140.70,5239,8682,9095
140.85,5254,8702,9115
141.00,5279,8731,9163
141.15,5305,8782,9202
141.30,5319,8799,9221
141.45,5339,8832,9257
141.60,5356,8873,9288
141.75,5363,8885,9298
141.90,5377,8907,9317
142.05,5383,8923,9330
142.20,5396,8951,9348
142.35,5407,8980,9378
142.50,5421,9006,9390
142.65,5446,9041,9436
142.80,5473,9087,9478
142.95,5507,9133,9534
143.10,5538,9177,9597
143.25,5568,9224,9641
143.40,5603,9289,9704
143.55,5629,9321,9752
143.70,5650,9364,9806
143.85,5674,9398,9842
144.00,5702,9443,9872
144.15,5715,9480,9901
144.30,5744,9514,9954
144.45,5773,9559,9994
144.60,5792,9591,10041
144.75,5813,9636,10063
144.90,5848,9690,10137
145.05,5887,9751,10200
145.20,5902,9787,10214
145.35,5947,9850,10287
145.50,5988,9920,10358
145.65,5986,9915,10358
145.80,6004,9949,10389
145.95,6041,10007,10460
146.10,6082,10083,10537
146.25,6082,10077,10524
146.40,6098,10104,10543
146.55,6110,10126,10564
146.70,6137,10169,10613
146.85,6154,10199,10652
147.00,6170,10225,10673
147.15,6202,10275,10723
147.30,6217,10301,10751
147.45,6233,10334,10784
147.60,6240,10347,10786
147.75,6247,10371,10806
147.90,6247,10377,10788
148.05,6250,10395,10799
148.20,6259,10419,10813
148.35,6268,10443,10824
148.50,6285,10464,10857
148.65,6313,10502,10898
148.80,6338,10547,10948
148.95,6371,10594,11017
149.10,6407,10651,11063
149.25,6439,10688,11129
149.40,6477,10748,11197
149.55,6502,10784,11234
149.70,6524,10814,11267
149.85,6539,10843,11307
150.00,6566,10886,11335
150.15,6582,10913,11383
150.30,6601,10940,11396
150.45,6619,10975,11429
150.60,6635,11002,11459
150.75,6661,11043,11500
150.90,6686,11086,11538
151.05,6725,11149,11608
151.20,6757,11201,11663
151.35,6761,11212,11682
151.50,6788,11261,11732
151.65,6811,11296,11767
151.80,6830,11334,11788
151.95,6855,11367,11830
152.10,6870,11397,11862
152.25,6886,11427,11896
152.40,6911,11458,11926
152.55,6930,11494,11956
152.70,6975,11570,12044
152.85,6972,11565,12025
153.00,6980,11580,12043
153.15,7003,11611,12074
153.30,7016,11634,12105
153.45,7033,11668,12138
153.60,7047,11694,12164
153.75,7053,11706,12158
153.90,7062,11725,12173
154.05,7065,11742,12184
154.20,7066,11753,12178
154.35,7073,11773,12189
154.50,7093,11809,12223
154.65,7114,11834,12259
154.80,7139,11874,12304
154.95,7170,11913,12365
155.10,7204,11956,12426
155.25,7227,11991,12465
155.40,7252,12034,12498
155.55,7270,12057,12540
155.70,7288,12082,12573
155.85,7304,12109,12585
156.00,7325,12146,12615
156.15,7342,12177,12650
156.30,7354,12201,12670
156.45,7378,12241,12724
156.60,7392,12261,12743
156.75,7409,12292,12771
156.90,7435,12332,12806
157.05,7459,12373,12847
157.20,7485,12415,12895
157.35,7500,12440,12928
157.50,7516,12472,12945
157.65,7536,12506,12976
157.80,7570,12560,13038
157.95,7596,12600,13078
158.10,7594,12597,13084
158.25,7607,12624,13102
158.40,7636,12663,13153
158.55,7639,12673,13144
158.70,7655,12702,13191
158.85,7670,12720,13211
159.00,7691,12753,13239
159.15,7703,12776,13261
159.30,7713,12801,13286
159.45,7724,12815,13295
159.60,7739,12838,13318
159.75,7747,12858,13339
159.90,7752,12868,13341
160.05,7750,12879,13337
160.20,7764,12893,13344
160.35,7764,12909,13347
160.50,7776,12934,13379
160.65,7791,12957,13410
160.80,7813,12991,13435
160.95,7837,13025,13478
161.10,7866,13063,13541
161.25,7885,13091,13575
161.40,7908,13128,13599
161.55,7920,13142,13617
161.70,7933,13167,13641
161.85,7947,13188,13677
162.00,7964,13215,13690
162.15,7979,13239,13729
162.30,7989,13252,13738
162.45,8002,13277,13760
162.60,8021,13307,13783
162.75,8035,13330,13817
162.90,8051,13360,13843
163.05,8076,13402,13882
163.20,8092,13432,13917
163.35,8107,13464,13933
163.50,8137,13504,13979
163.65,8139,13501,13980
163.80,8158,13537,14015
163.95,8161,13551,14031
164.10,8177,13570,14043
164.25,8193,13596,14075
164.40,8196,13600,14088
164.55,8206,13622,14111
164.70,8226,13653,14143
164.85,8234,13666,14143
165.00,8250,13687,14163
165.15,8256,13698,14183
165.30,8269,13726,14211
165.45,8277,13733,14211
165.60,8287,13748,14240
165.75,8296,13763,14253
165.90,8294,13775,14242
166.05,8293,13783,14241
166.20,8295,13791,14243
166.35,8291,13796,14232
166.50,8301,13811,14253
166.65,8315,13839,14281
166.80,8333,13858,14310
166.95,8352,13883,14334
167.10,8381,13914,14391
167.25,8398,13942,14418
167.40,8412,13962,14437
167.55,8421,13974,14451
167.70,8430,13984,14465
167.85,8442,14004,14484
168.00,8452,14028,14502
168.15,8458,14039,14516
168.30,8467,14056,14528
168.45,8477,14071,14555
168.60,8485,14090,14574
168.75,8497,14111,14589
168.90,8509,14129,14603
169.05,8521,14142,14622
169.20,8537,14179,14646
169.35,8549,14192,14670
169.50,8559,14202,14673
169.65,8568,14223,14696
169.80,8574,14238,14723
169.95,8585,14256,14723
170.10,8593,14265,14746
170.25,8602,14284,14748
170.40,8609,14298,14765
170.55,8619,14309,14775
170.70,8633,14338,14797
170.85,8636,14337,14811
171.00,8644,14348,14814
171.15,8653,14369,14833
171.30,8656,14375,14842
171.45,8660,14389,14850
171.60,8670,14401,14864
171.75,8678,14406,14869
171.90,8681,14417,14882
172.05,8680,14420,14864
172.20,8673,14418,14864
172.35,8668,14420,14848
172.50,8672,14430,14851
172.65,8682,14447,14868
172.80,8700,14471,14899
172.95,8710,14485,14929
173.10,8730,14508,14964
173.25,8740,14521,14969
173.40,8746,14534,14985
173.55,8753,14542,14990
173.70,8763,14553,15002
173.85,8763,14565,15018
174.00,8767,14571,15024
174.15,8780,14587,15038
174.30,8777,14589,15044
174.45,8789,14601,15054
174.60,8793,14609,15054
174.75,8800,14616,15062
174.90,8805,14630,15073
175.05,8811,14640,15080
175.20,8831,14664,15102
175.35,8827,14672,15114
175.50,8828,14670,15109
175.65,8837,14681,15119
175.80,8837,14690,15123
175.95,8843,14697,15141
176.10,8847,14714,15149
176.25,8853,14718,15147
176.40,8856,14716,15149
176.55,8855,14721,15164
176.70,8863,14732,15159
176.85,8863,14734,15164
177.00,8871,14742,15168
177.15,8874,14754,15177
177.30,8875,14753,15189
177.45,8878,14762,15182
177.60,8882,14762,15190
177.75,8877,14768,15184
177.90,8886,14774,15197
178.05,8874,14768,15177
178.20,8868,14759,15160
178.35,8863,14757,15148
178.50,8858,14757,15153
178.65,8865,14762,15149
178.80,8877,14772,15166
178.95,8882,14780,15176
179.10,8896,14797,15203
179.25,8904,14803,15212
179.40,8904,14810,15213
179.55,8906,14809,15215
179.70,8906,14815,15214
179.85,8912,14814,15222
180.00,8909,14823,15217
180.15,8913,14820,15218
180.30,8909,14819,15216
180.45,8908,14819,15219
180.60,8913,14829,15223
180.75,8910,14825,15221
180.90,8913,14828,15224
181.05,8913,14830,15232
181.20,8912,14829,15222
181.35,8915,14821,15229
181.50,8915,14831,15219
181.65,8912,14829,15213
181.80,8917,14823,15215
181.95,8910,14833,15209
182.10,8909,14829,15211
182.25,8910,14825,15204
182.40,8907,14820,15213
182.55,8917,14824,15200
182.70,8907,14813,15198
182.85,8909,14816,15210
183.00,8907,14815,15191
183.15,8902,14815,15205
183.30,8903,14819,15192
183.45,8902,14811,15184
183.60,8902,14806,15180
183.75,8899,14803,15180
183.90,8898,14804,15175
184.05,8890,14800,15170
184.20,8879,14790,15151
184.35,8872,14779,15124
184.50,8871,14779,15116
184.65,8869,14773,15118
184.80,8870,14770,15118
184.95,8872,14769,15131
185.10,8873,14767,15141
185.25,8878,14769,15128
185.40,8872,14755,15120
185.55,8866,14758,15111
185.70,8867,14753,15107
185.85,8860,14746,15102
186.00,8856,14736,15093
186.15,8854,14726,15086
186.30,8847,14728,15093
186.45,8843,14719,15070
186.60,8840,14708,15069
186.75,8838,14706,15059
186.90,8829,14692,15038
187.05,8822,14682,15036
187.20,8820,14680,15025
187.35,8809,14664,15012
187.50,8808,14664,14999
187.65,8799,14649,14981
187.80,8799,14639,14981
187.95,8788,14630,14958
188.10,8782,14613,14944
188.25,8781,14617,14944
188.40,8772,14602,14930
188.55,8767,14587,14919
188.70,8753,14569,14897
188.85,8755,14574,14898
189.00,8754,14569,14887
189.15,8741,14555,14875
189.30,8736,14539,14861
189.45,8733,14544,14854
189.60,8726,14533,14844
189.75,8721,14514,14835
189.90,8713,14510,14832
190.05,8706,14500,14812
190.20,8705,14489,14801
190.35,8694,14476,14775
190.50,8683,14468,14773
190.65,8677,14453,14749
190.80,8672,14437,14740
190.95,8668,14428,14746
191.10,8660,14422,14722
191.25,8651,14418,14709
191.40,8644,14400,14687
191.55,8636,14383,14682
191.70,8628,14370,14680
191.85,8625,14359,14660
192.00,8619,14347,14636
192.15,8607,14330,14632
192.30,8596,14321,14606
192.45,8588,14308,14596
192.60,8579,14291,14573
192.75,8574,14277,14556
192.90,8562,14267,14551
193.05,8546,14229,14508
193.20,8528,14203,14485
193.35,8521,14197,14468
193.50,8516,14184,14455
193.65,8503,14163,14432
193.80,8491,14147,14416
193.95,8482,14127,14391
194.10,8467,14107,14386
194.25,8451,14092,14351
194.40,8453,14081,14345
194.55,8440,14060,14327
194.70,8429,14037,14303
194.85,8413,14025,14279
195.00,8413,14006,14274
195.15,8399,13991,14254
195.30,8389,13975,14229
195.45,8382,13968,14226
195.60,8373,13947,14204
195.75,8365,13935,14180
195.90,8351,13914,14160
196.05,8340,13900,14147
196.20,8330,13885,14128
196.35,8311,13862,14090
196.50,8304,13842,14083
196.65,8294,13826,14067
196.80,8280,13806,14056
196.95,8270,13784,14025
197.10,8260,13770,14010
197.25,8248,13751,13993
197.40,8236,13725,13958
197.55,8223,13705,13941
197.70,8218,13693,13925
197.85,8207,13682,13907
198.00,8187,13651,13884
198.15,8182,13638,13864
198.30,8163,13598,13837
198.45,8147,13581,13815
198.60,8143,13570,13793
198.75,8120,13542,13759
198.90,8115,13530,13751
199.05,8090,13483,13698
199.20,8075,13456,13676
199.35,8053,13425,13643
199.50,8045,13406,13624
199.65,8030,13381,13594
199.80,8002,13341,13553
199.95,7991,13317,13525
200.10,7978,13304,13511
200.25,7964,13273,13494
200.40,7949,13255,13464
200.55,7939,13232,13437
200.70,7918,13197,13407
200.85,7912,13197,13403
201.00,7900,13175,13368
201.15,7876,13138,13331
201.30,7863,13113,13317
201.45,7853,13091,13295
201.60,7839,13072,13278
201.75,7828,13050,13249
201.90,7815,13021,13220
202.05,7798,13002,13201
202.20,7784,12980,13182
202.35,7768,12961,13137
202.50,7751,12933,13112
202.65,7743,12913,13097
202.80,7728,12885,13080
202.95,7710,12852,13043
203.10,7701,12832,13034
203.25,7683,12809,12998
203.40,7664,12778,12963
203.55,7655,12766,12944
203.70,7636,12731,12912
203.85,7623,12704,12888
204.00,7599,12665,12855
204.15,7585,12643,12839
204.30,7563,12605,12788
204.45,7561,12600,12781
204.60,7537,12565,12749
204.75,7522,12535,12715
204.90,7502,12494,12687
205.05,7481,12468,12639
205.20,7451,12424,12596
205.35,7440,12400,12578
205.50,7415,12354,12543
205.65,7397,12319,12495
205.80,7369,12277,12448
205.95,7349,12243,12420
206.10,7324,12208,12376
206.25,7327,12207,12376
206.40,7305,12167,12335
206.55,7274,12122,12300
206.70,7264,12107,12269
206.85,7254,12088,12261
207.00,7236,12057,12215
207.15,7206,12003,12170
207.30,7199,11992,12157
207.45,7185,11968,12129
207.60,7158,11922,12097
207.75,7151,11906,12079
207.90,7135,11881,12056
208.05,7120,11856,12016
208.20,7103,11831,12001
208.35,7087,11797,11958
208.50,7064,11766,11937
208.65,7048,11743,11897
208.80,7032,11711,11867
208.95,7014,11676,11832
209.10,6994,11651,11814
209.25,6979,11621,11778
209.40,6955,11580,11733
209.55,6940,11550,11706
209.70,6926,11537,11683
209.85,6910,11503,11648
210.00,6892,11468,11618
210.15,6869,11435,11581
210.30,6852,11405,11546
210.45,6829,11364,11515
210.60,6802,11324,11467
210.75,6781,11295,11431
210.90,6753,11244,11397
211.05,6739,11220,11358
211.20,6706,11161,11312
211.35,6691,11134,11276
211.50,6659,11085,11225
211.65,6635,11049,11187
211.80,6622,11020,11162
211.95,6589,10958,11104
212.10,6579,10939,11080
212.25,6561,10916,11066
212.40,6535,10870,11004
212.55,6517,10852,10991
212.70,6494,10803,10937
212.85,6474,10771,10906
213.00,6447,10731,10857
213.15,6422,10683,10823
213.30,6405,10658,10779
213.45,6377,10610,10753
213.60,6364,10587,10716
213.75,6340,10554,10676
213.90,6328,10520,10659
214.05,6310,10507,10628
214.20,6294,10470,10610
214.35,6275,10440,10566
214.50,6255,10404,10528
214.65,6235,10368,10492
214.80,6214,10339,10470
214.95,6194,10306,10419
215.10,6176,10280,10389
215.25,6158,10243,10355
215.40,6137,10200,10319
215.55,6123,10184,10297
215.70,6106,10148,10278
215.85,6080,10110,10227
216.00,6058,10071,10202
216.15,6040,10051,10160
216.30,6014,10009,10127
216.45,5995,9972,10098
216.60,5964,9920,10025
216.75,5943,9879,9986
216.90,5922,9845,9958
217.05,5887,9794,9893
217.20,5857,9738,9840
217.35,5837,9708,9828
217.50,5813,9662,9777
217.65,5788,9633,9735
217.80,5767,9587,9684
217.95,5746,9548,9648
218.10,5709,9489,9595
218.25,5697,9473,9567
218.40,5677,9434,9531
218.55,5650,9396,9502
218.70,5627,9353,9457
218.85,5609,9323,9413
219.00,5585,9290,9376
219.15,5559,9238,9327
219.30,5543,9212,9297
219.45,5527,9186,9268
219.60,5509,9160,9236
219.75,5484,9127,9204
219.90,5469,9096,9172
220.05,5448,9052,9139
220.20,5425,9022,9099
220.35,5401,8978,9059
220.50,5384,8948,9027
220.65,5363,8909,8990
220.80,5339,8874,8965
220.95,5318,8848,8926
221.10,5294,8813,8888
221.25,5275,8769,8841
221.40,5249,8725,8810
221.55,5234,8700,8769
221.70,5214,8675,8738
221.85,5190,8629,8696
222.00,5169,8590,8657
222.15,5151,8563,8626
222.30,5119,8513,8577
222.45,5087,8457,8518
222.60,5070,8435,8486
222.75,5047,8399,8464
222.90,5024,8355,8412
223.05,4988,8292,8350
223.20,4957,8240,8306
223.35,4939,8220,8261
223.50,4911,8164,8214
223.65,4882,8116,8167
223.80,4865,8085,8149
223.95,4828,8037,8085
224.10,4813,8000,8043
224.25,4786,7959,8003
224.40,4767,7933,7968
224.55,4743,7886,7928
224.70,4718,7849,7899
224.85,4692,7810,7839
225.00,4674,7779,7822
225.15,4640,7712,7762
225.30,4627,7702,7744
225.45,4608,7670,7700
225.60,4586,7627,7661
225.75,4560,7581,7625
225.90,4543,7560,7581
226.05,4526,7521,7553
226.20,4500,7495,7531
226.35,4483,7454,7493
226.50,4461,7419,7441
226.65,4442,7383,7418
226.80,4419,7345,7364
226.95,4391,7315,7325
227.10,4377,7287,7312
227.25,4355,7246,7265
227.40,4328,7197,7220
227.55,4313,7170,7183
227.70,4287,7129,7156
227.85,4261,7091,7101
228.00,4239,7054,7079
228.15,4221,7023,7033
228.30,4188,6982,6990
228.45,4173,6948,6954
228.60,4145,6899,6905
228.75,4110,6851,6843
228.90,4091,6816,6812
229.05,4065,6758,6759
229.20,4031,6716,6720
229.35,4009,6667,6668
229.50,3983,6627,6628
229.65,3960,6597,6584
229.80,3928,6534,6539
229.95,3908,6513,6497
230.10,3888,6471,6462
230.25,3859,6434,6418
230.40,3845,6395,6401
230.55,3820,6355,6344
230.70,3796,6328,6319
230.85,3764,6274,6249
231.00,3751,6251,6224
231.15,3713,6194,6164
231.30,3701,6161,6144
231.45,3690,6141,6135
231.60,3663,6111,6078
231.75,3642,6061,6057
231.90,3624,6032,6012
232.05,3614,6003,5982
232.20,3587,5965,5944
232.35,3565,5933,5913
232.50,3541,5900,5874
232.65,3519,5861,5849
232.80,3500,5824,5800
232.95,3480,5789,5773
233.10,3457,5767,5742
233.25,3440,5725,5697
233.40,3413,5679,5663
233.55,3394,5649,5621
233.70,3374,5625,5597
233.85,3351,5569,5552
234.00,3332,5543,5526
234.15,3297,5494,5452
234.30,3285,5463,5443
234.45,3255,5417,5382
234.60,3232,5381,5357
234.75,3203,5335,5297
234.90,3173,5285,5255
235.05,3153,5243,5204
235.20,3120,5197,5152
235.35,3106,5164,5119
235.50,3072,5107,5065
235.65,3048,5069,5023
235.80,3015,5019,4971
235.95,2997,4992,4941
236.10,2977,4967,4908
236.25,2951,4916,4871
236.40,2938,4885,4836
236.55,2919,4851,4816
236.70,2900,4816,4767
236.85,2877,4791,4739
237.00,2854,4765,4701
237.15,2830,4716,4662
237.30,2820,4692,4637
237.45,2807,4663,4608
237.60,2780,4641,4574
237.75,2760,4597,4543
237.90,2729,4555,4485
238.05,2730,4532,4474
238.20,2704,4511,4457
238.35,2683,4468,4411
238.50,2666,4436,4377
238.65,2650,4402,4344
238.80,2627,4385,4324
238.95,2609,4338,4275
239.10,2585,4304,4243
239.25,2563,4269,4204
239.40,2536,4221,4153
239.55,2524,4187,4121
239.70,2497,4169,4093
239.85,2478,4112,4048
240.00,2454,4081,4032
240.15,2435,4055,4004
240.30,2415,4021,3952
240.45,2393,3971,3921
240.60,2371,3945,3868
240.75,2340,3894,3827
240.90,2316,3855,3791
241.05,2288,3809,3741
241.20,2269,3761,3695
241.35,2244,3734,3665
241.50,2222,3696,3642
241.65,2207,3672,3605
241.80,2178,3624,3554
241.95,2155,3586,3517
242.10,2142,3550,3479
242.25,2115,3530,3448
242.40,2096,3500,3417
242.55,2090,3475,3403
242.70,2054,3430,3344
242.85,2047,3390,3318
243.00,2019,3355,3299
243.15,2008,3322,3268
243.30,1992,3300,3228
243.45,1975,3280,3210
243.60,1965,3264,3197
243.75,1940,3224,3167
243.90,1925,3195,3139
244.05,1919,3173,3102
244.20,1890,3156,3072
244.35,1885,3116,3043
244.50,1858,3090,3015
244.65,1839,3060,2983
244.80,1821,3025,2952
244.95,1813,2996,2925
245.10,1796,2967,2912
245.25,1769,2953,2865
245.40,1746,2901,2828
245.55,1741,2874,2803
245.70,1716,2848,2790
245.85,1700,2822,2751
246.00,1679,2788,2729
246.15,1663,2762,2688
246.30,1661,2756,2668
246.45,1635,2727,2642
246.60,1615,2680,2622
246.75,1608,2651,2581
246.90,1578,2618,2543
247.05,1556,2594,2504
247.20,1534,2545,2470
247.35,1515,2528,2457
247.50,1506,2481,2407
247.65,1487,2464,2373
247.80,1456,2411,2352
247.95,1440,2393,2316
248.10,1421,2368,2282
248.25,1403,2326,2252
248.40,1379,2302,2214
248.55,1369,2281,2195
248.70,1343,2226,2150
248.85,1334,2210,2135
249.00,1320,2184,2111
249.15,1302,2149,2074
249.30,1285,2127,2056
249.45,1276,2111,2040
249.60,1259,2097,2009
249.75,1248,2063,2007
249.90,1232,2037,1979
250.05,1218,2030,1959
250.20,1206,1992,1922
250.35,1189,1969,1911
250.50,1175,1946,1874
250.65,1174,1921,1849
250.80,1149,1898,1827
250.95,1135,1874,1801
251.10,1131,1864,1777
251.25,1105,1826,1755
251.40,1088,1795,1739
251.55,1075,1788,1702
251.70,1062,1751,1680
251.85,1051,1736,1664
252.00,1046,1706,1649
252.15,1027,1708,1639
252.30,1016,1677,1604
252.45,993,1642,1579
252.60,985,1625,1554
252.75,965,1595,1539
252.90,951,1570,1499
253.05,928,1545,1459
253.20,927,1509,1453
253.35,900,1481,1413
253.50,886,1474,1405
253.65,881,1446,1368
253.80,869,1410,1354
253.95,844,1400,1317
254.10,831,1358,1290
254.25,826,1353,1270
254.40,800,1326,1263
254.55,786,1309,1227
254.70,764,1257,1190
254.85,759,1261,1179
255.00,748,1226,1161
255.15,728,1212,1129
255.30,722,1186,1118
255.45,714,1170,1108
255.60,705,1154,1093
255.75,692,1137,1071
255.90,684,1118,1055
256.05,671,1102,1037
256.20,664,1086,1036
256.35,653,1068,1020
256.50,654,1053,988
256.65,634,1036,970
256.80,622,1016,967
256.95,610,1013,950
257.10,600,993,916
257.25,590,969,898
257.40,576,940,892
257.55,567,939,863
257.70,558,924,848
257.85,559,908,834
258.00,546,885,825
258.15,528,865,814
258.30,521,847,787
258.45,518,840,780
258.60,507,808,750
258.75,489,793,742
258.90,478,787,722
259.05,473,765,694
259.20,451,730,674
259.35,443,715,672
259.50,431,697,644
259.65,423,681,629
259.80,420,663,609
259.95,402,646,593
260.10,389,626,574
260.25,380,610,567
260.40,374,600,549
260.55,367,587,538
260.70,356,571,520
260.85,347,554,505
261.00,341,545,496
261.15,330,528,479
261.30,326,518,476
261.45,321,519,463
261.60,317,500,458
261.75,308,489,442
261.90,301,476,431
262.05,301,468,422
262.20,289,457,412
262.35,282,454,402
262.50,276,435,391
262.65,270,432,381
262.80,263,412,373
262.95,256,401,361
263.10,251,393,352
263.25,250,389,346
263.40,237,368,329
263.55,238,361,321
263.70,227,351,313
263.85,222,342,311
264.00,214,337,294
264.15,211,326,289
264.30,212,317,281
264.45,205,305,271
264.60,194,297,260
264.75,190,289,255
264.90,189,284,245
265.05,177,274,236
265.20,170,263,223
265.35,166,248,218
265.50,161,244,205
265.65,154,228,204
265.80,152,227,196
265.95,150,217,182
266.10,142,207,182
266.25,138,201,176
266.40,133,194,163
266.55,132,189,159
266.70,124,180,156
266.85,123,176,147
267.00,119,170,143
267.15,116,163,144
267.30,113,157,133
267.45,112,155,138
267.60,109,152,134
267.75,107,148,130
267.90,105,142,120
268.05,103,139,126
268.20,101,137,123
268.35,98,138,121
268.50,98,131,117
268.65,95,128,115
268.80,92,124,104
268.95,90,118,110
269.10,90,119,109
269.25,88,115,106
269.40,91,108,95
269.55,85,106,103
269.70,84,104,102
269.85,87,107,101
270.00,82,105,100
270.15,82,108,100
270.30,82,104,100
270.45,81,103,90
270.60,79,96,91
270.75,83,99,99
270.90,82,99,99
271.05,79,98,92
271.20,79,99,93
271.35,79,93,94
271.50,80,94,95
271.65,79,100,106
271.80,82,101,109
271.95,83,101,110
272.10,82,99,114
272.25,84,104,114
272.40,84,107,109
272.55,89,109,121
272.70,88,111,124
272.85,88,114,128
273.00,91,118,133
273.15,92,119,135
273.30,97,119,140
273.45,99,124,135
273.60,97,126,147
273.75,100,128,151
273.90,102,132,148
274.05,104,135,153
274.20,106,141,157
274.35,108,144,168
274.50,114,148,174
274.65,112,151,171
274.80,119,155,183
274.95,122,160,189
275.10,121,167,194
275.25,129,173,201
275.40,132,177,202
275.55,135,183,214
275.70,135,190,222
275.85,139,194,229
276.00,144,206,239
276.15,147,211,244
276.30,150,216,248
276.45,154,220,257
276.60,157,232,263
276.75,164,236,274
276.90,169,244,286
277.05,180,256,297
277.20,186,264,309
277.35,187,274,318
277.50,198,283,329
277.65,198,294,341
277.80,211,312,355
277.95,216,313,363
278.10,217,330,376
278.25,223,333,388
278.40,235,346,401
278.55,236,358,413
278.70,244,367,423
278.85,257,380,437
279.00,257,389,452
279.15,269,411,464
279.30,277,412,473
279.45,275,420,488
279.60,279,427,490
279.75,292,446,502
279.90,299,448,513
280.05,305,466,524
280.20,305,475,532
280.35,308,476,551
280.50,321,487,554
280.65,322,498,567
280.80,338,522,582
280.95,339,527,600
281.10,353,542,626
281.25,357,556,631
281.40,365,569,646
281.55,373,594,660
281.70,388,596,674
281.85,389,610,688
282.00,406,623,702
282.15,411,644,726
282.30,411,657,726
282.45,424,668,751
282.60,430,677,774
282.75,440,694,794
282.90,453,727,803
283.05,474,737,839
283.20,476,755,860
283.35,497,774,866
283.50,509,793,885
283.65,507,810,899
283.80,522,831,926
283.95,534,848,946
284.10,540,860,973
284.25,562,895,980
284.40,564,915,1001
284.55,574,920,1035
284.70,586,954,1042
284.85,598,957,1077
285.00,609,975,1082
285.15,634,1014,1106
285.30,631,1028,1136
285.45,639,1026,1134
285.60,661,1058,1153
285.75,659,1058,1171
285.90,680,1091,1186
286.05,689,1102,1215
286.20,684,1100,1228
286.35,703,1115,1226
286.50,702,1133,1245
286.65,726,1152,1282
286.80,728,1173,1291
286.95,753,1195,1314
287.10,755,1219,1340
287.25,769,1243,1365
287.40,784,1282,1389
287.55,795,1301,1409
287.70,805,1318,1443
287.85,819,1339,1450
288.00,832,1358,1472
288.15,846,1359,1488
288.30,849,1376,1507
288.45,876,1401,1532
288.60,879,1427,1559
288.75,909,1454,1598
288.90,911,1493,1615
289.05,930,1511,1662
289.20,951,1545,1684
289.35,963,1564,1704
289.50,989,1590,1732
289.65,1008,1634,1760
289.80,1010,1644,1786
289.95,1036,1682,1812
290.10,1048,1689,1835
290.25,1053,1731,1866
290.40,1070,1743,1892
290.55,1094,1778,1914
290.70,1104,1815,1951
290.85,1117,1821,1990
291.00,1133,1848,2003
291.15,1162,1893,2037
291.30,1176,1899,2058
291.45,1171,1914,2089
291.60,1198,1938,2114
291.75,1212,1962,2121
291.90,1215,1985,2163
292.05,1224,2004,2166
292.20,1246,2021,2197
292.35,1246,2041,2202
292.50,1261,2066,2245
292.65,1276,2105,2256
292.80,1304,2118,2285
292.95,1313,2149,2319
293.10,1330,2181,2364
293.25,1347,2221,2376
293.40,1364,2237,2423
293.55,1379,2260,2435
293.70,1393,2286,2474
293.85,1409,2326,2502
294.00,1427,2343,2536
294.15,1447,2372,2535
294.30,1462,2383,2562
294.45,1472,2417,2610
294.60,1491,2461,2629
294.75,1513,2498,2668
294.90,1530,2527,2697
295.05,1550,2549,2734
295.20,1580,2596,2786
295.35,1593,2616,2805
295.50,1611,2649,2840
295.65,1635,2700,2893
295.80,1652,2717,2910
295.95,1683,2752,2948
296.10,1690,2780,2975
296.25,1708,2825,3009
296.40,1736,2840,3039
296.55,1743,2870,3069
296.70,1771,2917,3115
296.85,1786,2953,3142
297.00,1804,2983,3173
297.15,1830,3014,3232
297.30,1839,3031,3251
297.45,1853,3052,3274
297.60,1869,3092,3289
297.75,1880,3102,3321
297.90,1903,3124,3331
298.05,1903,3155,3348
298.20,1914,3164,3366
298.35,1934,3184,3385
298.50,1941,3211,3426
298.65,1965,3243,3446
298.80,1982,3291,3482
298.95,2006,3318,3540
299.10,2040,3370,3585
299.25,2054,3394,3622
299.40,2083,3437,3671
299.55,2098,3466,3687
299.70,2117,3496,3718
299.85,2142,3538,3759
300.00,2156,3560,3784
300.15,2166,3580,3817
300.30,2184,3610,3834
300.45,2206,3660,3874
300.60,2230,3684,3913
300.75,2256,3744,3961
300.90,2279,3768,4000
301.05,2305,3810,4043
301.20,2329,3839,4088
301.35,2357,3895,4119
301.50,2369,3919,4156
301.65,2393,3957,4196
301.80,2418,4015,4254
301.95,2436,4034,4286
302.10,2458,4064,4305
302.25,2481,4106,4364
302.40,2501,4142,4385
302.55,2521,4171,4433
302.70,2551,4222,4482
302.85,2571,4259,4504
303.00,2589,4302,4538
303.15,2617,4347,4585
303.30,2631,4358,4620
303.45,2646,4393,4634
303.60,2660,4411,4659
303.75,2667,4427,4687
303.90,2684,4452,4699
304.05,2693,4470,4714
304.20,2703,4495,4745
304.35,2716,4530,4767
304.50,2734,4559,4783
304.65,2758,4591,4815
304.80,2778,4620,4861
304.95,2813,4665,4910
305.10,2844,4717,4967
305.25,2864,4756,5010
305.40,2895,4806,5079
305.55,2929,4847,5114
305.70,2941,4880,5143
305.85,2960,4914,5192
306.00,2984,4953,5219
306.15,3005,4986,5242
306.30,3021,5013,5279
306.45,3049,5075,5329
306.60,3065,5098,5374
306.75,3095,5132,5405
306.90,3127,5183,5458
307.05,3148,5236,5501
307.20,3178,5272,5545
307.35,3198,5310,5584
307.50,3224,5355,5633
307.65,3244,5405,5668
307.80,3272,5434,5715
307.95,3301,5496,5762
308.10,3322,5522,5814
308.25,3348,5558,5840
308.40,3373,5603,5899
308.55,3390,5637,5917
308.70,3425,5687,5967
308.85,3444,5735,6008
309.00,3463,5757,6042
309.15,3491,5803,6089
309.30,3506,5830,6130
309.45,3523,5854,6144
309.60,3537,5886,6173
309.75,3548,5904,6188
309.90,3557,5923,6218
310.05,3568,5944,6219
310.20,3575,5975,6234
310.35,3588,5992,6266
310.50,3611,6022,6285
310.65,3627,6057,6337
310.80,3657,6100,6371
310.95,3686,6150,6440
311.10,3722,6200,6484
311.25,3748,6248,6544
311.40,3782,6304,6603
311.55,3818,6354,6663
311.70,3837,6391,6686
311.85,3859,6434,6736
312.00,3880,6470,6762
312.15,3896,6485,6784
312.30,3912,6528,6817
312.45,3946,6570,6873
312.60,3973,6616,6915
312.75,4004,6675,6985
312.90,4028,6702,7010
313.05,4054,6749,7060
313.20,4079,6805,7110
313.35,4101,6830,7143
313.50,4127,6870,7183
313.65,4158,6932,7250
313.80,4178,6959,7277
313.95,4212,7022,7324
314.10,4229,7054,7362
314.25,4251,7092,7401
314.40,4278,7132,7461
314.55,4298,7173,7479
314.70,4332,7215,7532
314.85,4350,7247,7568
315.00,4373,7296,7616
315.15,4400,7336,7654
315.30,4419,7364,7687
315.45,4433,7390,7715
315.60,4455,7435,7749
315.75,4466,7447,7781
315.90,4475,7471,7795
316.05,4489,7505,7806
316.20,4496,7521,7814
316.35,4507,7538,7845
316.50,4532,7573,7887
316.65,4555,7615,7919
316.80,4580,7652,7959
316.95,4620,7721,8042
317.10,4653,7776,8089
317.25,4682,7818,8150
317.40,4713,7862,8204
317.55,4735,7907,8233
317.70,4757,7944,8267
317.85,4776,7975,8314
318.00,4800,8004,8340
318.15,4819,8050,8373
318.30,4840,8071,8402
318.45,4865,8111,8449
318.60,4891,8158,8492
318.75,4915,8215,8539
318.90,4942,8257,8587
319.05,4969,8294,8636
319.20,5010,8353,8710
319.35,5027,8391,8732
319.50,5057,8435,8781
319.65,5080,8481,8816
319.80,5109,8522,8870
319.95,5127,8550,8898
320.10,5144,8587,8936
320.25,5172,8636,8974
320.40,5189,8659,9023
320.55,5215,8710,9052
320.70,5238,8753,9097
320.85,5262,8794,9133
321.00,5283,8816,9182
321.15,5304,8853,9207
321.30,5326,8893,9246
321.45,5344,8923,9276
321.60,5372,8969,9324
321.75,5392,9002,9354
321.90,5410,9039,9381
322.05,5418,9051,9399
322.20,5432,9085,9418
322.35,5440,9104,9430
322.50,5460,9143,9467
322.65,5480,9165,9515
322.80,5506,9207,9546
322.95,5540,9256,9609
323.10,5570,9306,9660
323.25,5588,9340,9704
323.40,5613,9377,9729
323.55,5634,9415,9773
323.70,5659,9459,9826
323.85,5688,9493,9854
324.00,5709,9529,9901
324.15,5725,9568,9924
324.30,5749,9611,9978
324.45,5770,9645,10002
324.60,5794,9689,10043
324.75,5818,9719,10081
324.90,5838,9754,10116
325.05,5867,9808,10174
325.20,5900,9870,10233
325.35,5936,9923,10282
325.50,5957,9957,10334
325.65,5976,9984,10355
325.80,6006,10039,10402
325.95,6021,10075,10429
326.10,6051,10112,10473
326.25,6077,10150,10523
326.40,6090,10179,10561
326.55,6111,10214,10584
326.70,6139,10259,10624
326.85,6149,10282,10652
327.00,6175,10331,10693
327.15,6197,10361,10737
327.30,6213,10381,10768
327.45,6232,10417,10806
327.60,6243,10444,10814
327.75,6243,10454,10808
327.90,6252,10471,10835
328.05,6258,10485,10824
328.20,6261,10497,10845
328.35,6267,10516,10847
328.50,6286,10542,10885
328.65,6305,10585,10906
328.80,6331,10628,10956
328.95,6366,10671,11025
329.10,6405,10721,11075
329.25,6429,10759,11120
329.40,6464,10814,11180
329.55,6496,10865,11250
329.70,6514,10898,11286
329.85,6531,10931,11299
330.00,6553,10964,11348
330.15,6569,10986,11361
330.30,6590,11028,11405
330.45,6621,11075,11459
330.60,6634,11097,11476
330.75,6663,11149,11534
330.90,6682,11180,11563
331.05,6699,11211,11590
331.20,6738,11272,11661
331.35,6754,11297,11681
331.50,6779,11339,11732
331.65,6798,11371,11762
331.80,6823,11420,11793
331.95,6854,11460,11842
332.10,6858,11476,11854
332.25,6881,11521,11904
332.40,6904,11545,11932
332.55,6915,11574,11967
332.70,6938,11607,11995
332.85,6956,11649,12031
333.00,6969,11665,12052
333.15,6994,11714,12102
333.30,7010,11730,12111
333.45,7021,11753,12128
333.60,7028,11767,12144
333.75,7026,11777,12151
333.90,7033,11794,12152
334.05,7037,11811,12155
334.20,7041,11819,12159
334.35,7045,11842,12180
334.50,7060,11861,12190
334.65,7078,11893,12223
334.80,7104,11943,12266
334.95,7138,11989,12324
335.10,7170,12025,12373
335.25,7196,12072,12424
335.40,7228,12115,12479
335.55,7257,12159,12532
335.70,7270,12186,12551
335.85,7290,12212,12586
336.00,7308,12255,12619
336.15,7322,12281,12642
336.30,7336,12291,12661
336.45,7362,12350,12710
336.60,7372,12360,12727
336.75,7390,12387,12767
336.90,7415,12431,12814
337.05,7433,12464,12839
337.20,7452,12501,12868
337.35,7472,12534,12913
337.50,7498,12572,12938
337.65,7519,12605,12967
337.80,7529,12627,12993
337.95,7554,12672,13035
338.10,7561,12683,13046
338.25,7580,12714,13091
338.40,7599,12743,13126
338.55,7612,12772,13137
338.70,7634,12803,13175
338.85,7652,12828,13216
339.00,7671,12859,13234
339.15,7688,12887,13273
339.30,7696,12902,13274
339.45,7713,12931,13315
339.60,7715,12935,13306
339.75,7706,12936,13302
339.90,7710,12948,13290
340.05,7703,12946,13282
340.20,7703,12954,13285
340.35,7705,12969,13280
340.50,7722,12989,13311
340.65,7736,13017,13336
340.80,7758,13050,13380
340.95,7788,13092,13426
341.10,7822,13141,13487
341.25,7842,13168,13515
341.40,7876,13225,13582
341.55,7903,13262,13626
341.70,7918,13284,13648
341.85,7925,13297,13664
342.00,7939,13320,13698
342.15,7956,13351,13717
342.30,7968,13371,13735
342.45,7985,13404,13780
342.60,7995,13422,13783
342.75,8018,13459,13816
342.90,8027,13475,13837
343.05,8048,13515,13866
343.20,8067,13544,13895
343.35,8075,13561,13906
343.50,8093,13586,13936
343.65,8106,13614,13956
343.80,8125,13641,14002
343.95,8139,13672,14013
344.10,8148,13688,14031
344.25,8165,13706,14057
344.40,8175,13726,14075
344.55,8187,13741,14095
344.70,8206,13775,14128
344.85,8216,13791,14144
345.00,8227,13813,14163
345.15,8239,13825,14185
345.30,8248,13848,14204
345.45,8258,13873,14218
345.60,8265,13878,14226
345.75,8257,13873,14209
345.90,8249,13874,14193
346.05,8245,13876,14197
346.20,8243,13880,14189
346.35,8244,13890,14178
346.50,8250,13904,14188
346.65,8260,13917,14220
346.80,8283,13948,14243
346.95,8311,13988,14295
347.10,8331,14016,14336
347.25,8346,14035,14356
347.40,8383,14086,14429
347.55,8396,14112,14452
347.70,8413,14129,14471
347.85,8420,14142,14483
348.00,8429,14160,14517
348.15,8433,14172,14518
348.30,8445,14190,14532
348.45,8458,14212,14552
348.60,8470,14226,14568
348.75,8476,14241,14583
348.90,8491,14271,14604
349.05,8505,14289,14625
349.20,8509,14304,14643
349.35,8523,14315,14655
349.50,8534,14337,14681
349.65,8546,14354,14696
349.80,8556,14371,14719
349.95,8561,14392,14719
350.10,8571,14398,14740
350.25,8581,14411,14748
350.40,8588,14432,14759
350.55,8593,14444,14770
350.70,8603,14455,14782
350.85,8612,14474,14797
351.00,8612,14480,14803
351.15,8624,14494,14820
351.30,8625,14496,14833
351.45,8635,14511,14846
351.60,8634,14510,14847
351.75,8630,14507,14822
351.90,8619,14512,14816
352.05,8618,14506,14806
352.20,8605,14508,14773
352.35,8597,14501,14764
352.50,8608,14517,14773
352.65,8617,14528,14807
352.80,8630,14542,14811
352.95,8653,14583,14852
353.10,8674,14603,14892
353.25,8686,14609,14923
353.40,8713,14655,14959
353.55,8722,14664,14983
353.70,8727,14674,14980
353.85,8734,14687,14995
354.00,8742,14691,14999
354.15,8742,14699,15010
354.30,8746,14711,15014
354.45,8755,14718,15026
354.60,8758,14730,15034
354.75,8765,14743,15049
354.90,8772,14749,15050
355.05,8781,14762,15073
355.20,8789,14774,15076
355.35,8793,14785,15091
355.50,8797,14789,15102
355.65,8802,14801,15120
355.80,8806,14802,15100
355.95,8811,14813,15116
356.10,8812,14821,15122
356.25,8815,14832,15134
356.40,8830,14844,15160
356.55,8827,14846,15143
356.70,8834,14850,15156
356.85,8839,14861,15164
357.00,8840,14868,15164
357.15,8845,14873,15173
357.30,8854,14880,15181
357.45,8848,14873,15186
357.60,8847,14877,15183
357.75,8843,14878,15170
357.90,8824,14859,15132
358.05,8806,14849,15108
358.20,8798,14836,15070
358.35,8788,14837,15063
358.50,8795,14831,15061
358.65,8795,14841,15066
358.80,8804,14854,15085
358.95,8824,14867,15114
359.10,8845,14896,15150
359.25,8851,14903,15166
359.40,8873,14928,15197
359.55,8881,14940,15223
359.70,8879,14943,15222
359.85,8884,14942,15220
360.00,8883,14950,15234
