0.00,4055,8532,6767
0.15,4060,8536,6788
0.30,4064,8549,6781
0.45,4069,8569,6799
0.60,4075,8597,6805
0.75,4077,8608,6818
0.90,4085,8624,6840
1.05,4092,8650,6849
1.20,4094,8663,6860
1.35,4100,8676,6865
1.50,4105,8692,6882
1.65,4113,8697,6888
1.80,4118,8714,6911
1.95,4123,8734,6910
2.10,4128,8768,6918
2.25,4132,8786,6931
2.40,4138,8796,6941
2.55,4143,8810,6958
2.70,4149,8825,6976
2.85,4153,8828,6997
3.00,4154,8838,7011
3.15,4157,8854,7022
3.30,4160,8852,7015
3.45,4160,8861,7023
3.60,4164,8862,7026
3.75,4164,8867,7045
3.90,4166,8870,7037
4.05,4172,8874,7042
4.20,4180,8875,7051
4.35,4178,8882,7059
4.50,4180,8894,7070
4.65,4186,8886,7090
4.80,4187,8894,7095
4.95,4189,8906,7111
5.10,4192,8913,7136
5.25,4196,8932,7141
5.40,4197,8933,7153
5.55,4195,8937,7170
5.70,4198,8941,7178
5.85,4199,8948,7207
6.00,4197,8949,7207
6.15,4200,8946,7218
6.30,4199,8950,7227
6.45,4201,8956,7238
6.60,4202,8966,7253
6.75,4203,8969,7275
6.90,4203,8983,7292
7.05,4204,8984,7288
7.20,4203,8991,7296
7.35,4202,9007,7300
7.50,4201,9002,7312
7.65,4205,9018,7318
7.80,4204,9017,7324
7.95,4203,9027,7335
8.10,4203,9033,7360
8.25,4202,9037,7369
8.40,4199,9053,7368
8.55,4203,9052,7375
8.70,4203,9061,7389
8.85,4203,9062,7407
9.00,4203,9068,7406
9.15,4203,9065,7415
9.30,4202,9079,7417
9.45,4204,9070,7426
9.60,4203,9069,7429
9.75,4203,9072,7431
9.90,4202,9069,7448
10.05,4201,9075,7438
10.20,4202,9071,7437
10.35,4201,9068,7457
10.50,4205,9071,7451
10.65,4205,9078,7456
10.80,4211,9082,7475
10.95,4209,9085,7466
11.10,4205,9087,7474
11.25,4204,9092,7483
11.40,4205,9089,7487
11.55,4204,9090,7487
11.70,4200,9094,7488
11.85,4200,9085,7489
12.00,4202,9095,7490
12.15,4200,9082,7490
12.30,4197,9085,7502
12.45,4194,9090,7510
12.60,4193,9083,7497
12.75,4192,9090,7516
12.90,4191,9079,7502
13.05,4192,9089,7509
13.20,4193,9103,7521
13.35,4190,9099,7510
13.50,4189,9107,7524
13.65,4188,9108,7526
13.80,4190,9120,7514
13.95,4186,9132,7531
14.10,4187,9129,7519
14.25,4187,9137,7531
14.40,4184,9135,7533
14.55,4184,9144,7521
14.70,4182,9139,7531
14.85,4180,9141,7520
15.00,4177,9141,7532
15.15,4175,9152,7522
15.30,4175,9139,7537
15.45,4171,9146,7522
15.60,4173,9144,7526
15.75,4173,9148,7537
15.90,4171,9146,7537
16.05,4171,9155,7525
16.20,4165,9148,7528
16.35,4160,9155,7539
16.50,4162,9147,7531
16.65,4158,9140,7530
16.80,4152,9142,7531
16.95,4149,9153,7530
17.10,4148,9143,7534
17.25,4143,9146,7532
17.40,4141,9151,7534
17.55,4139,9156,7534
17.70,4136,9144,7533
17.85,4133,9147,7533
18.00,4133,9145,7533
18.15,4128,9150,7528
18.30,4128,9148,7530
18.45,4123,9151,7543
18.60,4119,9150,7530
18.75,4116,9150,7541
18.90,4112,9138,7538
19.05,4109,9140,7532
19.20,4106,9139,7520
19.35,4101,9128,7515
19.50,4095,9127,7514
19.65,4094,9130,7515
19.80,4089,9119,7513
19.95,4088,9114,7523
20.10,4084,9116,7511
20.25,4081,9112,7524
20.40,4078,9117,7510
20.55,4075,9112,7508
20.70,4070,9108,7504
20.85,4067,9097,7505
21.00,4060,9090,7513
21.15,4056,9083,7502
21.30,4058,9080,7503
21.45,4052,9085,7500
21.60,4047,9074,7499
21.75,4045,9068,7493
21.90,4040,9070,7493
22.05,4041,9066,7492
22.20,4034,9062,7492
22.35,4030,9055,7499
22.50,4029,9045,7486
22.65,4021,9039,7482
22.80,4020,9034,7478
22.95,4012,9034,7476
23.10,4009,9027,7471
23.25,4003,9031,7467
23.40,3999,9028,7478
23.55,3992,9020,7459
23.70,3993,9021,7453
23.85,3985,9012,7449
24.00,3984,9014,7449
24.15,3977,9005,7441
24.30,3974,9007,7440
24.45,3970,9010,7436
24.60,3965,8998,7444
24.75,3958,8987,7439
24.90,3951,8982,7420
25.05,3945,8970,7414
25.20,3938,8962,7407
25.35,3935,8959,7418
25.50,3930,8954,7404
25.65,3919,8948,7395
25.80,3913,8934,7390
25.95,3912,8928,7397
26.10,3902,8923,7378
26.25,3902,8906,7375
26.40,3896,8898,7381
26.55,3886,8888,7358
26.70,3882,8876,7352
26.85,3874,8873,7364
27.00,3870,8857,7346
27.15,3868,8862,7339
27.30,3861,8850,7339
27.45,3857,8852,7335
27.60,3851,8841,7325
27.75,3849,8829,7321
27.90,3842,8825,7331
28.05,3838,8821,7315
28.20,3833,8810,7306
28.35,3827,8807,7312
28.50,3818,8803,7304
28.65,3817,8800,7287
28.80,3804,8784,7278
28.95,3799,8778,7272
29.10,3793,8765,7266
29.25,3783,8759,7257
29.40,3776,8757,7251
29.55,3770,8751,7241
29.70,3770,8737,7253
29.85,3759,8737,7229
30.00,3761,8721,7225
30.15,3753,8716,7214
30.30,3747,8699,7198
30.45,3737,8643,7193
30.60,3732,8672,7183
30.75,3726,8653,7175
30.90,3719,8637,7164
31.05,3712,8625,7152
31.20,3688,8625,7145
31.35,3681,8608,7133
31.50,3671,8582,7114
31.65,3668,8566,7106
31.80,3660,8552,7100
31.95,3651,8528,7086
32.10,3644,8519,7078
32.25,3640,8502,7080
32.40,3633,8498,7060
32.55,3627,8484,7048
32.70,3617,8474,7042
32.85,3608,8458,7030
33.00,3602,8452,7032
33.15,3594,8442,7031
33.30,3593,8430,7022
33.45,3589,8421,7019
33.60,3582,8403,6996
33.75,3575,8400,6988
33.90,3571,8389,6981
34.05,3567,8378,6973
34.20,3565,8360,6965
34.35,3554,8351,6955
34.50,3547,8339,6959
34.65,3539,8319,6938
34.80,3531,8304,6927
34.95,3522,8298,6914
35.10,3511,8271,6904
35.25,3505,8251,6890
35.40,3495,8237,6884
35.55,3492,8223,6873
35.70,3483,8209,6864
35.85,3473,8199,6853
36.00,3470,8200,6845
36.15,3462,8189,6836
36.30,3456,8161,6826
36.45,3446,8144,6826
36.60,3435,8132,6812
36.75,3426,8105,6785
36.90,3418,8099,6786
37.05,3404,8062,6767
37.20,3396,8048,6757
37.35,3390,8021,6744
37.50,3381,8003,6729
37.65,3367,7987,6717
37.80,3362,7975,6692
37.95,3351,7946,6693
38.10,3341,7932,6669
38.25,3328,7913,6654
38.40,3325,7896,6643
38.55,3311,7869,6627
38.70,3306,7849,6627
38.85,3298,7836,6604
39.00,3291,7811,6591
39.15,3281,7799,6593
39.30,3275,7784,6574
39.45,3268,7770,6561
39.60,3264,7755,6567
39.75,3257,7740,6544
39.90,3250,7724,6549
40.05,3245,7710,6526
40.20,3238,7694,6527
40.35,3229,7676,6502
40.50,3218,7653,6502
40.65,3214,7640,6479
40.80,3199,7619,6463
40.95,3189,7607,6453
41.10,3178,7592,6441
41.25,3167,7560,6440
41.40,3159,7543,6415
41.55,3154,7531,6403
41.70,3142,7506,6392
41.85,3139,7491,6392
42.00,3131,7479,6373
42.15,3121,7464,6359
42.30,3109,7443,6348
42.45,3098,7424,6333
42.60,3087,7398,6318
42.75,3074,7377,6299
42.90,3062,7353,6294
43.05,3052,7330,6266
43.20,3037,7305,6264
43.35,3029,7293,6246
43.50,3017,7271,6217
43.65,3006,7249,6201
43.80,2995,7214,6186
43.95,2987,7194,6170
44.10,2983,7174,6157
44.25,2964,7147,6140
44.40,2957,7134,6131
44.55,2947,7115,6115
44.70,2944,7089,6115
44.85,2925,7068,6088
45.00,2917,7060,6070
45.15,2908,7033,6075
45.30,2897,7012,6051
45.45,2895,6997,6033
45.60,2880,6966,6022
45.75,2872,6958,6021
45.90,2870,6934,5994
46.05,2857,6916,5989
46.20,2850,6898,5972
46.35,2840,6884,5959
46.50,2836,6856,5949
46.65,2820,6837,5931
46.80,2816,6823,5913
46.95,2808,6794,5914
47.10,2796,6769,5885
47.25,2779,6747,5865
47.40,2770,6725,5850
47.55,2759,6704,5830
47.70,2749,6687,5817
47.85,2743,6660,5797
48.00,2731,6649,5802
48.15,2718,6611,5773
48.30,2714,6589,5753
48.45,2700,6567,5741
48.60,2683,6532,5717
48.75,2673,6514,5702
48.90,2661,6487,5682
49.05,2646,6457,5674
49.20,2634,6439,5653
49.35,2623,6413,5640
49.50,2611,6384,5607
49.65,2599,6360,5593
49.80,2586,6333,5583
49.95,2578,6328,5569
50.10,2564,6289,5553
50.25,2552,6277,5532
50.40,2547,6250,5509
50.55,2535,6223,5485
50.70,2522,6199,5469
50.85,2519,6175,5467
51.00,2498,6146,5444
51.15,2489,6129,5419
51.30,2479,6111,5405
51.45,2470,6094,5386
51.60,2462,6065,5375
51.75,2453,6046,5357
51.90,2443,6025,5342
52.05,2441,6012,5341
52.20,2427,5990,5315
52.35,2416,5968,5299
52.50,2415,5947,5280
52.65,2395,5938,5265
52.80,2392,5910,5257
52.95,2370,5885,5239
53.10,2362,5853,5210
53.25,2357,5829,5204
53.40,2346,5810,5173
53.55,2329,5783,5155
53.70,2320,5769,5155
53.85,2309,5752,5121
54.00,2303,5725,5128
54.15,2291,5714,5111
54.30,2277,5671,5091
54.45,2267,5655,5055
54.60,2252,5624,5034
54.75,2241,5597,5015
54.90,2229,5563,4996
55.05,2217,5539,4980
55.20,2196,5495,4940
55.35,2187,5491,4942
55.50,2172,5447,4908
55.65,2165,5435,4902
55.80,2158,5399,4866
55.95,2138,5379,4842
56.10,2133,5341,4820
56.25,2116,5331,4822
56.40,2104,5309,4793
56.55,2090,5288,4767
56.70,2090,5253,4749
56.85,2072,5230,4732
57.00,2055,5208,4718
57.15,2055,5180,4690
57.30,2048,5172,4677
57.45,2037,5149,4674
57.60,2022,5122,4649
57.75,2012,5103,4645
57.90,2006,5099,4617
58.05,1997,5078,4617
58.20,1988,5045,4588
58.35,1987,5025,4574
58.50,1967,5015,4568
58.65,1955,4986,4548
58.80,1945,4950,4527
58.95,1931,4934,4507
59.10,1919,4911,4472
59.25,1906,4868,4448
59.40,1894,4845,4431
59.55,1884,4834,4413
59.70,1876,4812,4417
59.85,1866,4798,4384
60.00,1858,4766,4368
60.15,1855,4743,4349
60.30,1846,4722,4332
60.45,1834,4697,4312
60.60,1810,4659,4295
60.75,1797,4644,4273
60.90,1783,4596,4233
61.05,1772,4570,4225
61.20,1752,4530,4176
61.35,1753,4526,4164
61.50,1731,4488,4142
61.65,1719,4457,4119
61.80,1709,4435,4114
61.95,1700,4415,4082
62.10,1684,4384,4057
62.25,1686,4366,4054
62.40,1664,4338,4019
62.55,1663,4329,3999
62.70,1642,4291,3994
62.85,1634,4271,3965
63.00,1630,4238,3941
63.15,1623,4223,3938
63.30,1607,4220,3912
63.45,1602,4187,3898
63.60,1584,4168,3883
63.75,1585,4148,3854
63.90,1578,4129,3839
64.05,1561,4109,3823
64.20,1551,4090,3806
64.35,1542,4055,3802
64.50,1532,4035,3782
64.65,1531,4007,3763
64.80,1508,3987,3741
64.95,1507,3959,3719
65.10,1497,3939,3687
65.25,1474,3907,3676
65.40,1464,3887,3659
65.55,1457,3867,3629
65.70,1445,3844,3608
65.85,1433,3818,3587
66.00,1426,3797,3569
66.15,1413,3768,3547
66.30,1411,3757,3524
66.45,1390,3728,3517
66.60,1378,3699,3494
66.75,1365,3671,3455
66.90,1350,3625,3424
67.05,1336,3592,3410
67.20,1327,3569,3376
67.35,1314,3543,3354
67.50,1303,3525,3330
67.65,1290,3486,3306
67.80,1281,3467,3290
67.95,1271,3445,3272
68.10,1262,3421,3265
68.25,1262,3396,3227
68.40,1244,3389,3213
68.55,1242,3361,3190
68.70,1222,3341,3187
68.85,1212,3307,3155
69.00,1214,3295,3136
69.15,1192,3264,3131
69.30,1185,3248,3102
69.45,1177,3227,3098
69.60,1168,3204,3065
69.75,1161,3189,3051
69.90,1154,3186,3036
70.05,1147,3168,3023
70.20,1139,3136,3021
70.35,1130,3115,3003
70.50,1133,3093,2969
70.65,1109,3082,2964
70.80,1098,3058,2929
70.95,1090,3036,2909
71.10,1090,3012,2889
71.25,1067,2986,2882
71.40,1056,2961,2858
71.55,1045,2922,2821
71.70,1051,2907,2809
71.85,1037,2872,2780
72.00,1021,2864,2786
72.15,1023,2841,2752
72.30,999,2809,2725
72.45,991,2808,2726
72.60,989,2762,2682
72.75,968,2738,2677
72.90,957,2714,2641
73.05,946,2700,2616
73.20,935,2671,2608
73.35,923,2635,2572
73.50,927,2611,2551
73.65,903,2601,2529
73.80,892,2555,2504
73.95,899,2542,2507
74.10,877,2520,2488
74.25,868,2500,2453
74.40,858,2492,2434
74.55,848,2451,2426
74.70,836,2421,2402
74.85,830,2408,2386
75.00,832,2377,2348
75.15,826,2365,2335
75.30,807,2349,2324
75.45,800,2335,2310
75.60,807,2319,2298
75.75,788,2316,2285
75.90,796,2288,2271
76.05,774,2287,2256
76.20,769,2255,2241
76.35,774,2238,2224
76.50,765,2215,2221
76.65,745,2197,2204
76.80,735,2174,2169
76.95,727,2152,2160
77.10,717,2132,2131
77.25,706,2104,2109
77.40,698,2098,2089
77.55,691,2081,2088
77.70,696,2048,2059
77.85,690,2034,2047
78.00,669,2013,2027
78.15,676,2002,2016
78.30,646,1970,1978
78.45,646,1956,1978
78.60,634,1928,1968
78.75,626,1908,1947
78.90,617,1894,1925
79.05,618,1859,1891
79.20,597,1849,1885
79.35,590,1816,1865
79.50,581,1795,1833
79.65,574,1775,1831
79.80,561,1743,1785
79.95,570,1753,1780
80.10,550,1717,1762
80.25,539,1686,1733
80.40,547,1695,1731
80.55,537,1655,1705
80.70,522,1644,1696
80.85,517,1643,1682
81.00,507,1604,1661
81.15,502,1593,1649
81.30,495,1589,1631
81.45,489,1575,1619
81.60,484,1562,1622
81.75,480,1535,1597
81.90,485,1520,1600
82.05,478,1508,1588
82.20,464,1494,1560
82.35,458,1480,1546
82.50,451,1461,1531
82.65,446,1442,1515
82.80,438,1424,1497
82.95,430,1421,1481
83.10,423,1403,1479
83.25,415,1382,1445
83.40,417,1351,1430
83.55,411,1351,1429
83.70,397,1336,1416
83.85,400,1319,1402
84.00,391,1285,1367
84.15,385,1267,1352
84.30,372,1253,1340
84.45,366,1239,1324
84.60,358,1216,1305
84.75,351,1198,1289
84.90,342,1189,1265
85.05,335,1152,1245
85.20,337,1154,1233
85.35,322,1132,1229
85.50,322,1112,1194
85.65,318,1087,1201
85.80,303,1068,1168
85.95,300,1056,1157
86.10,294,1041,1142
86.25,288,1039,1128
86.40,284,1025,1131
86.55,278,991,1098
86.70,271,976,1082
86.85,268,965,1075
87.00,263,951,1061
87.15,264,935,1046
87.30,255,929,1041
87.45,251,931,1045
87.60,253,904,1017
87.75,243,895,1023
87.90,246,899,998
88.05,242,874,988
88.20,232,877,977
88.35,233,850,966
88.50,228,850,967
88.65,217,822,954
88.80,212,807,925
88.95,213,790,912
89.10,207,791,896
89.25,196,764,884
89.40,198,751,872
89.55,188,739,858
89.70,191,725,862
89.85,179,708,831
90.00,176,712,822
90.15,175,693,805
90.30,167,682,795
90.45,166,668,782
90.60,162,644,783
90.75,153,631,756
90.90,146,607,732
91.05,144,600,738
91.20,138,595,711
91.35,133,577,705
91.50,129,566,683
91.65,129,541,679
91.80,122,539,668
91.95,124,526,664
92.10,116,513,638
92.25,114,512,628
92.40,114,494,629
92.55,102,467,593
92.70,102,467,594
92.85,101,463,588
93.00,97,459,574
93.15,96,444,577
93.30,92,435,560
93.45,91,437,553
93.60,89,421,552
93.75,91,414,537
93.90,85,408,532
94.05,85,408,530
94.20,81,400,515
94.35,78,392,506
94.50,75,375,502
94.65,77,366,486
94.80,70,363,481
94.95,67,345,465
95.10,65,335,454
95.25,66,324,444
95.40,63,317,435
95.55,56,303,419
95.70,59,298,415
95.85,52,285,400
96.00,51,288,398
96.15,49,277,391
96.30,50,266,381
96.45,48,259,374
96.60,46,251,365
96.75,42,244,355
96.90,40,236,343
97.05,37,221,331
97.20,36,218,323
97.35,33,207,312
97.50,33,202,306
97.65,31,194,298
97.80,31,187,288
97.95,27,181,283
98.10,28,174,276
98.25,24,166,266
98.40,25,160,261
98.55,22,157,251
98.70,24,152,244
98.85,24,146,238
99.00,22,139,229
99.15,22,134,231
99.30,21,127,224
99.45,17,129,214
99.60,21,124,210
99.75,20,120,205
99.90,15,117,206
100.05,19,114,202
100.20,19,105,191
100.35,19,106,192
100.50,14,97,187
100.65,18,92,180
100.80,13,94,175
100.95,17,90,161
101.10,19,85,155
101.25,13,80,149
101.40,18,76,143
101.55,18,74,137
101.70,13,70,133
101.85,13,67,135
102.00,19,65,124
102.15,19,53,127
102.30,19,59,122
102.45,19,56,117
102.60,20,52,111
102.75,21,50,98
102.90,21,47,102
103.05,23,45,97
103.20,24,42,91
103.35,25,39,88
103.50,25,39,85
103.65,28,37,79
103.80,29,36,67
103.95,30,24,63
104.10,27,34,71
104.25,32,32,67
104.40,33,32,65
104.55,36,31,62
104.70,36,31,59
104.85,36,30,58
105.00,39,19,43
105.15,40,30,53
105.30,42,19,51
105.45,43,19,38
105.60,43,29,35
105.75,45,30,34
105.90,46,30,33
106.05,46,29,44
106.20,50,31,29
106.35,51,20,39
106.50,56,31,38
106.65,55,32,36
106.80,58,33,22
106.95,62,24,21
107.10,65,26,20
107.25,68,37,18
107.40,67,39,29
107.55,74,41,28
107.70,73,43,16
107.85,76,45,26
108.00,78,38,25
108.15,79,49,25
108.30,85,42,25
108.45,86,54,24
108.60,89,58,13
108.75,90,59,25
108.90,95,56,13
109.05,105,68,25
109.20,107,71,14
109.35,106,75,26
109.50,109,78,27
109.65,118,82,15
109.80,117,80,28
109.95,121,85,29
110.10,124,89,18
110.25,128,99,31
110.40,132,103,21
110.55,136,108,23
110.70,139,112,35
110.85,142,116,36
111.00,146,117,38
111.15,148,124,40
111.30,152,128,42
111.45,158,129,42
111.60,157,136,44
111.75,159,139,32
111.90,162,144,36
112.05,171,147,37
112.20,169,151,50
112.35,177,157,53
112.50,176,161,55
112.65,186,168,47
112.80,185,174,60
112.95,191,182,63
113.10,195,188,67
113.25,202,197,61
113.40,206,202,74
113.55,209,208,67
113.70,222,223,81
113.85,228,229,87
114.00,223,234,86
114.15,229,243,91
114.30,232,243,94
114.45,238,258,98
114.60,250,260,103
114.75,249,269,100
114.90,264,280,113
115.05,269,296,118
115.20,275,297,124
115.35,278,319,132
115.50,282,319,135
115.65,293,326,138
115.80,294,342,146
115.95,297,343,150
116.10,303,358,154
116.25,314,360,160
116.40,313,375,158
116.55,320,388,171
116.70,333,389,177
116.85,331,396,181
117.00,337,408,189
117.15,342,415,193
117.30,346,420,196
117.45,358,438,202
117.60,354,436,201
117.75,360,452,206
117.90,363,450,210
118.05,374,458,219
118.20,373,475,224
118.35,378,475,229
118.50,392,495,235
118.65,392,497,240
118.80,398,510,247
118.95,413,520,258
119.10,412,535,265
119.25,421,548,274
119.40,427,560,280
119.55,435,585,292
119.70,440,584,298
119.85,449,597,305
120.00,461,605,310
120.15,466,627,325
120.30,466,629,326
120.45,483,654,336
120.60,495,663,351
120.75,498,670,352
120.90,501,704,370
121.05,522,722,380
121.20,528,723,389
121.35,526,737,400
121.50,543,761,408
121.65,555,770,421
121.80,555,789,431
121.95,566,791,432
122.10,574,805,441
122.25,571,819,456
122.40,576,827,457
122.55,601,874,487
122.70,602,888,487
122.85,602,873,494
123.00,612,908,500
123.15,617,903,507
123.30,621,909,520
123.45,627,922,521
123.60,634,932,528
123.75,640,958,535
123.90,644,967,542
124.05,651,977,557
124.20,668,975,557
124.35,676,991,568
124.50,673,1006,578
124.65,694,1024,589
124.80,692,1055,602
124.95,699,1055,623
125.10,710,1075,636
125.25,719,1109,638
125.40,725,1108,647
125.55,740,1148,666
125.70,743,1139,683
125.85,749,1165,678
126.00,757,1179,690
126.15,784,1204,706
126.30,775,1199,725
126.45,790,1227,734
126.60,806,1271,754
126.75,804,1256,754
126.90,814,1286,778
127.05,829,1300,786
127.20,847,1350,811
127.35,859,1335,811
127.50,858,1356,827
127.65,871,1395,843
127.80,885,1409,864
127.95,897,1408,878
128.10,907,1426,892
128.25,918,1449,909
128.40,910,1459,916
128.55,929,1498,928
128.70,930,1510,943
128.85,938,1529,955
129.00,948,1531,969
129.15,970,1567,984
129.30,962,1572,973
129.45,968,1588,984
129.60,976,1584,992
129.75,981,1598,1017
129.90,988,1611,1012
130.05,996,1624,1021
130.20,1003,1653,1032
130.35,1012,1652,1043
130.50,1020,1669,1058
130.65,1032,1694,1072
130.80,1042,1713,1087
130.95,1063,1748,1118
131.10,1063,1756,1135
131.25,1074,1793,1153
131.40,1083,1799,1166
131.55,1104,1829,1164
131.70,1114,1835,1178
131.85,1112,1855,1192
132.00,1124,1880,1210
132.15,1130,1906,1221
132.30,1152,1925,1249
132.45,1148,1927,1263
132.60,1172,1967,1280
132.75,1181,1974,1282
132.90,1192,2015,1314
133.05,1208,2028,1322
133.20,1222,2072,1344
133.35,1238,2088,1368
133.50,1233,2107,1381
133.65,1239,2119,1405
133.80,1281,2193,1435
133.95,1280,2191,1449
134.10,1275,2210,1447
134.25,1291,2204,1452
134.40,1290,2221,1481
134.55,1301,2245,1483
134.70,1331,2285,1514
134.85,1332,2284,1514
135.00,1343,2310,1532
135.15,1340,2339,1543
135.30,1359,2354,1570
135.45,1357,2369,1568
135.60,1364,2371,1594
135.75,1371,2387,1592
135.90,1378,2400,1603
136.05,1389,2414,1615
136.20,1393,2430,1627
136.35,1416,2449,1643
136.50,1427,2469,1660
136.65,1426,2492,1676
136.80,1437,2529,1695
136.95,1449,2538,1714
137.10,1461,2577,1733
137.25,1474,2591,1755
137.40,1487,2629,1773
137.55,1503,2627,1786
137.70,1502,2644,1802
137.85,1528,2689,1827
138.00,1527,2706,1841
138.15,1535,2710,1854
138.30,1564,2761,1885
138.45,1560,2761,1893
138.60,1576,2804,1934
138.75,1594,2838,1943
138.90,1611,2873,1971
139.05,1627,2898,1998
139.20,1632,2919,2005
139.35,1641,2929,2020
139.50,1659,2966,2048
139.65,1673,2976,2052
139.80,1679,3022,2077
139.95,1689,3033,2094
140.10,1708,3086,2141
140.25,1712,3092,2130
140.40,1719,3096,2140
140.55,1735,3131,2164
140.70,1752,3174,2196
140.85,1752,3187,2211
141.00,1777,3205,2219
141.15,1774,3235,2232
141.30,1791,3240,2259
141.45,1801,3269,2256
141.60,1800,3274,2270
141.75,1808,3301,2295
141.90,1816,3304,2293
142.05,1823,3324,2320
142.20,1832,3342,2321
142.35,1844,3362,2350
142.50,1856,3387,2354
142.65,1868,3424,2390
142.80,1879,3438,2393
142.95,1890,3464,2428
143.10,1903,3491,2450
143.25,1918,3523,2462
143.40,1930,3566,2499
143.55,1940,3572,2498
143.70,1953,3595,2533
143.85,1984,3658,2569
144.00,1983,3657,2564
144.15,2011,3722,2616
144.30,2019,3732,2628
144.45,2024,3759,2634
144.60,2025,3745,2634
144.75,2056,3827,2691
144.90,2056,3813,2691
145.05,2071,3844,2715
145.20,2099,3885,2747
145.35,2132,3954,2818
145.50,2123,3965,2801
145.65,2123,3956,2799
145.80,2151,4017,2862
145.95,2150,4027,2846
146.10,2155,4030,2856
146.25,2174,4069,2877
146.40,2173,4073,2890
146.55,2187,4107,2917
146.70,2196,4124,2933
146.85,2204,4143,2948
147.00,2223,4180,2994
147.15,2226,4191,2989
147.30,2240,4205,3015
147.45,2240,4223,3016
147.60,2247,4252,3029
147.75,2253,4256,3042
147.90,2261,4283,3055
148.05,2266,4299,3071
148.20,2275,4305,3085
148.35,2283,4332,3104
148.50,2293,4353,3122
148.65,2306,4391,3144
148.80,2325,4422,3166
148.95,2328,4448,3204
149.10,2339,4467,3211
149.25,2356,4500,3238
149.40,2366,4537,3276
149.55,2374,4546,3293
149.70,2383,4571,3310
149.85,2394,4597,3317
150.00,2415,4627,3357
150.15,2422,4659,3361
150.30,2443,4711,3410
150.45,2447,4721,3411
150.60,2448,4730,3427
150.75,2467,4773,3464
150.90,2490,4837,3505
151.05,2496,4821,3502
151.20,2501,4837,3529
151.35,2508,4876,3556
151.50,2527,4901,3578
151.65,2528,4921,3584
151.80,2540,4968,3611
151.95,2552,4992,3633
152.10,2565,5026,3673
152.25,2578,5049,3703
152.40,2580,5062,3692
152.55,2617,5131,3759
152.70,2616,5126,3758
152.85,2622,5125,3775
153.00,2629,5153,3791
153.15,2636,5149,3805
153.30,2638,5176,3807
153.45,2648,5182,3828
153.60,2656,5193,3842
153.75,2664,5212,3855
153.90,2672,5228,3867
154.05,2679,5239,3881
154.20,2693,5259,3915
154.35,2703,5290,3918
154.50,2708,5297,3937
154.65,2715,5324,3974
154.80,2735,5358,3982
154.95,2740,5381,4006
155.10,2752,5400,4030
155.25,2770,5414,4054
155.40,2782,5439,4087
155.55,2790,5484,4120
155.70,2794,5472,4122
155.85,2814,5521,4158
156.00,2822,5543,4162
156.15,2834,5569,4204
156.30,2838,5580,4190
156.45,2843,5601,4206
156.60,2877,5665,4257
156.75,2872,5662,4258
156.90,2885,5694,4286
157.05,2911,5760,4340
157.20,2909,5758,4339
157.35,2927,5798,4373
157.50,2943,5838,4399
157.65,2936,5829,4411
157.80,2948,5872,4422
157.95,2959,5880,4447
158.10,2967,5921,4457
158.25,2991,5973,4509
158.40,2995,5970,4504
158.55,3019,6043,4564
158.70,3016,6045,4563
158.85,3015,6047,4563
159.00,3027,6076,4583
159.15,3025,6071,4582
159.30,3033,6088,4596
159.45,3043,6114,4629
159.60,3052,6144,4644
159.75,3055,6156,4641
159.90,3060,6167,4653
160.05,3068,6186,4667
160.20,3079,6205,4694
160.35,3082,6230,4711
160.50,3087,6272,4713
160.65,3103,6290,4732
160.80,3114,6331,4767
160.95,3120,6353,4774
161.10,3125,6385,4793
161.25,3138,6417,4828
161.40,3145,6441,4834
161.55,3161,6474,4853
161.70,3164,6503,4873
161.85,3175,6525,4908
162.00,3180,6555,4908
162.15,3187,6561,4916
162.30,3215,6617,4965
162.45,3213,6618,4962
162.60,3222,6646,4980
162.75,3238,6670,5017
162.90,3251,6700,5054
163.05,3256,6704,5064
163.20,3267,6741,5070
163.35,3275,6766,5090
163.50,3289,6781,5128
163.65,3299,6805,5149
163.80,3317,6852,5176
163.95,3319,6848,5191
164.10,3327,6865,5195
164.25,3337,6878,5226
164.40,3343,6894,5227
164.55,3366,6957,5274
164.70,3366,6945,5287
164.85,3380,6973,5314
165.00,3380,6990,5317
165.15,3392,7006,5332
165.30,3393,7015,5330
165.45,3402,7024,5359
165.60,3410,7041,5361
165.75,3416,7060,5373
165.90,3423,7076,5399
166.05,3430,7082,5412
166.20,3438,7096,5409
166.35,3449,7114,5428
166.50,3460,7136,5451
166.65,3468,7167,5469
166.80,3474,7189,5505
166.95,3485,7203,5514
167.10,3497,7223,5530
167.25,3507,7248,5552
167.40,3513,7275,5567
167.55,3522,7279,5586
167.70,3533,7316,5621
167.85,3541,7330,5620
168.00,3549,7349,5637
168.15,3554,7363,5650
168.30,3565,7379,5685
168.45,3575,7401,5697
168.60,3591,7453,5732
168.75,3596,7455,5740
168.90,3605,7483,5749
169.05,3635,7557,5818
169.20,3636,7549,5808
169.35,3647,7580,5833
169.50,3646,7585,5846
169.65,3674,7646,5895
169.80,3670,7645,5882
169.95,3685,7673,5910
170.10,3685,7682,5914
170.25,3696,7689,5928
170.40,3711,7736,5980
170.55,3715,7731,5969
170.70,3731,7776,6002
170.85,3732,7777,6013
171.00,3747,7803,6035
171.15,3746,7803,6034
171.30,3750,7814,6040
171.45,3762,7843,6074
171.60,3766,7859,6086
171.75,3769,7883,6104
171.90,3775,7899,6115
172.05,3781,7917,6125
172.20,3788,7942,6140
172.35,3798,7961,6144
172.50,3804,7969,6159
172.65,3812,7988,6183
172.80,3820,8007,6214
172.95,3827,8027,6219
173.10,3836,8043,6239
173.25,3841,8060,6268
173.40,3847,8085,6270
173.55,3854,8094,6302
173.70,3864,8115,6329
173.85,3868,8113,6335
174.00,3869,8123,6352
174.15,3873,8134,6370
174.30,3879,8146,6384
174.45,3895,8187,6417
174.60,3894,8180,6430
174.75,3906,8201,6459
174.90,3906,8213,6447
175.05,3918,8232,6494
175.20,3932,8264,6510
175.35,3931,8260,6523
175.50,3937,8277,6532
175.65,3942,8294,6548
175.80,3949,8310,6564
175.95,3948,8317,6587
176.10,3952,8327,6610
176.25,3961,8352,6629
176.40,3964,8355,6622
176.55,3973,8387,6639
176.70,3980,8398,6670
176.85,3982,8410,6667
177.00,3984,8421,6679
177.15,3988,8440,6693
177.30,3990,8449,6702
177.45,3996,8468,6728
177.60,3999,8494,6738
177.75,4003,8497,6735
177.90,4006,8506,6742
178.05,4010,8516,6759
178.20,4013,8525,6756
178.35,4015,8546,6763
178.50,4019,8565,6788
178.65,4022,8583,6790
178.80,4030,8604,6804
178.95,4035,8626,6833
179.10,4043,8648,6846
179.25,4052,8656,6858
179.40,4052,8670,6858
179.55,4062,8687,6868
179.70,4061,8703,6885
179.85,4068,8704,6899
180.00,4074,8714,6916
180.15,4081,8734,6932
180.30,4088,8748,6949
180.45,4086,8748,6953
180.60,4095,8776,6982
180.75,4099,8792,6983
180.90,4104,8808,7000
181.05,4112,8836,7027
181.20,4118,8871,7064
181.35,4118,8872,7049
181.50,4125,8886,7061
181.65,4131,8914,7084
181.80,4133,8917,7093
181.95,4142,8938,7125
182.10,4141,8939,7112
182.25,4151,8965,7134
182.40,4151,8973,7145
182.55,4156,9007,7156
182.70,4165,9041,7166
182.85,4166,9049,7161
183.00,4171,9059,7167
183.15,4175,9084,7177
183.30,4176,9094,7174
183.45,4180,9115,7183
183.60,4182,9129,7196
183.75,4186,9146,7188
183.90,4187,9164,7195
184.05,4187,9190,7197
184.20,4192,9198,7196
184.35,4192,9220,7217
184.50,4194,9236,7209
184.65,4196,9267,7219
184.80,4200,9287,7228
184.95,4202,9296,7235
185.10,4203,9313,7244
185.25,4203,9324,7258
185.40,4203,9343,7251
185.55,4204,9348,7271
185.70,4204,9359,7261
185.85,4206,9391,7282
186.00,4203,9399,7283
186.15,4205,9406,7299
186.30,4204,9414,7298
186.45,4204,9421,7315
186.60,4208,9435,7330
186.75,4208,9441,7334
186.90,4216,9455,7347
187.05,4215,9473,7363
187.20,4217,9468,7364
187.35,4217,9487,7385
187.50,4217,9493,7382
187.65,4220,9501,7409
187.80,4225,9534,7436
187.95,4225,9542,7421
188.10,4224,9550,7422
188.25,4226,9547,7422
188.40,4227,9565,7426
188.55,4235,9587,7457
188.70,4236,9594,7460
188.85,4235,9603,7473
189.00,4235,9602,7461
189.15,4234,9606,7466
189.30,4233,9616,7475
189.45,4234,9624,7475
189.60,4232,9626,7477
189.75,4230,9625,7479
189.90,4227,9635,7495
190.05,4226,9628,7499
190.20,4226,9637,7500
190.35,4219,9635,7490
190.50,4220,9640,7494
190.65,4217,9635,7501
190.80,4215,9634,7503
190.95,4213,9628,7503
191.10,4210,9620,7511
191.25,4211,9621,7514
191.40,4208,9606,7517
191.55,4207,9606,7533
191.70,4205,9604,7531
191.85,4205,9604,7526
192.00,4206,9606,7536
192.15,4204,9609,7541
192.30,4203,9598,7551
192.45,4205,9595,7571
192.60,4203,9602,7560
192.75,4205,9594,7565
192.90,4205,9594,7567
193.05,4203,9600,7577
193.20,4207,9584,7581
193.35,4205,9585,7586
193.50,4202,9581,7591
193.65,4203,9576,7598
193.80,4200,9578,7608
193.95,4197,9571,7609
194.10,4198,9569,7619
194.25,4195,9567,7619
194.40,4197,9569,7622
194.55,4188,9555,7647
194.70,4187,9544,7640
194.85,4184,9540,7658
195.00,4180,9544,7651
195.15,4182,9534,7664
195.30,4181,9526,7654
195.45,4179,9526,7661
195.60,4176,9524,7664
195.75,4178,9516,7682
195.90,4178,9507,7688
196.05,4177,9511,7687
196.20,4178,9497,7691
196.35,4178,9493,7681
196.50,4173,9493,7698
196.65,4174,9482,7690
196.80,4174,9488,7692
196.95,4174,9484,7697
197.10,4175,9475,7697
197.25,4172,9472,7713
197.40,4173,9467,7699
197.55,4174,9470,7698
197.70,4176,9477,7705
197.85,4172,9459,7707
198.00,4173,9460,7719
198.15,4171,9458,7710
198.30,4175,9459,7725
198.45,4170,9462,7731
198.60,4165,9450,7716
198.75,4163,9436,7720
198.90,4160,9430,7715
199.05,4153,9417,7714
199.20,4146,9402,7712
199.35,4141,9390,7710
199.50,4137,9382,7709
199.65,4133,9364,7703
199.80,4126,9354,7699
199.95,4124,9344,7699
200.10,4116,9337,7711
200.25,4114,9319,7697
200.40,4108,9311,7698
200.55,4099,9289,7687
200.70,4099,9281,7685
200.85,4100,9274,7682
201.00,4091,9259,7679
201.15,4092,9248,7674
201.30,4088,9239,7670
201.45,4087,9234,7666
201.60,4084,9228,7662
201.75,4079,9218,7659
201.90,4076,9213,7669
202.05,4071,9211,7656
202.20,4070,9205,7649
202.35,4066,9202,7662
202.50,4063,9208,7660
202.65,4056,9210,7656
202.80,4052,9199,7652
202.95,4051,9209,7651
203.10,4046,9196,7650
203.25,4044,9200,7650
203.40,4039,9195,7646
203.55,4036,9196,7634
203.70,4034,9197,7634
203.85,4027,9192,7632
204.00,4022,9188,7641
204.15,4015,9158,7626
204.30,4016,9168,7640
204.45,4013,9155,7638
204.60,4005,9149,7639
204.75,4002,9135,7626
204.90,3991,9113,7614
205.05,3994,9117,7621
205.20,3990,9122,7622
205.35,3982,9099,7616
205.50,3982,9093,7623
205.65,3977,9086,7611
205.80,3970,9076,7623
205.95,3969,9081,7614
206.10,3963,9072,7624
206.25,3962,9069,7619
206.40,3954,9056,7600
206.55,3950,9047,7610
206.70,3951,9051,7611
206.85,3941,9032,7600
207.00,3938,9044,7602
207.15,3936,9030,7584
207.30,3936,9025,7586
207.45,3924,9012,7588
207.60,3920,9001,7573
207.75,3917,9000,7580
207.90,3917,9012,7562
208.05,3909,9005,7555
208.20,3906,9003,7549
208.35,3905,8999,7543
208.50,3902,8982,7536
208.65,3895,8974,7526
208.80,3887,8969,7514
208.95,3878,8964,7502
209.10,3872,8952,7492
209.25,3863,8936,7473
209.40,3857,8939,7464
209.55,3845,8909,7460
209.70,3843,8921,7453
209.85,3835,8903,7427
210.00,3825,8893,7425
210.15,3819,8881,7415
210.30,3793,8839,7368
210.45,3789,8842,7362
210.60,3790,8841,7376
210.75,3782,8838,7348
210.90,3766,8804,7326
211.05,3743,8768,7318
211.20,3745,8775,7300
211.35,3738,8756,7309
211.50,3731,8750,7289
211.65,3723,8724,7281
211.80,3708,8700,7260
211.95,3700,8691,7252
212.10,3695,8688,7247
212.25,3685,8667,7233
212.40,3677,8645,7219
212.55,3662,8627,7215
212.70,3660,8618,7202
212.85,3650,8593,7191
213.00,3634,8567,7184
213.15,3629,8570,7176
213.30,3615,8546,7159
213.45,3618,8560,7152
213.60,3609,8540,7133
213.75,3605,8521,7121
213.90,3601,8511,7118
214.05,3592,8508,7120
214.20,3583,8486,7100
214.35,3577,8480,7101
214.50,3569,8469,7092
214.65,3563,8447,7081
214.80,3554,8442,7055
214.95,3549,8430,7051
215.10,3539,8410,7040
215.25,3533,8389,7028
215.40,3527,8381,7022
215.55,3523,8348,7013
215.70,3514,8345,7009
215.85,3504,8306,6988
216.00,3495,8278,6968
216.15,3491,8278,6981
216.30,3482,8261,6953
216.45,3474,8232,6954
216.60,3461,8214,6939
216.75,3457,8188,6918
216.90,3445,8156,6902
217.05,3425,8108,6886
217.20,3429,8109,6872
217.35,3419,8083,6873
217.50,3410,8056,6852
217.65,3391,8015,6822
217.80,3391,8005,6830
217.95,3375,7977,6798
218.10,3374,7967,6802
218.25,3355,7932,6784
218.40,3347,7911,6759
218.55,3338,7890,6748
218.70,3326,7878,6748
218.85,3321,7857,6727
219.00,3306,7818,6705
219.15,3300,7812,6694
219.30,3290,7796,6687
219.45,3281,7779,6669
219.60,3270,7753,6659
219.75,3259,7739,6646
219.90,3251,7720,6630
220.05,3236,7718,6627
220.20,3229,7700,6597
220.35,3214,7678,6580
220.50,3199,7645,6565
220.65,3188,7627,6561
220.80,3179,7606,6544
220.95,3162,7594,6514
221.10,3148,7571,6498
221.25,3138,7554,6499
221.40,3129,7535,6475
221.55,3123,7533,6478
221.70,3117,7511,6450
221.85,3100,7486,6446
222.00,3101,7463,6436
222.15,3082,7431,6405
222.30,3068,7394,6390
222.45,3062,7376,6384
222.60,3055,7357,6350
222.75,3054,7333,6352
222.90,3028,7293,6306
223.05,3022,7256,6301
223.20,3015,7243,6276
223.35,2998,7227,6260
223.50,2995,7220,6252
223.65,2984,7221,6226
223.80,2968,7202,6220
223.95,2960,7185,6194
224.10,2952,7163,6190
224.25,2936,7129,6162
224.40,2928,7103,6157
224.55,2920,7085,6127
224.70,2910,7078,6106
224.85,2896,7068,6095
225.00,2883,7040,6074
225.15,2886,7041,6070
225.30,2880,7026,6056
225.45,2864,7003,6051
225.60,2857,6982,6036
225.75,2846,6962,6011
225.90,2843,6947,6004
226.05,2837,6921,5988
226.20,2826,6902,5980
226.35,2822,6880,5967
226.50,2813,6859,5952
226.65,2812,6838,5935
226.80,2795,6804,5919
226.95,2796,6793,5923
227.10,2780,6758,5910
227.25,2773,6734,5873
227.40,2764,6707,5863
227.55,2752,6688,5841
227.70,2742,6656,5830
227.85,2724,6630,5832
228.00,2719,6621,5825
228.15,2707,6603,5809
228.30,2701,6588,5793
228.45,2684,6552,5781
228.60,2666,6509,5754
228.75,2661,6490,5748
228.90,2654,6459,5714
229.05,2636,6429,5702
229.20,2627,6402,5684
229.35,2613,6381,5686
229.50,2612,6369,5673
229.65,2587,6343,5630
229.80,2584,6319,5619
229.95,2575,6309,5619
230.10,2566,6272,5604
230.25,2555,6248,5573
230.40,2544,6233,5559
230.55,2540,6207,5541
230.70,2521,6170,5519
230.85,2516,6154,5524
231.00,2507,6109,5487
231.15,2499,6114,5486
231.30,2496,6093,5494
231.45,2494,6066,5478
231.60,2479,6052,5451
231.75,2476,6020,5457
231.90,2467,6006,5430
232.05,2460,5980,5429
232.20,2456,5955,5407
232.35,2454,5937,5404
232.50,2439,5930,5378
232.65,2431,5913,5376
232.80,2420,5899,5347
232.95,2411,5888,5333
233.10,2404,5873,5319
233.25,2389,5854,5299
233.40,2382,5848,5294
233.55,2381,5832,5278
233.70,2363,5808,5246
233.85,2350,5795,5228
234.00,2332,5774,5212
234.15,2322,5750,5197
234.30,2306,5740,5158
234.45,2300,5715,5140
234.60,2286,5700,5118
234.75,2270,5663,5106
234.90,2256,5655,5071
235.05,2243,5625,5044
235.20,2230,5594,5021
235.35,2220,5568,4989
235.50,2197,5544,4963
235.65,2181,5525,4930
235.80,2177,5490,4906
235.95,2156,5464,4886
236.10,2150,5434,4862
236.25,2137,5414,4856
236.40,2129,5389,4825
236.55,2108,5371,4805
236.70,2106,5337,4803
236.85,2085,5309,4767
237.00,2075,5279,4746
237.15,2067,5268,4749
237.30,2059,5242,4733
237.45,2047,5199,4701
237.60,2036,5168,4695
237.75,2021,5130,4654
237.90,2016,5117,4642
238.05,2008,5091,4632
238.20,1997,5078,4599
238.35,1998,5049,4581
238.50,1981,5025,4561
238.65,1979,5003,4543
238.80,1960,4979,4522
238.95,1949,4949,4500
239.10,1946,4924,4482
239.25,1922,4910,4470
239.40,1911,4876,4434
239.55,1897,4858,4426
239.70,1892,4836,4385
239.85,1871,4828,4361
240.00,1861,4832,4341
240.15,1850,4837,4332
240.30,1835,4802,4296
240.45,1829,4778,4255
240.60,1805,4754,4239
240.75,1794,4719,4197
240.90,1789,4686,4163
241.05,1762,4662,4126
241.20,1751,4664,4106
241.35,1736,4664,4092
241.50,1732,4628,4066
241.65,1709,4595,4028
241.80,1692,4564,3998
241.95,1689,4518,3987
242.10,1666,4489,3953
242.25,1663,4458,3932
242.40,1652,4445,3929
242.55,1625,4402,3886
242.70,1624,4367,3872
242.85,1602,4344,3853
243.00,1588,4305,3848
243.15,1579,4278,3836
243.30,1574,4270,3810
243.45,1563,4243,3795
243.60,1553,4207,3783
243.75,1552,4178,3780
243.90,1546,4168,3756
244.05,1528,4127,3738
244.20,1528,4101,3726
244.35,1522,4090,3725
244.50,1511,4053,3696
244.65,1493,4034,3677
244.80,1495,3995,3659
244.95,1475,3982,3644
245.10,1468,3957,3642
245.25,1467,3928,3606
245.40,1449,3896,3591
245.55,1451,3889,3576
245.70,1435,3859,3575
245.85,1436,3846,3553
246.00,1427,3813,3537
246.15,1413,3799,3507
246.30,1405,3781,3490
246.45,1394,3770,3466
246.60,1386,3741,3450
246.75,1376,3719,3428
246.90,1363,3693,3403
247.05,1349,3678,3388
247.20,1340,3650,3368
247.35,1328,3627,3330
247.50,1329,3619,3323
247.65,1308,3590,3289
247.80,1299,3584,3282
247.95,1297,3550,3247
248.10,1288,3538,3225
248.25,1262,3507,3212
248.40,1256,3483,3185
248.55,1249,3447,3169
248.70,1242,3428,3141
248.85,1222,3406,3123
249.00,1220,3385,3112
249.15,1200,3353,3096
249.30,1205,3330,3082
249.45,1182,3310,3048
249.60,1175,3277,3035
249.75,1165,3243,3032
249.90,1157,3230,3003
250.05,1149,3205,2987
250.20,1150,3162,2971
250.35,1130,3146,2955
250.50,1119,3104,2953
250.65,1110,3078,2937
250.80,1098,3067,2906
250.95,1089,3043,2888
251.10,1079,3020,2874
251.25,1067,2977,2866
251.40,1057,2956,2852
251.55,1060,2933,2824
251.70,1042,2926,2814
251.85,1029,2895,2792
252.00,1024,2867,2785
252.15,1015,2847,2787
252.30,1003,2811,2748
252.45,995,2802,2735
252.60,994,2758,2725
252.75,972,2747,2692
252.90,970,2699,2662
253.05,947,2676,2643
253.20,938,2649,2623
253.35,929,2634,2617
253.50,930,2607,2577
253.65,909,2571,2556
253.80,914,2552,2551
253.95,892,2536,2526
254.10,883,2499,2492
254.25,876,2475,2470
254.40,880,2465,2450
254.55,855,2422,2416
254.70,849,2412,2407
254.85,856,2391,2388
255.00,831,2353,2373
255.15,826,2341,2361
255.30,819,2310,2332
255.45,812,2291,2315
255.60,803,2267,2297
255.75,795,2248,2281
255.90,784,2226,2263
256.05,789,2220,2262
256.20,781,2202,2229
256.35,772,2184,2228
256.50,749,2167,2197
256.65,742,2147,2190
256.80,732,2127,2172
256.95,722,2094,2140
257.10,715,2091,2122
257.25,708,2056,2103
257.40,698,2036,2085
257.55,690,2019,2069
257.70,684,2005,2057
257.85,685,1980,2033
258.00,679,1968,2022
258.15,672,1952,2010
258.30,652,1931,2007
258.45,643,1909,1987
258.60,647,1893,1960
258.75,640,1889,1945
258.90,616,1849,1924
259.05,606,1839,1917
259.20,600,1809,1888
259.35,601,1788,1869
259.50,584,1773,1869
259.65,584,1751,1832
259.80,564,1735,1830
259.95,556,1729,1808
260.10,547,1712,1777
260.25,550,1701,1775
260.40,544,1675,1748
260.55,525,1658,1723
260.70,517,1655,1704
260.85,512,1646,1706
261.00,503,1612,1684
261.15,497,1603,1657
261.30,493,1594,1646
261.45,487,1585,1632
261.60,491,1586,1632
261.75,476,1557,1600
261.90,470,1560,1602
262.05,464,1530,1573
262.20,467,1514,1557
262.35,453,1498,1554
262.50,456,1498,1525
262.65,440,1466,1507
262.80,436,1450,1493
262.95,437,1451,1478
263.10,422,1434,1475
263.25,424,1399,1440
263.40,411,1385,1440
263.55,412,1372,1425
263.70,408,1358,1393
263.85,392,1351,1389
264.00,389,1327,1364
264.15,384,1327,1351
264.30,375,1291,1328
264.45,369,1273,1313
264.60,363,1272,1300
264.75,355,1237,1280
264.90,355,1230,1260
265.05,341,1195,1241
265.20,334,1173,1221
265.35,332,1152,1205
265.50,319,1145,1200
265.65,314,1120,1189
265.80,306,1096,1168
265.95,301,1084,1143
266.10,302,1069,1127
266.25,289,1049,1126
266.40,282,1035,1114
266.55,281,1010,1077
266.70,269,998,1069
266.85,271,996,1071
267.00,258,959,1053
267.15,260,949,1030
267.30,250,935,1037
267.45,245,920,1010
267.60,241,904,1014
267.75,236,905,987
267.90,233,880,979
268.05,230,866,968
268.20,225,870,973
268.35,221,856,947
268.50,217,831,936
268.65,212,817,939
268.80,213,804,912
268.95,202,790,900
269.10,199,779,887
269.25,193,774,874
269.40,188,762,864
269.55,190,748,868
269.70,181,722,855
269.85,178,722,831
270.00,175,699,820
270.15,172,689,827
270.30,167,677,801
270.45,167,659,783
270.60,157,644,769
270.75,154,632,756
270.90,150,626,752
271.05,145,609,723
271.20,141,584,722
271.35,137,568,697
271.50,136,561,681
271.65,128,539,670
271.80,129,526,658
271.95,118,514,643
272.10,116,504,633
272.25,117,505,624
272.40,110,484,610
272.55,107,475,600
272.70,103,463,586
272.85,101,452,573
273.00,101,446,566
273.15,94,446,555
273.30,92,431,547
273.45,90,420,543
273.60,87,412,532
273.75,84,405,524
273.90,81,404,507
274.05,79,395,500
274.20,80,381,496
274.35,74,375,483
274.50,72,367,480
274.65,70,358,464
274.80,68,349,455
274.95,69,340,447
275.10,63,338,435
275.25,61,330,428
275.40,58,314,423
275.55,56,304,409
275.70,55,297,400
275.85,52,292,390
276.00,53,286,384
276.15,49,275,380
276.30,48,267,371
276.45,45,259,362
276.60,45,253,351
276.75,41,242,342
276.90,39,234,331
277.05,37,222,322
277.20,36,217,316
277.35,34,208,305
277.50,33,199,298
277.65,31,190,290
277.80,30,186,283
277.95,28,178,272
278.10,25,172,269
278.25,24,166,258
278.40,22,160,255
278.55,21,154,247
278.70,23,147,235
278.85,23,143,233
279.00,22,133,226
279.15,17,131,216
279.30,21,128,216
279.45,21,120,207
279.60,15,115,202
279.75,19,116,202
279.90,15,107,197
280.05,18,110,192
280.20,18,105,189
280.35,18,102,184
280.50,13,91,172
280.65,17,86,166
280.80,17,89,167
280.95,13,86,154
281.10,18,73,149
281.25,13,69,143
281.40,13,74,147
281.55,18,71,133
281.70,18,68,129
281.85,18,56,133
282.00,18,63,121
282.15,19,60,117
282.30,15,57,119
282.45,20,55,116
282.60,21,42,111
282.75,17,48,106
282.90,22,47,90
283.05,19,43,96
283.20,23,41,91
283.35,25,40,87
283.50,25,38,85
283.65,26,36,80
283.80,29,35,76
283.95,29,34,75
284.10,31,33,70
284.25,31,21,67
284.40,33,20,63
284.55,34,20,50
284.70,36,30,59
284.85,37,30,55
285.00,41,19,53
285.15,42,31,50
285.30,42,30,49
285.45,45,30,47
285.60,45,30,45
285.75,46,31,43
285.90,48,31,30
286.05,49,20,41
286.20,53,21,39
286.35,52,32,38
286.50,55,33,36
286.65,56,33,35
286.80,58,34,33
286.95,61,36,20
287.10,64,38,30
287.25,69,30,17
287.40,68,31,29
287.55,71,33,28
287.70,73,43,15
287.85,76,47,26
288.00,77,48,26
288.15,79,40,26
288.30,82,43,13
288.45,89,54,25
288.60,89,57,25
288.75,93,61,25
288.90,97,66,13
289.05,101,69,27
289.20,102,72,14
289.35,110,69,15
289.50,110,73,16
289.65,118,83,16
289.80,117,81,17
289.95,121,91,29
290.10,129,90,31
290.25,128,100,20
290.40,132,98,22
290.55,137,109,24
290.70,145,113,37
290.85,146,119,27
291.00,150,125,29
291.15,153,129,41
291.30,155,133,43
291.45,159,134,45
291.60,162,141,47
291.75,166,146,49
291.90,174,150,40
292.05,172,154,52
292.20,181,159,54
292.35,180,165,57
292.50,189,171,58
292.65,189,178,52
292.80,195,186,66
292.95,199,190,68
293.10,208,197,70
293.25,209,208,74
293.40,217,214,68
293.55,215,217,80
293.70,221,229,84
293.85,226,237,88
294.00,229,235,90
294.15,232,249,84
294.30,239,258,99
294.45,245,261,94
294.60,250,277,108
294.75,256,280,112
294.90,261,289,118
295.05,270,301,124
295.20,275,314,120
295.35,280,316,132
295.50,287,334,139
295.65,300,336,137
295.80,298,354,149
295.95,304,355,155
296.10,317,372,160
296.25,323,373,159
296.40,328,382,170
296.55,338,405,179
296.70,336,412,183
296.85,348,413,188
297.00,349,435,193
297.15,354,432,196
297.30,357,440,205
297.45,362,458,206
297.60,369,465,211
297.75,373,474,219
297.90,376,471,220
298.05,381,488,228
298.20,386,497,234
298.35,389,497,239
298.50,397,506,245
298.65,403,527,253
298.80,410,540,259
298.95,417,542,267
299.10,431,555,274
299.25,432,580,285
299.40,445,581,291
299.55,441,593,297
299.70,447,602,305
299.85,463,618,313
300.00,458,624,318
300.15,464,635,324
300.30,471,647,334
300.45,478,671,343
300.60,487,686,353
300.75,503,697,363
300.90,504,703,373
301.05,511,716,385
301.20,529,733,394
301.35,527,761,403
301.50,536,766,410
301.65,544,798,419
301.80,552,798,427
301.95,568,826,436
302.10,567,827,445
302.25,575,857,454
302.40,592,854,462
302.55,592,871,481
302.70,600,902,484
302.85,618,901,500
303.00,617,935,506
303.15,621,931,519
303.30,628,958,527
303.45,633,955,527
303.60,650,965,542
303.75,655,976,539
303.90,651,1001,547
304.05,665,996,563
304.20,659,1007,571
304.35,666,1019,570
304.50,673,1032,589
304.65,681,1047,589
304.80,691,1065,601
304.95,711,1079,623
305.10,709,1097,623
305.25,731,1118,649
305.40,727,1150,649
305.55,746,1149,659
305.70,742,1165,668
305.85,762,1182,680
306.00,766,1190,686
306.15,775,1206,696
306.30,773,1229,724
306.45,779,1255,721
306.60,801,1259,747
306.75,801,1282,748
306.90,808,1298,761
307.05,819,1318,789
307.20,827,1336,786
307.35,849,1355,816
307.50,845,1370,813
307.65,855,1389,839
307.80,877,1407,842
307.95,871,1423,855
308.10,879,1439,866
308.25,901,1456,893
308.40,896,1486,890
308.55,907,1493,905
308.70,928,1509,933
308.85,922,1519,928
309.00,945,1553,944
309.15,939,1548,952
309.30,945,1576,961
309.45,965,1585,971
309.60,970,1581,979
309.75,964,1604,1003
309.90,984,1601,996
310.05,977,1612,1007
310.20,984,1624,1035
310.35,1005,1636,1032
310.50,1002,1653,1043
310.65,1024,1686,1060
310.80,1023,1705,1074
310.95,1046,1711,1093
311.10,1056,1735,1110
311.25,1070,1760,1128
311.40,1081,1795,1145
311.55,1092,1801,1174
311.70,1091,1817,1173
311.85,1102,1851,1190
312.00,1109,1863,1216
312.15,1119,1866,1228
312.30,1134,1899,1235
312.45,1144,1917,1250
312.60,1159,1941,1269
312.75,1172,1966,1304
312.90,1185,2006,1322
313.05,1197,2013,1338
313.20,1219,2034,1343
313.35,1230,2067,1373
313.50,1233,2091,1378
313.65,1244,2098,1412
313.80,1260,2126,1420
313.95,1269,2142,1433
314.10,1278,2162,1464
314.25,1291,2185,1486
314.40,1300,2215,1484
314.55,1314,2241,1522
314.70,1326,2248,1523
314.85,1345,2270,1538
315.00,1346,2308,1557
315.15,1367,2317,1573
315.30,1363,2347,1599
315.45,1384,2356,1597
315.60,1379,2373,1607
315.75,1399,2394,1620
315.90,1396,2426,1633
316.05,1413,2432,1643
316.20,1413,2454,1657
316.35,1433,2474,1671
316.50,1444,2518,1686
316.65,1454,2527,1703
316.80,1456,2557,1722
316.95,1480,2584,1742
317.10,1480,2612,1775
317.25,1494,2640,1783
317.40,1506,2676,1801
317.55,1514,2681,1813
317.70,1524,2714,1829
317.85,1533,2723,1845
318.00,1552,2745,1862
318.15,1549,2769,1870
318.30,1560,2780,1902
318.45,1573,2802,1922
318.60,1594,2828,1942
318.75,1594,2867,1959
318.90,1618,2897,1963
319.05,1633,2923,1991
319.20,1644,2944,2006
319.35,1656,2975,2026
319.50,1664,2996,2056
319.65,1667,3046,2065
319.80,1676,3060,2077
319.95,1695,3071,2106
320.10,1696,3095,2111
320.25,1704,3114,2141
320.40,1715,3139,2162
320.55,1727,3176,2164
320.70,1741,3195,2205
320.85,1755,3204,2196
321.00,1758,3241,2232
321.15,1768,3250,2250
321.30,1780,3268,2254
321.45,1791,3291,2290
321.60,1804,3312,2307
321.75,1820,3342,2321
321.90,1818,3347,2335
322.05,1826,3369,2334
322.20,1846,3400,2348
322.35,1846,3412,2365
322.50,1853,3437,2394
322.65,1867,3476,2398
322.80,1878,3502,2418
322.95,1897,3515,2436
323.10,1898,3538,2454
323.25,1918,3560,2471
323.40,1924,3601,2507
323.55,1936,3617,2516
323.70,1949,3642,2551
323.85,1963,3681,2560
324.00,1972,3687,2575
324.15,1982,3708,2595
324.30,2005,3734,2619
324.45,2007,3757,2639
324.60,2021,3780,2658
324.75,2031,3805,2680
324.90,2055,3835,2704
325.05,2072,3887,2748
325.20,2085,3921,2758
325.35,2097,3931,2792
325.50,2098,3951,2791
325.65,2121,3988,2833
325.80,2123,4015,2833
325.95,2133,4049,2854
326.10,2156,4093,2873
326.25,2162,4098,2884
326.40,2163,4123,2896
326.55,2176,4156,2933
326.70,2184,4189,2929
326.85,2197,4206,2949
327.00,2208,4247,2969
327.15,2215,4256,2980
327.30,2230,4273,3006
327.45,2235,4289,3017
327.60,2232,4304,3029
327.75,2241,4321,3039
327.90,2246,4338,3054
328.05,2261,4355,3056
328.20,2270,4372,3069
328.35,2271,4389,3087
328.50,2289,4425,3108
328.65,2292,4442,3144
328.80,2307,4467,3152
328.95,2326,4503,3191
329.10,2333,4528,3203
329.25,2355,4547,3227
329.40,2361,4572,3252
329.55,2372,4589,3284
329.70,2389,4607,3290
329.85,2394,4630,3323
330.00,2402,4650,3327
330.15,2419,4681,3360
330.30,2437,4704,3377
330.45,2436,4735,3393
330.60,2457,4753,3434
330.75,2467,4785,3454
330.90,2465,4819,3456
331.05,2480,4849,3485
331.20,2493,4876,3500
331.35,2499,4920,3541
331.50,2505,4924,3555
331.65,2517,4947,3578
331.80,2540,4985,3590
331.95,2537,4977,3597
332.10,2554,5005,3617
332.25,2556,5016,3635
332.40,2565,5027,3651
332.55,2582,5065,3683
332.70,2585,5089,3688
332.85,2594,5097,3705
333.00,2614,5124,3728
333.15,2618,5137,3743
333.30,2625,5149,3765
333.45,2634,5170,3781
333.60,2648,5181,3780
333.75,2661,5196,3790
333.90,2661,5198,3815
334.05,2668,5224,3812
334.20,2679,5244,3826
334.35,2694,5264,3842
334.50,2701,5275,3861
334.65,2707,5301,3895
334.80,2723,5328,3913
334.95,2726,5358,3938
335.10,2737,5383,3945
335.25,2752,5411,3973
335.40,2761,5443,3995
335.55,2776,5460,4030
335.70,2785,5466,4035
335.85,2794,5486,4057
336.00,2798,5510,4076
336.15,2806,5523,4094
336.30,2816,5551,4143
336.45,2826,5570,4145
336.60,2836,5596,4166
336.75,2851,5617,4194
336.90,2867,5646,4233
337.05,2877,5668,4266
337.20,2891,5682,4269
337.35,2902,5710,4315
337.50,2914,5733,4327
337.65,2931,5750,4349
337.80,2948,5799,4386
337.95,2954,5793,4397
338.10,2967,5820,4418
338.25,2975,5851,4447
338.40,2989,5868,4464
338.55,2999,5907,4489
338.70,3009,5931,4521
338.85,3022,5946,4545
339.00,3040,5973,4555
339.15,3042,6000,4569
339.30,3055,6008,4587
339.45,3060,6029,4617
339.60,3065,6045,4617
339.75,3077,6068,4632
339.90,3089,6098,4649
340.05,3093,6113,4679
340.20,3104,6125,4684
340.35,3108,6149,4701
340.50,3119,6175,4739
340.65,3133,6215,4749
340.80,3141,6247,4776
340.95,3153,6267,4817
341.10,3166,6306,4830
341.25,3179,6332,4859
341.40,3189,6369,4882
341.55,3199,6390,4905
341.70,3207,6420,4920
341.85,3218,6439,4959
342.00,3233,6481,4971
342.15,3244,6507,4992
342.30,3255,6527,5020
342.45,3261,6540,5032
342.60,3272,6582,5078
342.75,3284,6606,5085
342.90,3296,6636,5116
343.05,3309,6658,5137
343.20,3318,6677,5154
343.35,3327,6711,5176
343.50,3340,6732,5199
343.65,3350,6760,5236
343.80,3368,6803,5250
343.95,3372,6811,5268
344.10,3382,6839,5299
344.25,3389,6862,5308
344.40,3398,6885,5326
344.55,3410,6928,5362
344.70,3420,6939,5365
344.85,3431,6976,5396
345.00,3435,6989,5416
345.15,3442,7016,5415
345.30,3447,7023,5426
345.45,3457,7036,5437
345.60,3462,7050,5451
345.75,3465,7076,5459
345.90,3473,7081,5482
346.05,3480,7093,5478
346.20,3485,7109,5488
346.35,3493,7125,5508
346.50,3502,7145,5523
346.65,3516,7166,5544
346.80,3521,7191,5558
346.95,3533,7227,5594
347.10,3543,7257,5601
347.25,3551,7277,5628
347.40,3561,7297,5660
347.55,3567,7315,5660
347.70,3575,7344,5674
347.85,3581,7365,5699
348.00,3589,7382,5708
348.15,3598,7402,5727
348.30,3608,7437,5758
348.45,3614,7463,5782
348.60,3615,7485,5800
348.75,3625,7517,5825
348.90,3628,7540,5834
349.05,3638,7559,5857
349.20,3649,7572,5890
349.35,3653,7594,5920
349.50,3661,7627,5940
349.65,3666,7633,5956
349.80,3673,7653,5981
349.95,3681,7659,5983
350.10,3688,7687,6005
350.25,3697,7695,6021
350.40,3700,7713,6037
350.55,3710,7731,6075
350.70,3717,7755,6068
350.85,3724,7758,6075
351.00,3736,7777,6109
351.15,3739,7799,6111
351.30,3750,7804,6106
351.45,3749,7818,6115
351.60,3757,7833,6121
351.75,3762,7854,6137
351.90,3768,7854,6143
352.05,3777,7869,6150
352.20,3783,7883,6147
352.35,3789,7894,6159
352.50,3792,7911,6187
352.65,3799,7941,6202
352.80,3803,7966,6223
352.95,3810,7996,6227
353.10,3814,8004,6245
353.25,3823,8031,6277
353.40,3830,8060,6276
353.55,3833,8072,6301
353.70,3839,8101,6313
353.85,3847,8110,6317
354.00,3851,8123,6342
354.15,3858,8135,6341
354.30,3864,8158,6372
354.45,3871,8178,6391
354.60,3880,8195,6405
354.75,3885,8221,6421
354.90,3893,8224,6436
355.05,3906,8261,6464
355.20,3907,8270,6476
355.35,3913,8275,6479
355.50,3922,8294,6498
355.65,3925,8307,6510
355.80,3934,8321,6526
355.95,3937,8337,6558
356.10,3949,8359,6573
356.25,3956,8359,6586
356.40,3960,8372,6586
356.55,3972,8392,6608
356.70,3977,8397,6637
356.85,3982,8403,6635
357.00,3986,8428,6664
357.15,3992,8422,6663
357.30,3997,8442,6692
357.45,4002,8445,6702
357.60,4008,8457,6718
357.75,4011,8461,6713
357.90,4013,8464,6724
358.05,4019,8470,6748
358.20,4025,8475,6750
358.35,4029,8491,6774
358.50,4034,8505,6794
358.65,4040,8504,6794
358.80,4045,8521,6811
358.95,4047,8535,6828
359.10,4052,8558,6838
359.25,4056,8570,6873
359.40,4058,8581,6870
359.55,4063,8590,6889
359.70,4062,8604,6883
359.85,4065,8618,6894
360.00,4069,8621,6911
