0.00,4214,9433,7783
0.15,4212,9437,7782
0.30,4216,9439,7785
0.45,4214,9438,7796
0.60,4215,9438,7785
0.75,4214,9443,7785
0.90,4213,9439,7800
1.05,4211,9433,7806
1.20,4211,9442,7798
1.35,4209,9436,7798
1.50,4211,9435,7799
1.65,4210,9442,7798
1.80,4210,9436,7812
1.95,4212,9435,7798
2.10,4210,9438,7796
2.25,4208,9431,7797
2.40,4210,9432,7798
2.55,4209,9442,7810
2.70,4211,9431,7806
2.85,4211,9426,7787
3.00,4208,9428,7789
3.15,4207,9432,7788
3.30,4208,9426,7790
3.45,4206,9431,7797
3.60,4203,9424,7798
3.75,4201,9417,7784
3.90,4199,9413,7775
4.05,4197,9418,7777
4.20,4197,9406,7771
4.35,4196,9418,7774
4.50,4198,9413,7787
4.65,4199,9413,7775
4.80,4198,9422,7776
4.95,4197,9413,7788
5.10,4198,9416,7774
5.25,4196,9410,7772
5.40,4195,9403,7769
5.55,4192,9403,7779
5.70,4190,9408,7764
5.85,4190,9407,7773
6.00,4185,9402,7773
6.15,4186,9400,7767
6.30,4185,9389,7764
6.45,4182,9392,7760
6.60,4181,9377,7744
6.75,4175,9370,7736
6.90,4171,9363,7732
7.05,4170,9365,7746
7.20,4167,9356,7728
7.35,4165,9340,7722
7.50,4162,9343,7732
7.65,4158,9336,7716
7.80,4155,9333,7709
7.95,4154,9326,7717
8.10,4150,9316,7702
8.25,4147,9313,7697
8.40,4143,9304,7706
8.55,4140,9298,7687
8.70,4138,9299,7683
8.85,4135,9287,7691
9.00,4136,9282,7678
9.15,4133,9278,7683
9.30,4129,9271,7679
9.45,4124,9268,7660
9.60,4121,9263,7655
9.75,4119,9261,7650
9.90,4116,9252,7647
10.05,4112,9238,7656
10.20,4107,9231,7638
10.35,4107,9229,7629
10.50,4105,9224,7626
10.65,4102,9221,7633
10.80,4100,9209,7626
10.95,4093,9207,7608
11.10,4092,9190,7599
11.25,4088,9185,7589
11.40,4086,9173,7595
11.55,4078,9163,7574
11.70,4080,9159,7583
11.85,4072,9153,7558
12.00,4067,9141,7552
12.15,4065,9144,7560
12.30,4059,9132,7535
12.45,4054,9122,7528
12.60,4050,9108,7532
12.75,4041,9097,7521
12.90,4039,9083,7503
13.05,4030,9079,7494
13.20,4027,9057,7483
13.35,4019,9049,7478
13.50,4015,9034,7477
13.65,4008,9025,7455
13.80,4002,9018,7462
13.95,3999,9001,7440
14.10,3993,8990,7444
14.25,3990,8980,7419
14.40,3984,8978,7425
14.55,3975,8957,7402
14.70,3973,8942,7389
14.85,3965,8938,7384
15.00,3963,8924,7389
15.15,3965,8931,7372
15.30,3959,8918,7361
15.45,3950,8900,7360
15.60,3951,8898,7354
15.75,3944,8893,7361
15.90,3941,8882,7351
16.05,3935,8860,7330
16.20,3930,8852,7318
16.35,3927,8838,7323
16.50,3918,8823,7298
16.65,3918,8817,7300
16.80,3909,8801,7275
16.95,3904,8779,7276
17.10,3897,8767,7264
17.25,3891,8762,7240
17.40,3887,8737,7231
17.55,3881,8732,7220
17.70,3877,8722,7209
17.85,3870,8708,7199
18.00,3867,8685,7200
18.15,3856,8670,7184
18.30,3845,8650,7158
18.45,3844,8640,7145
18.60,3832,8628,7146
18.75,3825,8601,7129
18.90,3821,8591,7104
19.05,3806,8567,7087
19.20,3801,8552,7075
19.35,3795,8553,7081
19.50,3791,8524,7052
19.65,3782,8520,7040
19.80,3777,8493,7039
19.95,3768,8492,7014
20.10,3764,8481,7012
20.25,3752,8457,6987
20.40,3749,8444,6975
20.55,3740,8428,6972
20.70,3730,8404,6943
20.85,3727,8401,6936
21.00,3721,8383,6930
21.15,3718,8371,6933
21.30,3710,8351,6926
21.45,3704,8349,6918
21.60,3699,8330,6909
21.75,3693,8325,6889
21.90,3685,8302,6874
22.05,3680,8290,6862
22.20,3675,8284,6864
22.35,3669,8258,6850
22.50,3660,8255,6821
22.65,3653,8230,6805
22.80,3645,8209,6787
22.95,3634,8190,6770
23.10,3630,8170,6758
23.25,3620,8156,6756
23.40,3613,8139,6728
23.55,3606,8133,6732
23.70,3600,8121,6723
23.85,3589,8082,6690
24.00,3581,8080,6678
24.15,3579,8062,6665
24.30,3565,8029,6648
24.45,3558,8021,6633
24.60,3553,7993,6634
24.75,3539,7975,6596
24.90,3526,7942,6579
25.05,3514,7926,6576
25.20,3508,7902,6546
25.35,3494,7875,6524
25.50,3488,7861,6509
25.65,3480,7845,6513
25.80,3472,7832,6496
25.95,3465,7802,6467
26.10,3459,7780,6450
26.25,3443,7756,6442
26.40,3440,7734,6417
26.55,3432,7723,6402
26.70,3418,7708,6386
26.85,3414,7684,6387
27.00,3408,7677,6366
27.15,3403,7663,6356
27.30,3401,7649,6342
27.45,3390,7637,6329
27.60,3384,7626,6332
27.75,3381,7619,6308
27.90,3369,7602,6294
28.05,3364,7578,6282
28.20,3354,7567,6266
28.35,3345,7538,6248
28.50,3336,7526,6229
28.65,3326,7496,6210
28.80,3315,7480,6206
28.95,3308,7444,6185
29.10,3295,7416,6162
29.25,3282,7397,6146
29.40,3277,7383,6119
29.55,3269,7361,6101
29.70,3259,7345,6087
29.85,3251,7324,6070
30.00,3237,7304,6050
30.15,3226,7288,6028
30.30,3219,7269,6027
30.45,3213,7236,6009
30.60,3195,7209,5972
30.75,3177,7168,5940
30.90,3172,7156,5945
31.05,3159,7124,5908
31.20,3147,7096,5885
31.35,3147,7085,5873
31.50,3128,7064,5848
31.65,3119,7044,5833
31.80,3109,7016,5816
31.95,3098,7002,5797
32.10,3088,6970,5783
32.25,3076,6947,5760
32.40,3068,6925,5742
32.55,3064,6909,5742
32.70,3049,6885,5721
32.85,3043,6871,5694
33.00,3040,6871,5685
33.15,3031,6847,5672
33.30,3022,6838,5662
33.45,3015,6820,5660
33.60,3011,6809,5632
33.75,3000,6789,5632
33.90,2995,6768,5602
34.05,2987,6740,5600
34.20,2978,6716,5568
34.35,2968,6703,5544
34.50,2951,6666,5527
34.65,2941,6642,5507
34.80,2937,6618,5486
34.95,2924,6596,5463
35.10,2905,6569,5440
35.25,2893,6529,5430
35.40,2884,6513,5417
35.55,2882,6493,5388
35.70,2869,6487,5386
35.85,2857,6454,5354
36.00,2851,6426,5332
36.15,2836,6400,5314
36.30,2827,6374,5301
36.45,2808,6354,5262
36.60,2799,6336,5257
36.75,2784,6284,5211
36.90,2774,6273,5193
37.05,2760,6235,5172
37.20,2747,6204,5148
37.35,2737,6192,5130
37.50,2726,6148,5120
37.65,2712,6118,5098
37.80,2701,6103,5078
37.95,2691,6077,5046
38.10,2679,6044,5048
38.25,2667,6023,5004
38.40,2663,5993,4989
38.55,2656,5988,4987
38.70,2637,5952,4950
38.85,2630,5949,4935
39.00,2623,5924,4921
39.15,2622,5910,4905
39.30,2606,5901,4891
39.45,2598,5871,4875
39.60,2598,5853,4862
39.75,2581,5837,4849
39.90,2574,5816,4829
40.05,2571,5805,4809
40.20,2553,5773,4808
40.35,2548,5759,4773
40.50,2529,5720,4750
40.65,2519,5704,4728
40.80,2511,5669,4706
40.95,2498,5650,4680
41.10,2485,5610,4669
41.25,2469,5584,4634
41.40,2466,5561,4616
41.55,2448,5550,4602
41.70,2446,5519,4584
41.85,2434,5502,4571
42.00,2430,5484,4554
42.15,2411,5454,4528
42.30,2398,5431,4510
42.45,2382,5392,4479
42.60,2371,5368,4459
42.75,2362,5328,4443
42.90,2344,5305,4407
43.05,2329,5269,4383
43.20,2319,5254,4376
43.35,2308,5220,4354
43.50,2297,5192,4321
43.65,2286,5163,4294
43.80,2281,5150,4277
43.95,2260,5112,4255
44.10,2252,5091,4237
44.25,2248,5061,4225
44.40,2226,5030,4187
44.55,2219,5014,4175
44.70,2207,4994,4156
44.85,2198,4985,4139
45.00,2195,4963,4119
45.15,2180,4934,4105
45.30,2171,4914,4087
45.45,2164,4906,4088
45.60,2154,4880,4057
45.75,2155,4860,4042
45.90,2136,4837,4039
46.05,2127,4829,4005
46.20,2116,4805,3987
46.35,2106,4770,3969
46.50,2096,4756,3946
46.65,2091,4720,3939
46.80,2071,4690,3905
46.95,2058,4659,3881
47.10,2050,4648,3861
47.25,2035,4610,3840
47.40,2024,4584,3832
47.55,2008,4564,3806
47.70,2001,4545,3777
47.85,1991,4510,3756
48.00,1990,4496,3736
48.15,1980,4464,3734
48.30,1953,4424,3703
48.45,1942,4402,3667
48.60,1928,4369,3657
48.75,1914,4339,3632
48.90,1900,4321,3592
49.05,1890,4298,3573
49.20,1886,4267,3550
49.35,1866,4229,3538
49.50,1850,4208,3511
49.65,1842,4179,3483
49.80,1831,4152,3462
49.95,1818,4138,3441
50.10,1818,4103,3437
50.25,1790,4067,3404
50.40,1783,4057,3386
50.55,1770,4021,3366
50.70,1761,3997,3348
50.85,1761,3978,3316
51.00,1744,3959,3300
51.15,1734,3933,3283
51.30,1727,3917,3270
51.45,1720,3898,3254
51.60,1712,3881,3238
51.75,1712,3873,3237
51.90,1695,3842,3208
52.05,1685,3819,3189
52.20,1674,3796,3186
52.35,1664,3785,3150
52.50,1653,3746,3128
52.65,1643,3721,3107
52.80,1630,3697,3101
52.95,1617,3666,3078
53.10,1615,3649,3055
53.25,1594,3610,3020
53.40,1592,3585,3001
53.55,1573,3567,2998
53.70,1569,3564,2972
53.85,1559,3532,2953
54.00,1545,3499,2927
54.15,1535,3481,2924
54.30,1532,3450,2881
54.45,1511,3429,2877
54.60,1500,3406,2840
54.75,1483,3367,2807
54.90,1484,3357,2788
55.05,1467,3338,2771
55.20,1461,3292,2745
55.35,1436,3264,2723
55.50,1434,3234,2699
55.65,1416,3230,2685
55.80,1404,3204,2663
55.95,1393,3165,2643
56.10,1394,3149,2645
56.25,1369,3116,2618
56.40,1361,3110,2586
56.55,1350,3081,2563
56.70,1338,3040,2540
56.85,1329,3025,2541
57.00,1339,3016,2534
57.15,1317,2997,2504
57.30,1313,2984,2493
57.45,1303,2968,2477
57.60,1296,2952,2465
57.75,1289,2934,2466
57.90,1281,2913,2434
58.05,1272,2895,2419
58.20,1264,2872,2401
58.35,1264,2849,2382
58.50,1242,2825,2361
58.65,1230,2813,2342
58.80,1220,2775,2322
58.95,1209,2747,2299
59.10,1195,2722,2275
59.25,1196,2691,2267
59.40,1187,2681,2249
59.55,1168,2654,2224
59.70,1160,2647,2206
59.85,1165,2621,2194
60.00,1144,2605,2178
60.15,1133,2576,2158
60.30,1130,2559,2133
60.45,1108,2534,2125
60.60,1098,2510,2090
60.75,1083,2465,2078
60.90,1082,2438,2057
61.05,1061,2432,2025
61.20,1052,2390,2018
61.35,1039,2366,1984
61.50,1030,2357,1964
61.65,1023,2340,1965
61.80,1025,2308,1933
61.95,1003,2299,1927
62.10,995,2286,1899
62.25,996,2246,1894
62.40,975,2224,1861
62.55,981,2222,1845
62.70,970,2194,1824
62.85,952,2166,1811
63.00,943,2148,1810
63.15,938,2146,1798
63.30,930,2119,1787
63.45,923,2103,1757
63.60,929,2088,1761
63.75,910,2074,1735
63.90,901,2068,1721
64.05,906,2038,1719
64.20,885,2019,1690
64.35,876,2012,1674
64.50,880,1977,1657
64.65,858,1956,1638
64.80,861,1947,1635
64.95,836,1923,1598
65.10,827,1887,1599
65.25,820,1883,1585
65.40,812,1865,1554
65.55,817,1844,1537
65.70,796,1813,1536
65.85,800,1794,1506
66.00,779,1776,1491
66.15,769,1753,1487
66.30,759,1744,1454
66.45,762,1722,1435
66.60,736,1694,1413
66.75,725,1652,1403
66.90,728,1644,1385
67.05,709,1617,1373
67.20,700,1597,1356
67.35,691,1576,1324
67.50,693,1556,1322
67.65,673,1536,1292
67.80,666,1520,1278
67.95,658,1501,1278
68.10,662,1486,1250
68.25,643,1468,1249
68.40,635,1448,1219
68.55,629,1434,1222
68.70,618,1426,1204
68.85,613,1400,1179
69.00,608,1402,1168
69.15,603,1377,1159
69.30,597,1365,1149
69.45,593,1351,1153
69.60,597,1342,1142
69.75,580,1326,1132
69.90,585,1328,1105
70.05,578,1297,1092
70.20,561,1281,1080
70.35,553,1264,1065
70.50,545,1244,1049
70.65,537,1227,1049
70.80,529,1226,1036
70.95,519,1188,1003
71.10,512,1172,1003
71.25,502,1152,971
71.40,496,1152,974
71.55,486,1129,939
71.70,483,1106,948
71.85,487,1095,923
72.00,468,1085,903
72.15,471,1074,899
72.30,453,1055,877
72.45,454,1022,862
72.60,447,1021,849
72.75,430,985,844
72.90,429,965,814
73.05,413,949,801
73.20,408,936,791
73.35,401,920,779
73.50,399,915,774
73.65,388,890,765
73.80,380,875,740
73.95,382,858,726
74.10,367,843,726
74.25,359,824,709
74.40,354,811,698
74.55,348,814,690
74.70,341,784,665
74.85,339,777,658
75.00,334,770,651
75.15,332,761,656
75.30,335,765,636
75.45,323,756,629
75.60,319,733,621
75.75,315,736,624
75.90,311,712,615
76.05,306,702,595
76.20,300,690,585
76.35,301,677,574
76.50,288,663,563
76.65,282,650,551
76.80,276,636,549
76.95,269,620,526
77.10,263,606,514
77.25,263,593,502
77.40,257,578,491
77.55,248,581,490
77.70,244,561,475
77.85,245,562,470
78.00,231,543,454
78.15,227,524,446
78.30,222,522,436
78.45,218,512,427
78.60,212,488,415
78.75,206,484,406
78.90,205,461,393
79.05,194,457,383
79.20,190,444,371
79.35,187,437,365
79.50,179,419,350
79.65,181,408,346
79.80,173,397,339
79.95,168,394,333
80.10,166,378,323
80.25,159,373,312
80.40,157,369,308
80.55,158,353,303
80.70,149,343,292
80.85,147,344,288
81.00,143,330,282
81.15,141,324,277
81.30,137,318,270
81.45,136,312,267
81.60,134,306,261
81.75,135,299,254
81.90,128,300,252
82.05,125,291,246
82.20,122,285,239
82.35,118,271,228
82.50,114,262,226
82.65,112,254,219
82.80,112,246,211
82.95,107,235,203
83.10,104,226,196
83.25,95,218,187
83.40,93,215,184
83.55,89,206,171
83.70,88,199,171
83.85,86,194,161
84.00,82,189,156
84.15,79,180,147
84.30,79,172,142
84.45,76,166,143
84.60,70,155,136
84.75,66,149,129
84.90,67,145,116
85.05,62,136,120
85.20,62,132,114
85.35,56,126,109
85.50,58,121,97
85.65,52,112,92
85.80,50,111,97
85.95,49,102,94
86.10,46,104,90
86.25,44,97,85
86.40,43,94,82
86.55,41,84,69
86.70,40,86,75
86.85,38,82,62
87.00,37,81,70
87.15,36,71,69
87.30,35,75,66
87.45,34,73,64
87.60,33,63,51
87.75,31,68,48
87.90,28,57,57
88.05,31,63,54
88.20,27,60,41
88.35,28,56,39
88.50,26,54,47
88.65,25,42,44
88.80,21,38,42
88.95,23,35,27
89.10,22,32,37
89.25,22,40,23
89.40,20,38,32
89.55,15,26,20
89.70,19,35,30
89.85,18,34,28
90.00,17,31,28
90.15,17,20,27
90.30,12,30,25
90.45,17,29,23
90.60,17,27,11
90.75,11,15,9
90.90,17,25,20
91.05,17,25,21
91.20,11,26,21
91.35,11,26,20
91.50,18,25,21
91.65,12,25,21
91.80,17,26,21
91.95,18,16,21
92.10,19,16,20
92.25,14,29,22
92.40,14,29,10
92.55,19,30,23
92.70,21,24,23
92.85,21,33,24
93.00,21,33,13
93.15,18,23,13
93.30,22,34,26
93.45,23,25,27
93.60,24,26,16
93.75,25,28,28
93.90,21,29,30
94.05,25,31,31
94.20,24,43,33
94.35,26,45,35
94.50,29,39,25
94.65,30,51,27
94.80,32,45,40
94.95,33,58,32
95.10,36,62,47
95.25,38,66,39
95.40,39,69,52
95.55,44,69,58
95.70,43,76,57
95.85,45,72,60
96.00,46,84,63
96.15,47,86,55
96.30,51,86,60
96.45,51,96,63
96.60,59,96,67
96.75,59,110,75
96.90,62,115,88
97.05,63,121,93
97.20,69,121,97
97.35,69,129,100
97.50,71,134,106
97.65,73,141,109
97.80,76,144,113
97.95,78,152,118
98.10,81,157,122
98.25,84,164,128
98.40,91,170,133
98.55,94,178,139
98.70,93,183,134
98.85,95,188,138
99.00,97,191,148
99.15,101,196,151
99.30,105,201,154
99.45,102,206,159
99.60,105,211,162
99.75,107,214,167
99.90,109,219,165
100.05,113,228,176
100.20,116,232,181
100.35,119,244,187
100.50,127,249,194
100.65,131,257,195
100.80,130,266,208
100.95,136,275,217
101.10,144,291,224
101.25,149,294,230
101.40,148,310,239
101.55,151,317,244
101.70,156,321,249
101.85,159,335,258
102.00,165,340,265
102.15,173,346,272
102.30,173,357,279
102.45,178,378,291
102.60,190,390,301
102.75,189,393,310
102.90,200,404,319
103.05,200,423,328
103.20,205,425,338
103.35,217,441,349
103.50,214,449,363
103.65,219,456,363
103.80,224,469,374
103.95,229,488,379
104.10,234,497,388
104.25,240,513,403
104.40,243,509,407
104.55,247,529,413
104.70,259,541,425
104.85,262,541,431
105.00,260,546,435
105.15,264,554,441
105.30,267,562,447
105.45,269,570,457
105.60,273,587,465
105.75,278,586,472
105.90,282,606,474
106.05,287,616,488
106.20,292,616,493
106.35,304,629,502
106.50,310,654,514
106.65,309,668,525
106.80,323,672,543
106.95,330,686,550
107.10,331,703,562
107.25,338,719,575
107.40,352,731,587
107.55,361,755,614
107.70,355,756,606
107.85,369,781,616
108.00,368,780,625
108.15,382,814,653
108.30,383,819,657
108.45,395,841,664
108.60,397,862,680
108.75,415,871,700
108.90,419,894,706
109.05,426,911,732
109.20,435,913,747
109.35,435,933,750
109.50,449,945,759
109.65,448,961,773
109.80,455,991,786
109.95,469,1006,811
110.10,471,1011,826
110.25,474,1019,821
110.40,490,1050,832
110.55,487,1047,842
110.70,495,1080,858
110.85,499,1076,865
111.00,513,1099,888
111.15,508,1095,881
111.30,522,1119,890
111.45,517,1130,898
111.60,522,1141,907
111.75,526,1138,916
111.90,543,1150,926
112.05,538,1179,936
112.20,548,1179,950
112.35,555,1197,980
112.50,572,1215,981
112.65,569,1247,995
112.80,590,1252,1025
112.95,589,1290,1046
113.10,599,1294,1045
113.25,618,1314,1063
113.40,628,1336,1080
113.55,623,1363,1090
113.70,629,1363,1101
113.85,650,1398,1120
114.00,658,1399,1132
114.15,654,1431,1146
114.30,675,1437,1162
114.45,674,1472,1180
114.60,683,1479,1199
114.75,694,1520,1235
114.90,701,1521,1247
115.05,722,1541,1249
115.20,721,1563,1282
115.35,728,1593,1280
115.50,741,1620,1303
115.65,749,1642,1321
115.80,770,1645,1335
115.95,777,1675,1362
116.10,774,1679,1378
116.25,793,1701,1396
116.40,789,1716,1410
116.55,811,1747,1407
116.70,822,1758,1429
116.85,813,1766,1436
117.00,817,1778,1445
117.15,837,1805,1455
117.30,829,1802,1467
117.45,836,1830,1476
117.60,840,1844,1487
117.75,846,1843,1514
117.90,858,1859,1510
118.05,875,1876,1526
118.20,884,1895,1542
118.35,880,1916,1561
118.50,890,1937,1577
118.65,900,1973,1595
118.80,923,1983,1615
118.95,921,2007,1636
119.10,933,2035,1671
119.25,944,2058,1693
119.40,965,2077,1694
119.55,961,2099,1724
119.70,971,2118,1741
119.85,983,2143,1746
120.00,989,2172,1759
120.15,998,2180,1791
120.30,1014,2226,1803
120.45,1022,2240,1818
120.60,1045,2269,1841
120.75,1047,2283,1865
120.90,1056,2305,1883
121.05,1079,2344,1919
121.20,1081,2358,1923
121.35,1092,2385,1963
121.50,1112,2404,1965
121.65,1123,2427,1999
121.80,1120,2450,2000
121.95,1127,2466,2015
122.10,1148,2485,2030
122.25,1152,2521,2059
122.40,1167,2541,2067
122.55,1167,2567,2100
122.70,1189,2576,2106
122.85,1196,2590,2130
123.00,1190,2606,2144
123.15,1206,2630,2153
123.30,1202,2632,2168
123.45,1209,2645,2163
123.60,1228,2660,2176
123.75,1222,2675,2188
123.90,1232,2707,2204
124.05,1241,2717,2222
124.20,1249,2736,2253
124.35,1261,2776,2276
124.50,1274,2791,2282
124.65,1287,2815,2304
124.80,1299,2858,2326
124.95,1311,2873,2350
125.10,1323,2912,2371
125.25,1346,2923,2394
125.40,1342,2943,2410
125.55,1356,2976,2436
125.70,1364,2999,2445
125.85,1371,3020,2462
126.00,1380,3029,2481
126.15,1397,3063,2509
126.30,1409,3092,2532
126.45,1417,3110,2562
126.60,1429,3138,2569
126.75,1449,3182,2605
126.90,1462,3224,2630
127.05,1469,3236,2655
127.20,1482,3255,2680
127.35,1492,3274,2680
127.50,1511,3320,2732
127.65,1511,3323,2720
127.80,1523,3345,2737
127.95,1535,3375,2761
128.10,1556,3409,2781
128.25,1560,3431,2809
128.40,1577,3448,2837
128.55,1588,3471,2842
128.70,1590,3497,2877
128.85,1596,3522,2874
129.00,1611,3518,2897
129.15,1609,3532,2894
129.30,1615,3548,2909
129.45,1620,3564,2935
129.60,1627,3592,2935
129.75,1635,3599,2950
129.90,1645,3616,2964
130.05,1652,3647,2980
130.20,1663,3656,2997
130.35,1673,3682,3021
130.50,1687,3723,3043
130.65,1700,3750,3064
130.80,1712,3767,3089
130.95,1728,3813,3114
131.10,1741,3844,3142
131.25,1761,3858,3177
131.40,1763,3896,3197
131.55,1774,3916,3217
131.70,1798,3947,3229
131.85,1797,3969,3247
132.00,1807,3975,3261
132.15,1821,4008,3288
132.30,1832,4034,3311
132.45,1851,4058,3344
132.60,1863,4105,3368
132.75,1876,4133,3391
132.90,1893,4148,3404
133.05,1902,4192,3437
133.20,1910,4206,3451
133.35,1927,4231,3469
133.50,1933,4260,3496
133.65,1948,4292,3523
133.80,1955,4307,3537
133.95,1966,4329,3570
134.10,1982,4379,3588
134.25,1989,4379,3596
134.40,2008,4408,3634
134.55,2009,4439,3635
134.70,2028,4458,3656
134.85,2028,4473,3676
135.00,2044,4487,3700
135.15,2041,4501,3712
135.30,2050,4518,3726
135.45,2057,4536,3725
135.60,2062,4565,3753
135.75,2078,4581,3751
135.90,2087,4598,3781
136.05,2089,4609,3787
136.20,2097,4634,3806
136.35,2111,4672,3829
136.50,2132,4700,3866
136.65,2137,4721,3891
136.80,2158,4746,3898
136.95,2171,4778,3927
137.10,2176,4810,3952
137.25,2188,4844,3974
137.40,2198,4870,4006
137.55,2210,4887,4028
137.70,2221,4924,4036
137.85,2230,4938,4068
138.00,2260,4982,4104
138.15,2255,4992,4097
138.30,2276,5051,4136
138.45,2283,5064,4144
138.60,2321,5122,4217
138.75,2315,5124,4205
138.90,2323,5156,4238
139.05,2340,5183,4255
139.20,2360,5220,4291
139.35,2358,5219,4302
139.50,2374,5264,4328
139.65,2388,5300,4357
139.80,2393,5311,4352
139.95,2408,5333,4378
140.10,2415,5363,4392
140.25,2431,5396,4434
140.40,2442,5399,4444
140.55,2453,5436,4473
140.70,2467,5453,4472
140.85,2466,5479,4484
141.00,2481,5493,4498
141.15,2480,5496,4510
141.30,2495,5514,4539
141.45,2493,5538,4552
141.60,2502,5542,4564
141.75,2514,5557,4565
141.90,2515,5574,4597
142.05,2525,5597,4599
142.20,2536,5622,4626
142.35,2555,5658,4658
142.50,2560,5678,4679
142.65,2579,5706,4701
142.80,2585,5743,4725
142.95,2601,5776,4738
143.10,2616,5796,4775
143.25,2631,5829,4788
143.40,2636,5853,4806
143.55,2649,5879,4842
143.70,2659,5910,4845
143.85,2674,5933,4872
144.00,2687,5966,4898
144.15,2695,5990,4910
144.30,2711,6019,4941
144.45,2720,6039,4958
144.60,2729,6056,4990
144.75,2750,6108,5015
144.90,2753,6115,5038
145.05,2773,6157,5057
145.20,2785,6201,5082
145.35,2802,6213,5102
145.50,2813,6247,5132
145.65,2834,6296,5186
145.80,2835,6292,5171
145.95,2836,6309,5193
146.10,2845,6317,5192
146.25,2858,6349,5233
146.40,2874,6375,5244
146.55,2877,6395,5249
146.70,2890,6428,5274
146.85,2895,6440,5285
147.00,2903,6438,5308
147.15,2904,6452,5305
147.30,2911,6480,5319
147.45,2918,6482,5342
147.60,2924,6506,5343
147.75,2931,6512,5354
147.90,2937,6538,5367
148.05,2947,6561,5385
148.20,2962,6581,5416
148.35,2970,6595,5438
148.50,2980,6625,5458
148.65,2998,6651,5480
148.80,3004,6680,5486
148.95,3017,6712,5530
149.10,3030,6739,5539
149.25,3043,6769,5577
149.40,3055,6795,5585
149.55,3060,6815,5611
149.70,3077,6859,5630
149.85,3096,6881,5653
150.00,3095,6881,5654
150.15,3103,6912,5679
150.30,3117,6931,5708
150.45,3125,6962,5726
150.60,3139,6985,5738
150.75,3159,7031,5771
150.90,3157,7034,5780
151.05,3176,7078,5826
151.20,3190,7109,5838
151.35,3188,7100,5839
151.50,3202,7134,5866
151.65,3213,7150,5888
151.80,3220,7161,5900
151.95,3232,7197,5916
152.10,3239,7211,5927
152.25,3265,7278,5978
152.40,3266,7270,5977
152.55,3265,7280,5990
152.70,3273,7287,6005
152.85,3282,7301,6003
153.00,3286,7316,6017
153.15,3291,7329,6029
153.30,3296,7341,6053
153.45,3308,7354,6067
153.60,3309,7369,6078
153.75,3316,7385,6077
153.90,3329,7407,6105
154.05,3331,7425,6106
154.20,3341,7436,6121
154.35,3355,7466,6154
154.50,3357,7479,6160
154.65,3369,7503,6177
154.80,3376,7519,6206
154.95,3391,7554,6228
155.10,3397,7570,6247
155.25,3408,7597,6254
155.40,3418,7616,6278
155.55,3428,7636,6280
155.70,3437,7666,6313
155.85,3441,7664,6317
156.00,3451,7679,6328
156.15,3457,7708,6363
156.30,3466,7718,6363
156.45,3474,7743,6381
156.60,3494,7790,6412
156.75,3501,7798,6422
156.90,3507,7809,6439
157.05,3519,7830,6457
157.20,3535,7861,6497
157.35,3534,7873,6491
157.50,3558,7912,6528
157.65,3553,7909,6526
157.80,3562,7921,6538
157.95,3566,7941,6551
158.10,3573,7964,6575
158.25,3585,7982,6581
158.40,3588,7998,6595
158.55,3597,8005,6624
158.70,3603,8025,6625
158.85,3607,8032,6637
159.00,3614,8043,6645
159.15,3622,8058,6660
159.30,3624,8072,6665
159.45,3634,8081,6677
159.60,3638,8099,6688
159.75,3640,8119,6712
159.90,3646,8126,6710
160.05,3651,8143,6732
160.20,3659,8162,6730
160.35,3669,8172,6749
160.50,3674,8189,6778
160.65,3684,8212,6794
160.80,3693,8222,6795
160.95,3702,8239,6812
161.10,3711,8262,6829
161.25,3716,8271,6846
161.40,3727,8302,6865
161.55,3728,8302,6884
161.70,3738,8312,6881
161.85,3742,8332,6887
162.00,3744,8338,6903
162.15,3753,8355,6927
162.30,3765,8380,6935
162.45,3773,8412,6956
162.60,3777,8426,6964
162.75,3785,8429,6994
162.90,3792,8456,6995
163.05,3800,8473,7005
163.20,3812,8489,7032
163.35,3817,8507,7058
163.50,3826,8520,7062
163.65,3830,8527,7063
163.80,3840,8554,7080
163.95,3839,8547,7082
164.10,3845,8567,7094
164.25,3851,8587,7119
164.40,3856,8591,7127
164.55,3867,8615,7142
164.70,3872,8630,7138
164.85,3873,8628,7163
165.00,3878,8638,7154
165.15,3881,8654,7161
165.30,3881,8653,7168
165.45,3888,8663,7173
165.60,3889,8673,7179
165.75,3893,8681,7197
165.90,3898,8701,7190
166.05,3902,8705,7204
166.20,3910,8719,7213
166.35,3914,8731,7239
166.50,3924,8742,7237
166.65,3926,8759,7265
166.80,3936,8774,7261
166.95,3943,8788,7276
167.10,3948,8802,7288
167.25,3952,8821,7298
167.40,3958,8831,7322
167.55,3964,8836,7317
167.70,3967,8854,7325
167.85,3969,8855,7330
168.00,3980,8877,7346
168.15,3981,8881,7348
168.30,3986,8898,7365
168.45,3992,8909,7374
168.60,3995,8924,7386
168.75,4010,8962,7407
168.90,4012,8960,7410
169.05,4016,8967,7433
169.20,4021,8976,7443
169.35,4024,8988,7442
169.50,4036,9021,7456
169.65,4035,9006,7455
169.80,4040,9021,7464
169.95,4043,9038,7472
170.10,4048,9040,7483
170.25,4059,9057,7512
170.40,4059,9066,7503
170.55,4063,9077,7509
170.70,4070,9078,7517
170.85,4069,9083,7517
171.00,4072,9089,7524
171.15,4073,9098,7527
171.30,4073,9104,7532
171.45,4078,9105,7537
171.60,4080,9116,7538
171.75,4081,9113,7556
171.90,4082,9122,7560
172.05,4090,9129,7566
172.20,4091,9145,7571
172.35,4097,9148,7566
172.50,4100,9159,7582
172.65,4107,9182,7597
172.80,4110,9187,7609
172.95,4114,9205,7605
173.10,4116,9208,7625
173.25,4122,9214,7621
173.40,4124,9221,7638
173.55,4129,9228,7633
173.70,4131,9236,7656
173.85,4133,9238,7644
174.00,4136,9248,7652
174.15,4136,9250,7654
174.30,4140,9262,7677
174.45,4144,9269,7670
174.60,4147,9283,7673
174.75,4155,9292,7699
174.90,4156,9298,7705
175.05,4157,9306,7692
175.20,4158,9313,7698
175.35,4162,9316,7705
175.50,4165,9325,7711
175.65,4167,9329,7715
175.80,4168,9336,7732
175.95,4169,9341,7721
176.10,4171,9347,7727
176.25,4176,9345,7732
176.40,4180,9350,7735
176.55,4182,9353,7739
176.70,4182,9360,7745
176.85,4184,9359,7744
177.00,4185,9366,7758
177.15,4183,9368,7751
177.30,4184,9366,7765
177.45,4185,9363,7754
177.60,4183,9371,7751
177.75,4185,9367,7754
177.90,4182,9368,7769
178.05,4186,9372,7771
178.20,4189,9375,7772
178.35,4190,9379,7762
178.50,4191,9386,7780
178.65,4197,9394,7773
178.80,4199,9398,7774
178.95,4200,9408,7783
179.10,4203,9412,7783
179.25,4202,9414,7782
179.40,4204,9413,7783
179.55,4203,9422,7796
179.70,4205,9427,7785
179.85,4206,9423,7800
180.00,4203,9427,7803
180.15,4209,9425,7796
180.30,4208,9425,7796
180.45,4210,9430,7796
180.60,4208,9430,7810
180.75,4210,9436,7796
180.90,4211,9428,7802
181.05,4209,9426,7815
181.20,4210,9435,7799
181.35,4212,9431,7799
181.50,4211,9427,7800
181.65,4209,9432,7815
181.80,4209,9434,7815
181.95,4209,9435,7813
182.10,4209,9424,7799
182.25,4207,9440,7798
182.40,4209,9441,7801
182.55,4205,9441,7800
182.70,4206,9434,7810
182.85,4204,9436,7806
183.00,4204,9434,7792
183.15,4205,9429,7807
183.30,4202,9435,7788
183.45,4200,9426,7790
183.60,4202,9422,7800
183.75,4200,9426,7787
183.90,4198,9419,7783
184.05,4198,9417,7784
184.20,4196,9420,7779
184.35,4197,9412,7781
184.50,4195,9413,7781
184.65,4196,9414,7793
184.80,4197,9422,7778
184.95,4195,9408,7789
185.10,4195,9415,7775
185.25,4194,9412,7776
185.40,4191,9400,7776
185.55,4191,9399,7774
185.70,4186,9396,7782
185.85,4189,9388,7770
186.00,4185,9390,7769
186.15,4185,9377,7774
186.30,4182,9375,7773
186.45,4178,9368,7769
186.60,4174,9369,7753
186.75,4170,9360,7744
186.90,4171,9358,7741
187.05,4169,9365,7747
187.20,4166,9360,7744
187.35,4167,9359,7739
187.50,4162,9346,7720
187.65,4162,9347,7733
187.80,4160,9337,7718
187.95,4158,9343,7729
188.10,4156,9327,7711
188.25,4156,9323,7720
188.40,4149,9311,7699
188.55,4149,9314,7704
188.70,4148,9308,7700
188.85,4144,9302,7696
189.00,4141,9293,7703
189.15,4141,9300,7703
189.30,4136,9289,7685
189.45,4133,9290,7680
189.60,4131,9275,7674
189.75,4127,9279,7682
189.90,4125,9276,7674
190.05,4122,9268,7669
190.20,4117,9262,7663
190.35,4116,9252,7657
190.50,4114,9247,7655
190.65,4112,9245,7642
190.80,4109,9228,7636
190.95,4104,9224,7629
191.10,4101,9208,7622
191.25,4098,9195,7612
191.40,4096,9193,7609
191.55,4091,9196,7604
191.70,4088,9174,7608
191.85,4083,9168,7589
192.00,4072,9137,7566
192.15,4074,9143,7584
192.30,4071,9141,7577
192.45,4070,9133,7564
192.60,4050,9105,7535
192.75,4052,9096,7549
192.90,4055,9096,7534
193.05,4045,9082,7530
193.20,4038,9068,7522
193.35,4036,9053,7503
193.50,4027,9042,7500
193.65,4025,9041,7490
193.80,4023,9031,7486
193.95,4002,8982,7447
194.10,4005,8982,7459
194.25,4004,8987,7446
194.40,4003,8983,7458
194.55,4001,8974,7439
194.70,3993,8957,7426
194.85,3990,8955,7436
195.00,3987,8955,7415
195.15,3981,8940,7412
195.30,3977,8935,7401
195.45,3976,8919,7393
195.60,3967,8915,7399
195.75,3964,8906,7374
195.90,3958,8898,7363
196.05,3954,8882,7355
196.20,3948,8873,7344
196.35,3948,8861,7349
196.50,3939,8846,7341
196.65,3934,8834,7317
196.80,3928,8822,7321
196.95,3919,8810,7295
197.10,3917,8800,7285
197.25,3908,8798,7273
197.40,3904,8770,7274
197.55,3897,8767,7257
197.70,3897,8759,7249
197.85,3891,8743,7251
198.00,3882,8728,7226
198.15,3878,8715,7220
198.30,3866,8684,7202
198.45,3861,8671,7189
198.60,3856,8657,7191
198.75,3848,8642,7164
198.90,3842,8627,7150
199.05,3809,8568,7100
199.20,3811,8582,7100
199.35,3812,8578,7116
199.50,3798,8538,7069
199.65,3797,8549,7071
199.80,3794,8521,7061
199.95,3790,8524,7074
200.10,3781,8493,7053
200.25,3774,8487,7035
200.40,3773,8485,7024
200.55,3763,8462,7012
200.70,3752,8442,6999
200.85,3751,8427,6983
201.00,3751,8417,6975
201.15,3746,8406,6964
201.30,3736,8390,6952
201.45,3731,8375,6944
201.60,3725,8369,6947
201.75,3721,8355,6925
201.90,3711,8340,6915
202.05,3706,8327,6903
202.20,3699,8324,6906
202.35,3692,8293,6881
202.50,3685,8284,6866
202.65,3676,8259,6854
202.80,3672,8241,6841
202.95,3660,8228,6821
203.10,3650,8210,6805
203.25,3645,8198,6794
203.40,3642,8180,6804
203.55,3631,8172,6776
203.70,3624,8148,6758
203.85,3616,8120,6754
204.00,3613,8110,6734
204.15,3596,8090,6722
204.30,3594,8072,6701
204.45,3583,8045,6685
204.60,3574,8024,6664
204.75,3553,7990,6636
204.90,3547,7978,6634
205.05,3537,7943,6600
205.20,3531,7923,6586
205.35,3517,7902,6567
205.50,3516,7897,6564
205.65,3509,7878,6549
205.80,3493,7857,6520
205.95,3491,7851,6520
206.10,3486,7824,6505
206.25,3470,7803,6483
206.40,3462,7786,6467
206.55,3455,7765,6465
206.70,3439,7728,6436
206.85,3440,7729,6424
207.00,3432,7713,6424
207.15,3427,7700,6397
207.30,3419,7684,6385
207.45,3407,7676,6372
207.60,3404,7652,6357
207.75,3395,7636,6359
207.90,3390,7620,6327
208.05,3379,7605,6317
208.20,3371,7584,6303
208.35,3366,7565,6287
208.50,3353,7545,6274
208.65,3345,7522,6254
208.80,3334,7499,6237
208.95,3322,7474,6218
209.10,3315,7456,6217
209.25,3302,7425,6190
209.40,3300,7420,6174
209.55,3281,7372,6148
209.70,3280,7376,6136
209.85,3267,7344,6111
210.00,3265,7347,6126
210.15,3240,7288,6061
210.30,3241,7303,6062
210.45,3235,7288,6049
210.60,3225,7250,6040
210.75,3194,7195,5980
210.90,3195,7198,5978
211.05,3173,7134,5927
211.20,3168,7139,5930
211.35,3174,7138,5929
211.50,3163,7114,5922
211.65,3137,7076,5885
211.80,3139,7077,5883
211.95,3123,7046,5846
212.10,3127,7033,5839
212.25,3105,6978,5801
212.40,3100,6995,5801
212.55,3084,6943,5783
212.70,3073,6914,5748
212.85,3070,6917,5761
213.00,3058,6901,5722
213.15,3053,6878,5730
213.30,3048,6859,5699
213.45,3032,6849,5694
213.60,3031,6823,5683
213.75,3023,6818,5652
213.90,3016,6790,5647
214.05,3000,6768,5632
214.20,2995,6747,5618
214.35,2984,6725,5584
214.50,2970,6711,5561
214.65,2961,6677,5558
214.80,2951,6654,5525
214.95,2941,6629,5506
215.10,2934,6625,5491
215.25,2925,6612,5496
215.40,2923,6582,5464
215.55,2903,6560,5438
215.70,2903,6539,5428
215.85,2893,6513,5405
216.00,2879,6492,5387
216.15,2857,6452,5347
216.30,2852,6430,5343
216.45,2842,6422,5325
216.60,2824,6369,5287
216.75,2810,6345,5268
216.90,2806,6333,5257
217.05,2792,6306,5249
217.20,2776,6276,5214
217.35,2760,6235,5185
217.50,2764,6239,5166
217.65,2754,6207,5146
217.80,2735,6191,5138
217.95,2725,6157,5119
218.10,2717,6137,5089
218.25,2700,6102,5070
218.40,2697,6091,5065
218.55,2679,6055,5021
218.70,2671,6035,5005
218.85,2673,6022,4993
219.00,2654,6003,4969
219.15,2648,5991,4977
219.30,2645,5957,4942
219.45,2628,5947,4926
219.60,2617,5920,4917
219.75,2615,5892,4890
219.90,2599,5870,4882
220.05,2598,5861,4857
220.20,2583,5832,4840
220.35,2572,5805,4833
220.50,2561,5783,4811
220.65,2548,5755,4774
220.80,2542,5728,4752
220.95,2533,5708,4734
221.10,2524,5688,4719
221.25,2510,5669,4702
221.40,2506,5662,4684
221.55,2493,5621,4662
221.70,2477,5598,4659
221.85,2468,5590,4642
222.00,2444,5522,4584
222.15,2436,5519,4569
222.30,2430,5496,4558
222.45,2417,5469,4539
222.60,2400,5429,4516
222.75,2381,5385,4470
222.90,2369,5358,4447
223.05,2373,5345,4438
223.20,2342,5295,4411
223.35,2340,5302,4408
223.50,2337,5268,4375
223.65,2319,5254,4351
223.80,2308,5220,4345
223.95,2294,5191,4320
224.10,2294,5172,4292
224.25,2278,5133,4262
224.40,2269,5118,4247
224.55,2252,5107,4243
224.70,2234,5054,4195
224.85,2230,5046,4190
225.00,2219,5028,4172
225.15,2210,5001,4152
225.30,2202,4977,4134
225.45,2188,4966,4114
225.60,2190,4939,4102
225.75,2174,4921,4085
225.90,2165,4911,4068
226.05,2155,4888,4048
226.20,2145,4867,4045
226.35,2134,4830,4023
226.50,2120,4803,3985
226.65,2111,4778,3983
226.80,2109,4754,3962
226.95,2090,4726,3927
227.10,2080,4714,3910
227.25,2069,4693,3890
227.40,2053,4648,3880
227.55,2047,4635,3853
227.70,2037,4624,3849
227.85,2022,4577,3806
228.00,2023,4572,3794
228.15,2002,4532,3771
228.30,1984,4490,3748
228.45,1974,4483,3734
228.60,1960,4435,3692
228.75,1942,4392,3658
228.90,1939,4378,3650
229.05,1921,4355,3618
229.20,1906,4326,3593
229.35,1895,4304,3572
229.50,1895,4275,3560
229.65,1885,4247,3551
229.80,1864,4218,3512
229.95,1853,4194,3494
230.10,1845,4157,3463
230.25,1840,4152,3449
230.40,1818,4126,3441
230.55,1808,4091,3408
230.70,1796,4076,3388
230.85,1783,4032,3365
231.00,1778,4036,3368
231.15,1779,4017,3340
231.30,1770,3982,3322
231.45,1760,3971,3305
231.60,1750,3948,3285
231.75,1732,3919,3271
231.90,1733,3911,3254
232.05,1725,3876,3234
232.20,1713,3852,3214
232.35,1694,3840,3193
232.50,1681,3816,3189
232.65,1671,3781,3157
232.80,1662,3755,3150
232.95,1658,3728,3111
233.10,1639,3707,3096
233.25,1631,3700,3077
233.40,1625,3655,3054
233.55,1606,3630,3035
233.70,1589,3590,3016
233.85,1581,3591,2992
234.00,1571,3555,2973
234.15,1559,3527,2952
234.30,1556,3497,2925
234.45,1547,3478,2907
234.60,1520,3436,2891
234.75,1509,3421,2855
234.90,1499,3389,2839
235.05,1484,3358,2813
235.20,1482,3326,2786
235.35,1459,3298,2763
235.50,1447,3287,2743
235.65,1433,3242,2715
235.80,1430,3205,2687
235.95,1425,3198,2695
236.10,1416,3178,2665
236.25,1405,3167,2647
236.40,1387,3146,2644
236.55,1385,3116,2607
236.70,1377,3085,2591
236.85,1357,3081,2593
237.00,1352,3054,2565
237.15,1341,3027,2544
237.30,1344,3022,2545
237.45,1331,2982,2522
237.60,1314,2964,2494
237.75,1305,2944,2476
237.90,1299,2927,2477
238.05,1289,2906,2446
238.20,1289,2899,2428
238.35,1266,2861,2408
238.50,1266,2838,2403
238.65,1244,2821,2363
238.80,1249,2794,2353
238.95,1228,2784,2331
239.10,1215,2745,2313
239.25,1216,2737,2308
239.40,1193,2705,2268
239.55,1193,2684,2250
239.70,1174,2657,2240
239.85,1174,2641,2213
240.00,1149,2597,2187
240.15,1138,2582,2162
240.30,1127,2549,2163
240.45,1116,2535,2141
240.60,1099,2483,2094
240.75,1089,2459,2075
240.90,1094,2442,2061
241.05,1081,2430,2055
241.20,1055,2399,2014
241.35,1052,2376,2006
241.50,1038,2344,1996
241.65,1031,2344,1967
241.80,1033,2305,1946
241.95,1011,2285,1931
242.10,997,2264,1902
242.25,1003,2244,1893
242.40,983,2223,1878
242.55,973,2214,1860
242.70,963,2176,1855
242.85,956,2165,1828
243.00,952,2164,1832
243.15,943,2133,1817
243.30,934,2126,1787
243.45,928,2109,1773
243.60,934,2097,1778
243.75,928,2067,1750
243.90,907,2048,1750
244.05,912,2034,1721
244.20,903,2027,1719
244.35,882,1992,1687
244.50,872,1986,1668
244.65,861,1947,1664
244.80,852,1926,1647
244.95,841,1902,1610
245.10,834,1884,1611
245.25,837,1863,1578
245.40,829,1862,1565
245.55,807,1843,1549
245.70,811,1823,1547
245.85,793,1795,1535
246.00,797,1777,1504
246.15,774,1765,1485
246.30,781,1735,1472
246.45,771,1715,1455
246.60,760,1705,1450
246.75,735,1666,1412
246.90,727,1648,1398
247.05,718,1628,1381
247.20,705,1602,1358
247.35,713,1587,1362
247.50,701,1577,1328
247.65,679,1539,1307
247.80,673,1523,1309
247.95,663,1518,1278
248.10,656,1486,1264
248.25,646,1480,1246
248.40,650,1448,1232
248.55,630,1442,1216
248.70,634,1411,1199
248.85,616,1398,1186
249.00,622,1402,1179
249.15,603,1371,1180
249.30,596,1353,1152
249.45,590,1354,1155
249.60,585,1342,1144
249.75,590,1314,1117
249.90,583,1300,1122
250.05,567,1285,1094
250.20,559,1270,1080
250.35,552,1268,1083
250.50,553,1249,1050
250.65,546,1232,1036
250.80,538,1202,1021
250.95,521,1198,1007
251.10,523,1182,994
251.25,506,1168,998
251.40,500,1138,970
251.55,502,1137,956
251.70,500,1113,950
251.85,493,1099,937
252.00,483,1079,934
252.15,470,1079,907
252.30,461,1062,894
252.45,453,1030,880
252.60,442,1006,874
252.75,437,1007,847
252.90,429,990,832
253.05,422,974,832
253.20,414,955,803
253.35,407,926,790
253.50,399,909,777
253.65,393,892,763
253.80,385,893,752
253.95,378,876,736
254.10,373,863,738
254.25,359,835,702
254.40,365,815,698
254.55,360,805,687
254.70,354,804,674
254.85,343,781,668
255.00,339,784,660
255.15,341,761,651
255.30,329,747,639
255.45,322,737,641
255.60,320,727,633
255.75,314,718,625
255.90,316,707,606
256.05,306,696,597
256.20,300,697,587
256.35,295,684,575
256.50,295,670,564
256.65,290,645,561
256.80,276,641,549
256.95,271,618,530
257.10,265,605,520
257.25,260,594,511
257.40,263,586,502
257.55,257,572,496
257.70,248,574,485
257.85,248,552,474
258.00,236,549,462
258.15,231,526,452
258.30,232,517,448
258.45,227,514,434
258.60,213,490,420
258.75,209,475,409
258.90,203,463,398
259.05,203,452,389
259.20,190,435,376
259.35,188,425,368
259.50,183,426,362
259.65,184,409,352
259.80,175,400,345
259.95,175,388,336
260.10,166,389,329
260.25,159,370,313
260.40,163,360,310
260.55,160,351,304
260.70,154,341,293
260.85,152,335,289
261.00,145,336,285
261.15,146,329,278
261.30,137,313,270
261.45,135,313,265
261.60,132,306,261
261.75,133,294,255
261.90,126,293,250
262.05,124,280,243
262.20,119,271,237
262.35,116,265,229
262.50,113,254,223
262.65,109,247,211
262.80,106,239,209
262.95,103,235,202
263.10,99,224,196
263.25,97,221,191
263.40,94,215,186
263.55,90,205,180
263.70,88,201,177
263.85,90,196,164
264.00,83,186,163
264.15,80,179,157
264.30,78,175,154
264.45,75,167,146
264.60,71,158,140
264.75,67,152,132
264.90,69,144,120
265.05,62,135,122
265.20,60,132,117
265.35,58,128,104
265.50,54,120,106
265.65,54,117,103
265.80,51,111,99
265.95,49,105,84
266.10,49,96,89
266.25,44,97,75
266.40,43,93,82
266.55,42,89,69
266.70,40,84,74
266.85,39,82,62
267.00,37,78,60
267.15,36,69,57
267.30,34,73,65
267.45,33,62,62
267.60,31,60,60
267.75,32,66,58
267.90,30,62,56
268.05,30,59,52
268.20,26,48,40
268.35,27,46,46
268.50,23,42,46
268.65,22,49,44
268.80,20,46,29
268.95,19,43,39
269.10,22,41,25
269.25,17,29,23
269.40,21,28,33
269.55,20,26,31
269.70,20,24,30
269.85,19,34,29
270.00,14,32,29
270.15,18,21,15
270.30,18,31,25
270.45,18,28,24
270.60,18,27,24
270.75,17,16,23
270.90,17,26,10
271.05,16,25,20
271.20,11,14,21
271.35,17,26,20
271.50,11,26,21
271.65,11,26,21
271.80,12,15,21
271.95,19,15,8
272.10,18,28,20
272.25,19,28,21
272.40,19,28,23
272.55,21,30,10
272.70,21,20,11
272.85,20,31,11
273.00,21,22,24
273.15,18,35,27
273.30,23,36,27
273.45,24,38,16
273.60,24,29,16
273.75,25,39,30
273.90,26,42,19
274.05,26,33,32
274.20,28,45,33
274.35,29,48,35
274.50,30,50,37
274.65,30,53,40
274.80,33,47,42
274.95,34,59,44
275.10,36,61,35
275.25,37,57,49
275.40,40,61,52
275.55,42,73,44
275.70,42,75,57
275.85,46,79,58
276.00,46,84,63
276.15,50,86,54
276.30,49,85,58
276.45,51,95,72
276.60,58,102,77
276.75,57,103,71
276.90,59,111,85
277.05,62,118,90
277.20,68,123,94
277.35,68,129,90
277.50,70,134,102
277.65,73,140,107
277.80,79,147,104
277.95,83,151,117
278.10,86,158,121
278.25,85,166,129
278.40,88,172,125
278.55,91,178,129
278.70,93,185,143
278.85,97,192,140
279.00,98,195,143
279.15,101,200,155
279.30,107,204,159
279.45,106,212,156
279.60,108,214,167
279.75,109,220,171
279.90,116,225,168
280.05,115,231,173
280.20,119,242,185
280.35,122,251,186
280.50,126,260,199
280.65,134,263,205
280.80,134,271,213
280.95,138,288,222
281.10,143,297,227
281.25,150,298,233
281.40,154,306,241
281.55,154,322,246
281.70,156,327,250
281.85,164,329,258
282.00,166,340,265
282.15,168,347,272
282.30,174,357,279
282.45,184,372,293
282.60,186,392,302
282.75,195,403,310
282.90,193,412,319
283.05,199,415,329
283.20,204,425,335
283.35,209,436,345
283.50,216,459,356
283.65,219,459,363
283.80,224,470,373
283.95,230,482,382
284.10,234,502,389
284.25,246,504,400
284.40,245,515,409
284.55,250,526,420
284.70,255,539,429
284.85,265,556,434
285.00,263,555,441
285.15,269,564,453
285.30,277,573,456
285.45,275,581,461
285.60,279,588,473
285.75,283,596,474
285.90,287,618,488
286.05,291,627,490
286.20,296,628,500
286.35,302,641,510
286.50,309,655,529
286.65,315,668,541
286.80,329,683,553
286.95,329,710,558
287.10,342,711,570
287.25,349,738,579
287.40,347,737,600
287.55,359,749,600
287.70,364,758,607
287.85,360,769,614
288.00,367,784,628
288.15,374,800,640
288.30,382,814,651
288.45,389,831,666
288.60,407,851,682
288.75,408,884,710
288.90,421,897,721
289.05,420,900,722
289.20,437,932,736
289.35,433,928,746
289.50,450,946,761
289.65,456,960,772
289.80,455,977,785
289.95,473,994,799
290.10,469,1023,811
290.25,479,1045,829
290.40,484,1040,836
290.55,493,1072,851
290.70,501,1090,866
290.85,506,1104,876
291.00,509,1111,882
291.15,515,1124,892
291.30,521,1122,902
291.45,525,1132,912
291.60,531,1143,922
291.75,537,1170,932
291.90,542,1168,942
292.05,549,1183,953
292.20,555,1213,982
292.35,563,1214,996
292.50,572,1233,1011
292.65,581,1252,1011
292.80,589,1272,1027
292.95,599,1292,1045
293.10,606,1307,1057
293.25,612,1325,1086
293.40,633,1343,1085
293.55,629,1359,1098
293.70,632,1367,1121
293.85,640,1386,1134
294.00,650,1409,1138
294.15,658,1425,1150
294.30,679,1446,1170
294.45,689,1467,1202
294.60,686,1488,1204
294.75,699,1514,1225
294.90,719,1544,1252
295.05,715,1548,1270
295.20,725,1571,1272
295.35,735,1592,1290
295.50,744,1610,1321
295.65,749,1624,1317
295.80,775,1651,1338
295.95,771,1673,1358
296.10,778,1687,1367
296.25,804,1718,1392
296.40,809,1744,1403
296.55,817,1760,1432
296.70,815,1772,1436
296.85,822,1785,1447
297.00,827,1798,1457
297.15,832,1822,1466
297.30,836,1835,1475
297.45,843,1847,1487
297.60,850,1862,1513
297.75,868,1862,1509
297.90,875,1878,1522
298.05,870,1896,1535
298.20,879,1913,1550
298.35,901,1932,1583
298.50,899,1955,1587
298.65,919,1979,1605
298.80,920,2014,1624
298.95,930,2027,1646
299.10,955,2054,1667
299.25,954,2090,1686
299.40,961,2095,1700
299.55,968,2113,1717
299.70,974,2125,1727
299.85,996,2158,1742
300.00,996,2185,1764
300.15,1004,2192,1780
300.30,1017,2219,1816
300.45,1037,2238,1817
300.60,1037,2280,1839
300.75,1050,2289,1873
300.90,1073,2329,1880
301.05,1072,2339,1901
301.20,1083,2364,1919
301.35,1105,2401,1940
301.50,1104,2423,1956
301.65,1114,2444,1989
301.80,1124,2467,1993
301.95,1135,2476,2030
302.10,1155,2498,2046
302.25,1157,2541,2055
302.40,1164,2560,2070
302.55,1174,2566,2086
302.70,1187,2592,2109
302.85,1202,2605,2134
303.00,1208,2618,2128
303.15,1202,2630,2155
303.30,1219,2657,2151
303.45,1227,2659,2167
303.60,1221,2673,2177
303.75,1227,2690,2190
303.90,1237,2707,2206
304.05,1255,2725,2235
304.20,1254,2747,2236
304.35,1265,2784,2256
304.50,1276,2797,2277
304.65,1298,2821,2299
304.80,1299,2849,2321
304.95,1314,2880,2361
305.10,1326,2909,2385
305.25,1339,2953,2394
305.40,1348,2975,2409
305.55,1359,2995,2428
305.70,1378,3000,2459
305.85,1379,3025,2463
306.00,1392,3056,2490
306.15,1401,3077,2506
306.30,1412,3112,2525
306.45,1436,3128,2565
306.60,1446,3153,2586
306.75,1460,3185,2596
306.90,1462,3207,2618
307.05,1483,3234,2654
307.20,1485,3264,2663
307.35,1501,3307,2690
307.50,1525,3327,2730
307.65,1533,3347,2748
307.80,1545,3371,2750
307.95,1545,3395,2770
308.10,1553,3412,2798
308.25,1568,3448,2812
308.40,1587,3482,2830
308.55,1586,3499,2844
308.70,1598,3514,2883
308.85,1603,3530,2881
309.00,1619,3543,2906
309.15,1626,3555,2905
309.30,1622,3569,2914
309.45,1629,3583,2928
309.60,1645,3611,2941
309.75,1643,3628,2954
309.90,1660,3634,2969
310.05,1662,3657,2988
310.20,1680,3679,3020
310.35,1683,3717,3027
310.50,1705,3732,3049
310.65,1717,3759,3073
310.80,1728,3800,3110
310.95,1735,3818,3121
311.10,1757,3850,3147
311.25,1763,3896,3187
311.40,1783,3918,3194
311.55,1787,3936,3233
311.70,1798,3958,3246
311.85,1799,3981,3260
312.00,1818,4006,3272
312.15,1829,4031,3296
312.30,1840,4059,3315
312.45,1863,4105,3339
312.60,1865,4115,3360
312.75,1883,4155,3406
312.90,1891,4187,3410
313.05,1902,4213,3432
313.20,1919,4235,3474
313.35,1929,4254,3475
313.50,1944,4293,3505
313.65,1953,4310,3533
313.80,1964,4350,3555
313.95,1988,4378,3579
314.10,1985,4384,3580
314.25,1999,4417,3608
314.40,2010,4439,3639
314.55,2021,4462,3646
314.70,2032,4488,3669
314.85,2043,4518,3685
315.00,2048,4520,3696
315.15,2054,4535,3709
315.30,2069,4550,3719
315.45,2068,4563,3732
315.60,2075,4580,3745
315.75,2080,4595,3757
315.90,2090,4626,3776
316.05,2100,4635,3793
316.20,2111,4660,3814
316.35,2132,4699,3849
316.50,2136,4719,3861
316.65,2150,4748,3882
316.80,2163,4780,3922
316.95,2176,4812,3935
317.10,2199,4847,3961
317.25,2202,4868,3983
317.40,2220,4894,4017
317.55,2233,4930,4039
317.70,2246,4946,4062
317.85,2251,4957,4072
318.00,2262,4984,4080
318.15,2263,5006,4098
318.30,2282,5042,4128
318.45,2298,5064,4147
318.60,2311,5096,4173
318.75,2319,5134,4203
318.90,2333,5164,4227
319.05,2354,5189,4248
319.20,2365,5227,4285
319.35,2372,5260,4312
319.50,2384,5264,4322
319.65,2389,5300,4342
319.80,2404,5330,4356
319.95,2408,5345,4366
320.10,2422,5375,4408
320.25,2432,5385,4424
320.40,2445,5414,4448
320.55,2451,5432,4463
320.70,2473,5471,4473
320.85,2485,5486,4494
321.00,2487,5517,4513
321.15,2495,5537,4542
321.30,2502,5552,4556
321.45,2517,5567,4552
321.60,2516,5572,4568
321.75,2523,5599,4596
321.90,2530,5608,4597
322.05,2545,5631,4615
322.20,2557,5659,4631
322.35,2558,5683,4650
322.50,2571,5701,4670
322.65,2585,5725,4709
322.80,2597,5765,4716
322.95,2608,5784,4754
323.10,2628,5808,4759
323.25,2634,5840,4786
323.40,2646,5866,4807
323.55,2661,5891,4839
323.70,2674,5919,4851
323.85,2681,5959,4872
324.00,2689,5966,4887
324.15,2703,6011,4925
324.30,2715,6026,4947
324.45,2731,6050,4954
324.60,2740,6083,4995
324.75,2761,6116,5012
324.90,2767,6155,5037
325.05,2780,6170,5069
325.20,2790,6204,5078
325.35,2801,6217,5098
325.50,2811,6244,5120
325.65,2830,6268,5141
325.80,2833,6293,5162
325.95,2840,6320,5172
326.10,2852,6327,5191
326.25,2870,6372,5216
326.40,2873,6378,5231
326.55,2883,6403,5264
326.70,2893,6438,5272
326.85,2901,6449,5287
327.00,2905,6456,5295
327.15,2913,6473,5306
327.30,2916,6487,5332
327.45,2924,6502,5342
327.60,2934,6514,5342
327.75,2936,6533,5355
327.90,2943,6549,5366
328.05,2950,6577,5396
328.20,2960,6601,5414
328.35,2980,6624,5420
328.50,2986,6648,5452
328.65,2996,6663,5465
328.80,3014,6688,5499
328.95,3024,6715,5511
329.10,3038,6743,5551
329.25,3050,6775,5563
329.40,3059,6790,5592
329.55,3069,6820,5599
329.70,3077,6837,5614
329.85,3089,6851,5627
330.00,3098,6891,5654
330.15,3105,6905,5668
330.30,3124,6941,5707
330.45,3132,6955,5716
330.60,3150,6984,5740
330.75,3155,7011,5762
330.90,3170,7028,5792
331.05,3178,7068,5804
331.20,3190,7088,5821
331.35,3202,7115,5841
331.50,3216,7146,5869
331.65,3220,7167,5885
331.80,3230,7191,5920
331.95,3241,7197,5931
332.10,3244,7225,5931
332.25,3255,7239,5955
332.40,3266,7260,5970
332.55,3274,7279,5985
332.70,3283,7299,6002
332.85,3289,7310,6013
333.00,3290,7318,6020
333.15,3298,7341,6044
333.30,3304,7344,6053
333.45,3305,7357,6051
333.60,3313,7373,6076
333.75,3318,7388,6073
333.90,3324,7410,6098
334.05,3336,7428,6103
334.20,3342,7438,6118
334.35,3352,7460,6133
334.50,3362,7493,6168
334.65,3377,7508,6187
334.80,3384,7530,6197
334.95,3398,7561,6214
335.10,3409,7596,6238
335.25,3424,7612,6263
335.40,3434,7636,6277
335.55,3440,7655,6295
335.70,3446,7673,6311
335.85,3453,7691,6324
336.00,3469,7724,6354
336.15,3473,7739,6363
336.30,3489,7761,6398
336.45,3494,7781,6400
336.60,3504,7815,6421
336.75,3515,7841,6443
336.90,3525,7846,6453
337.05,3534,7872,6476
337.20,3542,7899,6504
337.35,3548,7907,6518
337.50,3564,7943,6536
337.65,3569,7950,6551
337.80,3577,7966,6556
337.95,3588,7993,6592
338.10,3591,8003,6587
338.25,3606,8026,6619
338.40,3609,8040,6630
338.55,3619,8062,6636
338.70,3629,8077,6662
338.85,3629,8089,6656
339.00,3631,8096,6664
339.15,3636,8103,6671
339.30,3638,8106,6679
339.45,3643,8119,6687
339.60,3646,8128,6697
339.75,3655,8140,6720
339.90,3654,8153,6716
340.05,3663,8165,6727
340.20,3673,8189,6742
340.35,3680,8201,6768
340.50,3687,8233,6772
340.65,3699,8244,6790
340.80,3709,8264,6821
340.95,3717,8289,6842
341.10,3727,8320,6845
341.25,3736,8334,6879
341.40,3740,8361,6878
341.55,3749,8366,6903
341.70,3758,8379,6905
341.85,3766,8393,6929
342.00,3771,8406,6928
342.15,3775,8425,6944
342.30,3785,8447,6961
342.45,3790,8460,6968
342.60,3797,8473,6995
342.75,3807,8493,7010
342.90,3815,8508,7009
343.05,3825,8533,7041
343.20,3832,8558,7041
343.35,3837,8565,7054
343.50,3848,8597,7074
343.65,3853,8606,7091
343.80,3857,8617,7091
343.95,3863,8636,7113
344.10,3869,8638,7124
344.25,3876,8655,7126
344.40,3882,8668,7149
344.55,3891,8690,7160
344.70,3897,8702,7160
344.85,3897,8708,7165
345.00,3902,8714,7177
345.15,3905,8714,7177
345.30,3906,8724,7197
345.45,3908,8740,7189
345.60,3910,8742,7208
345.75,3913,8757,7205
345.90,3917,8763,7208
346.05,3927,8767,7220
346.20,3930,8778,7231
346.35,3935,8795,7257
346.50,3945,8806,7268
346.65,3950,8831,7268
346.80,3958,8843,7292
346.95,3964,8858,7308
347.10,3976,8877,7309
347.25,3979,8899,7338
347.40,3984,8903,7337
347.55,3993,8912,7359
347.70,3997,8939,7361
347.85,4005,8949,7370
348.00,4007,8954,7382
348.15,4015,8963,7387
348.30,4019,8978,7401
348.45,4024,8986,7411
348.60,4034,9003,7423
348.75,4037,9012,7432
348.90,4040,9026,7439
349.05,4043,9033,7461
349.20,4049,9052,7462
349.35,4053,9051,7471
349.50,4060,9069,7483
349.65,4061,9082,7485
349.80,4066,9093,7494
349.95,4073,9097,7502
350.10,4073,9103,7506
350.25,4080,9133,7534
350.40,4082,9127,7537
350.55,4086,9135,7527
350.70,4091,9152,7538
350.85,4090,9154,7557
351.00,4095,9160,7560
351.15,4095,9153,7566
351.30,4097,9164,7555
351.45,4096,9172,7559
351.60,4100,9174,7560
351.75,4101,9181,7565
351.90,4107,9184,7571
352.05,4105,9191,7578
352.20,4114,9204,7585
352.35,4117,9212,7607
352.50,4121,9220,7606
352.65,4125,9219,7623
352.80,4130,9225,7634
352.95,4136,9245,7643
353.10,4140,9248,7654
353.25,4147,9259,7647
353.40,4145,9261,7667
353.55,4152,9271,7660
353.70,4154,9279,7665
353.85,4155,9283,7672
354.00,4159,9301,7677
354.15,4162,9300,7679
354.30,4165,9304,7690
354.45,4167,9319,7695
354.60,4169,9330,7712
354.75,4173,9333,7709
354.90,4177,9339,7726
355.05,4181,9343,7721
355.20,4182,9348,7729
355.35,4184,9359,7727
355.50,4186,9360,7734
355.65,4192,9370,7744
355.80,4191,9365,7747
355.95,4193,9367,7763
356.10,4196,9372,7761
356.25,4197,9378,7756
356.40,4200,9379,7759
356.55,4202,9389,7776
356.70,4202,9388,7780
356.85,4203,9399,7786
357.00,4203,9398,7773
357.15,4203,9400,7779
357.30,4204,9396,7764
357.45,4199,9395,7765
357.60,4200,9400,7767
357.75,4202,9406,7778
357.90,4201,9396,7765
358.05,4203,9399,7785
358.20,4202,9402,7785
358.35,4206,9403,7776
358.50,4210,9417,7783
358.65,4211,9417,7788
358.80,4215,9426,7792
358.95,4218,9431,7810
359.10,4221,9443,7817
359.25,4222,9447,7807
359.40,4220,9457,7807
359.55,4219,9452,7808
359.70,4219,9460,7808
359.85,4222,9459,7823
360.00,4222,9461,7813
