
1.29,378,173
2.58,438,199
3.87,514,215
5.16,592,232
6.45,677,250
7.73,793,274
9.02,911,298
10.31,1014,319
11.60,1154,347
12.89,1306,379
14.18,1466,412
15.47,1634,446
16.76,1767,474
18.05,1956,513
19.34,2112,545
20.62,2311,585
21.91,2548,634
23.20,2731,672
24.49,2967,721
25.78,3169,763
27.07,3390,808
28.36,3620,855
29.65,3905,914
30.94,4087,951
32.23,4348,1005
33.52,4631,1065
34.80,4878,1115
36.09,5129,1167
37.38,5394,1222
38.67,5695,1283
39.96,5987,1345
41.25,6271,1404
42.54,6549,1460
43.83,6859,1523
45.12,7108,1576
46.41,7358,1626
47.70,7658,1690
48.98,7929,1745
50.27,8159,1794
51.56,8414,1847
52.85,8651,1896
54.14,8943,1957
55.43,9181,2007
56.72,9392,2049
58.01,9599,2094
59.30,9823,2139
60.59,10033,2184
61.88,10222,2222
63.16,10449,2269
64.45,10621,2305
65.74,10833,2348
67.03,11009,2386
68.32,11129,2409
69.61,11295,2443
70.90,11449,2475
72.19,11556,2498
73.48,11669,2523
74.77,11771,2545
76.05,11867,2563
77.34,11914,2576
78.63,12000,2592
79.92,12079,2609
81.21,12067,2607
82.50,12125,2617
83.79,12174,2627
85.08,12185,2629
86.37,12173,2627
87.66,12162,2625
88.95,12126,2616
90.23,12087,2609
91.52,12040,2600
92.81,11972,2586
94.10,11865,2563
95.39,11815,2552
96.68,11711,2532
97.97,11596,2508
99.26,11517,2490
100.55,11339,2454
101.84,11225,2430
103.12,11087,2400
104.41,10884,2357
105.70,10727,2326
106.99,10558,2291
108.28,10384,2254
109.57,10190,2212
110.86,9973,2169
112.15,9767,2128
113.44,9529,2078
114.73,9317,2034
116.02,9072,1982
117.30,8842,1935
118.59,8620,1890
119.88,8381,1839
121.17,8155,1792
122.46,7917,1742
123.75,7646,1687
125.04,7382,1632
126.33,7146,1583
127.62,6868,1526
128.91,6582,1466
130.20,6410,1430
131.48,6110,1368
132.77,5892,1324
134.06,5639,1272
135.35,5352,1214
136.64,5075,1156
137.93,4824,1104
139.22,4597,1057
140.51,4303,996
141.80,4055,945
143.09,3838,901
144.38,3602,852
145.66,3336,797
146.95,3063,740
148.24,2870,702
149.53,2639,654
150.82,2431,611
152.11,2201,564
153.40,2015,527
154.69,1821,486
155.98,1652,452
157.27,1467,414
158.55,1307,381
159.84,1167,352
161.13,1022,322
162.42,888,294
163.71,769,270
165.00,687,254
166.29,585,232
167.58,506,216
168.87,444,204
170.16,386,192
171.45,337,182
172.73,299,174
174.02,282,170
175.31,271,168
176.60,278,169
177.89,292,172
179.18,325,179
180.47,371,187
181.76,432,200
183.05,504,216
184.34,578,231
185.63,662,248
186.91,761,268
188.20,885,294
189.49,998,316
190.78,1161,350
192.07,1285,376
193.36,1438,408
194.65,1597,439
195.94,1757,473
197.23,1968,516
198.52,2158,555
199.80,2358,596
201.09,2546,634
202.38,2718,670
203.67,2904,708
204.96,3112,752
206.25,3373,806
207.54,3596,851
208.83,3830,899
210.12,4059,946
211.41,4311,999
212.70,4602,1058
213.98,4829,1105
215.27,5100,1162
216.56,5359,1214
217.85,5589,1262
219.14,5918,1331
220.43,6121,1373
221.72,6349,1420
223.01,6615,1475
224.30,6909,1537
225.59,7128,1581
226.88,7382,1633
228.16,7626,1685
229.45,7878,1736
230.74,8127,1788
232.03,8347,1834
233.32,8583,1883
234.61,8793,1927
235.90,9011,1972
237.19,9247,2022
238.48,9441,2062
239.77,9659,2108
241.05,9852,2147
242.34,10051,2188
243.63,10251,2230
244.92,10422,2264
246.21,10602,2303
247.50,10745,2333
248.79,10914,2368
250.08,11052,2398
251.37,11189,2426
252.66,11313,2453
253.95,11431,2476
255.23,11542,2500
256.52,11625,2515
257.81,11695,2531
259.10,11760,2544
260.39,11813,2555
261.68,11849,2562
262.97,11888,2570
264.26,11896,2573
265.55,11894,2573
266.84,11896,2573
268.13,11884,2569
269.41,11830,2561
270.70,11804,2554
271.99,11766,2546
273.28,11704,2533
274.57,11611,2513
275.86,11525,2495
277.15,11424,2472
278.44,11349,2457
279.73,11225,2432
281.02,11078,2400
282.30,10946,2374
283.59,10795,2343
284.88,10598,2301
286.17,10378,2256
287.46,10223,2223
288.75,10047,2187
290.04,9824,2141
291.33,9632,2101
292.62,9387,2050
293.91,9231,2016
295.20,8970,1963
296.48,8734,1914
297.77,8499,1865
299.06,8271,1818
300.35,8002,1762
301.64,7723,1704
302.93,7548,1667
304.22,7282,1613
305.51,7036,1561
306.80,6800,1514
308.09,6511,1454
309.38,6306,1410
310.66,6023,1352
311.95,5764,1298
313.24,5509,1246
314.53,5223,1186
315.82,5003,1140
317.11,4712,1081
318.40,4493,1035
319.69,4283,991
320.98,3979,929
322.27,3744,881
323.55,3525,836
324.84,3309,791
326.13,3098,748
327.42,2865,700
328.71,2673,660
330.00,2462,618
331.29,2278,579
332.58,2067,536
333.87,1920,505
335.16,1728,466
336.45,1552,430
337.73,1420,403
339.02,1290,376
340.31,1135,344
341.60,1007,318
342.89,879,292
344.18,794,275
345.47,688,253
346.76,588,232
348.05,507,216
349.34,444,203
350.63,387,191
351.91,341,182
353.20,304,174
354.49,279,169
355.78,270,167
357.07,273,168
358.36,287,170
359.65,313,176
360.94,361,185
362.23,412,196
363.52,482,211
364.80,566,228
366.09,645,244
367.38,742,263
368.67,865,290
369.96,985,314
371.25,1125,342
372.54,1270,373
373.83,1438,407
375.12,1609,443
376.41,1776,476
377.70,1967,516
378.98,2177,559
380.27,2356,595
381.56,2555,637
382.85,2809,689
384.14,3028,735
385.43,3285,787
386.72,3495,832
388.01,3771,888
389.30,4066,948
390.59,4275,992
391.88,4569,1052
393.16,4819,1104
394.45,5131,1168
395.74,5352,1214
397.03,5615,1269
398.32,5893,1326
399.61,6206,1391
400.90,6482,1447
402.19,6679,1489
403.48,6955,1545
404.77,7210,1599
406.05,7490,1658
407.34,7756,1713
408.63,8011,1765
409.92,8260,1817
411.21,8465,1860
412.50,8690,1907
413.79,8955,1961
415.08,9191,2010
416.37,9382,2049
417.66,9604,2094
418.95,9820,2141
420.23,10004,2179
421.52,10224,2224
422.81,10408,2263
424.10,10577,2298
425.39,10773,2338
426.68,10945,2374
427.97,11092,2406
429.26,11218,2432
430.55,11390,2468
431.84,11515,2493
433.13,11632,2517
434.41,11727,2538
435.70,11836,2560
436.99,11936,2582
438.28,11972,2587
439.57,12018,2597
440.86,12146,2626
442.15,12116,2619
443.44,12154,2625
444.73,12220,2641
446.02,12211,2637
447.30,12212,2637
448.59,12199,2634
449.88,12133,2621
451.17,12156,2627
452.46,12087,2612
453.75,12002,2594
455.04,11904,2574
456.33,11850,2562
457.62,11763,2543
458.91,11653,2520
460.20,11556,2500
461.48,11378,2462
462.77,11231,2433
464.06,11048,2394
465.35,10837,2351
466.64,10668,2315
467.93,10471,2272
469.22,10292,2236
470.51,10056,2188
471.80,9818,2138
473.09,9635,2100
474.38,9420,2055
475.66,9156,2000
476.95,8931,1953
478.24,8663,1899
479.53,8393,1842
480.82,8170,1796
482.11,7927,1745
483.40,7620,1682
484.69,7370,1631
485.98,7134,1583
487.27,6829,1518
488.55,6569,1466
489.84,6318,1413
491.13,6045,1357
492.42,5752,1296
493.71,5497,1243
495.00,5220,1187
496.29,4944,1130
497.58,4670,1073
498.87,4428,1023
500.16,4125,961
501.45,3905,915
502.73,3653,864
504.02,3432,818
505.31,3158,761
506.60,2944,717
507.89,2760,680
509.18,2519,630
510.47,2340,593
511.76,2121,548
513.05,1917,506
514.34,1762,474
515.63,1597,440
516.91,1453,411
518.20,1276,375
519.49,1147,348
520.78,1027,324
522.07,913,300
523.36,760,268
524.65,687,254
525.94,603,236
527.23,526,220
528.52,443,203
529.80,393,193
531.09,349,184
532.38,311,177
533.67,285,171
534.96,274,169
536.25,272,168
537.54,284,171
538.83,304,175
540.12,343,182
541.41,395,193
542.70,439,203
543.98,512,217
545.27,576,231
546.56,679,251
547.85,784,273
549.14,885,293
550.43,979,313
551.72,1114,341
553.01,1256,369
554.30,1409,401
555.59,1551,430
556.88,1724,466
558.16,1899,501
559.45,2124,548
560.74,2290,583
562.03,2505,626
563.32,2695,666
564.61,2903,709
565.90,3129,756
567.19,3359,802
568.48,3618,856
569.77,3860,906
571.05,4149,967
572.34,4438,1025
573.63,4696,1079
574.92,4970,1136
576.21,5248,1193
577.50,5482,1241
578.79,5734,1293
580.08,6039,1356
581.37,6303,1410
582.66,6552,1462
583.95,6832,1521
585.23,7103,1577
586.52,7352,1630
587.81,7591,1679
589.10,7848,1730
590.39,8114,1787
591.68,8325,1829
592.97,8580,1883
594.26,8837,1936
595.55,9088,1988
596.84,9286,2030
598.13,9504,2075
599.41,9718,2121
600.70,9970,2172
601.99,10141,2206
603.28,10306,2242
604.57,10500,2284
605.86,10694,2324
607.15,10845,2357
608.44,10990,2385
609.73,11115,2411
611.02,11283,2447
612.30,11385,2467
613.59,11470,2484
614.88,11591,2511
616.17,11683,2530
617.46,11745,2544
618.75,11788,2552
620.04,11852,2567
621.33,11897,2576
622.62,11907,2579
623.91,11951,2586
625.20,11928,2582
626.48,11914,2578
627.77,11928,2583
629.06,11892,2574
630.35,11860,2567
631.64,11801,2556
632.93,11758,2546
634.22,11651,2524
635.51,11581,2509
636.80,11491,2489
638.09,11405,2470
639.38,11299,2449
640.66,11177,2423
641.95,10996,2386
643.24,10880,2361
644.53,10713,2328
645.82,10574,2298
647.11,10376,2257
648.40,10205,2222
649.69,10037,2186
650.98,9831,2143
652.27,9613,2098
653.55,9402,2054
654.84,9223,2018
656.13,9008,1973
657.42,8741,1917
658.71,8507,1868
660.00,8300,1824
661.29,8078,1778
662.58,7835,1728
663.87,7595,1678
665.16,7332,1625
666.45,7088,1574
667.73,6836,1521
669.02,6542,1460
670.31,6303,1410
671.60,6009,1350
672.89,5745,1296
674.18,5481,1240
675.47,5210,1183
676.76,4935,1126
678.05,4640,1066
679.34,4404,1018
680.63,4152,964
681.91,3877,909
683.20,3613,853
684.49,3430,816
685.78,3173,763
687.07,2943,717
688.36,2706,667
689.65,2462,616
690.94,2262,575
692.23,2091,541
693.52,1864,494
694.80,1703,461
696.09,1561,431
697.38,1413,402
698.67,1259,370
699.96,1104,338
701.25,949,306
702.54,850,285
703.83,721,259
705.12,627,241
706.41,547,224
707.70,462,207
708.98,396,193
710.27,354,184
711.56,314,177
712.85,284,170
714.14,272,168
715.43,270,168
716.72,280,169
718.01,305,174
719.30,340,181
720.59,383,190
721.88,446,203
723.16,505,216
724.45,592,233
725.74,679,252
727.03,787,273
728.32,867,290
729.61,1002,318
730.90,1120,342
732.19,1261,371
733.48,1408,402
734.77,1615,444
736.05,1748,472
737.34,1902,502
738.63,2076,539
739.92,2283,582
741.21,2501,627
742.50,2658,658
743.79,2921,712
745.08,3148,759
746.37,3360,803
747.66,3635,859
748.95,3870,909
750.23,4070,950
751.52,4326,1002
752.81,4600,1058
754.10,4828,1107
755.39,5107,1164
756.68,5323,1208
757.97,5587,1263
759.26,5853,1318
760.55,6126,1374
761.84,6382,1429
763.13,6613,1476
764.41,6898,1535
765.70,7142,1586
766.99,7402,1639
768.28,7685,1699
769.57,7964,1756
770.86,8246,1811
772.15,8446,1856
773.44,8660,1899
774.73,8901,1950
776.02,9169,2004
777.30,9419,2057
778.59,9628,2101
779.88,9855,2148
781.17,10080,2193
782.46,10308,2242
783.75,10496,2281
785.04,10699,2322
786.33,10869,2358
787.62,11056,2397
788.91,11197,2424
790.20,11318,2450
791.48,11480,2485
792.77,11595,2509
794.06,11685,2529
795.35,11799,2552
796.64,11899,2572
797.93,11918,2576
799.22,12000,2592
800.51,12099,2615
801.80,12080,2611
803.09,12138,2621
804.38,12191,2633
805.66,12181,2631
806.95,12182,2630
808.24,12098,2614
809.53,12138,2622
810.82,12096,2612
812.11,11996,2593
813.40,11886,2569
814.69,11879,2569
815.98,11789,2548
817.27,11658,2521
818.55,11559,2500
819.84,11397,2468
821.13,11279,2443
822.42,11118,2410
823.71,10907,2366
825.00,10756,2335
826.29,10590,2300
827.58,10390,2258
828.87,10200,2218
830.16,9978,2172
831.45,9779,2133
832.73,9535,2080
834.02,9339,2040
835.31,9158,2002
836.60,8917,1952
837.89,8697,1907
839.18,8474,1860
840.47,8206,1805
841.76,7952,1753
843.05,7700,1701
844.34,7423,1642
845.63,7186,1593
846.91,6962,1546
848.20,6655,1483
849.49,6446,1439
850.78,6179,1384
852.07,5918,1332
853.36,5632,1271
854.65,5355,1214
855.94,5121,1166
857.23,4868,1114
858.52,4595,1058
859.80,4374,1011
861.09,4136,963
862.38,3886,912
863.67,3605,855
864.96,3431,818
866.25,3171,765
867.54,2977,725
868.83,2786,686
870.12,2578,643
871.41,2376,601
872.70,2170,559
873.98,1991,520
875.27,1808,485
876.56,1623,446
877.85,1464,412
879.14,1308,382
880.43,1159,351
881.72,1012,321
883.01,899,297
884.30,758,268
885.59,654,246
886.88,586,233
888.16,497,215
889.45,423,199
890.74,369,188
892.03,327,179
893.32,298,173
894.61,279,169
895.90,271,168
897.19,277,170
898.48,297,173
899.77,333,180
901.05,387,192
902.34,426,200
903.63,494,214
904.92,582,231
906.21,657,247
907.50,766,270
908.79,862,289
910.08,987,314
911.37,1158,349
912.66,1298,378
913.95,1462,412
915.23,1606,441
916.52,1787,479
917.81,1988,519
919.10,2188,562
920.39,2432,612
921.68,2588,644
922.97,2817,692
924.26,3064,742
925.55,3296,790
926.84,3535,838
928.13,3749,883
929.41,4015,938
930.70,4263,989
931.99,4519,1042
933.28,4793,1098
934.57,5042,1151
935.86,5341,1212
937.15,5563,1258
938.44,5786,1303
939.73,6013,1352
941.02,6289,1408
942.30,6560,1465
943.59,6776,1510
944.88,7053,1567
946.17,7356,1631
947.46,7586,1678
948.75,7822,1727
950.04,8047,1775
951.33,8313,1829
952.62,8489,1865
953.91,8721,1914
955.20,8957,1964
956.48,9187,2010
957.77,9430,2062
959.06,9626,2102
960.35,9830,2144
961.64,10022,2184
962.93,10208,2222
964.22,10377,2259
965.51,10526,2288
966.80,10712,2327
968.09,10850,2359
969.38,11005,2392
970.66,11123,2414
971.95,11277,2446
973.24,11389,2471
974.53,11495,2494
975.82,11561,2506
977.11,11676,2529
978.40,11737,2543
979.69,11813,2558
980.98,11853,2567
982.27,11898,2576
983.55,11913,2581
984.84,11954,2589
986.13,11941,2586
987.42,11919,2581
988.71,11933,2585
990.00,11893,2577
991.29,11843,2566
992.58,11783,2551
993.87,11681,2531
995.16,11583,2510
996.45,11501,2491
997.73,11408,2473
999.02,11318,2453
1000.31,11205,2431
1001.60,11034,2395
1002.89,10849,2355
1004.18,10695,2323
1005.47,10566,2297
1006.76,10363,2256
1008.05,10171,2215
1009.34,9983,2175
1010.63,9800,2137
1011.91,9618,2098
1013.20,9361,2045
1014.49,9210,2014
1015.78,8953,1962
1017.07,8704,1908
1018.36,8466,1859
1019.65,8221,1809
1020.94,7991,1761
1022.23,7731,1708
1023.52,7476,1655
1024.80,7182,1595
1026.09,6946,1545
1027.38,6662,1486
1028.67,6351,1421
1029.96,6113,1372
1031.25,5857,1318
1032.54,5569,1259
1033.83,5274,1198
1035.12,5056,1153
1036.41,4824,1103
1037.70,4531,1045
1038.98,4283,992
1040.27,4025,940
1041.56,3802,893
1042.85,3562,844
1044.14,3347,799
1045.43,3136,756
1046.72,2879,704
1048.01,2705,667
1049.30,2523,630
1050.59,2321,588
1051.88,2101,543
1053.16,1932,509
1054.45,1748,471
1055.74,1591,438
1057.03,1447,409
1058.32,1309,380
1059.61,1137,345
1060.90,1010,318
1062.19,898,296
1063.48,793,275
1064.77,676,251
1066.05,586,232
1067.34,516,218
1068.63,453,205
1069.92,388,192
1071.21,351,184
1072.50,312,176
1073.79,287,171
1075.08,272,167
1076.37,271,168
1077.66,279,169
1078.95,299,173
1080.23,325,179
switching colors
1081.52,273,16
1082.81,376,21
1084.10,494,28
1085.39,649,37
1086.68,790,44
1087.97,980,54
1089.26,1174,65
1090.55,1389,76
1091.84,1649,90
1093.13,1903,105
1094.41,2202,120
1095.70,2555,139
1096.99,2840,155
1098.28,3277,179
1099.57,3689,202
1100.86,4120,225
1102.15,4474,244
1103.44,4925,268
1104.73,5359,293
1106.02,5822,318
1107.30,6288,344
1108.59,6795,371
1109.88,7253,396
1111.17,7749,423
1112.46,8237,451
1113.75,8764,478
1115.04,9221,504
1116.33,9748,534
1117.62,10282,563
1118.91,10789,591
1120.20,11261,617
1121.48,11815,648
1122.77,12282,674
1124.06,12793,702
1125.35,13325,731
1126.64,13874,763
1127.93,14368,789
1129.22,14837,814
1130.51,15308,843
1131.80,15803,869
1133.09,16316,897
1134.38,16738,921
1135.66,17212,948
1136.95,17657,973
1138.24,18057,996
1139.53,18523,1022
1140.82,18951,1044
1142.11,19305,1064
1143.40,19644,1084
1144.69,19978,1102
1145.98,20308,1120
1147.27,20690,1142
1148.55,20966,1157
1149.84,21101,1165
1151.13,21390,1180
1152.42,21618,1194
1153.71,21784,1203
1155.00,21975,1213
1156.29,22125,1222
1157.58,22276,1231
1158.87,22364,1236
1160.16,22534,1245
1161.45,22582,1248
1162.73,22638,1251
1164.02,22687,1253
1165.31,22750,1257
1166.60,22734,1255
1167.89,22675,1252
1169.18,22578,1248
1170.47,22643,1251
1171.76,22497,1241
1173.05,22357,1234
1174.34,22145,1222
1175.63,22070,1218
1176.91,21913,1208
1178.20,21690,1196
1179.49,21517,1187
1180.78,21206,1170
1182.07,20962,1156
1183.36,20713,1141
1184.65,20358,1121
1185.94,20073,1106
1187.23,19721,1085
1188.52,19349,1065
1189.80,19016,1046
1191.09,18628,1026
1192.38,18238,1003
1193.67,17824,979
1194.96,17359,954
1196.25,17007,935
1197.54,16476,905
1198.83,16047,881
1200.12,15531,854
1201.41,14984,823
1202.70,14595,801
1203.98,13927,764
1205.27,13174,724
1206.56,12481,685
1207.85,12001,659
1209.14,11562,634
1210.43,11061,606
1211.72,10603,581
1213.01,10027,549
1214.30,9561,524
1215.59,9055,495
1216.88,8579,470
1218.16,8064,442
1219.45,7584,414
1220.74,7161,393
1222.03,6710,368
1223.32,6280,343
1224.61,5794,317
1225.90,5442,297
1227.19,4994,273
1228.48,4579,250
1229.77,4151,227
1231.05,3797,208
1232.34,3450,188
1233.63,3070,168
1234.92,2742,150
1236.21,2458,135
1237.50,2153,118
1238.79,1826,100
1240.08,1521,84
1241.37,1322,73
1242.66,1127,62
1243.95,912,51
1245.23,730,41
1246.52,579,32
1247.81,447,25
1249.10,338,19
1250.39,236,14
1251.68,175,11
1252.97,131,8
1254.26,103,7
1255.55,97,6
1256.84,113,7
1258.13,144,8
1259.41,200,11
1260.70,279,16
1261.99,381,22
1263.28,529,30
1264.57,630,35
1265.86,798,44
1267.15,958,52
1268.44,1127,62
1269.73,1340,74
1271.02,1572,86
1272.30,1899,103
1273.59,2102,115
1274.88,2390,130
1276.17,2740,150
1277.46,3043,166
1278.75,3345,183
1280.04,3732,205
1281.33,4124,226
1282.62,4422,242
1283.91,4767,261
1285.20,5197,285
1286.48,5620,308
1287.77,6036,331
1289.06,6448,354
1290.35,6924,380
1291.64,7289,400
1292.93,7787,428
1294.22,8225,452
1295.51,8689,476
1296.80,9215,507
1298.09,9745,535
1299.38,10148,558
1300.66,10575,581
1301.95,11074,610
1303.24,11608,639
1304.53,12115,666
1305.82,12522,690
1307.11,13078,720
1308.40,13503,744
1309.69,13925,768
1310.98,14450,797
1312.27,14928,824
1313.55,15313,846
1314.84,15746,869
1316.13,16185,894
1317.42,16587,917
1318.71,16949,937
1320.00,17355,960
1321.29,17752,982
1322.58,18141,1004
1323.87,18450,1022
1325.16,18785,1040
1326.45,19067,1056
1327.73,19353,1070
1329.02,19632,1088
1330.31,19871,1101
1331.60,20105,1115
1332.89,20339,1128
1334.18,20554,1139
1335.47,20706,1149
1336.76,20872,1157
1338.05,20999,1165
1339.34,21139,1172
1340.63,21189,1175
1341.91,21337,1183
1343.20,21379,1184
1344.49,21410,1187
1345.78,21412,1187
1347.07,21519,1194
1348.36,21521,1192
1349.65,21421,1187
1350.94,21278,1180
1352.23,21210,1175
1353.52,21063,1167
1354.80,20910,1159
1356.09,20730,1147
1357.38,20570,1138
1358.67,20396,1129
1359.96,20228,1120
1361.25,19953,1104
1362.54,19717,1091
1363.83,19417,1074
1365.12,19005,1051
1366.41,18773,1039
1367.70,18539,1024
1368.98,18113,1001
1370.27,17809,984
1371.56,17424,962
1372.85,17154,947
1374.14,16718,922
1375.43,16342,901
1376.72,15897,878
1378.01,15420,851
1379.30,14996,826
1380.59,14575,802
1381.88,14021,773
1383.16,13626,750
1384.45,13205,727
1385.74,12760,702
1387.03,12314,677
1388.32,11808,649
1389.61,11362,624
1390.90,10891,598
1392.19,10438,572
1393.48,9946,545
1394.77,9400,516
1396.05,9030,495
1397.34,8584,470
1398.63,8022,439
1399.92,7645,419
1401.21,7169,393
1402.50,6729,369
1403.79,6270,344
1405.08,5843,320
1406.37,5499,301
1407.66,5076,277
1408.95,4666,255
1410.23,4289,235
1411.52,3903,214
1412.81,3503,192
1414.10,3163,173
1415.39,2745,151
1416.68,2460,135
1417.97,2163,118
1419.26,1868,102
1420.55,1603,88
1421.84,1356,75
1423.13,1171,64
1424.41,932,52
1425.70,743,41
1426.99,570,32
1428.28,446,25
1429.57,333,19
1430.86,237,14
1432.15,182,11
1433.44,129,8
1434.73,102,6
1436.02,99,6
1437.30,116,7
1438.59,158,9
1439.88,230,13
1441.17,315,18
1442.46,431,24
1443.75,570,32
1445.04,722,39
1446.33,900,49
1447.62,1102,61
1448.91,1343,74
1450.20,1558,85
1451.48,1867,102
1452.77,2129,117
1454.06,2455,134
1455.35,2754,151
1456.64,3101,169
1457.93,3381,185
1459.22,3718,204
1460.51,4156,227
1461.80,4564,250
1463.09,4885,268
1464.38,5320,292
1465.66,5720,313
1466.95,6203,340
1468.24,6632,362
1469.53,6999,384
1470.82,7412,407
1472.11,7974,436
1473.40,8457,464
1474.69,8893,487
1475.98,9278,509
1477.27,9716,535
1478.55,10211,561
1479.84,10708,588
1481.13,11221,617
1482.42,11703,643
1483.71,12173,671
1485.00,12620,694
1486.29,13127,723
1487.58,13633,752
1488.87,14090,776
1490.16,14498,800
1491.45,14945,825
1492.73,15388,849
1494.02,15780,870
1495.31,16269,898
1496.60,16652,921
1497.89,17106,945
1499.18,17419,962
1500.47,17749,981
1501.76,18161,1003
1503.05,18485,1023
1504.34,18828,1042
1505.63,19165,1059
1506.91,19478,1077
1508.20,19806,1096
1509.49,20079,1111
1510.78,20278,1123
1512.07,20599,1140
1513.36,20837,1154
1514.65,21012,1163
1515.94,21189,1172
1517.23,21367,1183
1518.52,21490,1189
1519.80,21639,1197
1521.09,21767,1204
1522.38,21717,1203
1523.67,21777,1206
1524.96,21866,1210
1526.25,21866,1210
1527.54,21829,1207
1528.83,21627,1197
1530.12,21728,1202
1531.41,21571,1192
1532.70,21507,1189
1533.98,21256,1175
1535.27,21147,1169
1536.56,21023,1162
1537.85,20858,1152
1539.14,20635,1139
1540.43,20403,1127
1541.72,20159,1112
1543.01,19832,1096
1544.30,19445,1074
1545.59,19164,1058
1546.88,18895,1043
1548.16,18460,1018
1549.45,18096,998
1550.74,17723,977
1552.03,17268,952
1553.32,16833,927
1554.61,16435,904
1555.90,16030,882
1557.19,15519,854
1558.48,15116,832
1559.77,14643,805
1561.05,14235,784
1562.34,13748,755
1563.63,13173,724
1564.92,12867,707
1566.21,12325,677
1567.50,11859,651
1568.79,11442,628
1570.08,10870,596
1571.37,10458,573
1572.66,9976,547
1573.95,9536,522
1575.23,9056,497
1576.52,8606,471
1577.81,8148,446
1579.10,7611,417
1580.39,7177,393
1581.68,6799,372
1582.97,6412,352
1584.26,5970,328
1585.55,5474,300
1586.84,5085,278
1588.13,4736,259
1589.41,4337,238
1590.70,3968,217
1591.99,3581,196
1593.28,3251,177
1594.57,2927,160
1595.86,2601,143
1597.15,2310,126
1598.44,2054,112
1599.73,1806,99
1601.02,1535,84
1602.30,1309,72
1603.59,1107,61
1604.88,915,50
1606.17,739,41
1607.46,592,33
1608.75,468,26
1610.04,356,20
1611.33,259,15
1612.62,196,12
1613.91,141,8
1615.20,106,7
1616.48,97,6
1617.77,113,7
1619.06,145,9
1620.35,208,12
1621.64,293,17
1622.93,379,21
1624.22,530,30
1625.51,656,36
1626.80,843,47
1628.09,1023,56
1629.38,1215,67
1630.66,1447,79
1631.95,1729,94
1633.24,1997,110
1634.53,2276,124
1635.82,2576,141
1637.11,2938,161
1638.40,3273,179
1639.69,3629,199
1640.98,4017,220
1642.27,4421,241
1643.55,4819,264
1644.84,5196,285
1646.13,5642,309
1647.42,6024,330
1648.71,6502,355
1650.00,6948,380
1651.29,7450,408
1652.58,7972,438
1653.87,8459,465
1655.16,8917,489
1656.45,9361,515
1657.73,9894,544
1659.02,10373,570
1660.31,10830,595
1661.60,11371,626
1662.89,11894,654
1664.18,12347,679
1665.47,12792,704
1666.76,13314,734
1668.05,13818,762
1669.34,14161,781
1670.63,14663,809
1671.91,15082,832
1673.20,15517,857
1674.49,15940,880
1675.78,16437,909
1677.07,16738,925
1678.36,17066,944
1679.65,17408,964
1680.94,17808,987
1682.23,18095,1001
1683.52,18447,1022
1684.80,18851,1045
1686.09,19107,1059
1687.38,19404,1076
1688.67,19676,1091
1689.96,19875,1102
1691.25,20192,1119
1692.54,20365,1128
1693.83,20650,1144
1695.12,20766,1152
1696.41,20964,1162
1697.70,21140,1172
1698.98,21216,1177
1700.27,21350,1184
1701.56,21420,1189
1702.85,21444,1189
1704.14,21575,1196
1705.43,21516,1194
1706.72,21535,1194
1708.01,21555,1195
1709.30,21552,1193
1710.59,21416,1187
1711.88,21326,1182
1713.16,21275,1178
1714.45,21159,1173
1715.74,20957,1162
1717.03,20834,1154
1718.32,20673,1145
1719.61,20498,1134
1720.90,20259,1121
1722.19,20005,1107
1723.48,19747,1093
1724.77,19469,1077
1726.05,19143,1058
1727.34,18812,1040
1728.63,18467,1021
1729.92,18069,1000
1731.21,17696,978
1732.50,17302,955
1733.79,16816,928
1735.08,16450,908
1736.37,16035,885
1737.66,15582,859
1738.95,15112,832
1740.23,14654,807
1741.52,14295,787
1742.81,13704,754
1744.10,13282,732
1745.39,12768,702
1746.68,12310,676
1747.97,11823,650
1749.26,11285,620
1750.55,10822,595
1751.84,10389,570
1753.13,9924,545
1754.41,9359,513
1755.70,8868,486
1756.99,8374,459
1758.28,7885,432
1759.57,7460,408
1760.86,6869,376
1762.15,6475,355
1763.44,6040,330
1764.73,5586,306
1766.02,5160,282
1767.30,4775,261
1768.59,4343,238
1769.88,3976,217
1771.17,3553,194
1772.46,3236,177
1773.75,2842,155
1775.04,2598,142
1776.33,2294,125
1777.62,2038,111
1778.91,1756,97
1780.20,1498,82
1781.48,1249,69
1782.77,1091,60
1784.06,923,51
1785.35,727,41
1786.64,574,32
1787.93,459,26
1789.22,345,20
1790.51,255,15
1791.80,177,11
1793.09,136,8
1794.38,107,7
1795.66,97,6
1796.95,107,7
1798.24,148,9
1799.53,193,11
1800.82,269,15
1802.11,374,21
1803.40,507,29
1804.69,643,35
1805.98,775,43
1807.27,986,54
1808.55,1173,65
1809.84,1355,74
1811.13,1565,86
1812.42,1864,102
1813.71,2131,116
1815.00,2377,130
1816.29,2715,148
1817.58,3038,166
1818.87,3300,180
1820.16,3639,199
1821.45,4064,222
1822.73,4416,241
1824.02,4821,264
1825.31,5241,287
1826.60,5654,309
1827.89,6064,332
1829.18,6492,356
1830.47,6924,379
1831.76,7392,406
1833.05,7909,434
1834.34,8413,462
1835.63,8995,494
1836.91,9393,516
1838.20,10013,549
1839.49,10527,578
1840.78,11007,605
1842.07,11482,632
1843.36,12057,663
1844.65,12489,687
1845.94,12936,712
1847.23,13475,742
1848.52,13999,770
1849.80,14468,796
1851.09,14887,821
1852.38,15320,845
1853.67,15833,873
1854.96,16260,896
1856.25,16637,917
1857.54,17101,943
1858.83,17432,963
1860.12,17899,989
1861.41,18291,1011
1862.70,18632,1029
1863.98,18955,1047
1865.27,19275,1066
1866.56,19573,1083
1867.85,19877,1099
1869.14,20191,1116
1870.43,20507,1133
1871.72,20651,1143
1873.01,20929,1158
1874.30,21134,1168
1875.59,21274,1177
1876.88,21401,1185
1878.16,21535,1192
1879.45,21716,1202
1880.74,21788,1206
1882.03,21817,1207
1883.32,21915,1212
1884.61,21908,1212
1885.90,21901,1211
1887.19,21905,1211
1888.48,21769,1206
1889.77,21860,1209
1891.05,21712,1201
1892.34,21567,1193
1893.63,21487,1188
1894.92,21288,1177
1896.21,21165,1169
1897.50,20954,1158
1898.79,20823,1151
1900.08,20563,1135
1901.37,20302,1121
1902.66,20021,1105
1903.95,19689,1086
1905.23,19374,1070
1906.52,19070,1052
1907.81,18794,1037
1909.10,18352,1011
1910.39,17955,989
1911.68,17698,974
1912.97,17255,950
1914.26,16820,926
1915.55,16448,905
1916.84,16048,883
1918.13,15631,860
1919.41,15195,836
1920.70,14633,804
1921.99,14292,786
1923.28,13832,760
1924.57,13342,735
1925.86,12931,710
1927.15,12424,681
1928.44,11953,656
1929.73,11554,634
1931.02,11011,604
1932.30,10566,580
1933.59,10102,554
1934.88,9613,527
1936.17,9119,500
1937.46,8587,470
1938.75,8167,448
1940.04,7665,420
1941.33,7166,392
1942.62,6718,368
1943.91,6259,342
1945.20,5822,319
1946.48,5384,294
1947.77,4945,271
1949.06,4581,250
1950.35,4150,227
1951.64,3733,204
1952.93,3364,185
1954.22,3042,167
1955.51,2709,148
1956.80,2380,130
1958.09,2084,114
1959.38,1797,99
1960.66,1574,87
1961.95,1326,73
1963.24,1127,61
1964.53,934,51
1965.82,733,40
1967.11,570,32
1968.40,443,25
1969.69,330,19
1970.98,236,13
1972.27,161,9
1973.55,123,8
1974.84,99,7
1976.13,100,6
1977.42,129,8
1978.71,181,11
1980.00,253,15
1981.29,348,20
1982.58,478,27
1983.87,610,34
1985.16,765,43
1986.45,919,50
1987.73,1112,61
1989.02,1343,74
1990.31,1551,84
1991.60,1846,101
1992.89,2128,117
1994.18,2354,129
1995.47,2648,145
1996.76,2973,162
1998.05,3333,182
1999.34,3651,200
2000.63,3962,217
2001.91,4353,238
2003.20,4771,261
2004.49,5127,281
2005.78,5500,302
2007.07,5963,327
2008.36,6376,349
2009.65,6800,373
2010.94,7232,396
2012.23,7743,425
2013.52,8185,449
2014.80,8750,480
2016.09,9173,503
2017.38,9597,527
2018.67,10094,555
2019.96,10504,577
2021.25,10974,604
2022.54,11432,628
2023.83,11918,656
2025.12,12377,682
2026.41,12830,707
2027.70,13358,737
2028.98,13725,756
2030.27,14245,785
2031.56,14656,808
2032.85,15022,829
2034.14,15488,855
2035.43,15851,875
2036.72,16284,900
2038.01,16692,921
2039.30,17043,942
2040.59,17370,961
2041.88,17780,984
2043.16,18131,1005
2044.45,18485,1024
2045.74,18834,1042
2047.03,19105,1059
2048.32,19353,1072
2049.61,19645,1089
2050.90,19878,1101
2052.19,20112,1116
2053.48,20323,1127
2054.77,20530,1139
2056.05,20719,1149
2057.34,20850,1155
2058.63,20967,1162
2059.92,21076,1169
2061.21,21134,1172
2062.50,21217,1177
2063.79,21287,1180
2065.08,21269,1180
2066.37,21296,1182
2067.66,21373,1183
2068.95,21282,1177
2070.23,21261,1177
2071.52,21213,1175
2072.81,21045,1165
2074.10,20935,1160
2075.39,20798,1152
2076.68,20607,1141
2077.97,20541,1136
2079.26,20320,1125
2080.55,20037,1109
2081.84,19807,1096
2083.12,19517,1079
2084.41,19099,1055
2085.70,18774,1038
2086.99,18564,1025
2088.28,18222,1006
2089.57,17875,988
2090.86,17410,961
2092.15,17192,948
2093.44,16760,925
2094.73,16318,900
2096.02,15913,877
2097.30,15427,851
2098.59,15066,830
2099.88,14621,806
2101.17,14126,778
2102.46,13666,753
2103.75,13342,733
2105.04,12861,708
2106.33,12377,681
2107.62,11849,651
2108.91,11401,626
2110.20,10969,601
2111.48,10524,577
2112.77,10003,549
2114.06,9514,521
2115.35,9122,500
2116.64,8603,471
2117.93,8088,444
2119.22,7651,418
2120.51,7093,389
2121.80,6668,365
2123.09,6244,342
2124.37,5958,325
2125.66,5524,302
2126.95,5144,281
2128.24,4786,262
2129.53,4340,238
2130.82,4015,219
2132.11,3639,199
2133.40,3280,179
2134.69,2957,162
2135.98,2613,142
2137.27,2384,131
2138.55,2072,114
2139.84,1815,99
2141.13,1560,86
2142.42,1283,71
2143.71,1116,62
2145.00,939,52
2146.29,755,42
2147.58,599,33
2148.87,467,27
2150.16,338,20
2151.45,251,14
2152.73,177,11
2154.02,130,8
2155.31,101,6
2156.60,100,6
2157.89,122,8
2159.18,165,10
2160.47,243,14
switching colors
2161.76,165,4
2163.05,225,5
2164.34,283,6
2165.62,370,8
2166.91,457,10
2168.20,569,12
2169.49,670,14
2170.78,786,17
2172.07,917,19
2173.36,1057,22
2174.65,1222,25
2175.94,1380,29
2177.23,1533,31
2178.52,1742,36
2179.80,1907,39
2181.09,2084,43
2182.38,2295,47
2183.67,2510,52
2184.96,2743,56
2186.25,2931,60
2187.54,3190,65
2188.83,3426,70
2190.12,3645,75
2191.41,3916,81
2192.70,4128,84
2193.98,4396,89
2195.27,4622,94
2196.56,4875,100
2197.85,5081,104
2199.14,5338,109
2200.43,5649,115
2201.72,5823,119
2203.01,6061,124
2204.30,6336,130
2205.59,6530,134
2206.87,6768,138
2208.16,7025,144
2209.45,7261,148
2210.74,7445,152
2212.03,7666,156
2213.32,7911,161
2214.61,8120,166
2215.90,8320,170
2217.19,8505,173
2218.48,8688,177
2219.77,8874,182
2221.05,9090,186
2222.34,9265,189
2223.63,9432,193
2224.92,9602,196
2226.21,9783,200
2227.50,9920,202
2228.79,10054,205
2230.08,10170,208
2231.37,10314,210
2232.66,10404,213
2233.95,10536,215
2235.23,10626,217
2236.52,10697,219
2237.81,10787,220
2239.10,10814,221
2240.39,10891,223
2241.68,10961,223
2242.97,10956,225
2244.26,11003,225
2245.55,11041,226
2246.84,11034,226
2248.12,11011,225
2249.41,10983,224
2250.70,10976,223
2251.99,10925,223
2253.28,10861,222
2254.57,10811,221
2255.86,10716,218
2257.15,10639,217
2258.44,10531,215
2259.73,10447,213
2261.02,10286,210
2262.30,10158,207
2263.59,9994,204
2264.88,9835,201
2266.17,9662,197
2267.46,9519,195
2268.75,9330,191
2270.04,9130,186
2271.33,8896,182
2272.62,8718,178
2273.91,8501,174
2275.20,8308,169
2276.48,8101,165
2277.77,7883,161
2279.06,7627,155
2280.35,7399,151
2281.64,7192,146
2282.93,6941,142
2284.22,6693,137
2285.51,6445,131
2286.80,6190,126
2288.09,5951,122
2289.37,5743,118
2290.66,5453,111
2291.95,5189,106
2293.24,4932,101
2294.53,4672,95
2295.82,4438,91
2297.11,4152,85
2298.40,3964,81
2299.69,3683,76
2300.98,3486,71
2302.27,3217,66
2303.55,3059,63
2304.84,2821,57
2306.13,2567,52
2307.42,2389,49
2308.71,2182,45
2310.00,2033,41
2311.29,1844,38
2312.58,1665,34
2313.87,1510,31
2315.16,1342,28
2316.45,1219,25
2317.73,1062,22
2319.02,920,19
2320.31,790,17
2321.60,691,14
2322.89,572,12
2324.18,478,10
2325.47,399,9
2326.76,308,7
2328.05,234,5
2329.34,191,5
2330.62,133,3
2331.91,96,2
2333.20,71,2
2334.49,55,1
2335.78,48,1
2337.07,54,2
2338.36,67,2
2339.65,92,3
2340.94,125,3
2342.23,176,4
2343.52,236,6
2344.80,309,7
2346.09,378,8
2347.38,448,10
2348.67,554,12
2349.96,641,14
2351.25,760,16
2352.54,888,18
2353.83,1011,21
2355.12,1165,24
2356.41,1304,27
2357.70,1472,30
2358.98,1649,33
2360.27,1807,37
2361.56,1997,41
2362.85,2192,45
2364.14,2404,49
2365.43,2630,54
2366.72,2879,58
2368.01,3094,63
2369.30,3344,68
2370.59,3543,72
2371.87,3794,77
2373.16,4029,82
2374.45,4269,87
2375.74,4510,92
2377.03,4784,97
2378.32,4999,102
2379.61,5269,108
2380.90,5504,113
2382.19,5714,117
2383.48,5961,122
2384.77,6226,127
2386.05,6486,133
2387.34,6688,137
2388.63,6934,142
2389.92,7159,146
2391.21,7360,150
2392.50,7589,155
2393.79,7793,159
2395.08,8030,165
2396.37,8234,168
2397.66,8440,173
2398.95,8635,177
2400.23,8825,181
2401.52,9006,184
2402.81,9167,188
2404.10,9329,191
2405.39,9493,195
2406.68,9636,198
2407.97,9778,200
2409.26,9898,203
2410.55,10029,206
2411.84,10128,208
2413.12,10239,210
2414.41,10312,212
2415.70,10418,214
2416.99,10478,215
2418.28,10517,215
2419.57,10577,218
2420.86,10614,217
2422.15,10635,218
2423.44,10684,220
2424.73,10669,219
2426.02,10668,219
2427.30,10670,219
2428.59,10662,218
2429.88,10621,218
2431.17,10567,217
2432.46,10532,216
2433.75,10476,214
2435.04,10392,214
2436.33,10323,212
2437.62,10217,210
2438.91,10131,208
2440.20,10014,205
2441.48,9903,203
2442.77,9773,200
2444.06,9651,197
2445.35,9492,194
2446.64,9338,192
2447.93,9197,188
2449.22,9021,184
2450.51,8862,181
2451.80,8680,178
2453.09,8515,174
2454.37,8324,171
2455.66,8112,166
2456.95,7928,162
2458.24,7709,158
2459.53,7502,153
2460.82,7257,149
2462.11,7040,144
2463.40,6837,140
2464.69,6583,134
2465.98,6362,130
2467.27,6136,126
2468.55,5851,120
2469.84,5615,115
2471.13,5387,111
2472.42,5120,105
2473.71,4865,100
2475.00,4611,94
2476.29,4373,89
2477.58,4117,84
2478.87,3897,79
2480.16,3670,75
2481.45,3427,70
2482.73,3183,65
2484.02,2962,61
2485.31,2746,56
2486.60,2538,52
2487.89,2345,48
2489.18,2151,44
2490.47,1971,40
2491.76,1771,37
2493.05,1588,33
2494.34,1397,29
2495.62,1253,26
2496.91,1133,23
2498.20,985,21
2499.49,840,18
2500.78,711,15
2502.07,607,13
2503.36,477,10
2504.65,398,9
2505.94,316,7
2507.23,247,6
2508.52,180,4
2509.80,139,3
2511.09,103,3
2512.38,71,2
2513.67,54,2
2514.96,48,1
2516.25,54,2
2517.54,69,1
2518.83,94,2
2520.12,133,3
2521.41,186,4
2522.70,235,5
2523.98,297,6
2525.27,371,8
2526.56,449,10
2527.85,541,11
2529.14,650,14
2530.43,754,16
2531.72,898,19
2533.01,1009,21
2534.30,1170,24
2535.59,1304,27
2536.87,1472,30
2538.16,1624,33
2539.45,1816,37
2540.74,2007,41
2542.03,2165,44
2543.32,2396,49
2544.61,2601,53
2545.90,2773,57
2547.19,2978,61
2548.48,3219,66
2549.77,3444,70
2551.05,3608,74
2552.34,3870,79
2553.63,4103,84
2554.92,4339,88
2556.21,4550,93
2557.50,4817,98
2558.79,4996,102
2560.08,5245,107
2561.37,5511,112
2562.66,5761,118
2563.95,5961,122
2565.23,6294,128
2566.52,6496,133
2567.81,6789,138
2569.10,6998,142
2570.39,7243,147
2571.68,7444,152
2572.97,7667,157
2574.26,7915,162
2575.55,8158,167
2576.84,8389,171
2578.12,8599,175
2579.41,8828,181
2580.70,9026,185
2581.99,9208,189
2583.28,9393,192
2584.57,9546,195
2585.86,9750,200
2587.15,9895,201
2588.44,10033,205
2589.73,10179,208
2591.02,10326,211
2592.30,10440,213
2593.59,10537,215
2594.88,10633,217
2596.17,10723,219
2597.46,10778,220
2598.75,10835,222
2600.04,10926,223
2601.33,10927,224
2602.62,10955,224
2603.91,11011,225
2605.20,11019,225
2606.48,11011,226
2607.77,10975,224
2609.06,10966,224
2610.35,10949,223
2611.64,10866,223
2612.93,10812,221
2614.22,10743,220
2615.51,10676,218
2616.80,10541,215
2618.09,10460,213
2619.37,10330,211
2620.66,10233,210
2621.95,10076,206
2623.24,9906,202
2624.53,9760,200
2625.82,9610,196
2627.11,9457,193
2628.40,9303,190
2629.69,9101,186
2630.98,8930,183
2632.27,8741,178
2633.55,8503,174
2634.84,8351,170
2636.13,8120,166
2637.42,7911,162
2638.71,7711,158
2640.00,7443,152
2641.29,7261,149
2642.58,7045,144
2643.87,6789,139
2645.16,6566,134
2646.45,6335,128
2647.73,6050,123
2649.02,5838,119
2650.31,5611,114
2651.60,5364,110
2652.89,5119,104
2654.18,4889,99
2655.47,4656,95
2656.76,4414,90
2658.05,4147,85
2659.34,3938,80
2660.62,3679,75
2661.91,3487,71
2663.20,3281,66
2664.49,3077,63
2665.78,2865,59
2667.07,2650,55
2668.36,2471,51
2669.65,2240,46
2670.94,2069,43
2672.23,1873,39
2673.52,1686,34
2674.80,1529,32
2676.09,1358,28
2677.38,1213,25
2678.67,1060,21
2679.96,913,19
2681.25,779,16
2682.54,663,14
2683.83,523,11
2685.12,443,10
2686.41,360,8
2687.70,276,6
2688.98,211,5
2690.27,164,4
2691.56,114,3
2692.85,81,2
2694.14,58,2
2695.43,49,2
2696.72,51,1
2698.01,64,2
2699.30,89,2
2700.59,128,3
2701.87,173,4
2703.16,231,5
2704.45,312,7
2705.74,383,8
2707.03,479,10
2708.32,578,11
2709.61,688,14
2710.90,796,16
2712.19,923,19
2713.48,1075,23
2714.77,1254,26
2716.05,1417,29
2717.34,1597,33
2718.63,1763,36
2719.92,1956,40
2721.21,2138,43
2722.50,2321,48
2723.79,2533,52
2725.08,2736,56
2726.37,2942,60
2727.66,3141,64
2728.95,3389,70
2730.23,3591,74
2731.52,3907,80
2732.81,4083,83
2734.10,4297,88
2735.39,4562,93
2736.68,4716,97
2737.97,4979,102
2739.26,5206,107
2740.55,5490,112
2741.84,5681,116
2743.12,5887,121
2744.41,6132,126
2745.70,6382,131
2746.99,6599,135
2748.28,6822,139
2749.57,7043,145
2750.86,7270,148
2752.15,7459,153
2753.44,7688,158
2754.73,7899,162
2756.02,8110,166
2757.30,8296,170
2758.59,8515,174
2759.88,8687,178
2761.17,8835,181
2762.46,9020,184
2763.75,9183,189
2765.04,9330,191
2766.33,9477,194
2767.62,9621,198
2768.91,9769,200
2770.20,9879,202
2771.48,9986,205
2772.77,10103,207
2774.06,10210,209
2775.35,10300,211
2776.64,10385,212
2777.93,10466,215
2779.22,10508,216
2780.51,10568,217
2781.80,10607,218
2783.09,10632,218
2784.37,10673,218
2785.66,10657,218
2786.95,10652,218
2788.24,10654,219
2789.53,10611,218
2790.82,10576,217
2792.11,10527,216
2793.40,10450,214
2794.69,10375,213
2795.98,10308,211
2797.27,10203,209
2798.55,10119,208
2799.84,10019,206
2801.13,9907,203
2802.42,9760,200
2803.71,9599,197
2805.00,9495,195
2806.29,9324,191
2807.58,9161,188
2808.87,8993,184
2810.16,8798,180
2811.45,8626,176
2812.73,8417,172
2814.02,8255,169
2815.31,8052,164
2816.60,7810,160
2817.89,7576,155
2819.18,7377,151
2820.47,7169,147
2821.76,6895,141
2823.05,6666,136
2824.34,6418,131
2825.62,6194,127
2826.91,5953,122
2828.20,5676,116
2829.49,5456,112
2830.78,5226,107
2832.07,5005,102
2833.36,4717,97
2834.65,4507,92
2835.94,4269,88
2837.23,4007,82
2838.52,3820,78
2839.80,3593,74
2841.09,3362,69
2842.38,3185,64
2843.67,2979,61
2844.96,2772,57
2846.25,2530,52
2847.54,2382,49
2848.83,2172,44
2850.12,2025,41
2851.41,1851,38
2852.70,1655,34
2853.98,1501,31
2855.27,1334,28
2856.56,1199,24
2857.85,1059,22
2859.14,898,19
2860.43,779,16
2861.72,664,14
2863.01,578,12
2864.30,472,10
2865.59,394,8
2866.87,311,7
2868.16,245,5
2869.45,181,4
2870.74,141,3
2872.03,104,3
2873.32,72,3
2874.61,55,2
2875.90,49,2
2877.19,51,1
2878.48,63,2
2879.77,89,2
2881.05,121,3
2882.34,162,4
2883.63,229,5
2884.92,289,6
2886.21,368,8
2887.50,449,10
2888.79,535,11
2890.08,653,14
2891.37,762,16
2892.66,911,19
2893.95,1066,22
2895.23,1242,25
2896.52,1394,29
2897.81,1548,32
2899.10,1728,36
2900.39,1943,40
2901.68,2124,43
2902.97,2330,48
2904.26,2539,52
2905.55,2753,56
2906.84,2984,61
2908.12,3223,66
2909.41,3431,70
2910.70,3674,75
2911.99,3907,80
2913.28,4117,84
2914.57,4370,89
2915.86,4606,94
2917.15,4914,100
2918.44,5134,105
2919.73,5388,110
2921.02,5670,116
2922.30,5910,121
2923.59,6168,126
2924.88,6413,130
2926.17,6705,137
2927.46,6906,141
2928.75,7145,145
2930.04,7409,151
2931.33,7646,156
2932.62,7840,160
2933.91,8079,165
2935.20,8297,170
2936.48,8490,173
2937.77,8685,178
2939.06,8890,181
2940.35,9079,186
2941.64,9281,190
2942.93,9445,193
2944.22,9591,196
2945.51,9738,199
2946.80,9890,202
2948.09,10040,205
2949.37,10139,207
2950.66,10286,210
2951.95,10420,213
2953.24,10520,214
2954.53,10612,217
2955.82,10687,219
2957.11,10789,220
2958.40,10814,222
2959.69,10885,222
2960.98,10952,224
2962.27,10951,223
2963.55,10992,224
2964.84,11026,225
2966.13,11026,226
2967.42,11012,226
2968.71,10993,225
2970.00,10975,225
2971.29,10925,223
2972.58,10863,221
2973.87,10817,220
2975.16,10740,219
2976.45,10682,219
2977.73,10562,215
2979.02,10489,215
2980.31,10395,212
2981.60,10264,210
2982.89,10113,207
2984.18,10007,205
2985.47,9814,201
2986.76,9668,198
2988.05,9481,194
2989.34,9318,189
2990.62,9143,187
2991.91,8968,184
2993.20,8764,179
2994.49,8512,174
2995.78,8345,170
2997.07,8101,165
2998.36,7859,160
2999.65,7645,156
3000.94,7357,150
3002.23,7133,146
3003.52,6835,140
3004.80,6600,135
3006.09,6393,130
3007.38,6149,126
3008.67,5891,120
3009.96,5645,115
3011.25,5411,111
3012.54,5152,105
3013.83,4908,100
3015.12,4654,95
3016.41,4429,91
3017.70,4167,85
3018.98,3917,80
3020.27,3700,76
3021.56,3463,71
3022.85,3232,66
3024.14,3013,61
3025.43,2797,57
3026.72,2593,53
3028.01,2387,49
3029.30,2136,44
3030.59,1990,41
3031.87,1786,37
3033.16,1603,33
3034.45,1418,30
3035.74,1264,26
3037.03,1115,23
3038.32,961,20
3039.61,817,17
3040.90,705,15
3042.19,605,13
3043.48,496,10
3044.77,395,8
3046.05,325,7
3047.34,242,5
3048.63,188,4
3049.92,139,3
3051.21,104,3
3052.50,78,2
3053.79,57,2
3055.08,49,1
3056.37,52,2
3057.66,64,2
3058.95,90,2
3060.23,120,3
3061.52,165,4
3062.81,225,5
3064.10,285,6
3065.39,370,8
3066.68,444,9
3067.97,530,11
3069.26,632,13
3070.55,761,16
3071.84,892,18
3073.12,1013,21
3074.41,1150,24
3075.70,1316,27
3076.99,1443,30
3078.28,1624,33
3079.57,1766,37
3080.86,1976,41
3082.15,2170,45
3083.44,2309,48
3084.73,2496,51
3086.02,2689,55
3087.30,2919,60
3088.59,3111,64
3089.88,3327,68
3091.17,3557,73
3092.46,3789,77
3093.75,4059,83
3095.04,4281,87
3096.33,4513,92
3097.62,4721,97
3098.91,4958,101
3100.20,5203,106
3101.48,5478,111
3102.77,5743,118
3104.06,5974,122
3105.35,6232,127
3106.64,6528,133
3107.93,6716,138
3109.22,6965,143
3110.51,7196,147
3111.80,7429,152
3113.09,7623,155
3114.37,7864,161
3115.66,8082,165
3116.95,8337,170
3118.24,8480,173
3119.53,8666,177
3120.82,8876,181
3122.11,9068,185
3123.40,9195,189
3124.69,9347,191
3125.98,9491,194
3127.27,9646,198
3128.55,9798,200
3129.84,9914,203
3131.13,10040,205
3132.42,10149,208
3133.71,10247,210
3135.00,10339,211
3136.29,10417,213
3137.58,10489,215
3138.87,10534,216
3140.16,10591,216
3141.45,10617,217
3142.73,10650,218
3144.02,10657,218
3145.31,10652,218
3146.60,10664,219
3147.89,10659,218
3149.18,10615,217
3150.47,10576,217
3151.76,10521,216
3153.05,10452,214
3154.34,10383,212
3155.62,10309,211
3156.91,10222,210
3158.20,10121,207
3159.49,10052,205
3160.78,9933,203
3162.07,9797,200
3163.36,9655,198
3164.65,9464,194
3165.94,9333,191
3167.23,9212,189
3168.52,9047,185
3169.80,8899,182
3171.09,8698,178
3172.38,8542,175
3173.67,8319,170
3174.96,8115,166
3176.25,7918,162
3177.54,7702,158
3178.83,7516,154
3180.12,7272,148
3181.41,7040,144
3182.70,6853,140
3183.98,6649,136
3185.27,6383,130
3186.56,6150,126
3187.85,5941,121
3189.14,5679,116
3190.43,5463,112
3191.72,5269,108
3193.01,5062,103
3194.30,4766,97
3195.59,4575,94
3196.87,4367,89
3198.16,4065,83
3199.45,3820,78
3200.74,3640,74
3202.03,3437,70
3203.32,3199,66
3204.61,2983,61
3205.90,2788,57
3207.19,2586,53
3208.48,2373,49
3209.77,2152,44
3211.05,1958,40
3212.34,1734,36
3213.63,1587,32
3214.92,1410,29
3216.21,1247,26
3217.50,1101,22
3218.79,973,20
3220.08,814,17
3221.37,707,15
3222.66,598,13
3223.95,479,10
3225.23,377,8
3226.52,315,6
3227.81,247,5
3229.10,185,4
3230.39,130,3
3231.68,99,2
3232.97,70,2
3234.26,53,2
3235.55,49,2
3236.84,56,2
3238.12,72,2
3239.41,102,3
3240.70,144,4