
1.29,421,201
2.58,499,219
3.87,592,239
5.16,694,260
6.45,819,286
7.73,928,309
9.02,1098,343
10.31,1251,376
11.60,1412,408
12.89,1632,452
14.18,1831,497
15.47,2043,540
16.76,2290,592
18.05,2554,648
19.34,2793,698
20.62,2987,737
21.91,3269,795
23.20,3568,857
24.49,3765,897
25.78,4084,963
27.07,4412,1031
28.36,4686,1088
29.65,4965,1144
30.94,5267,1208
32.23,5575,1272
33.52,5899,1339
34.80,6193,1399
36.09,6562,1474
37.38,6855,1537
38.67,7235,1615
39.96,7516,1673
41.25,7834,1739
42.54,8124,1799
43.83,8454,1868
45.12,8785,1936
46.41,9028,1986
47.70,9320,2048
48.98,9637,2113
50.27,9881,2164
51.56,10169,2222
52.85,10477,2288
54.14,10725,2340
55.43,10927,2382
56.72,11167,2430
58.01,11432,2487
59.30,11727,2549
60.59,11922,2587
61.88,12173,2641
63.16,12375,2683
64.45,12577,2725
65.74,12793,2772
67.03,12953,2805
68.32,13105,2835
69.61,13287,2872
70.90,13449,2907
72.19,13607,2940
73.48,13706,2961
74.77,13811,2983
76.05,13916,3005
77.34,13937,3010
78.63,14070,3036
79.92,14204,3065
81.21,14236,3072
82.50,14239,3073
83.79,14260,3077
85.08,14266,3076
86.37,14222,3069
87.66,14188,3062
88.95,14155,3052
90.23,14080,3038
91.52,14033,3028
92.81,13971,3015
94.10,13877,2993
95.39,13806,2980
96.68,13662,2950
97.97,13538,2925
99.26,13393,2892
100.55,13233,2861
101.84,13044,2823
103.12,12922,2796
104.41,12678,2745
105.70,12410,2688
106.99,12201,2645
108.28,11957,2595
109.57,11689,2538
110.86,11412,2482
112.15,11159,2428
113.44,10939,2382
114.73,10752,2344
116.02,10336,2255
117.30,10046,2195
118.59,9710,2126
119.88,9451,2072
121.17,9164,2014
122.46,8828,1943
123.75,8542,1884
125.04,8238,1821
126.33,7920,1754
127.62,7593,1688
128.91,7285,1624
130.20,7009,1566
131.48,6682,1498
132.77,6374,1434
134.06,6048,1367
135.35,5732,1303
136.64,5423,1239
137.93,5120,1176
139.22,4823,1116
140.51,4521,1053
141.80,4241,995
143.09,3944,934
144.38,3638,872
145.66,3399,821
146.95,3160,772
148.24,2900,719
149.53,2638,665
150.82,2409,618
152.11,2189,573
153.40,1979,530
154.69,1810,494
155.98,1604,452
157.27,1428,416
158.55,1274,385
159.84,1127,354
161.13,997,327
162.42,867,301
163.71,756,279
165.00,664,260
166.29,556,237
167.58,487,223
168.87,424,210
170.16,378,201
171.45,337,192
172.73,308,186
174.02,295,183
175.31,295,184
176.60,309,187
177.89,339,193
179.18,377,200
180.47,438,212
181.76,499,225
183.05,584,242
184.34,659,257
185.63,758,277
186.91,867,300
188.20,992,326
189.49,1129,353
190.78,1292,386
192.07,1445,419
193.36,1611,452
194.65,1779,487
195.94,1964,526
197.23,2182,571
198.52,2376,611
199.80,2585,654
201.09,2799,697
202.38,3046,748
203.67,3282,796
204.96,3551,852
206.25,3822,907
207.54,4060,957
208.83,4341,1015
210.12,4626,1074
211.41,4962,1141
212.70,5239,1199
213.98,5561,1267
215.27,5886,1332
216.56,6171,1392
217.85,6463,1452
219.14,6794,1519
220.43,7076,1579
221.72,7363,1636
223.01,7667,1702
224.30,7984,1766
225.59,8264,1825
226.88,8542,1883
228.16,8828,1942
229.45,9142,2008
230.74,9424,2065
232.03,9628,2107
233.32,9933,2170
234.61,10191,2226
235.90,10425,2274
237.19,10668,2324
238.48,10883,2370
239.77,11093,2413
241.05,11332,2461
242.34,11531,2504
243.63,11736,2546
244.92,11939,2590
246.21,12104,2622
247.50,12260,2655
248.79,12433,2692
250.08,12597,2725
251.37,12712,2749
252.66,12806,2771
253.95,12906,2792
255.23,13001,2810
256.52,13070,2826
257.81,13139,2840
259.10,13196,2852
260.39,13229,2858
261.68,13275,2870
262.97,13265,2867
264.26,13274,2867
265.55,13273,2867
266.84,13273,2868
268.13,13207,2854
269.41,13186,2848
270.70,13119,2835
271.99,13047,2822
273.28,12935,2799
274.57,12841,2777
275.86,12764,2763
277.15,12655,2737
278.44,12540,2714
279.73,12388,2682
281.02,12223,2649
282.30,12055,2614
283.59,11881,2577
284.88,11680,2534
286.17,11509,2498
287.46,11307,2457
288.75,11092,2411
290.04,10852,2360
291.33,10652,2320
292.62,10420,2271
293.91,10204,2225
295.20,9950,2174
296.48,9658,2112
297.77,9432,2065
299.06,9174,2011
300.35,8937,1963
301.64,8668,1907
302.93,8349,1841
304.22,8081,1786
305.51,7823,1732
306.80,7517,1668
308.09,7213,1606
309.38,6960,1554
310.66,6644,1488
311.95,6346,1426
313.24,6096,1375
314.53,5776,1308
315.82,5519,1254
317.11,5195,1187
318.40,4905,1128
319.69,4606,1066
320.98,4291,1001
322.27,3973,936
323.55,3761,892
324.84,3513,841
326.13,3247,786
327.42,3010,736
328.71,2732,680
330.00,2497,631
331.29,2293,589
332.58,2084,546
333.87,1882,505
335.16,1691,466
336.45,1550,437
337.73,1332,392
339.02,1198,364
340.31,1049,333
341.60,925,309
342.89,799,282
344.18,679,258
345.47,571,236
346.76,501,221
348.05,429,207
349.34,373,194
350.63,332,187
351.91,300,180
353.20,286,177
354.49,284,176
355.78,295,180
357.07,321,185
358.36,366,193
359.65,412,203
360.94,486,217
362.23,554,232
363.52,644,250
364.80,736,269
366.09,868,296
367.38,975,318
368.67,1128,350
369.96,1251,375
371.25,1398,405
372.54,1556,438
373.83,1734,475
375.12,1915,511
376.41,2118,553
377.70,2297,589
378.98,2550,643
380.27,2725,677
381.56,2970,729
382.85,3233,782
384.14,3490,836
385.43,3646,867
386.72,3956,932
388.01,4230,989
389.30,4440,1033
390.59,4770,1101
391.88,5038,1155
393.16,5331,1216
394.45,5598,1271
395.74,5861,1325
397.03,6110,1378
398.32,6385,1434
399.61,6760,1512
400.90,7015,1564
402.19,7241,1610
403.48,7576,1679
404.77,7826,1733
406.05,8097,1788
407.34,8387,1848
408.63,8656,1903
409.92,8942,1963
411.21,9165,2008
412.50,9446,2066
413.79,9719,2122
415.08,9976,2176
416.37,10200,2225
417.66,10451,2275
418.95,10651,2317
420.23,10904,2371
421.52,11140,2420
422.81,11346,2462
424.10,11566,2509
425.39,11768,2550
426.68,11965,2591
427.97,12162,2631
429.26,12295,2658
430.55,12434,2687
431.84,12586,2720
433.13,12667,2736
434.41,12775,2759
435.70,12868,2777
436.99,12913,2787
438.28,12972,2800
439.57,13083,2824
440.86,13119,2831
442.15,13159,2838
443.44,13186,2843
444.73,13164,2840
446.02,13180,2842
447.30,13126,2832
448.59,13104,2826
449.88,13070,2819
451.17,13008,2806
452.46,12890,2782
453.75,12827,2768
455.04,12728,2747
456.33,12592,2719
457.62,12435,2687
458.91,12227,2644
460.20,12096,2616
461.48,11920,2581
462.77,11723,2539
464.06,11602,2514
465.35,11383,2468
466.64,11175,2423
467.93,10985,2384
469.22,10781,2342
470.51,10541,2292
471.80,10250,2231
473.09,10084,2197
474.38,9790,2136
475.66,9556,2087
476.95,9344,2045
478.24,9035,1980
479.53,8824,1936
480.82,8599,1889
482.11,8292,1825
483.40,7983,1761
484.69,7723,1708
485.98,7474,1657
487.27,7186,1598
488.55,6937,1545
489.84,6634,1482
491.13,6380,1430
492.42,6038,1359
493.71,5741,1298
495.00,5515,1252
496.29,5228,1192
497.58,4898,1125
498.87,4646,1072
500.16,4407,1023
501.45,4147,969
502.73,3913,922
504.02,3669,871
505.31,3392,815
506.60,3183,771
507.89,2906,714
509.18,2685,670
510.47,2504,632
511.76,2278,585
513.05,2090,547
514.34,1906,509
515.63,1721,470
516.91,1563,439
518.20,1380,401
519.49,1191,362
520.78,1080,339
522.07,955,314
523.36,800,282
524.65,711,264
525.94,622,246
527.23,530,226
528.52,446,209
529.80,385,195
531.09,336,186
532.38,308,180
533.67,288,177
534.96,281,174
536.25,289,176
537.54,306,180
538.83,340,187
540.12,393,197
541.41,448,209
542.70,537,227
543.98,614,242
545.27,717,264
546.56,807,282
547.85,927,307
549.14,1070,336
550.43,1200,363
551.72,1379,400
553.01,1523,429
554.30,1752,476
555.59,1934,513
556.88,2120,552
558.16,2344,596
559.45,2558,641
560.74,2751,681
562.03,2989,729
563.32,3249,784
564.61,3530,841
565.90,3799,897
567.19,4027,943
568.48,4328,1006
569.77,4603,1062
571.05,4864,1117
572.34,5162,1178
573.63,5395,1228
574.92,5729,1296
576.21,5935,1338
577.50,6235,1399
578.79,6503,1456
580.08,6774,1511
581.37,7058,1570
582.66,7311,1623
583.95,7593,1682
585.23,7854,1737
586.52,8112,1789
587.81,8335,1835
589.10,8672,1906
590.39,8888,1951
591.68,9153,2005
592.97,9330,2043
594.26,9590,2097
595.55,9864,2153
596.84,10049,2193
598.13,10267,2237
599.41,10483,2283
600.70,10690,2324
601.99,10891,2367
603.28,11089,2410
604.57,11273,2447
605.86,11445,2483
607.15,11637,2521
608.44,11743,2545
609.73,11869,2571
611.02,12015,2601
612.30,12134,2628
613.59,12251,2651
614.88,12347,2673
616.17,12414,2686
617.46,12484,2700
618.75,12537,2710
620.04,12610,2727
621.33,12641,2732
622.62,12688,2741
623.91,12664,2738
625.20,12684,2740
626.48,12681,2741
627.77,12678,2740
629.06,12619,2728
630.35,12599,2722
631.64,12534,2709
632.93,12460,2693
634.22,12355,2672
635.51,12252,2651
636.80,12133,2623
638.09,12022,2602
639.38,11880,2573
640.66,11738,2543
641.95,11521,2499
643.24,11354,2462
644.53,11217,2434
645.82,10999,2387
647.11,10775,2342
648.40,10598,2303
649.69,10380,2259
650.98,10169,2215
652.27,9934,2166
653.55,9707,2118
654.84,9489,2073
656.13,9236,2020
657.42,8983,1968
658.71,8729,1915
660.00,8456,1859
661.29,8175,1802
662.58,7860,1736
663.87,7658,1695
665.16,7387,1637
666.45,7052,1568
667.73,6765,1509
669.02,6458,1444
670.31,6214,1395
671.60,5931,1337
672.89,5604,1269
674.18,5367,1220
675.47,5064,1157
676.76,4786,1099
678.05,4504,1041
679.34,4261,991
680.63,4047,946
681.91,3783,892
683.20,3492,832
684.49,3289,792
685.78,3049,742
687.07,2833,697
688.36,2655,661
689.65,2449,618
690.94,2186,564
692.23,2030,531
693.52,1826,490
694.80,1664,457
696.09,1510,425
697.38,1352,393
698.67,1195,359
699.96,1038,329
701.25,943,308
702.54,830,285
703.83,711,261
705.12,608,240
706.41,534,224
707.70,458,209
708.98,388,195
710.27,351,187
711.56,317,180
712.85,290,174
714.14,278,172
715.43,278,172
716.72,287,174
718.01,311,178
719.30,344,186
720.59,392,195
721.88,457,208
723.16,517,220
724.45,610,240
725.74,690,257
727.03,787,276
728.32,897,299
729.61,1030,327
730.90,1193,359
732.19,1327,387
733.48,1481,419
734.77,1677,459
736.05,1854,496
737.34,2028,532
738.63,2240,574
739.92,2486,625
741.21,2674,664
742.50,2958,723
743.79,3205,774
745.08,3447,824
746.37,3715,879
747.66,3985,935
748.95,4260,991
750.23,4503,1041
751.52,4787,1099
752.81,5102,1165
754.10,5367,1220
755.39,5637,1276
756.68,5951,1340
757.97,6212,1395
759.26,6516,1457
760.55,6820,1521
761.84,7095,1578
763.13,7336,1628
764.41,7636,1690
765.70,7956,1756
766.99,8232,1812
768.28,8512,1873
769.57,8770,1925
770.86,9047,1983
772.15,9337,2042
773.44,9568,2090
774.73,9833,2147
776.02,10075,2196
777.30,10308,2244
778.59,10549,2294
779.88,10752,2336
781.17,10945,2376
782.46,11173,2424
783.75,11379,2466
785.04,11513,2495
786.33,11717,2538
787.62,11854,2566
788.91,12000,2598
790.20,12125,2623
791.48,12277,2654
792.77,12366,2671
794.06,12452,2692
795.35,12563,2715
796.64,12589,2721
797.93,12677,2738
799.22,12783,2759
800.51,12742,2753
801.80,12803,2763
803.09,12869,2776
804.38,12856,2775
805.66,12844,2772
806.95,12842,2773
808.24,12818,2767
809.53,12752,2752
810.82,12732,2749
812.11,12655,2733
813.40,12552,2711
814.69,12498,2701
815.98,12389,2677
817.27,12267,2652
818.55,12142,2625
819.84,12009,2599
821.13,11862,2568
822.42,11700,2532
823.71,11494,2491
825.00,11337,2457
826.29,11173,2425
827.58,10957,2380
828.87,10757,2338
830.16,10595,2304
831.45,10382,2259
832.73,10088,2198
834.02,9879,2154
835.31,9666,2111
836.60,9400,2055
837.89,9191,2012
839.18,8892,1951
840.47,8654,1900
841.76,8398,1847
843.05,8087,1782
844.34,7812,1725
845.63,7492,1659
846.91,7255,1610
848.20,6908,1540
849.49,6596,1473
850.78,6356,1424
852.07,6053,1363
853.36,5744,1298
854.65,5424,1231
855.94,5198,1184
857.23,4885,1120
858.52,4612,1063
859.80,4352,1010
861.09,4065,951
862.38,3820,902
863.67,3556,846
864.96,3358,806
866.25,3104,753
867.54,2872,706
868.83,2658,661
870.12,2426,613
871.41,2194,566
872.70,2001,527
873.98,1811,488
875.27,1640,453
876.56,1457,415
877.85,1294,381
879.14,1122,345
880.43,1003,322
881.72,851,290
883.01,748,270
884.30,630,245
885.59,552,229
886.88,469,212
888.16,412,200
889.45,359,189
890.74,324,182
892.03,293,175
893.32,280,173
894.61,279,173
895.90,288,175
897.19,312,180
898.48,346,186
899.77,390,195
901.05,453,209
902.34,521,222
903.63,595,237
904.92,703,260
906.21,787,278
907.50,899,298
908.79,1014,323
910.08,1171,355
911.37,1338,389
912.66,1433,408
913.95,1627,448
915.23,1800,484
916.52,1999,526
917.81,2160,559
919.10,2377,604
920.39,2616,651
921.68,2806,691
922.97,3003,732
924.26,3249,784
925.55,3487,833
926.84,3694,873
928.13,3942,925
929.41,4209,981
930.70,4466,1034
931.99,4757,1095
933.28,4995,1143
934.57,5247,1195
935.86,5556,1259
937.15,5782,1306
938.44,6073,1366
939.73,6278,1409
941.02,6582,1471
942.30,6899,1538
943.59,7138,1586
944.88,7393,1640
946.17,7708,1704
947.46,7969,1759
948.75,8227,1811
950.04,8483,1864
951.33,8774,1926
952.62,9012,1975
953.91,9256,2026
955.20,9528,2082
956.48,9760,2130
957.77,9960,2173
959.06,10178,2215
960.35,10400,2261
961.64,10607,2305
962.93,10799,2345
964.22,10996,2386
965.51,11140,2416
966.80,11314,2453
968.09,11453,2481
969.38,11594,2512
970.66,11709,2535
971.95,11835,2563
973.24,11965,2588
974.53,12023,2601
975.82,12131,2622
977.11,12200,2636
978.40,12273,2653
979.69,12300,2657
980.98,12358,2672
982.27,12373,2674
983.55,12375,2674
984.84,12381,2675
986.13,12404,2679
987.42,12359,2672
988.71,12322,2663
990.00,12270,2652
991.29,12221,2642
992.58,12147,2628
993.87,12049,2607
995.16,11968,2589
996.45,11877,2571
997.73,11766,2548
999.02,11645,2521
1000.31,11464,2485
1001.60,11320,2456
1002.89,11115,2414
1004.18,10965,2381
1005.47,10832,2354
1006.76,10647,2314
1008.05,10449,2275
1009.34,10227,2226
1010.63,10049,2191
1011.91,9791,2135
1013.20,9604,2097
1014.49,9393,2054
1015.78,9119,1997
1017.07,8915,1955
1018.36,8663,1901
1019.65,8437,1856
1020.94,8174,1800
1022.23,7904,1744
1023.52,7634,1689
1024.80,7356,1631
1026.09,7121,1581
1027.38,6813,1517
1028.67,6586,1471
1029.96,6306,1413
1031.25,6080,1367
1032.54,5799,1307
1033.83,5527,1251
1035.12,5281,1200
1036.41,4977,1137
1037.70,4697,1080
1038.98,4490,1037
1040.27,4222,982
1041.56,3995,935
1042.85,3751,885
1044.14,3526,838
1045.43,3320,795
1046.72,3060,742
1048.01,2802,689
1049.30,2613,650
1050.59,2420,610
1051.88,2209,566
1053.16,1999,523
1054.45,1769,476
1055.74,1629,448
1057.03,1475,416
1058.32,1294,378
1059.61,1133,346
1060.90,982,314
1062.19,866,290
1063.48,756,269
1064.77,627,241
1066.05,543,223
1067.34,466,208
1068.63,407,196
1069.92,355,186
1071.21,314,178
1072.50,289,172
1073.79,275,170
1075.08,274,170
1076.37,284,171
1077.66,306,176
1078.95,346,184
1080.23,405,196
switching colors
1081.52,455,26
1082.81,593,33
1084.10,777,43
1085.39,977,54
1086.68,1200,66
1087.97,1397,76
1089.26,1678,92
1090.55,1991,109
1091.84,2266,124
1093.13,2658,145
1094.41,2976,162
1095.70,3367,184
1096.99,3718,203
1098.28,4214,229
1099.57,4550,249
1100.86,4946,269
1102.15,5401,295
1103.44,5858,320
1104.73,6305,344
1106.02,6763,369
1107.30,7295,399
1108.59,7724,421
1109.88,8148,445
1111.17,8682,474
1112.46,9167,502
1113.75,9635,527
1115.04,10117,555
1116.33,10687,586
1117.62,11174,613
1118.91,11731,643
1120.20,12255,671
1121.48,12816,704
1122.77,13252,727
1124.06,13749,755
1125.35,14280,784
1126.64,14882,817
1127.93,15331,842
1129.22,15872,872
1130.51,16361,900
1131.80,16843,927
1133.09,17288,952
1134.38,17732,977
1135.66,18189,1001
1136.95,18579,1023
1138.24,18950,1045
1139.53,19414,1071
1140.82,19810,1092
1142.11,20219,1115
1143.40,20572,1136
1144.69,20924,1154
1145.98,21205,1170
1147.27,21506,1188
1148.55,21769,1202
1149.84,22072,1220
1151.13,22366,1235
1152.42,22664,1252
1153.71,22823,1261
1155.00,23055,1274
1156.29,23261,1284
1157.58,23330,1289
1158.87,23489,1297
1160.16,23724,1310
1161.45,23619,1305
1162.73,23766,1312
1164.02,23849,1316
1165.31,23812,1314
1166.60,23756,1311
1167.89,23555,1301
1169.18,23749,1310
1170.47,23532,1299
1171.76,23428,1292
1173.05,23316,1285
1174.34,23162,1277
1175.63,22963,1266
1176.91,22766,1254
1178.20,22407,1234
1179.49,22189,1222
1180.78,21938,1208
1182.07,21586,1189
1183.36,21155,1165
1184.65,20916,1152
1185.94,20594,1133
1187.23,20146,1108
1188.52,19684,1083
1189.80,19285,1060
1191.09,18847,1037
1192.38,18409,1011
1193.67,17919,985
1194.96,17433,957
1196.25,16947,930
1197.54,16354,898
1198.83,15939,874
1200.12,15495,850
1201.41,14898,816
1202.70,14395,789
1203.98,13934,765
1205.27,13448,737
1206.56,12924,708
1207.85,12469,681
1209.14,11833,648
1210.43,11338,620
1211.72,10800,590
1213.01,10264,562
1214.30,9771,533
1215.59,9256,506
1216.88,8881,485
1218.16,8299,454
1219.45,7822,427
1220.74,7385,404
1222.03,6946,379
1223.32,6315,345
1224.61,5928,323
1225.90,5513,301
1227.19,5155,281
1228.48,4677,254
1229.77,4315,235
1231.05,3835,208
1232.34,3491,191
1233.63,3172,172
1234.92,2763,150
1236.21,2485,136
1237.50,2180,119
1238.79,1902,104
1240.08,1612,88
1241.37,1374,75
1242.66,1156,63
1243.95,976,54
1245.23,777,43
1246.52,622,35
1247.81,470,27
1249.10,363,20
1250.39,271,16
1251.68,200,12
1252.97,144,9
1254.26,113,7
1255.55,103,7
1256.84,116,7
1258.13,152,9
1259.41,224,13
1260.70,312,17
1261.99,422,24
1263.28,569,32
1264.57,707,39
1265.86,906,50
1267.15,1107,61
1268.44,1326,73
1269.73,1553,85
1271.02,1877,103
1272.30,2153,118
1273.59,2440,133
1274.88,2767,151
1276.17,3175,173
1277.46,3544,194
1278.75,3925,214
1280.04,4309,236
1281.33,4798,263
1282.62,5257,287
1283.91,5688,311
1285.20,6130,335
1286.48,6553,358
1287.77,7080,388
1289.06,7515,411
1290.35,8028,439
1291.64,8526,467
1292.93,9121,498
1294.22,9604,526
1295.51,10093,553
1296.80,10667,585
1298.09,11120,610
1299.38,11663,640
1300.66,12233,671
1301.95,12773,701
1303.24,13317,731
1304.53,13827,759
1305.82,14367,790
1307.11,14909,820
1308.40,15402,847
1309.69,15868,873
1310.98,16347,901
1312.27,16828,927
1313.55,17236,950
1314.84,17708,977
1316.13,18131,1001
1317.42,18527,1023
1318.71,18942,1046
1320.00,19314,1066
1321.29,19681,1088
1322.58,20043,1107
1323.87,20478,1133
1325.16,20730,1147
1326.45,21043,1163
1327.73,21326,1180
1329.02,21539,1191
1330.31,21847,1209
1331.60,22072,1222
1332.89,22347,1237
1334.18,22474,1245
1335.47,22647,1253
1336.76,22772,1262
1338.05,22888,1267
1339.34,23081,1278
1340.63,23130,1281
1341.91,23226,1286
1343.20,23165,1283
1344.49,23231,1287
1345.78,23205,1285
1347.07,23254,1286
1348.36,23179,1283
1349.65,23132,1280
1350.94,23034,1273
1352.23,22922,1268
1353.52,22746,1258
1354.80,22587,1249
1356.09,22514,1244
1357.38,22285,1232
1358.67,22068,1219
1359.96,21821,1205
1361.25,21570,1191
1362.54,21308,1176
1363.83,20932,1156
1365.12,20684,1142
1366.41,20296,1120
1367.70,19972,1102
1368.98,19556,1078
1370.27,19183,1057
1371.56,18760,1034
1372.85,18273,1007
1374.14,17859,983
1375.43,17394,958
1376.72,16896,929
1378.01,16321,898
1379.30,15806,869
1380.59,15396,845
1381.88,14873,816
1383.16,14366,789
1384.45,13842,759
1385.74,13217,725
1387.03,12699,696
1388.32,12256,672
1389.61,11671,639
1390.90,11030,604
1392.19,10643,583
1393.48,10082,551
1394.77,9542,522
1396.05,9026,494
1397.34,8590,469
1398.63,8066,441
1399.92,7387,402
1401.21,7050,385
1402.50,6551,358
1403.79,6114,332
1405.08,5597,305
1406.37,5191,283
1407.66,4761,260
1408.95,4319,236
1410.23,3851,210
1411.52,3505,191
1412.81,3131,171
1414.10,2809,154
1415.39,2502,136
1416.68,2218,121
1417.97,1863,102
1419.26,1641,90
1420.55,1364,75
1421.84,1151,63
1423.13,962,53
1424.41,756,41
1425.70,581,32
1426.99,465,26
1428.28,364,21
1429.57,272,16
1430.86,191,11
1432.15,137,8
1433.44,108,7
1434.73,104,6
1436.02,120,8
1437.30,157,9
1438.59,213,12
1439.88,296,17
1441.17,393,22
1442.46,545,30
1443.75,685,38
1445.04,834,46
1446.33,1055,58
1447.62,1255,69
1448.91,1493,81
1450.20,1748,95
1451.48,2068,113
1452.77,2326,126
1454.06,2687,146
1455.35,2941,161
1456.64,3317,181
1457.93,3657,199
1459.22,4014,219
1460.51,4420,241
1461.80,4812,262
1463.09,5234,285
1464.38,5642,307
1465.66,6100,334
1466.95,6584,359
1468.24,7021,383
1469.53,7529,412
1470.82,7996,437
1472.11,8623,472
1473.40,9127,500
1474.69,9504,521
1475.98,10034,550
1477.27,10616,582
1478.55,11231,615
1479.84,11791,646
1481.13,12306,674
1482.42,12953,710
1483.71,13427,736
1485.00,13972,766
1486.29,14477,795
1487.58,15037,825
1488.87,15539,853
1490.16,15996,879
1491.45,16488,907
1492.73,17016,936
1494.02,17475,962
1495.31,17946,987
1496.60,18371,1011
1497.89,18774,1034
1499.18,19222,1059
1500.47,19617,1082
1501.76,19997,1103
1503.05,20443,1127
1504.34,20751,1143
1505.63,21073,1162
1506.91,21405,1181
1508.20,21769,1201
1509.49,22028,1214
1510.78,22277,1228
1512.07,22446,1238
1513.36,22726,1254
1514.65,22909,1264
1515.94,23003,1271
1517.23,23193,1281
1518.52,23442,1292
1519.80,23384,1292
1521.09,23435,1294
1522.38,23626,1302
1523.67,23575,1301
1524.96,23643,1304
1526.25,23635,1304
1527.54,23581,1302
1528.83,23526,1297
1530.12,23420,1292
1531.41,23277,1285
1532.70,23106,1275
1533.98,22969,1268
1535.27,22822,1258
1536.56,22568,1245
1537.85,22364,1232
1539.14,22073,1218
1540.43,21849,1204
1541.72,21536,1187
1543.01,21202,1167
1544.30,20868,1150
1545.59,20581,1133
1546.88,20205,1112
1548.16,19699,1085
1549.45,19367,1066
1550.74,19056,1048
1552.03,18533,1019
1553.32,18101,995
1554.61,17700,972
1555.90,17231,946
1557.19,16825,922
1558.48,16296,894
1559.77,15813,867
1561.05,15421,845
1562.34,14864,814
1563.63,14361,786
1564.92,13825,757
1566.21,13406,734
1567.50,12906,707
1568.79,12466,682
1570.08,11822,647
1571.37,11416,625
1572.66,10868,594
1573.95,10360,566
1575.23,9745,532
1576.52,9190,502
1577.81,8825,482
1579.10,8295,453
1580.39,7785,425
1581.68,7319,400
1582.97,6824,372
1584.26,6295,343
1585.55,5820,318
1586.84,5422,296
1588.13,4919,268
1589.41,4503,245
1590.70,4057,222
1591.99,3693,202
1593.28,3311,180
1594.57,2966,161
1595.86,2584,142
1597.15,2273,124
1598.44,1972,108
1599.73,1686,92
1601.02,1398,77
1602.30,1171,65
1603.59,992,54
1604.88,789,43
1606.17,629,35
1607.46,494,28
1608.75,342,19
1610.04,261,15
1611.33,184,11
1612.62,134,8
1613.91,106,7
1615.20,104,7
1616.48,129,8
1617.77,186,10
1619.06,254,14
1620.35,356,20
1621.64,491,28
1622.93,633,35
1624.22,789,44
1625.51,985,54
1626.80,1242,68
1628.09,1460,79
1629.38,1680,92
1630.66,2006,109
1631.95,2261,123
1633.24,2569,139
1634.53,2884,157
1635.82,3261,178
1637.11,3614,197
1638.40,3967,216
1639.69,4400,240
1640.98,4717,257
1642.27,5152,282
1643.55,5528,302
1644.84,5947,325
1646.13,6460,353
1647.42,6868,375
1648.71,7413,405
1650.00,7863,430
1651.29,8325,455
1652.58,8795,481
1653.87,9316,511
1655.16,9821,539
1656.45,10299,565
1657.73,10912,598
1659.02,11339,622
1660.31,11830,650
1661.60,12341,677
1662.89,12862,707
1664.18,13343,734
1665.47,13856,762
1666.76,14280,785
1668.05,14821,815
1669.34,15248,839
1670.63,15760,868
1671.91,16211,893
1673.20,16628,917
1674.49,17069,940
1675.78,17493,964
1677.07,17895,987
1678.36,18288,1010
1679.65,18684,1030
1680.94,19072,1052
1682.23,19472,1075
1683.52,19807,1094
1684.80,20232,1118
1686.09,20526,1135
1687.38,20822,1150
1688.67,21089,1166
1689.96,21340,1181
1691.25,21596,1195
1692.54,21794,1205
1693.83,22018,1218
1695.12,22151,1225
1696.41,22308,1234
1697.70,22445,1242
1698.98,22575,1249
1700.27,22625,1252
1701.56,22717,1257
1702.85,22754,1260
1704.14,22774,1259
1705.43,22810,1262
1706.72,22725,1256
1708.01,22706,1256
1709.30,22643,1252
1710.59,22582,1247
1711.88,22516,1244
1713.16,22385,1237
1714.45,22236,1229
1715.74,22064,1218
1717.03,21952,1212
1718.32,21744,1202
1719.61,21455,1185
1720.90,21201,1170
1722.19,20931,1155
1723.48,20455,1130
1724.77,20112,1110
1726.05,19768,1090
1727.34,19453,1073
1728.63,19070,1051
1729.92,18648,1027
1731.21,18262,1006
1732.50,17949,988
1733.79,17514,963
1735.08,16862,927
1736.37,16523,908
1737.66,16151,887
1738.95,15601,858
1740.23,15183,834
1741.52,14556,799
1742.81,14162,776
1744.10,13696,751
1745.39,13255,728
1746.68,12670,695
1747.97,12204,668
1749.26,11731,642
1750.55,11180,611
1751.84,10640,583
1753.13,10222,559
1754.41,9728,531
1755.70,9218,504
1756.99,8759,478
1758.28,8300,453
1759.57,7745,423
1760.86,7226,395
1762.15,6841,373
1763.44,6329,345
1764.73,5889,322
1766.02,5375,293
1767.30,5006,272
1768.59,4671,255
1769.88,4253,231
1771.17,3875,211
1772.46,3519,192
1773.75,3087,168
1775.04,2773,151
1776.33,2447,134
1777.62,2239,122
1778.91,1887,102
1780.20,1665,91
1781.48,1381,76
1782.77,1189,65
1784.06,1011,56
1785.35,808,44
1786.64,621,35
1787.93,494,28
1789.22,368,21
1790.51,276,16
1791.80,189,12
1793.09,142,9
1794.38,109,7
1795.66,103,7
1796.95,123,7
1798.24,172,10
1799.53,248,14
1800.82,340,19
1802.11,462,26
1803.40,621,34
1804.69,794,44
1805.98,952,52
1807.27,1184,65
1808.55,1397,77
1809.84,1684,92
1811.13,1966,108
1812.42,2303,125
1813.71,2612,142
1815.00,2898,158
1816.29,3314,180
1817.58,3666,200
1818.87,4102,223
1820.16,4448,242
1821.45,4930,269
1822.73,5397,294
1824.02,5799,316
1825.31,6266,342
1826.60,6793,370
1827.89,7291,398
1829.18,7784,426
1830.47,8327,455
1831.76,8819,482
1833.05,9403,514
1834.34,9876,540
1835.63,10382,568
1836.91,10956,600
1838.20,11555,633
1839.49,12047,660
1840.78,12532,687
1842.07,13023,714
1843.36,13523,743
1844.65,14120,775
1845.94,14526,798
1847.23,15122,831
1848.52,15513,853
1849.80,16023,880
1851.09,16434,904
1852.38,16914,930
1853.67,17403,957
1854.96,17781,979
1856.25,18227,1003
1857.54,18605,1025
1858.83,19013,1048
1860.12,19401,1069
1861.41,19741,1089
1862.70,20099,1110
1863.98,20485,1131
1865.27,20827,1149
1866.56,21100,1164
1867.85,21381,1180
1869.14,21676,1197
1870.43,22001,1214
1871.72,22286,1229
1873.01,22423,1238
1874.30,22670,1251
1875.59,22785,1258
1876.88,22906,1265
1878.16,23052,1273
1879.45,23212,1281
1880.74,23254,1284
1882.03,23344,1289
1883.32,23463,1294
1884.61,23463,1295
1885.90,23469,1295
1887.19,23400,1292
1888.48,23338,1288
1889.77,23374,1289
1891.05,23266,1281
1892.34,23126,1276
1893.63,22903,1263
1894.92,22790,1256
1896.21,22624,1247
1897.50,22371,1233
1898.79,22188,1223
1900.08,21848,1204
1901.37,21627,1193
1902.66,21304,1173
1903.95,20875,1150
1905.23,20476,1128
1906.52,20138,1108
1907.81,19779,1088
1909.10,19326,1062
1910.39,18902,1038
1911.68,18454,1015
1912.97,18073,993
1914.26,17576,966
1915.55,17117,939
1916.84,16638,913
1918.13,16062,882
1919.41,15667,859
1920.70,15132,829
1921.99,14502,795
1923.28,14118,774
1924.57,13637,747
1925.86,13065,716
1927.15,12566,688
1928.44,12062,659
1929.73,11588,634
1931.02,11068,605
1932.30,10558,576
1933.59,9966,545
1934.88,9443,516
1936.17,8885,485
1937.46,8468,463
1938.75,7829,428
1940.04,7365,402
1941.33,6917,378
1942.62,6416,349
1943.91,5912,323
1945.20,5503,299
1946.48,5110,279
1947.77,4630,253
1949.06,4279,233
1950.35,3853,210
1951.64,3496,191
1952.93,3156,172
1954.22,2777,152
1955.51,2527,138
1956.80,2224,122
1958.09,1903,103
1959.38,1667,92
1960.66,1438,79
1961.95,1124,62
1963.24,958,52
1964.53,818,45
1965.82,643,36
1967.11,470,26
1968.40,373,21
1969.69,287,16
1970.98,202,12
1972.27,148,9
1973.55,114,7
1974.84,102,6
1976.13,117,7
1977.42,148,9
1978.71,202,11
1980.00,290,16
1981.29,377,21
1982.58,503,28
1983.87,635,35
1985.16,793,44
1986.45,998,55
1987.73,1231,67
1989.02,1407,78
1990.31,1630,89
1991.60,1914,105
1992.89,2161,118
1994.18,2456,134
1995.47,2751,150
1996.76,3123,171
1998.05,3560,194
1999.34,3877,211
2000.63,4243,231
2001.91,4658,254
2003.20,5052,276
2004.49,5523,301
2005.78,5978,327
2007.07,6443,352
2008.36,6938,380
2009.65,7459,409
2010.94,8007,438
2012.23,8481,465
2013.52,9043,495
2014.80,9506,522
2016.09,10028,550
2017.38,10502,576
2018.67,11072,608
2019.96,11580,635
2021.25,12094,664
2022.54,12608,692
2023.83,13142,723
2025.12,13624,749
2026.41,14074,773
2027.70,14585,802
2028.98,15064,830
2030.27,15506,853
2031.56,15982,881
2032.85,16481,908
2034.14,16958,935
2035.43,17382,957
2036.72,17814,983
2038.01,18221,1005
2039.30,18724,1033
2040.59,19049,1052
2041.88,19408,1072
2043.16,19800,1094
2044.45,20212,1116
2045.74,20477,1132
2047.03,20794,1150
2048.32,21067,1167
2049.61,21341,1181
2050.90,21617,1196
2052.19,21795,1207
2053.48,22053,1220
2054.77,22284,1234
2056.05,22419,1241
2057.34,22547,1248
2058.63,22685,1256
2059.92,22764,1260
2061.21,22778,1261
2062.50,22848,1266
2063.79,22844,1265
2065.08,22845,1265
2066.37,22907,1267
2067.66,22830,1264
2068.95,22776,1260
2070.23,22664,1255
2071.52,22578,1249
2072.81,22372,1238
2074.10,22234,1230
2075.39,22134,1224
2076.68,21912,1212
2077.97,21764,1203
2079.26,21530,1190
2080.55,21219,1172
2081.84,20962,1158
2083.12,20652,1140
2084.41,20405,1126
2085.70,20022,1105
2086.99,19680,1085
2088.28,19326,1066
2089.57,18998,1048
2090.86,18508,1019
2092.15,18139,999
2093.44,17837,982
2094.73,17396,958
2096.02,16945,933
2097.30,16468,908
2098.59,16093,884
2099.88,15586,858
2101.17,15146,833
2102.46,14615,803
2103.75,14123,776
2105.04,13673,750
2106.33,13177,723
2107.62,12636,694
2108.91,12130,666
2110.20,11628,638
2111.48,11124,609
2112.77,10489,573
2114.06,9980,547
2115.35,9449,517
2116.64,8819,483
2117.93,8389,458
2119.22,7851,429
2120.51,7353,403
2121.80,6807,372
2123.09,6463,353
2124.37,5979,327
2125.66,5458,297
2126.95,5036,275
2128.24,4633,253
2129.53,4189,229
2130.82,3811,208
2132.11,3431,187
2133.40,3062,167
2134.69,2742,149
2135.98,2455,135
2137.27,2142,118
2138.55,1808,99
2139.84,1550,85
2141.13,1330,73
2142.42,1071,59
2143.71,848,47
2145.00,699,39
2146.29,540,30
2147.58,397,22
2148.87,290,17
2150.16,206,12
2151.45,148,9
2152.73,113,7
2154.02,101,6
2155.31,111,7
2156.60,151,9
2157.89,202,12
2159.18,291,17
2160.47,384,22
switching colors
2161.76,242,5
2163.05,316,7
2164.34,393,8
2165.62,493,11
2166.91,563,11
2168.20,693,15
2169.49,799,17
2170.78,920,19
2172.07,1049,22
2173.36,1226,25
2174.65,1357,27
2175.94,1525,31
2177.23,1667,35
2178.52,1854,38
2179.80,2060,42
2181.09,2213,46
2182.38,2454,50
2183.67,2659,55
2184.96,2865,59
2186.25,3112,64
2187.54,3322,68
2188.83,3521,72
2190.12,3754,77
2191.41,4027,82
2192.70,4219,87
2193.98,4459,91
2195.27,4698,96
2196.56,4910,100
2197.85,5176,106
2199.14,5429,111
2200.43,5666,116
2201.72,5881,121
2203.01,6150,125
2204.30,6415,132
2205.59,6628,136
2206.87,6923,142
2208.16,7138,146
2209.45,7382,152
2210.74,7587,155
2212.03,7823,160
2213.32,8037,165
2214.61,8319,170
2215.90,8527,175
2217.19,8714,178
2218.48,8948,183
2219.77,9175,188
2221.05,9374,192
2222.34,9540,196
2223.63,9737,199
2224.92,9912,203
2226.21,10079,207
2227.50,10213,209
2228.79,10350,212
2230.08,10494,215
2231.37,10623,217
2232.66,10711,219
2233.95,10829,221
2235.23,10915,224
2236.52,10962,225
2237.81,11027,225
2239.10,11130,227
2240.39,11117,227
2241.68,11148,229
2242.97,11228,229
2244.26,11221,229
2245.55,11220,229
2246.84,11177,229
2248.12,11200,230
2249.41,11154,228
2250.70,11068,227
2251.99,10996,225
2253.28,10965,224
2254.57,10873,223
2255.86,10758,221
2257.15,10681,219
2258.44,10515,215
2259.73,10413,213
2261.02,10258,210
2262.30,10106,207
2263.59,9966,204
2264.88,9797,200
2266.17,9624,197
2267.46,9408,192
2268.75,9276,190
2270.04,9081,186
2271.33,8849,181
2272.62,8650,177
2273.91,8478,174
2275.20,8283,170
2276.48,8041,165
2277.77,7840,160
2279.06,7586,155
2280.35,7371,150
2281.64,7115,145
2282.93,6885,141
2284.22,6695,137
2285.51,6436,132
2286.80,6194,127
2288.09,5966,122
2289.37,5689,116
2290.66,5471,112
2291.95,5163,105
2293.24,4931,101
2294.53,4728,96
2295.82,4468,91
2297.11,4232,86
2298.40,3995,82
2299.69,3765,76
2300.98,3546,73
2302.27,3296,67
2303.55,3099,64
2304.84,2861,59
2306.13,2649,54
2307.42,2488,51
2308.71,2266,47
2310.00,2101,43
2311.29,1889,39
2312.58,1737,35
2313.87,1545,32
2315.16,1388,29
2316.45,1231,26
2317.73,1085,22
2319.02,946,20
2320.31,795,17
2321.60,682,14
2322.89,545,12
2324.18,469,10
2325.47,365,8
2326.76,289,6
2328.05,217,5
2329.34,160,4
2330.62,118,3
2331.91,83,2
2333.20,60,2
2334.49,48,1
2335.78,50,2
2337.07,62,2
2338.36,89,2
2339.65,129,3
2340.94,174,4
2342.23,236,5
2343.52,305,7
2344.80,391,8
2346.09,470,10
2347.38,563,12
2348.67,672,14
2349.96,823,17
2351.25,953,20
2352.54,1088,23
2353.83,1249,26
2355.12,1410,30
2356.41,1583,32
2357.70,1769,36
2358.98,1973,40
2360.27,2168,45
2361.56,2349,48
2362.85,2570,53
2364.14,2775,57
2365.43,2995,61
2366.72,3232,66
2368.01,3445,70
2369.30,3675,75
2370.59,3940,81
2371.87,4213,86
2373.16,4419,90
2374.45,4687,96
2375.74,4887,100
2377.03,5105,104
2378.32,5316,108
2379.61,5573,114
2380.90,5815,119
2382.19,6055,123
2383.48,6265,128
2384.77,6562,134
2386.05,6765,139
2387.34,6960,143
2388.63,7189,147
2389.92,7416,151
2391.21,7654,157
2392.50,7811,160
2393.79,8047,165
2395.08,8246,169
2396.37,8451,173
2397.66,8674,178
2398.95,8846,181
2400.23,9021,185
2401.52,9187,188
2402.81,9353,192
2404.10,9520,195
2405.39,9695,199
2406.68,9814,201
2407.97,9957,204
2409.26,10059,206
2410.55,10225,210
2411.84,10283,211
2413.12,10400,214
2414.41,10466,215
2415.70,10564,216
2416.99,10627,218
2418.28,10698,219
2419.57,10747,221
2420.86,10792,221
2422.15,10809,222
2423.44,10840,223
2424.73,10835,223
2426.02,10830,222
2427.30,10835,222
2428.59,10797,221
2429.88,10772,221
2431.17,10704,219
2432.46,10638,218
2433.75,10548,217
2435.04,10478,215
2436.33,10384,212
2437.62,10282,211
2438.91,10189,209
2440.20,10050,206
2441.48,9929,204
2442.77,9751,200
2444.06,9631,197
2445.35,9455,194
2446.64,9281,191
2447.93,9113,187
2449.22,8943,184
2450.51,8769,180
2451.80,8568,175
2453.09,8385,172
2454.37,8196,168
2455.66,7941,163
2456.95,7707,158
2458.24,7528,154
2459.53,7304,150
2460.82,7060,144
2462.11,6763,138
2463.40,6571,135
2464.69,6331,130
2465.98,6067,124
2467.27,5787,119
2468.55,5551,114
2469.84,5341,109
2471.13,5045,103
2472.42,4760,97
2473.71,4588,94
2475.00,4353,89
2476.29,4102,84
2477.58,3887,79
2478.87,3625,75
2480.16,3405,70
2481.45,3204,65
2482.73,2960,61
2484.02,2803,57
2485.31,2600,53
2486.60,2407,50
2487.89,2222,45
2489.18,2023,42
2490.47,1831,38
2491.76,1661,34
2493.05,1487,30
2494.34,1313,27
2495.62,1208,25
2496.91,1046,22
2498.20,911,19
2499.49,784,16
2500.78,677,14
2502.07,571,12
2503.36,468,11
2504.65,370,8
2505.94,306,7
2507.23,237,6
2508.52,173,4
2509.80,137,3
2511.09,96,3
2512.38,71,2
2513.67,53,2
2514.96,47,1
2516.25,51,2
2517.54,67,2
2518.83,88,2
2520.12,122,3
2521.41,167,4
2522.70,224,6
2523.98,296,6
2525.27,372,7
2526.56,467,10
2527.85,554,12
2529.14,668,14
2530.43,763,16
2531.72,913,19
2533.01,1053,22
2534.30,1232,25
2535.59,1376,29
2536.87,1534,31
2538.16,1739,36
2539.45,1977,41
2540.74,2144,44
2542.03,2347,47
2543.32,2562,53
2544.61,2773,57
2545.90,3015,62
2547.19,3233,65
2548.48,3470,71
2549.77,3721,76
2551.05,3961,81
2552.34,4206,86
2553.63,4431,90
2554.92,4683,95
2556.21,4929,100
2557.50,5210,106
2558.79,5440,111
2560.08,5713,116
2561.37,5955,121
2562.66,6208,127
2563.95,6492,133
2565.23,6755,139
2566.52,6981,142
2567.81,7248,148
2569.10,7465,153
2570.39,7730,157
2571.68,7918,162
2572.97,8171,167
2574.26,8387,172
2575.55,8648,177
2576.84,8817,181
2578.12,8997,184
2579.41,9223,189
2580.70,9380,192
2581.99,9572,195
2583.28,9743,200
2584.57,9902,203
2585.86,10052,206
2587.15,10187,209
2588.44,10304,211
2589.73,10440,214
2591.02,10577,217
2592.30,10665,219
2593.59,10742,220
2594.88,10831,222
2596.17,10918,223
2597.46,10969,225
2598.75,11048,226
2600.04,11102,227
2601.33,11113,228
2602.62,11171,229
2603.91,11185,229
2605.20,11187,229
2606.48,11160,228
2607.77,11126,227
2609.06,11140,227
2610.35,11083,227
2611.64,11034,226
2612.93,10953,224
2614.22,10883,223
2615.51,10812,221
2616.80,10708,219
2618.09,10625,217
2619.37,10530,215
2620.66,10362,212
2621.95,10239,210
2623.24,10070,207
2624.53,9952,204
2625.82,9784,201
2627.11,9621,197
2628.40,9435,193
2629.69,9250,189
2630.98,9081,186
2632.27,8849,181
2633.55,8641,177
2634.84,8479,173
2636.13,8221,168
2637.42,8006,163
2638.71,7766,159
2640.00,7537,154
2641.29,7284,148
2642.58,7027,143
2643.87,6750,138
2645.16,6485,133
2646.45,6240,128
2647.73,5997,123
2649.02,5765,118
2650.31,5502,113
2651.60,5221,107
2652.89,4999,102
2654.18,4712,96
2655.47,4483,92
2656.76,4226,86
2658.05,3961,81
2659.34,3753,77
2660.62,3500,72
2661.91,3292,68
2663.20,3044,63
2664.49,2849,58
2665.78,2632,54
2667.07,2417,50
2668.36,2198,45
2669.65,2026,42
2670.94,1832,38
2672.23,1637,34
2673.52,1474,30
2674.80,1291,26
2676.09,1147,24
2677.38,991,21
2678.67,830,18
2679.96,718,15
2681.25,615,12
2682.54,504,11
2683.83,406,9
2685.12,314,7
2686.41,253,6
2687.70,190,4
2688.98,137,4
2690.27,98,2
2691.56,71,2
2692.85,54,2
2694.14,47,2
2695.43,52,2
2696.72,64,2
2698.01,91,2
2699.30,131,3
2700.59,170,4
2701.87,239,5
2703.16,300,7
2704.45,367,8
2705.74,445,9
2707.03,549,11
2708.32,642,13
2709.61,753,16
2710.90,888,18
2712.19,1020,21
2713.48,1164,24
2714.77,1338,27
2716.05,1491,30
2717.34,1640,34
2718.63,1859,39
2719.92,2008,41
2721.21,2175,45
2722.50,2367,48
2723.79,2546,52
2725.08,2767,56
2726.37,2994,61
2727.66,3182,65
2728.95,3407,69
2730.23,3629,74
2731.52,3880,79
2732.81,4090,84
2734.10,4358,89
2735.39,4591,94
2736.68,4792,98
2737.97,5020,102
2739.26,5285,108
2740.55,5533,113
2741.84,5766,118
2743.12,6001,123
2744.41,6268,128
2745.70,6559,134
2746.99,6771,139
2748.28,7008,144
2749.57,7271,148
2750.86,7514,154
2752.15,7695,158
2753.44,7912,162
2754.73,8148,166
2756.02,8373,171
2757.30,8531,175
2758.59,8727,179
2759.88,8954,183
2761.17,9154,188
2762.46,9287,191
2763.75,9443,194
2765.04,9591,197
2766.33,9740,199
2767.62,9905,203
2768.91,10020,204
2770.20,10125,208
2771.48,10254,210
2772.77,10332,212
2774.06,10419,214
2775.35,10503,215
2776.64,10587,218
2777.93,10648,219
2779.22,10686,219
2780.51,10720,220
2781.80,10743,220
2783.09,10755,220
2784.37,10751,221
2785.66,10774,220
2786.95,10768,221
2788.24,10731,220
2789.53,10685,219
2790.82,10639,218
2792.11,10573,216
2793.40,10502,215
2794.69,10433,214
2795.98,10335,212
2797.27,10231,209
2798.55,10119,208
2799.84,10014,206
2801.13,9893,202
2802.42,9759,200
2803.71,9594,197
2805.00,9467,194
2806.29,9318,191
2807.58,9101,187
2808.87,8949,184
2810.16,8776,180
2811.45,8608,176
2812.73,8418,173
2814.02,8212,169
2815.31,7990,165
2816.60,7792,159
2817.89,7557,155
2819.18,7368,151
2820.47,7124,146
2821.76,6900,141
2823.05,6674,136
2824.34,6443,132
2825.62,6223,128
2826.91,5978,122
2828.20,5750,118
2829.49,5507,113
2830.78,5300,109
2832.07,5028,102
2833.36,4786,98
2834.65,4615,95
2835.94,4366,89
2837.23,4136,84
2838.52,3911,80
2839.80,3687,76
2841.09,3483,72
2842.38,3218,66
2843.67,3034,62
2844.96,2816,58
2846.25,2623,54
2847.54,2403,49
2848.83,2210,45
2850.12,2029,42
2851.41,1812,37
2852.70,1642,34
2853.98,1443,30
2855.27,1282,26
2856.56,1122,23
2857.85,984,20
2859.14,841,17
2860.43,720,15
2861.72,620,13
2863.01,498,10
2864.30,403,9
2865.59,319,7
2866.87,249,6
2868.16,182,4
2869.45,132,2
2870.74,99,3
2872.03,72,2
2873.32,53,2
2874.61,47,2
2875.90,53,1
2877.19,69,2
2878.48,99,2
2879.77,143,3
2881.05,193,5
2882.34,256,6
2883.63,330,7
2884.92,421,9
2886.21,526,11
2887.50,625,13
2888.79,740,15
2890.08,897,18
2891.37,1015,21
2892.66,1169,24
2893.95,1326,27
2895.23,1522,31
2896.52,1641,33
2897.81,1817,37
2899.10,2013,41
2900.39,2220,45
2901.68,2424,49
2902.97,2591,53
2904.26,2798,57
2905.55,3022,61
2906.84,3222,65
2908.12,3461,71
2909.41,3656,74
2910.70,3871,79
2911.99,4134,85
2913.28,4402,90
2914.57,4586,94
2915.86,4859,99
2917.15,5075,103
2918.44,5293,108
2919.73,5550,113
2921.02,5826,119
2922.30,6078,124
2923.59,6294,129
2924.88,6527,133
2926.17,6837,140
2927.46,7038,144
2928.75,7258,149
2930.04,7495,153
2931.33,7708,158
2932.62,7894,162
2933.91,8119,166
2935.20,8359,171
2936.48,8554,175
2937.77,8724,178
2939.06,8918,182
2940.35,9110,186
2941.64,9282,190
2942.93,9448,194
2944.22,9617,196
2945.51,9797,200
2946.80,9953,204
2948.09,10088,207
2949.37,10210,209
2950.66,10366,212
2951.95,10513,215
2953.24,10597,217
2954.53,10682,219
2955.82,10767,220
2957.11,10852,222
2958.40,10915,223
2959.69,11005,225
2960.98,11004,224
2962.27,11042,226
2963.55,11089,227
2964.84,11095,228
2966.13,11085,227
2967.42,11011,226
2968.71,11054,226
2970.00,10988,225
2971.29,10944,223
2972.58,10852,222
2973.87,10814,221
2975.16,10722,220
2976.45,10635,218
2977.73,10526,216
2979.02,10395,212
2980.31,10281,210
2981.60,10134,207
2982.89,9965,204
2984.18,9810,201
2985.47,9645,197
2986.76,9467,193
2988.05,9269,190
2989.34,9071,185
2990.62,8857,181
2991.91,8634,176
2993.20,8425,172
2994.49,8207,167
2995.78,7992,163
2997.07,7769,159
2998.36,7509,153
2999.65,7322,149
3000.94,7069,145
3002.23,6850,141
3003.52,6632,135
3004.80,6381,130
3006.09,6133,125
3007.38,5923,121
3008.67,5633,114
3009.96,5418,111
3011.25,5200,106
3012.54,4946,101
3013.83,4703,96
3015.12,4451,91
3016.41,4217,86
3017.70,4015,82
3018.98,3742,76
3020.27,3559,73
3021.56,3325,68
3022.85,3124,64
3024.14,2883,59
3025.43,2682,55
3026.72,2494,51
3028.01,2247,47
3029.30,2101,43
3030.59,1876,39
3031.87,1719,35
3033.16,1554,32
3034.45,1374,28
3035.74,1227,25
3037.03,1088,23
3038.32,963,20
3039.61,812,17
3040.90,705,14
3042.19,608,13
3043.48,499,11
3044.77,407,8
3046.05,326,7
3047.34,256,6
3048.63,198,5
3049.92,137,3
3051.21,110,3
3052.50,78,2
3053.79,55,2
3055.08,47,2
3056.37,51,1
3057.66,62,1
3058.95,92,2
3060.23,125,3
3061.52,172,4
3062.81,238,5
3064.10,307,7
3065.39,391,8
3066.68,484,10
3067.97,584,13
3069.26,684,14
3070.55,839,17
3071.84,981,20
3073.12,1091,22
3074.41,1253,25
3075.70,1417,29
3076.99,1609,33
3078.28,1778,37
3079.57,1970,41
3080.86,2185,45
3082.15,2347,48
3083.44,2552,52
3084.73,2789,57
3086.02,2996,61
3087.30,3231,66
3088.59,3429,70
3089.88,3677,75
3091.17,3928,80
3092.46,4157,85
3093.75,4394,90
3095.04,4664,95
3096.33,4917,100
3097.62,5148,105
3098.91,5393,110
3100.20,5651,116
3101.48,5921,120
3102.77,6163,125
3104.06,6349,130
3105.35,6647,136
3106.64,6869,141
3107.93,7070,145
3109.22,7293,149
3110.51,7517,153
3111.80,7732,158
3113.09,7921,162
3114.37,8164,167
3115.66,8340,170
3116.95,8571,176
3118.24,8709,178
3119.53,8897,183
3120.82,9052,185
3122.11,9226,189
3123.40,9371,192
3124.69,9528,195
3125.98,9654,198
3127.27,9828,202
3128.55,9930,204
3129.84,10048,206
3131.13,10145,208
3132.42,10282,211
3133.71,10349,212
3135.00,10440,215
3136.29,10506,216
3137.58,10573,216
3138.87,10619,218
3140.16,10657,219
3141.45,10678,219
3142.73,10716,219
3144.02,10707,219
3145.31,10715,220
3146.60,10717,220
3147.89,10694,219
3149.18,10661,219
3150.47,10614,217
3151.76,10583,216
3153.05,10525,216
3154.34,10445,215
3155.62,10372,213
3156.91,10285,212
3158.20,10187,209
3159.49,10066,207
3160.78,9964,204
3162.07,9839,202
3163.36,9697,199
3164.65,9529,196
3165.94,9387,192
3167.23,9234,190
3168.52,9042,185
3169.80,8828,181
3171.09,8662,178
3172.38,8434,173
3173.67,8251,169
3174.96,8069,165
3176.25,7826,160
3177.54,7583,156
3178.83,7362,151
3180.12,7153,147
3181.41,6896,141
3182.70,6679,136
3183.98,6438,132
3185.27,6188,127
3186.56,5958,122
3187.85,5720,117
3189.14,5454,112
3190.43,5256,107
3191.72,5001,102
3193.01,4753,97
3194.30,4475,92
3195.59,4251,87
3196.87,4024,82
3198.16,3797,78
3199.45,3548,73
3200.74,3319,68
3202.03,3107,64
3203.32,2861,59
3204.61,2621,53
3205.90,2444,50
3207.19,2241,46
3208.48,2046,42
3209.77,1832,38
3211.05,1671,34
3212.34,1498,30
3213.63,1341,28
3214.92,1208,25
3216.21,1057,22
3217.50,909,19
3218.79,794,17
3220.08,645,14
3221.37,572,12
3222.66,485,10
3223.95,387,8
3225.23,305,7
3226.52,244,5
3227.81,185,4
3229.10,137,3
3230.39,94,3
3231.68,74,2
3232.97,57,2
3234.26,47,1
3235.55,49,2
3236.84,63,2
3238.12,82,2
3239.41,117,3
3240.70,166,3