0.00,611,737,740
0.30,626,756,759
0.60,640,772,774
0.90,654,789,793
1.20,664,802,805
1.50,672,812,815
1.80,679,819,823
2.10,687,829,830
2.40,691,834,838
2.70,695,839,841
3.00,698,844,847
3.30,704,851,853
3.60,710,857,860
3.90,727,877,880
4.20,733,885,889
4.50,747,902,906
4.80,772,932,936
5.10,778,941,945
5.40,802,969,974
5.70,815,988,991
6.00,835,1009,1013
6.30,848,1027,1031
6.60,863,1045,1049
6.90,876,1060,1067
7.20,889,1076,1081
7.50,898,1087,1093
7.80,904,1094,1101
8.10,911,1102,1108
8.40,915,1107,1114
8.70,920,1113,1119
9.00,925,1118,1125
9.30,932,1126,1133
9.60,936,1135,1139
9.90,957,1157,1163
10.20,961,1164,1170
10.50,981,1187,1193
10.80,1002,1212,1219
11.10,1011,1224,1231
11.40,1026,1242,1250
11.70,1045,1266,1275
12.00,1068,1291,1300
12.30,1084,1312,1322
12.60,1099,1331,1339
12.90,1113,1346,1356
13.20,1124,1360,1369
13.50,1133,1370,1381
13.80,1140,1380,1390
14.10,1147,1388,1399
14.40,1152,1394,1404
14.70,1158,1402,1412
15.00,1162,1405,1417
15.30,1169,1414,1426
15.60,1174,1422,1433
15.90,1186,1436,1447
16.20,1199,1452,1464
16.50,1221,1477,1489
16.80,1229,1488,1501
17.10,1249,1511,1524
17.40,1268,1534,1546
17.70,1284,1554,1568
18.00,1305,1580,1594
18.30,1321,1599,1613
18.60,1335,1618,1631
18.90,1349,1633,1647
19.20,1360,1647,1661
19.50,1369,1659,1673
19.80,1376,1666,1680
20.10,1383,1675,1689
20.40,1387,1680,1694
20.70,1392,1686,1701
21.00,1399,1694,1709
21.30,1404,1699,1716
21.60,1408,1705,1720
21.90,1421,1718,1735
22.20,1430,1733,1748
22.50,1444,1750,1766
22.80,1463,1774,1790
23.10,1477,1791,1806
23.40,1511,1830,1848
23.70,1524,1847,1862
24.00,1535,1860,1877
24.30,1548,1875,1892
24.60,1561,1892,1908
24.90,1575,1906,1924
25.20,1585,1921,1939
25.50,1593,1930,1948
25.80,1600,1941,1958
26.10,1606,1946,1965
26.40,1609,1952,1968
26.70,1623,1968,1983
27.00,1621,1966,1983
27.30,1625,1970,1988
27.60,1632,1977,1995
27.90,1644,1995,2012
28.20,1664,2018,2035
28.50,1671,2026,2042
28.80,1683,2042,2058
29.10,1694,2057,2072
29.40,1716,2081,2100
29.70,1731,2100,2116
30.00,1746,2120,2138
30.30,1758,2134,2151
30.60,1770,2148,2165
30.90,1781,2160,2178
31.20,1790,2174,2191
31.50,1798,2183,2200
31.80,1805,2191,2207
32.10,1809,2195,2213
32.40,1816,2205,2222
32.70,1818,2205,2223
33.00,1821,2210,2226
33.30,1826,2217,2233
33.60,1830,2221,2239
33.90,1841,2233,2251
34.20,1849,2245,2262
34.50,1871,2271,2288
34.80,1890,2296,2313
35.10,1888,2294,2309
35.40,1913,2323,2340
35.70,1916,2326,2343
36.00,1929,2340,2359
36.30,1940,2354,2373
36.60,1949,2368,2385
36.90,1960,2377,2396
37.20,1968,2388,2408
37.50,1974,2397,2416
37.80,1979,2404,2421
38.10,1983,2407,2426
38.40,1987,2411,2430
38.70,1993,2419,2438
39.00,1993,2419,2438
39.30,2002,2432,2449
39.60,2003,2429,2448
39.90,2007,2438,2455
40.20,2016,2448,2468
40.50,2026,2461,2479
40.80,2037,2472,2492
41.10,2047,2486,2505
41.40,2056,2497,2517
41.70,2063,2506,2527
42.00,2075,2520,2541
42.30,2084,2533,2553
42.60,2091,2542,2563
42.90,2099,2550,2572
43.20,2107,2558,2581
43.50,2111,2563,2586
43.80,2113,2568,2589
44.10,2114,2571,2593
44.40,2119,2574,2597
44.70,2120,2576,2599
45.00,2124,2581,2603
45.30,2124,2582,2606
45.60,2130,2591,2613
45.90,2138,2599,2623
46.20,2143,2604,2627
46.50,2146,2608,2633
46.80,2153,2615,2639
47.10,2160,2624,2650
47.40,2170,2639,2664
47.70,2174,2642,2666
48.00,2179,2649,2675
48.30,2185,2657,2682
48.60,2191,2663,2688
48.90,2196,2668,2694
49.20,2201,2673,2700
49.50,2202,2677,2703
49.80,2203,2679,2705
50.10,2205,2681,2708
50.40,2208,2683,2710
50.70,2209,2686,2712
51.00,2210,2686,2713
51.30,2212,2687,2715
51.60,2212,2690,2717
51.90,2219,2697,2727
52.20,2219,2697,2725
52.50,2223,2702,2730
52.80,2229,2707,2735
53.10,2230,2712,2738
53.40,2236,2716,2742
53.70,2238,2720,2750
54.00,2240,2723,2752
54.30,2243,2726,2754
54.60,2247,2730,2758
54.90,2249,2732,2761
55.20,2253,2733,2764
55.50,2251,2736,2766
55.80,2251,2735,2765
56.10,2251,2736,2765
56.40,2252,2737,2767
56.70,2252,2735,2766
57.00,2253,2737,2767
57.30,2255,2738,2766
57.60,2254,2739,2766
57.90,2254,2740,2768
58.20,2255,2740,2768
58.50,2254,2741,2769
58.80,2254,2741,2771
59.10,2255,2741,2769
59.40,2256,2741,2770
59.70,2256,2740,2769
60.00,2254,2739,2769
60.30,2254,2738,2769
60.60,2255,2737,2770
60.90,2255,2738,2771
61.20,2256,2738,2771
61.50,2252,2736,2769
61.80,2250,2733,2765
62.10,2248,2731,2761
62.40,2247,2731,2760
62.70,2248,2729,2760
63.00,2248,2730,2758
63.30,2246,2728,2759
63.60,2246,2727,2758
63.90,2240,2722,2752
64.20,2241,2722,2752
64.50,2239,2719,2749
64.80,2237,2718,2746
65.10,2234,2713,2743
65.40,2229,2709,2739
65.70,2228,2704,2734
66.00,2223,2699,2730
66.30,2220,2695,2727
66.60,2218,2691,2723
66.90,2218,2688,2721
67.20,2216,2685,2718
67.50,2209,2681,2712
67.80,2207,2677,2707
68.10,2203,2673,2703
68.40,2201,2671,2701
68.70,2200,2669,2698
69.00,2197,2667,2698
69.30,2194,2663,2693
69.60,2194,2663,2692
69.90,2187,2655,2684
70.20,2185,2653,2683
70.50,2180,2647,2675
70.80,2174,2638,2668
71.10,2169,2633,2661
71.40,2160,2623,2651
71.70,2152,2612,2641
72.00,2145,2606,2634
72.30,2139,2598,2625
72.60,2135,2590,2621
72.90,2133,2585,2615
73.20,2129,2579,2609
73.50,2122,2570,2601
73.80,2115,2565,2592
74.10,2108,2560,2588
74.40,2106,2556,2583
74.70,2103,2554,2580
75.00,2102,2550,2578
75.30,2098,2546,2572
75.60,2090,2541,2565
75.90,2084,2530,2556
76.20,2082,2529,2555
76.50,2074,2519,2544
76.80,2066,2509,2535
77.10,2054,2494,2521
77.40,2045,2484,2509
77.70,2034,2468,2493
78.00,2022,2456,2481
78.30,2014,2444,2470
78.60,2006,2434,2459
78.90,2000,2425,2453
79.20,1994,2416,2444
79.50,1986,2408,2434
79.80,1978,2401,2426
80.10,1970,2392,2417
80.40,1967,2388,2411
80.70,1963,2384,2406
81.00,1959,2378,2401
81.30,1948,2364,2389
81.60,1949,2365,2388
81.90,1943,2357,2382
82.20,1925,2337,2360
82.50,1925,2336,2360
82.80,1913,2322,2345
83.10,1901,2307,2330
83.40,1889,2292,2313
83.70,1873,2273,2295
84.00,1858,2255,2277
84.30,1847,2240,2262
84.60,1838,2227,2251
84.90,1831,2217,2242
85.20,1823,2207,2230
85.50,1812,2195,2220
85.80,1805,2187,2209
86.10,1797,2178,2198
86.40,1789,2171,2190
86.70,1783,2163,2183
87.00,1781,2160,2182
87.30,1776,2154,2175
87.60,1772,2148,2169
87.90,1757,2131,2150
88.20,1746,2118,2138
88.50,1738,2109,2130
88.80,1721,2087,2107
89.10,1706,2069,2089
89.40,1693,2053,2074
89.70,1674,2031,2049
90.00,1661,2016,2033
90.30,1649,1999,2018
90.60,1638,1984,2004
90.90,1627,1971,1989
91.20,1618,1957,1977
91.50,1608,1946,1966
91.80,1598,1936,1955
92.10,1590,1927,1945
92.40,1583,1919,1937
92.70,1573,1909,1926
93.00,1569,1905,1921
93.30,1568,1900,1917
93.60,1561,1894,1911
93.90,1550,1880,1898
94.20,1536,1864,1880
94.50,1514,1835,1851
94.80,1509,1829,1847
95.10,1492,1810,1826
95.40,1477,1792,1807
95.70,1453,1762,1778
96.00,1437,1743,1760
96.30,1425,1727,1742
96.60,1412,1711,1727
96.90,1401,1695,1713
97.20,1390,1683,1700
97.50,1379,1671,1686
97.80,1371,1660,1676
98.10,1360,1651,1665
98.40,1354,1641,1656
98.70,1347,1634,1648
99.00,1342,1627,1643
99.30,1330,1614,1629
99.60,1330,1615,1629
99.90,1321,1603,1618
100.20,1307,1585,1600
100.50,1289,1564,1578
100.80,1278,1549,1564
101.10,1256,1524,1539
101.40,1234,1498,1512
101.70,1223,1483,1495
102.00,1204,1462,1473
102.30,1189,1443,1456
102.60,1178,1427,1441
102.90,1166,1411,1424
103.20,1154,1398,1411
103.50,1143,1385,1399
103.80,1135,1374,1388
104.10,1125,1364,1376
104.40,1118,1356,1368
104.70,1108,1343,1355
105.00,1107,1344,1356
105.30,1101,1336,1349
105.60,1096,1329,1340
105.90,1084,1315,1327
106.20,1065,1291,1302
106.50,1046,1268,1279
106.80,1042,1261,1273
107.10,1011,1225,1236
107.40,1004,1217,1227
107.70,985,1193,1205
108.00,970,1174,1184
108.30,957,1157,1167
108.60,943,1140,1150
108.90,930,1125,1135
109.20,920,1112,1121
109.50,910,1099,1108
109.80,901,1090,1099
110.10,892,1078,1088
110.40,885,1070,1080
110.70,880,1065,1074
111.00,874,1058,1066
111.30,872,1055,1063
111.60,863,1044,1052
111.90,851,1030,1039
112.20,842,1017,1026
112.50,822,994,1002
112.80,804,973,980
113.10,795,961,967
113.40,776,938,945
113.70,757,915,921
114.00,745,900,906
114.30,730,882,889
114.60,717,867,872
114.90,706,853,858
115.20,696,840,846
115.50,686,828,833
115.80,676,817,823
116.10,669,807,813
116.40,662,800,805
116.70,657,794,799
117.00,655,791,794
117.30,645,781,784
117.60,640,773,777
117.90,632,763,767
118.20,620,747,752
118.50,610,734,739
118.80,590,712,716
119.10,579,698,702
119.40,557,671,676
119.70,547,659,664
120.00,530,641,644
120.30,519,626,629
120.60,507,612,615
120.90,498,598,603
121.20,489,587,591
121.50,480,577,581
121.80,473,569,572
122.10,466,561,564
122.40,459,554,556
122.70,455,548,551
123.00,452,544,547
123.30,448,539,542
123.60,443,534,536
123.90,435,522,525
124.20,424,510,512
124.50,411,495,497
124.80,399,479,482
125.10,388,467,469
125.40,375,450,453
125.70,360,433,434
126.00,347,416,419
126.30,337,404,405
126.60,327,391,394
126.90,319,381,383
127.20,311,372,374
127.50,304,362,365
127.80,298,356,358
128.10,293,349,351
128.40,288,345,346
128.70,285,341,343
129.00,282,336,339
129.30,275,329,330
129.60,274,326,328
129.90,264,315,317
130.20,259,309,310
130.50,250,297,299
130.80,239,285,286
131.10,228,271,272
131.40,219,260,261
131.70,208,246,247
132.00,198,234,235
132.30,189,224,225
132.60,182,214,216
132.90,175,206,208
133.20,169,199,200
133.50,165,193,194
133.80,161,188,190
134.10,156,183,184
134.40,153,180,181
134.70,150,176,177
135.00,148,174,174
135.30,145,169,170
135.60,143,167,168
135.90,137,160,160
136.20,131,153,154
136.50,124,145,146
136.80,118,136,136
137.10,111,128,129
137.40,104,119,120
137.70,95,109,110
138.00,90,102,102
138.30,84,95,95
138.60,79,89,89
138.90,75,83,84
139.20,71,79,79
139.50,68,75,75
139.80,65,72,72
140.10,63,69,69
140.40,61,67,67
140.70,59,65,65
141.00,58,63,63
141.30,57,61,61
141.60,55,59,59
141.90,52,55,55
142.20,48,50,50
142.50,45,47,47
142.80,41,42,42
143.10,37,37,37
143.40,34,34,33
143.70,30,29,28
144.00,26,24,24
144.30,24,21,21
144.60,22,19,19
144.90,21,17,16
145.20,19,15,15
145.50,18,14,13
145.80,17,12,12
146.10,16,12,11
146.40,16,11,11
146.70,15,11,9
147.00,15,10,9
147.30,15,9,9
147.60,14,9,8
147.90,13,8,7
148.20,13,7,7
148.50,12,6,5
148.80,11,6,5
149.10,11,6,5
149.40,11,6,5
149.70,12,6,5
150.00,12,7,6
150.30,13,8,6
150.60,13,9,8
150.90,15,10,9
151.20,15,11,10
151.50,16,12,11
151.80,17,13,12
152.10,18,14,13
152.40,19,15,14
152.70,19,16,14
153.00,20,16,15
153.30,21,18,17
153.60,21,18,17
153.90,23,21,20
154.20,25,23,22
154.50,28,26,25
154.80,31,29,28
155.10,34,33,33
155.40,37,37,37
155.70,42,44,43
156.00,46,49,47
156.30,50,54,52
156.60,54,58,57
156.90,57,62,62
157.20,61,66,65
157.50,64,70,69
157.80,66,73,72
158.10,69,76,75
158.40,71,79,77
158.70,72,80,79
159.00,73,82,81
159.30,76,85,83
159.60,77,87,85
159.90,82,93,92
160.20,86,97,96
160.50,91,104,102
160.80,98,112,111
161.10,104,120,119
161.40,111,128,127
161.70,120,139,137
162.00,128,149,147
162.30,134,157,156
162.60,141,164,163
162.90,148,172,171
163.20,153,179,178
163.50,158,184,184
163.80,162,189,188
164.10,165,194,194
164.40,169,199,198
164.70,171,201,200
165.00,173,204,204
165.30,177,208,207
165.60,179,211,210
165.90,186,220,219
166.20,193,228,227
166.50,202,239,238
166.80,210,250,249
167.10,220,261,261
167.40,230,274,273
167.70,242,289,287
168.00,254,302,302
168.30,264,315,315
168.60,273,326,326
168.90,282,336,336
169.20,289,345,346
169.50,296,353,354
169.80,301,360,359
170.10,306,366,366
170.40,310,371,371
170.70,313,374,375
171.00,315,378,378
171.30,319,384,383
171.60,323,387,388
171.90,332,399,399
172.20,342,409,409
172.50,352,423,423
172.80,364,436,437
173.10,376,451,451
173.40,388,468,468
173.70,403,484,486
174.00,417,502,502
174.30,431,518,519
174.60,442,531,532
174.90,452,544,545
175.20,461,554,556
175.50,469,564,566
175.80,476,572,574
176.10,482,580,581
176.40,486,585,586
176.70,489,589,590
177.00,492,594,594
177.30,498,599,602
177.60,503,606,608
177.90,513,619,621
178.20,524,632,634
178.50,536,646,649
178.80,550,664,666
179.10,565,683,685
179.40,580,699,702
179.70,597,719,723
180.00,614,741,743
180.30,629,758,760
180.60,640,772,774
180.90,652,786,791
181.20,663,800,803
181.50,671,810,813
181.80,678,819,823
182.10,684,827,830
182.40,689,833,836
182.70,692,839,841
183.00,697,842,845
183.30,702,850,853
183.60,710,858,860
183.90,721,873,875
184.20,732,887,889
184.50,745,902,904
184.80,761,921,925
185.10,777,941,945
185.40,793,961,965
185.70,812,984,987
186.00,828,1003,1007
186.30,844,1022,1026
186.60,858,1038,1042
186.90,870,1053,1057
187.20,881,1068,1071
187.50,890,1078,1082
187.80,898,1088,1092
188.10,905,1099,1101
188.40,912,1104,1108
188.70,917,1113,1116
189.00,921,1116,1120
189.30,927,1123,1127
189.60,935,1132,1137
189.90,947,1148,1152
190.20,958,1161,1165
190.50,972,1180,1182
190.80,989,1200,1204
191.10,1007,1221,1225
191.40,1022,1241,1244
191.70,1043,1265,1270
192.00,1062,1288,1292
192.30,1078,1307,1312
192.60,1092,1325,1330
192.90,1106,1341,1348
193.20,1117,1355,1362
193.50,1127,1368,1373
193.80,1135,1378,1383
194.10,1144,1388,1394
194.40,1150,1396,1400
194.70,1153,1399,1403
195.00,1157,1406,1411
195.30,1163,1412,1417
195.60,1171,1420,1426
195.90,1183,1435,1441
196.20,1195,1451,1458
196.50,1209,1469,1474
196.80,1227,1489,1495
197.10,1243,1509,1515
197.40,1259,1529,1537
197.70,1280,1554,1561
198.00,1298,1576,1584
198.30,1314,1596,1603
198.60,1330,1611,1620
198.90,1343,1628,1637
199.20,1355,1642,1652
199.50,1364,1653,1662
199.80,1372,1664,1674
200.10,1379,1672,1682
200.40,1385,1681,1690
200.70,1389,1687,1696
201.00,1394,1692,1701
201.30,1399,1699,1706
201.60,1405,1706,1714
201.90,1415,1719,1729
202.20,1428,1735,1743
202.50,1442,1751,1760
202.80,1457,1769,1780
203.10,1474,1789,1800
203.40,1489,1809,1819
203.70,1508,1831,1843
204.00,1525,1854,1864
204.30,1542,1872,1884
204.60,1556,1888,1903
204.90,1570,1903,1918
205.20,1582,1917,1933
205.50,1591,1930,1944
205.80,1596,1937,1951
206.10,1602,1947,1958
206.40,1606,1952,1966
206.70,1611,1957,1970
207.00,1615,1962,1975
207.30,1620,1969,1982
207.60,1626,1976,1988
207.90,1636,1990,2002
208.20,1648,2004,2019
208.50,1661,2019,2032
208.80,1675,2036,2051
209.10,1691,2054,2068
209.40,1705,2071,2088
209.70,1722,2093,2108
210.00,1739,2113,2128
210.30,1753,2130,2146
210.60,1767,2145,2161
210.90,1780,2158,2176
211.20,1790,2169,2189
211.50,1796,2179,2197
211.80,1802,2186,2205
212.10,1806,2193,2209
212.40,1809,2198,2216
212.70,1815,2203,2221
213.00,1818,2209,2225
213.30,1822,2214,2231
213.60,1828,2221,2238
213.90,1838,2231,2250
214.20,1849,2244,2261
214.50,1859,2258,2276
214.80,1872,2274,2292
215.10,1884,2289,2308
215.40,1899,2304,2325
215.70,1911,2321,2341
216.00,1924,2336,2357
216.30,1937,2351,2373
216.60,1948,2362,2384
216.90,1959,2373,2396
217.20,1966,2384,2407
217.50,1973,2393,2415
217.80,1979,2399,2420
218.10,1982,2405,2426
218.40,1985,2410,2432
218.70,1990,2415,2437
219.00,1993,2418,2439
219.30,1997,2423,2443
219.60,2001,2427,2448
219.90,2009,2439,2459
220.20,2017,2447,2469
220.50,2026,2458,2482
220.80,2037,2473,2493
221.10,2046,2483,2506
221.40,2058,2496,2517
221.70,2067,2509,2534
222.00,2079,2521,2544
222.30,2088,2534,2556
222.60,2097,2544,2566
222.90,2106,2554,2576
223.20,2111,2561,2583
223.50,2116,2566,2588
223.80,2118,2573,2594
224.10,2121,2576,2597
224.40,2125,2580,2602
224.70,2125,2582,2604
225.00,2129,2585,2607
225.30,2130,2589,2612
225.60,2135,2593,2615
225.90,2139,2598,2621
226.20,2146,2605,2627
226.50,2151,2613,2636
226.80,2157,2622,2645
227.10,2164,2631,2654
227.40,2171,2638,2660
227.70,2181,2647,2670
228.00,2185,2657,2678
228.30,2192,2664,2685
228.60,2199,2671,2692
228.90,2205,2676,2696
229.20,2209,2680,2704
229.50,2210,2685,2707
229.80,2212,2686,2708
230.10,2214,2688,2711
230.40,2214,2691,2713
230.70,2216,2693,2713
231.00,2217,2694,2715
231.30,2219,2696,2718
231.60,2221,2699,2719
231.90,2223,2703,2724
232.20,2227,2707,2728
232.50,2231,2710,2732
232.80,2234,2717,2736
233.10,2238,2721,2741
233.40,2241,2724,2747
233.70,2244,2728,2749
234.00,2248,2733,2753
234.30,2253,2736,2760
234.60,2256,2737,2762
234.90,2259,2742,2766
235.20,2262,2744,2771
235.50,2261,2745,2770
235.80,2261,2743,2770
236.10,2259,2746,2769
236.40,2261,2747,2769
236.70,2260,2748,2769
237.00,2261,2747,2770
237.30,2263,2748,2772
237.60,2263,2749,2770
237.90,2262,2750,2772
238.20,2263,2749,2774
238.50,2263,2751,2774
238.80,2264,2751,2774
239.10,2265,2751,2776
239.40,2264,2751,2776
239.70,2263,2749,2776
240.00,2262,2749,2774
240.30,2264,2751,2776
240.60,2266,2750,2775
240.90,2266,2749,2776
241.20,2267,2749,2777
241.50,2264,2749,2774
241.80,2261,2744,2773
242.10,2259,2744,2769
242.40,2257,2742,2769
242.70,2258,2742,2768
243.00,2255,2740,2766
243.30,2255,2740,2765
243.60,2253,2739,2762
243.90,2254,2736,2761
244.20,2249,2733,2758
244.50,2247,2730,2755
244.80,2244,2728,2753
245.10,2241,2722,2748
245.40,2239,2719,2746
245.70,2233,2714,2738
246.00,2229,2707,2733
246.30,2228,2704,2731
246.60,2227,2701,2729
246.90,2226,2696,2724
247.20,2222,2692,2722
247.50,2217,2689,2716
247.80,2213,2685,2712
248.10,2207,2681,2706
248.40,2205,2678,2704
248.70,2204,2677,2702
249.00,2203,2675,2701
249.30,2200,2673,2699
249.60,2197,2668,2695
249.90,2194,2665,2690
250.20,2187,2656,2682
250.50,2183,2652,2677
250.80,2178,2643,2671
251.10,2172,2636,2664
251.40,2164,2627,2652
251.70,2156,2618,2644
252.00,2149,2607,2635
252.30,2145,2599,2628
252.60,2140,2591,2621
252.90,2134,2585,2615
253.20,2128,2579,2609
253.50,2122,2571,2602
253.80,2118,2566,2595
254.10,2109,2560,2588
254.40,2106,2557,2583
254.70,2105,2554,2581
255.00,2102,2551,2580
255.30,2099,2546,2574
255.60,2095,2544,2571
255.90,2089,2533,2562
256.20,2080,2524,2550
256.50,2074,2517,2544
256.80,2062,2503,2530
257.10,2052,2492,2520
257.40,2043,2481,2507
257.70,2031,2465,2492
258.00,2021,2452,2480
258.30,2014,2442,2469
258.60,2007,2432,2458
258.90,2000,2421,2449
259.20,1991,2412,2439
259.50,1986,2405,2432
259.80,1979,2397,2425
260.10,1971,2389,2417
260.40,1964,2384,2408
260.70,1962,2380,2405
261.00,1958,2375,2402
261.30,1954,2371,2396
261.60,1949,2365,2391
261.90,1943,2354,2380
262.20,1930,2342,2367
262.50,1924,2334,2357
262.80,1911,2318,2341
263.10,1897,2301,2325
263.40,1884,2286,2309
263.70,1869,2268,2292
264.00,1856,2251,2274
264.30,1845,2237,2259
264.60,1836,2226,2247
264.90,1827,2212,2235
265.20,1818,2202,2224
265.50,1810,2192,2214
265.80,1801,2182,2204
266.10,1793,2174,2194
266.40,1787,2168,2190
266.70,1783,2160,2183
267.00,1779,2158,2178
267.30,1774,2150,2171
267.60,1769,2145,2165
267.90,1758,2132,2152
268.20,1746,2117,2136
268.50,1733,2103,2122
268.80,1719,2085,2104
269.10,1706,2068,2087
269.40,1690,2050,2068
269.70,1673,2029,2048
270.00,1659,2010,2028
270.30,1646,1995,2012
270.60,1635,1981,1998
270.90,1624,1966,1984
271.20,1615,1953,1972
271.50,1605,1943,1961
271.80,1598,1934,1952
272.10,1587,1923,1942
272.40,1581,1915,1933
272.70,1576,1910,1928
273.00,1571,1905,1921
273.30,1568,1900,1915
273.60,1562,1891,1907
273.90,1550,1879,1895
274.20,1536,1864,1880
274.50,1524,1847,1862
274.80,1507,1828,1843
275.10,1489,1805,1820
275.40,1475,1789,1804
275.70,1452,1760,1774
276.00,1437,1740,1756
276.30,1424,1727,1742
276.60,1412,1711,1725
276.90,1402,1697,1712
277.20,1392,1684,1699
277.50,1381,1672,1687
277.80,1372,1663,1676
278.10,1363,1652,1666
278.40,1356,1645,1659
278.70,1352,1639,1653
279.00,1348,1633,1646
279.30,1341,1626,1639
279.60,1335,1618,1631
279.90,1321,1601,1614
280.20,1308,1585,1599
280.50,1289,1562,1576
280.80,1275,1547,1559
281.10,1261,1529,1542
281.40,1244,1507,1519
281.70,1224,1483,1497
282.00,1209,1463,1476
282.30,1194,1445,1458
282.60,1181,1429,1442
282.90,1169,1414,1428
283.20,1159,1401,1414
283.50,1148,1388,1401
283.80,1138,1377,1390
284.10,1128,1366,1378
284.40,1122,1359,1371
284.70,1117,1353,1364
285.00,1113,1347,1359
285.30,1106,1339,1349
285.60,1099,1331,1343
285.90,1085,1313,1324
286.20,1075,1301,1312
286.50,1059,1280,1292
286.80,1044,1263,1274
287.10,1026,1241,1253
287.40,1010,1221,1232
287.70,990,1198,1208
288.00,973,1176,1186
288.30,959,1159,1169
288.60,946,1141,1154
288.90,934,1128,1138
289.20,923,1113,1125
289.50,913,1102,1113
289.80,905,1092,1103
290.10,896,1082,1090
290.40,889,1073,1083
290.70,881,1065,1074
291.00,879,1061,1071
291.30,873,1056,1064
291.60,867,1046,1056
291.90,852,1030,1038
292.20,842,1018,1027
292.50,829,1003,1011
292.80,802,969,977
293.10,796,963,970
293.40,778,939,948
293.70,761,919,927
294.00,744,898,906
294.30,732,883,892
294.60,719,868,876
294.90,708,854,861
295.20,697,840,849
295.50,689,830,838
295.80,680,820,827
296.10,672,811,817
296.40,666,804,810
296.70,662,800,806
297.00,657,793,799
297.30,654,789,796
297.60,647,781,786
297.90,632,763,769
298.20,624,754,759
298.50,605,730,735
298.80,591,712,718
299.10,581,700,705
299.40,566,684,689
299.70,542,654,660
300.00,534,643,649
300.30,523,629,635
300.60,512,616,621
300.90,501,602,609
301.20,492,591,596
301.50,484,582,586
301.80,477,573,578
302.10,470,565,570
302.40,466,559,563
302.70,462,556,560
303.00,458,551,555
303.30,451,543,547
303.60,448,538,542
303.90,435,523,526
304.20,429,514,519
304.50,408,490,493
304.80,405,485,489
305.10,391,470,474
305.40,377,452,455
305.70,359,431,433
306.00,350,419,421
306.30,342,409,411
306.60,332,397,399
306.90,324,386,388
307.20,316,377,379
307.50,309,368,371
307.80,302,361,363
308.10,297,353,355
308.40,292,349,350
308.70,289,345,347
309.00,287,343,344
309.30,281,335,336
309.60,277,330,332
309.90,271,322,324
310.20,262,312,313
310.50,252,299,301
310.80,239,284,285
311.10,234,276,278
311.40,223,264,265
311.70,210,248,249
312.00,201,238,238
312.30,193,227,227
312.60,186,218,218
312.90,179,210,211
313.20,173,203,203
313.50,167,196,197
313.80,164,191,192
314.10,159,186,186
314.40,157,184,184
314.70,154,181,181
315.00,152,179,179
315.30,150,174,175
315.60,145,170,169
315.90,138,161,161
316.20,133,154,154
316.50,125,144,144
316.80,120,139,139
317.10,106,123,122
317.40,106,121,121
317.70,96,109,108
318.00,92,104,104
318.30,86,97,97
318.60,81,91,90
318.90,76,85,85
319.20,73,81,81
319.50,70,78,77
319.80,67,74,73
320.10,64,71,71
320.40,63,69,68
320.70,62,68,67
321.00,60,64,64
321.30,59,64,64
321.60,55,59,59
321.90,51,54,53
322.20,46,49,48
322.50,44,45,44
322.80,41,42,41
323.10,38,39,39
323.40,31,31,29
323.70,30,28,27
324.00,27,25,24
324.30,25,22,21
324.60,22,20,19
324.90,20,18,16
325.20,19,16,15
325.50,18,15,14
325.80,17,13,12
326.10,17,13,12
326.40,16,12,11
326.70,16,12,10
327.00,16,11,10
327.30,15,10,9
327.60,15,10,9
327.90,13,9,7
328.20,13,8,7
328.50,12,7,5
328.80,11,6,5
329.10,11,6,5
329.40,11,6,5
329.70,11,5,5
330.00,11,6,5
330.30,12,7,6
330.60,13,8,7
330.90,14,9,9
331.20,15,10,10
331.50,16,11,11
331.80,17,12,12
332.10,17,13,13
332.40,18,14,13
332.70,18,14,14
333.00,20,16,15
333.30,19,16,15
333.60,20,17,16
333.90,24,21,20
334.20,24,22,21
334.50,27,24,24
334.80,30,28,28
335.10,34,33,33
335.40,36,36,35
335.70,41,42,42
336.00,45,46,46
336.30,48,51,51
336.60,53,56,56
336.90,56,60,60
337.20,59,64,64
337.50,63,67,68
337.80,65,70,70
338.10,66,72,73
338.40,70,76,76
338.70,69,76,77
339.00,74,81,82
339.30,74,81,82
339.60,76,84,85
339.90,81,91,91
340.20,93,105,105
340.50,92,104,105
340.80,99,113,113
341.10,106,119,121
341.40,117,133,134
341.70,121,138,139
342.00,127,146,147
342.30,134,154,155
342.60,141,163,165
342.90,147,170,171
343.20,153,177,179
343.50,158,182,184
343.80,161,186,189
344.10,164,190,192
344.40,167,193,195
344.70,170,197,199
345.00,173,200,203
345.30,174,203,205
345.60,178,207,210
345.90,190,221,224
346.20,194,227,229
346.50,202,236,239
346.80,210,245,248
347.10,233,273,276
347.40,231,271,275
347.70,246,289,292
348.00,253,298,302
348.30,262,309,312
348.60,272,321,324
348.90,281,332,335
349.20,289,341,345
349.50,295,349,352
349.80,299,354,358
350.10,305,361,364
350.40,309,365,368
350.70,311,369,372
351.00,314,373,376
351.30,320,380,384
351.60,327,388,391
351.90,341,405,408
352.20,342,407,410
352.50,352,418,422
352.80,376,448,451
353.10,378,451,454
353.40,396,473,476
353.70,404,482,485
354.00,418,499,503
354.30,432,515,519
354.60,443,529,534
354.90,452,541,545
355.20,462,554,557
355.50,470,562,565
355.80,476,570,574
356.10,481,576,580
356.40,484,581,584
356.70,488,585,588
357.00,492,591,594
357.30,498,597,600
357.60,503,603,607
357.90,527,635,638
358.20,527,631,636
358.50,554,665,669
358.80,552,663,667
359.10,573,690,694
359.40,589,709,713
359.70,602,725,729
360.00,619,745,750
360.30,627,755,760
360.60,642,773,777
360.90,654,789,793
361.20,665,802,806
361.50,674,812,816
361.80,680,819,824
362.10,685,828,833
362.40,691,834,839
362.70,695,838,844
363.00,699,843,847
363.30,705,851,856
363.60,713,861,866
363.90,733,886,890
364.20,735,887,893
364.50,746,902,907
364.80,768,928,934
365.10,779,941,946
365.40,809,979,983
365.70,814,984,990
366.00,832,1006,1011
366.30,849,1026,1032
366.60,865,1045,1051
366.90,877,1061,1067
367.20,888,1075,1084
367.50,897,1086,1093
367.80,905,1094,1102
368.10,910,1101,1108
368.40,916,1108,1114
368.70,920,1112,1121
369.00,924,1118,1126
369.30,930,1125,1132
369.60,937,1134,1140
369.90,948,1150,1157
370.20,964,1166,1176
370.50,982,1188,1196
370.80,998,1208,1216
371.10,1009,1221,1230
371.40,1026,1242,1251
371.70,1046,1266,1275
372.00,1066,1291,1301
372.30,1085,1313,1323
372.60,1099,1330,1341
372.90,1113,1347,1358
373.20,1125,1361,1372
373.50,1132,1371,1382
373.80,1140,1380,1390
374.10,1147,1388,1400
374.40,1152,1394,1405
374.70,1157,1400,1413
375.00,1171,1416,1428
375.30,1169,1415,1427
375.60,1175,1421,1433
375.90,1194,1445,1457
376.20,1204,1457,1470
376.50,1225,1483,1496
376.80,1234,1494,1506
377.10,1251,1514,1529
377.40,1264,1530,1545
377.70,1291,1563,1578
378.00,1309,1584,1598
378.30,1321,1598,1614
378.60,1336,1617,1632
378.90,1349,1632,1648
379.20,1361,1645,1661
379.50,1370,1657,1674
379.80,1376,1665,1681
380.10,1383,1673,1690
380.40,1391,1684,1699
380.70,1391,1685,1701
381.00,1396,1689,1705
381.30,1415,1713,1731
381.60,1415,1712,1728
381.90,1420,1719,1736
382.20,1433,1735,1751
382.50,1446,1750,1768
382.80,1468,1777,1796
383.10,1492,1807,1825
383.40,1513,1833,1852
383.70,1519,1839,1857
384.00,1538,1861,1882
384.30,1548,1875,1894
384.60,1561,1892,1910
384.90,1575,1908,1927
385.20,1586,1920,1939
385.50,1594,1930,1949
385.80,1599,1938,1959
386.10,1607,1946,1966
386.40,1609,1952,1970
386.70,1623,1966,1985
387.00,1622,1967,1985
387.30,1630,1975,1994
387.60,1636,1982,2002
387.90,1641,1990,2009
388.20,1653,2004,2022
388.50,1668,2022,2042
388.80,1682,2039,2059
389.10,1716,2082,2102
389.40,1716,2082,2101
389.70,1736,2106,2125
390.00,1744,2115,2134
390.30,1759,2132,2153
390.60,1771,2149,2167
390.90,1781,2161,2178
391.20,1792,2173,2192
391.50,1797,2183,2201
391.80,1805,2189,2209
392.10,1809,2197,2214
392.40,1814,2202,2219
392.70,1816,2205,2224
393.00,1820,2209,2229
393.30,1829,2218,2236
393.60,1831,2221,2240
393.90,1845,2239,2257
394.20,1851,2244,2264
394.50,1862,2261,2279
394.80,1874,2275,2292
395.10,1886,2290,2309
395.40,1899,2306,2325
395.70,1915,2323,2342
396.00,1930,2342,2361
396.30,1940,2356,2373
396.60,1950,2367,2387
396.90,1960,2379,2397
397.20,1970,2388,2409
397.50,1975,2395,2415
397.80,1978,2401,2421
398.10,1982,2406,2426
398.40,1986,2410,2428
398.70,1990,2415,2436
399.00,1991,2417,2438
399.30,2005,2434,2455
399.60,2005,2433,2454
399.90,2012,2443,2463
400.20,2028,2461,2480
400.50,2026,2460,2481
400.80,2036,2473,2492
401.10,2045,2483,2504
401.40,2065,2509,2529
401.70,2065,2510,2531
402.00,2077,2522,2544
402.30,2086,2531,2554
402.60,2093,2541,2564
402.90,2102,2551,2574
403.20,2107,2558,2581
403.50,2112,2564,2588
403.80,2114,2567,2590
404.10,2118,2571,2595
404.40,2119,2575,2598
404.70,2123,2577,2599
405.00,2126,2582,2604
405.30,2128,2583,2606
405.60,2132,2590,2613
405.90,2137,2596,2619
406.20,2141,2602,2627
406.50,2148,2611,2635
406.80,2153,2616,2640
407.10,2161,2622,2649
407.40,2169,2636,2662
407.70,2175,2641,2668
408.00,2181,2650,2677
408.30,2188,2657,2684
408.60,2193,2664,2692
408.90,2198,2669,2696
409.20,2202,2674,2701
409.50,2205,2677,2704
409.80,2205,2680,2707
410.10,2207,2683,2709
410.40,2210,2686,2713
410.70,2210,2687,2712
411.00,2211,2687,2714
411.30,2213,2689,2717
411.60,2215,2692,2719
411.90,2222,2699,2728
412.20,2221,2699,2726
412.50,2224,2704,2732
412.80,2227,2707,2736
413.10,2234,2714,2742
413.40,2237,2720,2748
413.70,2239,2722,2751
414.00,2243,2724,2753
414.30,2245,2727,2756
414.60,2248,2729,2759
414.90,2252,2733,2765
415.20,2255,2736,2766
415.50,2252,2734,2767
415.80,2252,2736,2765
416.10,2253,2736,2766
416.40,2253,2738,2767
416.70,2254,2740,2768
417.00,2254,2739,2769
417.30,2254,2740,2768
417.60,2254,2739,2770
417.90,2257,2739,2770
418.20,2258,2742,2770
418.50,2257,2743,2772
418.80,2258,2742,2771
419.10,2257,2740,2772
419.40,2258,2742,2771
419.70,2256,2742,2771
420.00,2256,2741,2770
420.30,2255,2740,2770
420.60,2256,2739,2770
420.90,2256,2738,2771
421.20,2257,2739,2772
421.50,2256,2737,2768
421.80,2252,2733,2767
422.10,2250,2734,2765
422.40,2249,2733,2762
422.70,2249,2732,2762
423.00,2249,2731,2760
423.30,2246,2729,2761
423.60,2247,2729,2759
423.90,2244,2727,2758
424.20,2242,2725,2755
424.50,2240,2722,2752
424.80,2238,2717,2747
425.10,2235,2712,2744
425.40,2230,2709,2739
425.70,2227,2705,2735
426.00,2224,2700,2729
426.30,2221,2694,2726
426.60,2219,2691,2724
426.90,2217,2690,2721
427.20,2216,2684,2718
427.50,2210,2680,2711
427.80,2205,2677,2708
428.10,2203,2673,2704
428.40,2202,2671,2702
428.70,2199,2667,2698
429.00,2199,2667,2697
429.30,2194,2662,2692
429.60,2194,2661,2693
429.90,2188,2653,2684
430.20,2186,2652,2683
430.50,2182,2646,2677
430.80,2174,2638,2668
431.10,2165,2625,2656
431.40,2161,2620,2651
431.70,2154,2613,2643
432.00,2147,2605,2635
432.30,2140,2595,2625
432.60,2136,2589,2620
432.90,2133,2584,2613
433.20,2129,2578,2610
433.50,2122,2572,2602
433.80,2115,2565,2596
434.10,2109,2559,2589
434.40,2108,2556,2584
434.70,2103,2552,2579
435.00,2102,2551,2580
435.30,2099,2545,2573
435.60,2095,2542,2570
435.90,2091,2537,2562
436.20,2083,2528,2554
436.50,2076,2517,2545
436.80,2066,2507,2534
437.10,2055,2494,2520
437.40,2044,2481,2508
437.70,2034,2469,2494
438.00,2023,2456,2481
438.30,2013,2444,2469
438.60,2007,2433,2460
438.90,2000,2425,2453
439.20,1993,2415,2443
439.50,1985,2407,2435
439.80,1979,2399,2426
440.10,1970,2391,2417
440.40,1967,2387,2411
440.70,1964,2384,2409
441.00,1960,2378,2404
441.30,1955,2373,2396
441.60,1951,2369,2394
441.90,1943,2357,2381
442.20,1926,2337,2359
442.50,1926,2336,2360
442.80,1913,2319,2342
443.10,1902,2306,2330
443.40,1882,2282,2306
443.70,1871,2270,2293
444.00,1858,2256,2278
444.30,1848,2240,2263
444.60,1839,2228,2254
444.90,1831,2217,2242
445.20,1824,2207,2232
445.50,1814,2195,2219
445.80,1805,2186,2211
446.10,1797,2178,2202
446.40,1791,2171,2191
446.70,1784,2166,2186
447.00,1781,2162,2183
447.30,1778,2156,2177
447.60,1772,2149,2171
447.90,1746,2117,2137
448.20,1747,2118,2139
448.50,1735,2103,2124
448.80,1724,2091,2111
449.10,1710,2073,2094
449.40,1697,2057,2076
449.70,1679,2034,2055
450.00,1662,2015,2035
450.30,1651,2000,2021
450.60,1641,1985,2006
450.90,1630,1970,1993
451.20,1620,1959,1981
451.50,1609,1947,1969
451.80,1600,1938,1957
452.10,1591,1928,1946
452.40,1584,1920,1938
452.70,1577,1912,1932
453.00,1575,1908,1926
453.30,1568,1902,1918
453.60,1562,1895,1911
453.90,1540,1867,1885
454.20,1536,1862,1879
454.50,1522,1845,1863
454.80,1505,1826,1841
455.10,1494,1810,1827
455.40,1477,1791,1808
455.70,1456,1765,1782
456.00,1439,1745,1760
456.30,1426,1727,1744
456.60,1413,1712,1729
456.90,1402,1696,1714
457.20,1391,1684,1700
457.50,1381,1671,1687
457.80,1371,1661,1677
458.10,1362,1651,1666
458.40,1354,1644,1657
458.70,1349,1636,1650
459.00,1341,1626,1640
459.30,1332,1617,1631
459.60,1333,1617,1631
459.90,1309,1588,1601
460.20,1308,1587,1602
460.50,1296,1570,1585
460.80,1257,1524,1539
461.10,1259,1527,1542
461.40,1228,1490,1502
461.70,1221,1481,1495
462.00,1204,1460,1474
462.30,1190,1443,1456
462.60,1178,1428,1441
462.90,1166,1412,1427
463.20,1156,1399,1412
463.50,1146,1386,1399
463.80,1135,1375,1389
464.10,1125,1363,1377
464.40,1119,1356,1369
464.70,1111,1348,1359
465.00,1108,1344,1355
465.30,1102,1336,1349
465.60,1096,1327,1339
465.90,1086,1315,1327
466.20,1061,1286,1298
466.50,1052,1273,1285
466.80,1037,1257,1267
467.10,1022,1236,1247
467.40,1004,1216,1226
467.70,985,1194,1203
468.00,971,1174,1184
468.30,956,1157,1167
468.60,944,1140,1150
468.90,931,1125,1135
469.20,920,1110,1121
469.50,910,1099,1110
469.80,901,1089,1099
470.10,892,1080,1089
470.40,886,1072,1081
470.70,881,1068,1075
471.00,875,1059,1067
471.30,872,1056,1064
471.60,856,1034,1043
471.90,848,1025,1033
472.20,822,993,1001
472.50,821,995,1002
472.80,813,983,989
473.10,793,959,966
473.40,770,930,937
473.70,758,917,923
474.00,745,900,905
474.30,732,882,889
474.60,718,867,874
474.90,706,852,859
475.20,696,839,845
475.50,686,828,835
475.80,678,818,823
476.10,671,808,814
476.40,663,799,804
476.70,659,795,801
477.00,655,791,797
477.30,646,781,786
477.60,641,774,779
477.90,633,765,769
478.20,621,749,754
478.50,608,733,738
478.80,583,703,707
479.10,573,691,694
479.40,561,676,680
479.70,547,660,663
480.00,531,640,644
480.30,519,626,630
480.60,509,611,615
480.90,499,598,602
481.20,489,587,591
481.50,480,578,581
481.80,473,569,571
482.10,466,562,565
482.40,459,553,556
482.70,457,550,552
483.00,453,544,547
483.30,447,538,541
483.60,444,534,536
483.90,435,522,525
484.20,423,508,510
484.50,409,491,494
484.80,398,477,479
485.10,387,465,468
485.40,375,450,452
485.70,362,433,435
486.00,347,416,417
486.30,336,404,406
486.60,327,391,394
486.90,318,381,383
487.20,311,371,373
487.50,303,363,365
487.80,298,356,358
488.10,293,350,351
488.40,288,344,346
488.70,285,341,342
489.00,283,338,338
489.30,277,330,332
489.60,272,325,327
489.90,262,312,314
490.20,259,309,310
490.50,250,298,299
490.80,240,284,286
491.10,230,273,274
491.40,219,260,262
491.70,207,246,247
492.00,198,234,235
492.30,189,223,225
492.60,182,214,216
492.90,176,206,208
493.20,170,199,201
493.50,165,194,194
493.80,160,188,189
494.10,156,183,184
494.40,154,180,180
494.70,151,177,177
495.00,148,173,173
495.30,145,169,170
495.60,143,167,168
495.90,137,160,161
496.20,132,152,154
496.50,125,144,145
496.80,116,134,135
497.10,112,128,129
497.40,104,119,120
497.70,95,108,109
498.00,90,101,102
498.30,84,95,95
498.60,79,89,89
498.90,75,83,84
499.20,71,79,79
499.50,68,75,75
499.80,66,72,72
500.10,63,68,69
500.40,61,67,67
500.70,59,65,65
501.00,58,63,63
501.30,56,62,61
501.60,55,60,59
501.90,51,55,55
502.20,48,51,50
502.50,45,47,47
502.80,41,42,42
503.10,37,37,37
503.40,33,33,33
503.70,30,28,28
504.00,27,24,24
504.30,24,21,21
504.60,22,20,19
504.90,21,17,16
505.20,19,16,14
505.50,18,14,13
505.80,17,13,12
506.10,16,12,11
506.40,16,11,10
506.70,15,11,10
507.00,15,10,9
507.30,14,10,9
507.60,14,9,8
507.90,13,8,8
508.20,12,7,6
508.50,12,7,6
508.80,11,6,5
509.10,11,6,5
509.40,11,5,5
509.70,12,6,5
510.00,12,7,5
510.30,12,8,7
510.60,13,9,8
510.90,14,10,9
511.20,15,11,10
511.50,16,13,11
511.80,17,13,12
512.10,18,15,13
512.40,19,15,14
512.70,19,16,14
513.00,19,17,16
513.30,21,17,16
513.60,21,18,17
513.90,23,21,19
514.20,25,23,22
514.50,28,26,25
514.80,31,30,28
515.10,34,33,33
515.40,37,38,37
515.70,42,43,42
516.00,47,49,48
516.30,50,54,52
516.60,54,58,57
516.90,58,63,61
517.20,61,66,65
517.50,64,70,69
517.80,66,73,72
518.10,69,76,75
518.40,71,79,78
518.70,72,80,79
519.00,74,82,81
519.30,76,85,83
519.60,77,87,86
519.90,83,94,92
520.20,86,98,96
520.50,91,104,102
520.80,99,112,111
521.10,105,119,119
521.40,111,129,127
521.70,120,139,138
522.00,128,149,147
522.30,135,157,156
522.60,141,165,164
522.90,147,171,171
523.20,153,179,178
523.50,158,185,184
523.80,161,190,189
524.10,166,195,194
524.40,169,198,198
524.70,171,200,200
525.00,173,204,203
525.30,177,208,207
525.60,180,211,210
525.90,186,220,219
526.20,193,228,227
526.50,201,238,237
526.80,210,250,248
527.10,220,261,260
527.40,231,274,273
527.70,242,289,288
528.00,254,303,302
528.30,265,315,315
528.60,273,326,325
528.90,282,336,336
529.20,289,345,346
529.50,295,353,354
529.80,301,361,360
530.10,306,366,366
530.40,310,371,371
530.70,313,375,375
531.00,316,379,379
531.30,320,384,384
531.60,324,388,388
531.90,333,400,399
532.20,341,410,410
532.50,352,423,423
532.80,364,437,438
533.10,376,452,451
533.40,389,467,468
533.70,403,486,486
534.00,417,503,503
534.30,431,518,519
534.60,442,532,532
534.90,452,544,545
535.20,462,556,556
535.50,469,565,565
535.80,476,572,574
536.10,482,580,581
536.40,486,586,587
536.70,489,589,590
537.00,493,594,595
537.30,498,601,602
537.60,504,607,608
537.90,515,621,622
538.20,524,632,635
538.50,537,647,649
538.80,550,664,666
539.10,566,683,685
539.40,580,699,701
539.70,597,720,723
540.00,613,741,743
540.30,627,758,759
540.60,641,773,776
540.90,653,787,788
541.20,663,800,802
541.50,671,811,813
541.80,679,819,822
542.10,685,828,831
542.40,690,834,836
542.70,693,839,841
543.00,699,844,845
543.30,702,850,854
543.60,709,858,860
543.90,721,872,874
544.20,733,887,889
544.50,746,903,905
544.80,761,922,923
545.10,777,941,944
545.40,794,961,964
545.70,813,984,987
546.00,829,1004,1006
546.30,844,1023,1026
546.60,857,1038,1041
546.90,870,1055,1056
547.20,880,1067,1070
547.50,891,1079,1082
547.80,898,1089,1092
548.10,905,1098,1102
548.40,911,1105,1107
548.70,917,1113,1115
549.00,921,1118,1119
549.30,927,1124,1127
549.60,935,1134,1136
549.90,948,1150,1152
550.20,958,1162,1165
550.50,973,1182,1183
550.80,989,1200,1204
551.10,1006,1221,1224
551.40,1023,1240,1244
551.70,1043,1266,1270
552.00,1062,1288,1292
552.30,1077,1307,1312
552.60,1092,1325,1328
552.90,1105,1342,1345
553.20,1118,1355,1361
553.50,1129,1368,1373
553.80,1135,1378,1382
554.10,1144,1389,1393
554.40,1150,1396,1400
554.70,1153,1399,1404
555.00,1158,1405,1410
555.30,1163,1413,1417
555.60,1171,1422,1425
555.90,1183,1436,1439
556.20,1196,1453,1457
556.50,1210,1468,1473
556.80,1228,1489,1494
557.10,1243,1510,1514
557.40,1260,1530,1535
557.70,1280,1554,1560
558.00,1299,1576,1581
558.30,1315,1595,1602
558.60,1330,1612,1619
558.90,1344,1629,1636
559.20,1356,1642,1651
559.50,1365,1654,1662
559.80,1372,1664,1673
560.10,1379,1674,1681
560.40,1385,1682,1689
560.70,1391,1689,1695
561.00,1394,1692,1699
561.30,1399,1699,1706
561.60,1405,1707,1714
561.90,1416,1720,1727
562.20,1428,1735,1742
562.50,1442,1753,1760
562.80,1457,1770,1778
563.10,1473,1789,1799
563.40,1489,1810,1817
563.70,1508,1832,1842
564.00,1525,1854,1863
564.30,1542,1871,1883
564.60,1556,1890,1901
564.90,1571,1905,1918
565.20,1581,1918,1932
565.50,1591,1930,1941
565.80,1596,1938,1950
566.10,1602,1946,1958
566.40,1606,1953,1964
566.70,1612,1957,1969
567.00,1615,1962,1974
567.30,1619,1969,1979
567.60,1626,1975,1987
567.90,1638,1991,2001
568.20,1649,2004,2015
568.50,1661,2018,2031
568.80,1677,2036,2049
569.10,1692,2056,2068
569.40,1705,2072,2085
569.70,1723,2094,2107
570.00,1739,2114,2126
570.30,1754,2130,2144
570.60,1767,2144,2159
570.90,1780,2159,2174
571.20,1790,2170,2187
571.50,1796,2178,2195
571.80,1802,2185,2202
572.10,1804,2193,2208
572.40,1809,2198,2213
572.70,1814,2203,2219
573.00,1817,2209,2223
573.30,1822,2214,2229
573.60,1829,2222,2236
573.90,1838,2234,2249
574.20,1849,2245,2262
574.50,1859,2259,2276
574.80,1872,2275,2292
575.10,1886,2289,2307
575.40,1898,2305,2322
575.70,1912,2321,2340
576.00,1924,2338,2354
576.30,1937,2350,2370
576.60,1948,2363,2383
576.90,1960,2375,2396
577.20,1967,2385,2404
577.50,1973,2393,2413
577.80,1979,2400,2420
578.10,1983,2405,2424
578.40,1987,2410,2429
578.70,1989,2415,2434
579.00,1992,2418,2436
579.30,1997,2424,2441
579.60,2000,2428,2449
579.90,2007,2439,2457
580.20,2018,2449,2469
580.50,2027,2461,2479
580.80,2037,2473,2492
581.10,2048,2488,2508
581.40,2057,2498,2517
581.70,2068,2512,2530
582.00,2078,2524,2544
582.30,2088,2535,2553
582.60,2098,2545,2564
582.90,2106,2555,2574
583.20,2110,2562,2583
583.50,2117,2569,2588
583.80,2120,2573,2594
584.10,2122,2576,2596
584.40,2125,2581,2601
584.70,2128,2584,2601
585.00,2129,2587,2604
585.30,2132,2589,2609
585.60,2135,2595,2613
585.90,2141,2601,2619
586.20,2145,2608,2626
586.50,2153,2617,2636
586.80,2159,2624,2643
587.10,2165,2633,2651
587.40,2173,2642,2659
587.70,2180,2651,2671
588.00,2187,2659,2678
588.30,2194,2665,2683
588.60,2199,2672,2692
588.90,2204,2677,2697
589.20,2211,2682,2701
589.50,2212,2686,2705
589.80,2213,2688,2707
590.10,2215,2691,2711
590.40,2216,2695,2710
590.70,2217,2694,2711
591.00,2218,2696,2714
591.30,2219,2698,2716
591.60,2222,2701,2718
591.90,2225,2705,2722
592.20,2228,2709,2726
592.50,2231,2714,2729
592.80,2234,2717,2735
593.10,2238,2721,2740
593.40,2243,2725,2743
593.70,2243,2731,2750
594.00,2248,2733,2752
594.30,2254,2738,2757
594.60,2257,2742,2761
594.90,2261,2744,2765
595.20,2264,2746,2767
595.50,2263,2745,2766
595.80,2261,2747,2767
596.10,2260,2746,2766
596.40,2261,2747,2766
596.70,2261,2749,2767
597.00,2261,2749,2768
597.30,2261,2749,2769
597.60,2261,2752,2770
597.90,2263,2751,2770
598.20,2261,2752,2770
598.50,2265,2753,2772
598.80,2265,2755,2773
599.10,2264,2753,2772
599.40,2267,2753,2774
599.70,2266,2753,2774
600.00,2265,2751,2773
600.30,2265,2752,2774
600.60,2267,2752,2776
600.90,2269,2753,2776
601.20,2269,2751,2775
601.50,2264,2751,2772
601.80,2264,2749,2770
602.10,2261,2747,2768
602.40,2259,2747,2767
602.70,2259,2744,2764
603.00,2258,2743,2765
603.30,2256,2741,2763
603.60,2254,2740,2762
603.90,2253,2737,2760
604.20,2251,2737,2758