1.29,11819,415
2.58,11829,422
3.87,11825,422
5.16,11811,422
6.45,11800,420
7.73,11752,419
9.02,11695,418
10.31,11660,418
11.60,11587,414
12.89,11498,409
14.18,11403,409
15.47,11331,416
16.76,11233,422
18.05,11125,429
19.34,11007,433
20.62,10870,432
21.91,10722,432
23.20,10611,435
24.49,10428,433
25.78,10262,430
27.07,10072,423
28.36,9831,412
29.65,9647,404
30.94,9474,400
32.23,9270,396
33.52,9015,391
34.80,8790,388
36.09,8578,387
37.38,8349,385
38.67,8091,379
39.96,7839,374
41.25,7638,373
42.54,7386,370
43.83,7134,366
45.12,6888,362
46.41,6643,357
47.70,6375,350
48.98,6089,343
50.27,5820,334
51.56,5557,324
52.85,5268,315
54.14,5007,308
55.43,4762,303
56.72,4523,299
58.01,4269,297
59.30,4060,294
60.59,3819,294
61.88,3588,294
63.16,3354,291
64.45,3112,287
65.74,2911,283
67.03,2719,281
68.32,2527,277
69.61,2309,269
70.90,2133,264
72.19,1972,262
73.48,1782,255
74.77,1596,252
76.05,1484,260
77.34,1356,264
78.63,1226,262
79.92,1100,256
81.21,995,251
82.50,888,249
83.79,802,247
85.08,723,245
86.37,664,243
87.66,613,243
88.95,579,242
90.23,553,242
91.52,543,241
92.81,543,241
94.10,554,241
95.39,580,242
96.68,618,243
97.97,661,244
99.26,704,244
100.55,777,246
101.84,847,248
103.12,934,250
104.41,1015,251
105.70,1125,254
106.99,1238,255
108.28,1367,259
109.57,1503,261
110.86,1661,265
112.15,1780,268
113.44,1943,270
114.73,2127,274
116.02,2313,278
117.30,2479,281
118.59,2676,285
119.88,2874,289
121.17,3074,293
122.46,3343,299
123.75,3543,303
125.04,3729,307
126.33,3987,312
127.62,4214,316
128.91,4428,321
130.20,4675,326
131.48,4917,331
132.77,5169,336
134.06,5470,343
135.35,5672,346
136.64,5911,352
137.93,6196,357
139.22,6449,362
140.51,6685,367
141.80,6942,372
143.09,7198,378
144.38,7456,382
145.66,7698,386
146.95,7946,392
148.24,8163,397
149.53,8403,402
150.82,8646,407
152.11,8867,411
153.40,9095,416
154.69,9320,421
155.98,9533,425
157.27,9760,430
158.55,9954,433
159.84,10142,437
161.13,10307,441
162.42,10492,445
163.71,10653,448
165.00,10798,451
166.29,10947,454
167.58,11077,456
168.87,11208,459
170.16,11336,462
171.45,11450,464
172.73,11499,464
174.02,11601,467
175.31,11667,468
176.60,11722,469
177.89,11791,471
179.18,11834,473
180.47,11861,473
181.76,11867,473
183.05,11883,473
184.34,11874,473
185.63,11831,472
186.91,11821,472
188.20,11734,471
189.49,11693,470
190.78,11627,467
192.07,11546,467
193.36,11424,464
194.65,11333,462
195.94,11221,461
197.23,11092,457
198.52,10918,454
199.80,10807,451
201.09,10676,449
202.38,10463,445
203.67,10303,441
204.96,10138,438
206.25,9958,435
207.54,9765,431
208.83,9628,428
210.12,9430,423
211.41,9218,419
212.70,9013,416
213.98,8765,410
215.27,8505,404
216.56,8356,402
217.85,8124,397
219.14,7880,393
220.43,7633,388
221.72,7391,383
223.01,7168,377
224.30,6884,372
225.59,6684,369
226.88,6447,364
228.16,6135,358
229.45,5896,352
230.74,5686,347
232.03,5406,343
233.32,5189,338
234.61,4930,332
235.90,4729,330
237.19,4501,324
238.48,4244,319
239.77,4006,314
241.05,3746,309
242.34,3554,306
243.63,3353,301
244.92,3130,297
246.21,2909,292
247.50,2718,288
248.79,2509,284
250.08,2306,280
251.37,2119,275
252.66,1951,273
253.95,1784,268
255.23,1614,267
256.52,1482,264
257.81,1354,261
259.10,1217,258
260.39,1098,255
261.68,999,254
262.97,900,252
264.26,808,250
265.55,739,248
266.84,683,247
268.13,631,247
269.41,593,245
270.70,567,245
271.99,551,245
273.28,548,244
274.57,556,245
275.86,578,245
277.15,609,246
278.44,647,247
279.73,703,248
281.02,776,250
282.30,847,251
283.59,928,253
284.88,1034,255
286.17,1160,257
287.46,1273,260
288.75,1410,262
290.04,1562,265
291.33,1713,268
292.62,1880,272
293.91,2057,276
295.20,2260,280
296.48,2440,283
297.77,2654,287
299.06,2876,292
300.35,3083,296
301.64,3312,300
302.93,3529,306
304.22,3759,310
305.51,3977,314
306.80,4223,320
308.09,4465,324
309.38,4706,329
310.66,4966,335
311.95,5220,340
313.24,5445,345
314.53,5669,348
315.82,5948,355
317.11,6193,359
318.40,6389,364
319.69,6662,370
320.98,6930,374
322.27,7169,380
323.55,7394,384
324.84,7621,388
326.13,7888,394
327.42,8104,399
328.71,8353,403
330.00,8554,408
331.29,8778,413
332.58,9004,416
333.87,9234,422
335.16,9434,427
336.45,9633,429
337.73,9861,434
339.02,10037,438
340.31,10178,440
341.60,10367,445
342.89,10544,448
344.18,10719,452
345.47,10860,455
346.76,11006,457
348.05,11135,460
349.34,11255,463
350.63,11365,465
351.91,11473,467
353.20,11575,469
354.49,11648,471
355.78,11723,472
357.07,11786,473
358.36,11839,475
359.65,11884,476
360.94,11904,477
362.23,11916,476
363.52,11927,476
364.80,11916,476
366.09,11898,477
367.38,11874,476
368.67,11828,475
369.96,11777,473
371.25,11720,472
372.54,11650,472
373.83,11547,470
375.12,11464,467
376.41,11361,465
377.70,11247,462
378.98,11109,460
380.27,10975,458
381.56,10810,455
382.85,10647,451
384.14,10497,447
385.43,10321,444
386.72,10144,440
388.01,9937,436
389.30,9762,432
390.59,9527,429
391.88,9300,424
393.16,9077,418
394.45,8840,413
395.74,8603,410
397.03,8367,405
398.32,8089,399
399.61,7803,393
400.90,7575,388
402.19,7310,383
403.48,7030,378
404.77,6734,372
406.05,6500,367
407.34,6247,362
408.63,5969,356
409.92,5684,351
411.21,5477,347
412.50,5209,341
413.79,4946,336
415.08,4689,330
416.37,4447,326
417.66,4192,319
418.95,4003,317
420.23,3781,312
421.52,3577,308
422.81,3348,304
424.10,3169,300
425.39,2960,295
426.68,2766,292
427.97,2557,288
429.26,2383,284
430.55,2176,280
431.84,2020,277
433.13,1873,274
434.41,1712,270
435.70,1505,267
436.99,1427,265
438.28,1286,263
439.57,1157,260
440.86,1047,257
442.15,966,256
443.44,879,254
444.73,797,252
446.02,731,252
447.30,682,250
448.59,631,250
449.88,597,249
451.17,571,248
452.46,557,248
453.75,555,248
455.04,561,248
456.33,584,249
457.62,608,249
458.91,649,250
460.20,697,251
461.48,767,252
462.77,856,254
464.06,920,255
465.35,1020,257
466.64,1126,259
467.93,1243,262
469.22,1383,264
470.51,1538,268
471.80,1715,271
473.09,1850,274
474.38,2042,278
475.66,2227,282
476.95,2426,286
478.24,2606,289
479.53,2792,292
480.82,3004,298
482.11,3217,302
483.40,3450,306
484.69,3666,311
485.98,3905,315
487.27,4159,321
488.55,4397,326
489.84,4606,329
491.13,4863,335
492.42,5124,340
493.71,5377,346
495.00,5635,352
496.29,5903,357
497.58,6176,362
498.87,6421,366
500.16,6699,372
501.45,6962,378
502.73,7243,383
504.02,7509,389
505.31,7768,393
506.60,8038,400
507.89,8298,405
509.18,8561,411
510.47,8784,415
511.76,9007,420
513.05,9220,424
514.34,9434,429
515.63,9638,433
516.91,9845,437
518.20,10056,440
519.49,10232,444
520.78,10400,448
522.07,10580,452
523.36,10729,455
524.65,10872,458
525.94,11007,460
527.23,11125,463
528.52,11217,465
529.80,11363,468
531.09,11496,472
532.38,11545,472
533.67,11617,474
534.96,11694,474
536.25,11745,476
537.54,11807,477
538.83,11835,477
540.12,11866,479
541.41,11884,479
542.70,11887,479
543.98,11858,478
545.27,11872,479
546.56,11851,478
547.85,11809,477
549.14,11747,476
550.43,11690,474
551.72,11654,474
553.01,11557,472
554.30,11443,471
555.59,11360,468
556.88,11251,466
558.16,11137,465
559.45,10990,461
560.74,10841,458
562.03,10702,455
563.32,10538,452
564.61,10354,447
565.90,10171,444
567.19,9971,441
568.48,9787,436
569.77,9581,432
571.05,9389,428
572.34,9191,424
573.63,8969,420
574.92,8725,415
576.21,8489,410
577.50,8251,405
578.79,8013,401
580.08,7758,395
581.37,7489,391
582.66,7253,385
583.95,7005,381
585.23,6745,375
586.52,6512,370
587.81,6250,365
589.10,5982,359
590.39,5715,354
591.68,5480,349
592.97,5214,343
594.26,4956,339
595.55,4731,334
596.84,4486,329
598.13,4236,324
599.41,3999,320
600.70,3758,314
601.99,3527,311
603.28,3300,306
604.57,3087,301
605.86,2862,297
607.15,2651,293
608.44,2455,288
609.73,2256,285
611.02,2046,280
612.30,1885,277
613.59,1732,274
614.88,1558,270
616.17,1408,267
617.46,1289,265
618.75,1167,263
620.04,1050,260
621.33,951,258
622.62,867,257
623.91,791,255
625.20,717,254
626.48,657,252
627.77,623,251
629.06,589,251
630.35,573,251
631.64,562,251
632.93,561,252
634.22,571,251
635.51,590,252
636.80,628,252
638.09,673,253
639.38,717,255
640.66,777,255
641.95,850,257
643.24,915,259
644.53,1001,261
645.82,1122,263
647.11,1244,265
648.40,1339,267
649.69,1499,271
650.98,1633,273
652.27,1793,277
653.55,1950,280
654.84,2106,283
656.13,2281,286
657.42,2460,290
658.71,2665,294
660.00,2850,298
661.29,3066,303
662.58,3287,306
663.87,3495,311
665.16,3711,316
666.45,3931,321
667.73,4196,326
669.02,4433,331
670.31,4667,335
671.60,4933,341
672.89,5183,345
674.18,5437,351
675.47,5689,356
676.76,5928,361
678.05,6192,367
679.34,6429,371
680.63,6684,376
681.91,6958,383
683.20,7209,387
684.49,7464,393
685.78,7720,398
687.07,7993,404
688.36,8238,409
689.65,8451,413
690.94,8696,418
692.23,8903,422
693.52,9142,427
694.80,9376,431
696.09,9578,436
697.38,9785,440
698.67,9994,444
699.96,10186,449
701.25,10350,452
702.54,10533,455
703.83,10714,459
705.12,10869,463
706.41,11014,465
707.70,11162,468
708.98,11287,471
710.27,11399,474
711.56,11507,475
712.85,11599,478
714.14,11687,479
715.43,11766,481
716.72,11832,482
718.01,11890,484
719.30,11925,485
720.59,11950,486
721.88,11951,485
723.16,11957,486
724.45,11945,485
725.74,11918,484
727.03,11860,483
728.32,11816,482
729.61,11759,481
730.90,11671,480
732.19,11606,478
733.48,11500,476
734.77,11407,474
736.05,11320,472
737.34,11204,470
738.63,11057,467
739.92,10923,465
741.21,10776,461
742.50,10663,460
743.79,10472,456
745.08,10302,452
746.37,10143,450
747.66,9969,446
748.95,9766,442
750.23,9563,438
751.52,9386,434
752.81,9130,429
754.10,8920,424
755.39,8689,420
756.68,8455,416
757.97,8227,411
759.26,7986,406
760.55,7760,402
761.84,7492,396
763.13,7276,391
764.41,7038,387
765.70,6782,381
766.99,6538,376
768.28,6276,372
769.57,6019,366
770.86,5782,361
772.15,5559,356
773.44,5305,352
774.73,5033,346
776.02,4796,341
777.30,4557,336
778.59,4269,331
779.88,4073,327
781.17,3823,321
782.46,3577,317
783.75,3360,313
785.04,3168,309
786.33,2910,303
787.62,2707,300
788.91,2510,295
790.20,2307,292
791.48,2123,288
792.77,1951,284
794.06,1778,281
795.35,1627,278
796.64,1473,275
797.93,1360,273
799.22,1216,270
800.51,1109,268
801.80,990,266
803.09,911,264
804.38,827,262
805.66,755,261
806.95,699,260
808.24,651,259
809.53,612,258
810.82,589,257
812.11,575,257
813.40,574,257
814.69,584,257
815.98,608,258
817.27,645,259
818.55,700,260
819.84,746,261
821.13,838,263
822.42,911,265
823.71,1001,265
825.00,1109,268
826.29,1236,270
827.58,1373,273
828.87,1496,276
830.16,1651,279
831.45,1822,282
832.73,1979,286
834.02,2136,289
835.31,2331,293
836.60,2527,297
837.89,2746,302
839.18,2959,306
840.47,3123,309
841.76,3338,314
843.05,3538,318
844.34,3739,322
845.63,3971,327
846.91,4174,331
848.20,4460,337
849.49,4678,341
850.78,4894,345
852.07,5125,351
853.36,5418,357
854.65,5614,361
855.94,5865,366
857.23,6136,371
858.52,6393,375
859.80,6633,381
861.09,6902,387
862.38,7154,393
863.67,7409,398
864.96,7646,403
866.25,7880,407
867.54,8122,412
868.83,8365,417
870.12,8577,421
871.41,8813,426
872.70,9024,431
873.98,9296,437
875.27,9477,439
876.56,9672,444
877.85,9859,447
879.14,10081,452
880.43,10221,456
881.72,10391,459
883.01,10566,462
884.30,10741,465
885.59,10875,468
886.88,11016,471
888.16,11149,474
889.45,11269,477
890.74,11380,480
892.03,11499,481
893.32,11590,484
894.61,11666,485
895.90,11740,486
897.19,11793,488
898.48,11827,488
899.77,11868,489
901.05,11900,491
902.34,11905,491
903.63,11910,491
904.92,11909,490
906.21,11865,490
907.50,11834,489
908.79,11765,488
910.08,11720,486
911.37,11637,485
912.66,11587,484
913.95,11482,481
915.23,11386,480
916.52,11281,477
917.81,11139,475
919.10,11004,472
920.39,10852,468
921.68,10712,466
922.97,10523,463
924.26,10343,459
925.55,10160,456
926.84,9963,452
928.13,9745,448
929.41,9535,443
930.70,9317,438
931.99,9072,433
933.28,8856,430
934.57,8628,424
935.86,8359,420
937.15,8129,415
938.44,7913,410
939.73,7667,405
941.02,7380,399
942.30,7138,394
943.59,6892,390
944.88,6647,384
946.17,6379,380
947.46,6183,375
948.75,5933,371
950.04,5718,366
951.33,5484,362
952.62,5226,356
953.91,4972,351
955.20,4771,347
956.48,4562,343
957.77,4307,338
959.06,4076,333
960.35,3859,329
961.64,3638,325
962.93,3430,321
964.22,3175,315
965.51,2995,312
966.80,2799,308
968.09,2578,303
969.38,2394,299
970.66,2243,297
971.95,2058,293
973.24,1868,290
974.53,1764,287
975.82,1596,284
977.11,1459,281
978.40,1329,279
979.69,1213,276
980.98,1102,273
982.27,999,272
983.55,927,271
984.84,841,269
986.13,772,268
987.42,709,266
988.71,664,265
990.00,627,263
991.29,602,264
992.58,588,264
993.87,588,264
995.16,599,265
996.45,625,265
997.73,657,266
999.02,705,267
1000.31,763,268
1001.60,833,270
1002.89,921,271
1004.18,1011,273
1005.47,1106,275
1006.76,1225,277
1008.05,1349,280
1009.34,1462,282
1010.63,1609,285
1011.91,1777,289
1013.20,1948,292
1014.49,2102,295
1015.78,2285,299
1017.07,2477,304
1018.36,2663,307
1019.65,2867,311
1020.94,3073,315
1022.23,3289,320
1023.52,3526,325
1024.80,3771,330
1026.09,4010,334
1027.38,4248,340
1028.67,4514,345
1029.96,4765,350
1031.25,5009,355
1032.54,5285,361
1033.83,5575,367
1035.12,5818,372
1036.41,6089,378
1037.70,6374,384
1038.98,6631,389
1040.27,6898,395
1041.56,7142,400
1042.85,7399,405
1044.14,7647,409
1045.43,7874,414
1046.72,8130,419
1048.01,8383,426
1049.30,8629,431
1050.59,8843,434
1051.88,9053,438
1053.16,9257,442
1054.45,9475,447
1055.74,9663,451
1057.03,9845,455
1058.32,10054,459
1059.61,10248,464
1060.90,10405,467
1062.19,10580,471
1063.48,10713,473
1064.77,10903,478
1066.05,11008,479
1067.34,11146,483
1068.63,11269,486
1069.92,11398,488
1071.21,11498,490
1072.50,11589,492
1073.79,11681,494
1075.08,11767,496
1076.37,11807,498
1077.66,11877,498
1078.95,11919,499
1080.23,11955,501
1081.52,11979,502
1082.81,11982,503
1084.10,11985,502
1085.39,11950,503
1086.68,11941,501
1087.97,11894,499
1089.26,11854,499
1090.55,11807,498
1091.84,11744,496
1093.13,11657,494
1094.41,11548,492
1095.70,11444,490
1096.99,11359,489
1098.28,11234,485
1099.57,11100,483
1100.86,10958,482
1102.15,10815,481
1103.44,10657,477
1104.73,10469,470
1106.02,10292,465
1107.30,10096,463
1108.59,9898,457
1109.88,9703,454
1111.17,9483,450
1112.46,9277,445
1113.75,9067,441
1115.04,8847,437
1116.33,8606,432
1117.62,8353,428
1118.91,8117,422
1120.20,7865,418
1121.48,7617,413
1122.77,7371,408
1124.06,7126,403
1125.35,6861,397
1126.64,6597,392
1127.93,6353,387
1129.22,6079,381
1130.51,5806,377
1131.80,5545,372
1133.09,5281,366
1134.38,5021,361
1135.66,4747,355
1136.95,4504,350
1138.24,4248,345
1139.53,3987,340
1140.82,3749,335
1142.11,3486,330
1143.40,3261,326
1144.69,3053,321
1145.98,2839,318
1147.27,2627,314
1148.55,2431,310
1149.84,2266,306
1151.13,2082,303
1152.42,1904,299
1153.71,1753,297
1155.00,1605,293
1156.29,1457,290
1157.58,1343,288
1158.87,1239,286
1160.16,1137,284
1161.45,1031,282
1162.73,940,280
1164.02,867,278
1165.31,796,277
1166.60,736,277
1167.89,685,274
1169.18,656,275
1170.47,626,274
1171.76,613,274
1173.05,608,274
1174.34,614,275
1175.63,632,274
1176.91,664,275
1178.20,713,276
1179.49,758,277
1180.78,818,278
1182.07,891,280
1183.36,985,282
1184.65,1067,283
1185.94,1160,286
1187.23,1267,288
1188.52,1420,291
1189.80,1536,293
1191.09,1678,296
1192.38,1828,299
1193.67,1980,302
1194.96,2124,306
1196.25,2283,309
1197.54,2477,313
1198.83,2670,317
1200.12,2898,321
1201.41,3100,326
1202.70,3318,330
1203.98,3546,334
1205.27,3778,339
1206.56,3989,344
1207.85,4253,349
1209.14,4501,354
1210.43,4764,359
1211.72,4993,364
1213.01,5261,369
1214.30,5530,375
1215.59,5767,380
1216.88,6019,386
1218.16,6300,391
1219.45,6562,398
1220.74,6772,401
1222.03,7027,407
1223.32,7307,413
1224.61,7546,417
1225.90,7799,422
1227.19,8029,427
1228.48,8252,433
1229.77,8484,438
1231.05,8716,444
1232.34,8924,449
1233.63,9153,452
1234.92,9395,456
1236.21,9635,462
1237.50,9850,466
1238.79,10070,471
1240.08,10270,475
1241.37,10462,479
1242.66,10626,481
1243.95,10810,486
1245.23,10990,490
1246.52,11125,493
1247.81,11253,497
1249.10,11397,499
1250.39,11509,500
1251.68,11566,501
1252.97,11657,502
1254.26,11741,503
1255.55,11794,504
1256.84,11862,506
1258.13,11895,507
1259.41,11918,507
1260.70,11923,507
1261.99,11953,508
1263.28,11939,508
1264.57,11930,507
1265.86,11908,507
1267.15,11870,506
1268.44,11804,505
1269.73,11746,503
1271.02,11715,504
1272.30,11614,502
1273.59,11520,499
1274.88,11418,498
1276.17,11326,496
1277.46,11225,494
1278.75,11090,490
1280.04,10959,488
1281.33,10785,486
1282.62,10660,483
1283.91,10475,479
1285.20,10294,476
1286.48,10134,473
1287.77,9903,467
1289.06,9739,464
1290.35,9554,461
1291.64,9371,458
1292.93,9158,453
1294.22,8927,447
1295.51,8691,444
1296.80,8454,439
1298.09,8244,435
1299.38,8055,431
1300.66,7783,425
1301.95,7527,421
1303.24,7264,415
1304.53,7028,411
1305.82,6746,404
1307.11,6504,399
1308.40,6250,394
1309.69,5978,388
1310.98,5735,384
1312.27,5474,378
1313.55,5230,374
1314.84,4988,368
1316.13,4721,363
1317.42,4475,358
1318.71,4225,353
1320.00,3987,349
1321.29,3750,344
1322.58,3528,342
1323.87,3310,336
1325.16,3098,333
1326.45,2904,329
1327.73,2680,323
1329.02,2489,320
1330.31,2309,316
1331.60,2116,312
1332.89,1946,309
1334.18,1799,307
1335.47,1657,303
1336.76,1508,300
1338.05,1378,298
1339.34,1265,297
1340.63,1145,295
1341.91,1033,293
1343.20,940,291
1344.49,862,290
1345.78,795,289
1347.07,735,287
1348.36,690,286
1349.65,656,284
1350.94,635,284
1352.23,628,284
1353.52,634,284
1354.80,653,285
1356.09,682,285
1357.38,721,286
1358.67,776,287
1359.96,844,289
1361.25,909,290
1362.54,999,292
1363.83,1101,295
1365.12,1201,296
1366.41,1309,299
1367.70,1438,302
1368.98,1571,305
1370.27,1731,307
1371.56,1846,310
1372.85,2010,314
1374.14,2171,316
1375.43,2377,322
1376.72,2553,325
1378.01,2730,328
1379.30,2930,333
1380.59,3104,336
1381.88,3326,340
1383.16,3503,344
1384.45,3760,349
1385.74,3961,354
1387.03,4199,359
1388.32,4432,364
1389.61,4708,369
1390.90,4925,375
1392.19,5132,379
1393.48,5407,385
1394.77,5683,392
1396.05,5889,395
1397.34,6140,401
1398.63,6397,405
1399.92,6652,411
1401.21,6901,416
1402.50,7179,422
1403.79,7406,427
1405.08,7658,432
1406.37,7894,437
1407.66,8142,442
1408.95,8389,447
1410.23,8610,452
1411.52,8849,456
1412.81,9104,461
1414.10,9296,466
1415.39,9513,471
1416.68,9695,474
1417.97,9904,478
1419.26,10111,483
1420.55,10302,486
1421.84,10485,491
1423.13,10648,495
1424.41,10814,498
1425.70,10987,502
1426.99,11111,505
1428.28,11250,507
1429.57,11381,509
1430.86,11506,513
1432.15,11590,515
1433.44,11681,516
1434.73,11769,518
1436.02,11837,520
1437.30,11895,520
1438.59,11948,522
1439.88,11978,522
1441.17,12006,524
1442.46,12040,524
1443.75,12038,525
1445.04,12027,524
1446.33,12008,524
1447.62,11951,522
1448.91,11889,522
1450.20,11829,520
1451.48,11767,519
1452.77,11704,517
1454.06,11577,515
1455.35,11467,513
1456.64,11372,512
1457.93,11244,509
1459.22,11093,507
1460.51,10936,503
1461.80,10783,501
1463.09,10608,497
1464.38,10424,493
1465.66,10240,489
1466.95,10046,487
1468.24,9840,483
1469.53,9645,479
1470.82,9421,475
1472.11,9211,470
1473.40,8991,465
1474.69,8791,461
1475.98,8573,457
1477.27,8338,453
1478.55,8132,448
1479.84,7917,445
1481.13,7670,439
1482.42,7403,433
1483.71,7167,430
1485.00,6908,423
1486.29,6653,420
1487.58,6423,415
1488.87,6174,410
1490.16,5909,405
1491.45,5662,400
1492.73,5417,395
1494.02,5170,389
1495.31,4873,384
1496.60,4674,380
1497.89,4421,375
1499.18,4201,370
1500.47,4002,366
1501.76,3777,362
1503.05,3540,358
1504.34,3314,354
1505.63,3137,350
1506.91,2925,346
1508.20,2716,343
1509.49,2543,339
1510.78,2355,335
1512.07,2204,332
1513.36,2039,328
1514.65,1869,326
1515.94,1727,324
1517.23,1555,320
1518.52,1410,317
1519.80,1308,315
1521.09,1187,312
1522.38,1079,310
1523.67,985,307
1524.96,910,308
1526.25,841,308
1527.54,783,306
1528.83,735,305
1530.12,702,304
1531.41,678,304
1532.70,668,303
1533.98,670,303
1535.27,684,303
1536.56,709,305
1537.85,748,307
1539.14,797,307
1540.43,859,309
1541.72,928,311
1543.01,1017,311
1544.30,1109,313
1545.59,1208,316
1546.88,1316,318
1548.16,1453,320
1549.45,1589,322
1550.74,1731,327
1552.03,1888,331
1553.32,2077,335
1554.61,2240,339
1555.90,2442,342
1557.19,2620,347
1558.48,2821,351
1559.77,3043,354
1561.05,3263,358
1562.34,3487,363
1563.63,3717,368
1564.92,3983,374
1566.21,4239,380
1567.50,4460,383
1568.79,4708,390
1570.08,4975,395
1571.37,5213,399
1572.66,5436,405
1573.95,5709,409
1575.23,5991,415
1576.52,6230,420
1577.81,6486,426
1579.10,6736,431
1580.39,7003,437
1581.68,7216,442
1582.97,7432,446
1584.26,7705,451
1585.55,7964,456
1586.84,8162,461
1588.13,8401,465
1589.41,8653,471
1590.70,8872,475
1591.99,9089,480
1593.28,9327,485
1594.57,9491,488
1595.86,9711,492
1597.15,9908,497
1598.44,10081,501
1599.73,10258,505
1601.02,10468,509
1602.30,10639,512
1603.59,10771,515
1604.88,10958,517
1606.17,11092,522
1607.46,11201,525
1608.75,11343,528
1610.04,11436,529
1611.33,11586,533
1612.62,11641,533
1613.91,11721,534
1615.20,11804,537
1616.48,11861,539
1617.77,11919,542
1619.06,11956,542
1620.35,11979,542
1621.64,12008,541
1622.93,12007,543
1624.22,11998,542
1625.51,11993,543
1626.80,11965,543
1628.09,11909,542
1629.38,11871,541
1630.66,11813,541
1631.95,11732,539
1633.24,11649,536
1634.53,11563,536
1635.82,11437,533
1637.11,11328,530
1638.40,11192,528
1639.69,11072,526
1640.98,10913,522
1642.27,10766,519
1643.55,10592,516
1644.84,10433,514
1646.13,10235,510
1647.42,10045,506
1648.71,9840,502
1650.00,9652,498
1651.29,9455,494
1652.58,9232,490
1653.87,9005,485
1655.16,8784,482
1656.45,8550,477
1657.73,8308,472
1659.02,8042,466
1660.31,7811,463
1661.60,7548,458
1662.89,7284,452
1664.18,7031,447
1665.47,6767,441
1666.76,6498,437
1668.05,6207,430
1669.34,5979,426
1670.63,5694,421
1671.91,5420,415
1673.20,5168,410
1674.49,4925,405
1675.78,4668,400
1677.07,4403,394
1678.36,4187,392
1679.65,3944,387
1680.94,3720,381
1682.23,3492,377
1683.52,3259,373
1684.80,3069,369
1686.09,2877,366
1687.38,2723,363
1688.67,2529,359
1689.96,2356,355
1691.25,2186,352
1692.54,2015,348
1693.83,1861,345
1695.12,1743,343
1696.41,1616,342
1697.70,1474,338
1698.98,1343,336
1700.27,1265,336
1701.56,1145,333
1702.85,1065,331
1704.14,965,329
1705.43,909,328
1706.72,849,328
1708.01,798,326
1709.30,759,325
1710.59,734,326
1711.88,718,326
1713.16,712,325
1714.45,717,326
1715.74,734,326
1717.03,760,326
1718.32,803,327
1719.61,850,327
1720.90,905,329
1722.19,971,331
1723.48,1046,333
1724.77,1149,336
1726.05,1245,337
1727.34,1354,340
1728.63,1495,343
1729.92,1634,345
1731.21,1792,349
1732.50,1946,352
1733.79,2098,355
1735.08,2273,359
1736.37,2468,364
1737.66,2650,368
1738.95,2858,371
1740.23,3073,377
1741.52,3288,381
1742.81,3513,386
1744.10,3729,390
1745.39,3980,395
1746.68,4201,399
1747.97,4420,405
1749.26,4672,410
1750.55,4927,416
1751.84,5179,422
1753.13,5421,426
1754.41,5694,432
1755.70,5940,437
1756.99,6167,441
1758.28,6421,446
1759.57,6692,452
1760.86,6958,458
1762.15,7201,463
1763.44,7462,468
1764.73,7741,474
1766.02,7987,479
1767.30,8255,485
1768.59,8495,491
1769.88,8764,496
1771.17,8999,501
1772.46,9251,507
1773.75,9473,511
1775.04,9687,515
1776.33,9933,521
1777.62,10129,524
1778.91,10330,530
1780.20,10512,533
1781.48,10700,538
1782.77,10861,541
1784.06,11011,543
1785.35,11162,547
1786.64,11315,550
1787.93,11409,553
1789.22,11514,556
1790.51,11624,559
1791.80,11720,561
1793.09,11819,562
1794.38,11886,564
1795.66,11942,564
1796.95,11994,567
1798.24,12062,567
1799.53,12085,568
1800.82,12112,569
1802.11,12119,569
1803.40,12124,569
1804.69,12111,569
1805.98,12093,568
1807.27,12063,569
1808.55,12003,567
1809.84,11968,566
1811.13,11896,565
1812.42,11820,564
1813.71,11750,563
1815.00,11655,562
1816.29,11546,560
1817.58,11424,557
1818.87,11319,555
1820.16,11195,553
1821.45,11027,549
1822.73,10877,546
1824.02,10720,543
1825.31,10557,541
1826.60,10362,536
1827.89,10161,532
1829.18,9986,529
1830.47,9764,525
1831.76,9579,522
1833.05,9359,517
1834.34,9133,513
1835.63,8900,508
1836.91,8671,504
1838.20,8423,498
1839.49,8196,494
1840.78,7960,490
1842.07,7702,485
1843.36,7423,479
1844.65,7174,475
1845.94,6915,469
1847.23,6640,464
1848.52,6375,459
1849.80,6124,454
1851.09,5876,448
1852.38,5622,444
1853.67,5344,438
1854.96,5114,434
1856.25,4860,428
1857.54,4604,423
1858.83,4351,418
1860.12,4111,414
1861.41,3885,409
1862.70,3666,404
1863.98,3437,399
1865.27,3201,395
1866.56,3010,391
1867.85,2808,386
1869.14,2587,383
1870.43,2389,380
1871.72,2247,377
1873.01,2062,373
1874.30,1898,371
1875.59,1751,368
1876.88,1608,364
1878.16,1461,362
1879.45,1329,360
1880.74,1230,358
1882.03,1128,357
1883.32,1034,353
1884.61,960,352
1885.90,900,351
1887.19,848,350
1888.48,809,349
1889.77,779,349
1891.05,767,349
1892.34,761,349
1893.63,768,349
1894.92,784,349
1896.21,816,351
1897.50,852,351
1898.79,895,353
1900.08,950,354
1901.37,1017,354
1902.66,1093,356
1903.95,1189,358
1905.23,1312,360
1906.52,1406,363
1907.81,1506,366
1909.10,1643,368
1910.39,1808,372
1911.68,1946,374
1912.97,2111,378
1914.26,2260,381
1915.55,2435,385
1916.84,2643,389
1918.13,2836,393
1919.41,3056,397
1920.70,3238,401
1921.99,3454,407
1923.28,3651,410
1924.57,3859,414
1925.86,4082,419
1927.15,4318,424
1928.44,4540,429
1929.73,4803,435
1931.02,5083,440
1932.30,5274,444
1933.59,5500,449
1934.88,5777,455
1936.17,6054,461
1937.46,6267,466
1938.75,6555,471
1940.04,6818,477
1941.33,7081,482
1942.62,7334,488
1943.91,7562,493
1945.20,7814,498
1946.48,8054,502
1947.77,8298,507
1949.06,8553,513
1950.35,8798,519
1951.64,9024,523
1952.93,9263,528
1954.22,9461,533
1955.51,9689,538
1956.80,9905,542
1958.09,10097,546
1959.38,10281,550
1960.66,10474,554
1961.95,10644,558
1963.24,10814,561
1964.53,10964,565
1965.82,11138,568
1967.11,11254,571
1968.40,11377,573
1969.69,11473,576
1970.98,11599,577
1972.27,11713,581
1973.55,11804,582
1974.84,11873,585
1976.13,11939,586
1977.42,12016,587
1978.71,12052,588
1980.00,12081,589
1981.29,12110,591
1982.58,12110,590
1983.87,12096,589
1985.16,12060,588
1986.45,12039,589
1987.73,11970,588
1989.02,11925,587
1990.31,11881,585
1991.60,11786,585
1992.89,11669,582
1994.18,11593,580
1995.47,11483,578
1996.76,11362,576
1998.05,11219,573
1999.34,11069,569
2000.63,10958,566
2001.91,10788,563
2003.20,10623,560
2004.49,10485,558
2005.78,10303,554
2007.07,10148,551
2008.36,9925,547
2009.65,9764,543
2010.94,9570,539
2012.23,9341,535
2013.52,9107,530
2014.80,8908,526
2016.09,8724,522
2017.38,8474,517
2018.67,8265,513
2019.96,7971,507
2021.25,7800,504
2022.54,7518,498
2023.83,7263,493
2025.12,7008,488
2026.41,6788,483
2027.70,6542,479
2028.98,6262,472
2030.27,6001,468
2031.56,5808,463
2032.85,5576,460
2034.14,5295,454
2035.43,5064,450
2036.72,4824,444
2038.01,4581,439
2039.30,4348,435
2040.59,4133,430
2041.88,3881,426
2043.16,3665,421
2044.45,3392,416
2045.74,3197,411
2047.03,2997,408
2048.32,2804,404
2049.61,2598,400
2050.90,2424,396
2052.19,2250,393
2053.48,2084,390
2054.77,1910,386
2056.05,1770,384
2057.34,1628,381
2058.63,1494,377
2059.92,1361,375
2061.21,1267,373
2062.50,1171,371
2063.79,1081,370
2065.08,1011,368
2066.37,946,367
2067.66,888,366
2068.95,847,365
2070.23,816,365
2071.52,798,364
2072.81,790,364
2074.10,794,364
2075.39,809,364
2076.68,837,365
2077.97,875,365
2079.26,927,367
2080.55,995,368
2081.84,1069,370
2083.12,1152,371
2084.41,1258,374
2085.70,1372,376
2086.99,1482,377
2088.28,1617,381
2089.57,1771,384
2090.86,1929,387
2092.15,2096,391
2093.44,2269,393
2094.73,2461,398
2096.02,2635,401
2097.30,2838,406
2098.59,3051,410
2099.88,3265,414
2101.17,3496,419
2102.46,3691,423
2103.75,3935,427
2105.04,4153,432
2106.33,4424,438
2107.62,4618,442
2108.91,4834,446
2110.20,5059,451
2111.48,5304,456
2112.77,5548,461
2114.06,5788,465
2115.35,6050,470
2116.64,6334,477
2117.93,6529,481
2119.22,6760,485
2120.51,7021,490
2121.80,7265,496
2123.09,7494,501
2124.37,7734,505
2125.66,7970,510
2126.95,8230,516
2128.24,8487,522
2129.53,8712,526
2130.82,8938,531
2132.11,9166,536
2133.40,9363,539
2134.69,9576,545
2135.98,9776,548
2137.27,9992,552
2138.55,10193,557
2139.84,10368,560
2141.13,10550,564
2142.42,10732,567
2143.71,10883,571
2145.00,11019,574
2146.29,11184,577
2147.58,11334,582
2148.87,11444,584
2150.16,11566,585
2151.45,11686,589
2152.73,11771,590
2154.02,11867,592
2155.31,11928,595
2156.60,12004,596
2157.89,12053,596
2159.18,12117,598
2160.47,12151,599
2161.76,12170,599
2163.05,12185,599
2164.34,12178,600
2165.62,12173,599
2166.91,12128,599
2168.20,12101,599
2169.49,12044,597
2170.78,11993,596
2172.07,11913,595
2173.36,11832,592
2174.65,11739,591
2175.94,11629,589
2177.23,11528,586
2178.52,11388,584
2179.80,11273,581
2181.09,11126,579
2182.38,10970,575
2183.67,10792,571
2184.96,10611,567
2186.25,10425,564
2187.54,10206,560
2188.83,10022,556
2190.12,9804,551
2191.41,9574,547
2192.70,9369,542
2193.98,9125,537
2195.27,8876,532
2196.56,8629,527
2197.85,8364,522
2199.14,8084,516
2200.43,7834,512
2201.72,7598,507
2203.01,7322,501
2204.30,7066,497
2205.59,6821,491
2206.87,6584,487
2208.16,6318,483
2209.45,6046,476
2210.74,5802,471
2212.03,5574,466
2213.32,5305,461
2214.61,5043,455
2215.90,4869,452
2217.19,4624,447
2218.48,4385,441
2219.77,4174,438
2221.05,3924,432
2222.34,3716,429
2223.63,3482,423
2224.92,3299,420
2226.21,3115,415
2227.50,2930,412
2228.79,2738,409
2230.08,2507,404
2231.37,2344,400
2232.66,2186,396
2233.95,1998,393
2235.23,1860,390
2236.52,1716,386
2237.81,1573,384
2239.10,1478,382
2240.39,1340,379
2241.68,1263,377
2242.97,1168,376
2244.26,1086,374
2245.55,1002,372
2246.84,943,370
2248.12,895,370
2249.41,855,369
2250.70,827,368
2251.99,806,368
2253.28,797,367
2254.57,797,367
2255.86,813,368
2257.15,838,368
2258.44,874,369
2259.73,927,369
2261.02,990,371
2262.30,1059,371
2263.59,1140,374
2264.88,1241,376
2266.17,1347,378
2267.46,1481,381
2268.75,1603,383
2270.04,1755,386
2271.33,1913,389
2272.62,2057,392
2273.91,2219,394
2275.20,2401,399
2276.48,2583,402
2277.77,2781,406
2279.06,2969,409
2280.35,3182,415
2281.64,3397,418
2282.93,3619,422
2284.22,3833,427
2285.51,4049,432
2286.80,4304,436
2288.09,4532,441
2289.37,4770,446
2290.66,5033,451
2291.95,5306,457
2293.24,5562,462
2294.53,5819,468
2295.82,6103,472
2297.11,6376,478
2298.40,6625,483
2299.69,6898,489
2300.98,7173,495
2302.27,7460,500
2303.55,7726,506
2304.84,7974,510
2306.13,8224,516
2307.42,8473,521
2308.71,8701,526
2310.00,8931,530
2311.29,9147,534
2312.58,9382,540
2313.87,9623,544
2315.16,9828,548
2316.45,10033,552
2317.73,10227,555
2319.02,10366,559
2320.31,10563,562
2321.60,10701,565
2322.89,10896,569
2324.18,11059,572
2325.47,11162,575
2326.76,11291,576
2328.05,11442,580
2329.34,11537,582
2330.62,11626,584
2331.91,11733,585
2333.20,11820,587
2334.49,11871,588
2335.78,11964,590
2337.07,12007,590
2338.36,12067,592
2339.65,12098,593
2340.94,12108,594
2342.23,12115,593
2343.52,12105,593
2344.80,12116,594
2346.09,12078,592
2347.38,12046,592
2348.67,11990,591
2349.96,11940,589
2351.25,11896,589
2352.54,11806,587
2353.83,11704,585
2355.12,11644,584
2356.41,11526,581
2357.70,11407,579
2358.98,11266,576
2360.27,11121,573
2361.56,10977,570
2362.85,10812,567
2364.14,10626,563
2365.43,10484,560
2366.72,10287,555
2368.01,10111,552
2369.30,9903,547
2370.59,9696,544
2371.87,9476,540
2373.16,9247,534
2374.45,9024,530
2375.74,8776,525
2377.03,8544,520
2378.32,8309,514
2379.61,8059,510
2380.90,7832,506
2382.19,7592,500
2383.48,7329,495
2384.77,7055,489
2386.05,6810,484
2387.34,6565,480
2388.63,6291,474
2389.92,6041,468
2391.21,5806,465
2392.50,5552,459
2393.79,5291,454
2395.08,5055,449
2396.37,4799,444
2397.66,4525,438
2398.95,4286,433
2400.23,4053,429
2401.52,3808,424
2402.81,3578,418
2404.10,3357,414
2405.39,3118,408
2406.68,2907,405
2407.97,2711,401
2409.26,2508,396
2410.55,2309,393
2411.84,2141,389
2413.12,1981,385
2414.41,1823,381
2415.70,1672,379
2416.99,1556,376
2418.28,1434,374
2419.57,1311,372
2420.86,1199,369
2422.15,1118,368
2423.44,1024,364
2424.73,968,364
2426.02,910,363
2427.30,866,362
2428.59,830,361
2429.88,799,361
2431.17,784,360
2432.46,780,359
2433.75,784,360
2435.04,799,360
2436.33,824,361
2437.62,863,362
2438.91,907,361
2440.20,954,363
2441.48,1030,365
2442.77,1105,366
2444.06,1184,368
2445.35,1286,370
2446.64,1413,372
2447.93,1536,374
2449.22,1650,376
2450.51,1796,381
2451.80,1937,383
2453.09,2072,385
2454.37,2248,389
2455.66,2419,392
2456.95,2598,396
2458.24,2823,401
2459.53,2987,404
2460.82,3187,408
2462.11,3401,413
2463.40,3614,416
2464.69,3827,421
2465.98,4060,426
2467.27,4347,433
2468.55,4587,437
2469.84,4809,441
2471.13,5052,446
2472.42,5305,452
2473.71,5544,457
2475.00,5786,462
2476.29,6043,467
2477.58,6318,472
2478.87,6570,478
2480.16,6834,483
2481.45,7111,488
2482.73,7351,493
2484.02,7596,498
2485.31,7844,502
2486.60,8087,509
2487.89,8319,513
2489.18,8561,518
2490.47,8813,522
2491.76,9042,527
2493.05,9274,533
2494.34,9494,536
2495.62,9694,541
2496.91,9901,545
2498.20,10103,548
2499.49,10310,553
2500.78,10477,557
2502.07,10677,560
2503.36,10874,564
2504.65,11030,567
2505.94,11182,570
2507.23,11321,573
2508.52,11467,576
2509.80,11579,579
2511.09,11697,582
2512.38,11804,583
2513.67,11895,586
2514.96,11983,587
2516.25,12041,588
2517.54,12092,590
2518.83,12127,590
2520.12,12164,590
2521.41,12159,591
2522.70,12172,591
2523.98,12162,591
2525.27,12133,591
2526.56,12081,590
2527.85,12036,589
2529.14,11995,588
2530.43,11910,586
2531.72,11884,586
2533.01,11784,583
2534.30,11694,583
2535.59,11583,579
2536.87,11455,577
2538.16,11340,575
2539.45,11231,572
2540.74,11093,569
2542.03,10952,566
2543.32,10773,563
2544.61,10617,560
2545.90,10445,555
2547.19,10243,551
2548.48,10074,547
2549.77,9852,543
2551.05,9645,539
2552.34,9446,535
2553.63,9253,530
2554.92,8999,525
2556.21,8761,521
2557.50,8551,516
2558.79,8336,511
2560.08,8083,507
2561.37,7819,501
2562.66,7576,497
2563.95,7313,490
2565.23,7081,486
2566.52,6848,482
2567.81,6607,476
2569.10,6349,471
2570.39,6073,465
2571.68,5846,460
2572.97,5580,454
2574.26,5293,450
2575.55,5039,444
2576.84,4815,439
2578.12,4569,435
2579.41,4330,430
2580.70,4093,425
2581.99,3867,421
2583.28,3609,416
2584.57,3404,411
2585.86,3171,406
2587.15,2952,402
2588.44,2768,398
2589.73,2570,394
2591.02,2383,390
2592.30,2213,387
2593.59,2050,384
2594.88,1873,380
2596.17,1730,377
2597.46,1598,375
2598.75,1462,372
2600.04,1344,369
2601.33,1235,367
2602.62,1146,365
2603.91,1059,363
2605.20,981,362
2606.48,921,361
2607.77,866,359
2609.06,821,360
2610.35,797,358
2611.64,780,358
2612.93,777,358
2614.22,785,358
2615.51,804,359
2616.80,841,359
2618.09,881,360
2619.37,936,361
2620.66,1015,364
2621.95,1107,365
2623.24,1196,367
2624.53,1290,370
2625.82,1408,372
2627.11,1526,373
2628.40,1653,376
2629.69,1820,381
2630.98,1951,383
2632.27,2112,386
2633.55,2270,389
2634.84,2466,392
2636.13,2638,397
2637.42,2821,399
2638.71,2987,404
2640.00,3185,407
2641.29,3388,411
2642.58,3631,417
2643.87,3818,420
2645.16,4072,425
2646.45,4285,431
2647.73,4537,435
2649.02,4746,440
2650.31,4965,445
2651.60,5235,449
2652.89,5462,454
2654.18,5717,459
2655.47,5969,464
2656.76,6248,470
2658.05,6516,477
2659.34,6733,480
2660.62,6965,485
2661.91,7234,490
2663.20,7516,497
2664.49,7736,501
2665.78,7971,505
2667.07,8239,511
2668.36,8502,516
2669.65,8714,521
2670.94,8923,525
2672.23,9129,530
2673.52,9383,535
2674.80,9595,538
2676.09,9789,543
2677.38,9982,547
2678.67,10209,552
2679.96,10391,555
2681.25,10530,559
2682.54,10711,562
2683.83,10887,566
2685.12,11040,569
2686.41,11169,572
2687.70,11322,575
2688.98,11452,577
2690.27,11573,580
2691.56,11690,583
2692.85,11773,584
2694.14,11838,586
2695.43,11931,587
2696.72,11979,588
2698.01,12029,590
2699.30,12074,591
2700.59,12087,591
2701.87,12091,591
2703.16,12120,592
2704.45,12106,592
2705.74,12062,591
2707.03,12051,591
2708.32,12006,590
2709.61,11946,588
2710.90,11900,588
2712.19,11816,585
2713.48,11713,584
2714.77,11614,582
2716.05,11507,579
2717.34,11391,577
2718.63,11246,575
2719.92,11092,571
2721.21,10935,568
2722.50,10763,564
2723.79,10575,561
2725.08,10398,557
2726.37,10199,553
2727.66,9976,549
2728.95,9787,545
2730.23,9573,540
2731.52,9333,535
2732.81,9120,531
2734.10,8908,526
2735.39,8659,522
2736.68,8418,516
2737.97,8189,513
2739.26,7955,506
2740.55,7684,502
2741.84,7453,496
2743.12,7254,493
2744.41,7013,488
2745.70,6767,482
2746.99,6494,478
2748.28,6301,474
2749.57,6040,468
2750.86,5811,463
2752.15,5576,460
2753.44,5336,454
2754.73,5086,449
2756.02,4828,444
2757.30,4617,439
2758.59,4406,436
2759.88,4168,431
2761.17,3914,425
2762.46,3672,421
2763.75,3473,416
2765.04,3286,412
2766.33,3037,408
2767.62,2885,405
2768.91,2699,401
2770.20,2503,396
2771.48,2344,394
2772.77,2176,391
2774.06,2015,388
2775.35,1850,384
2776.64,1721,382
2777.93,1596,379
2779.22,1470,377
2780.51,1357,374
2781.80,1232,372
2783.09,1151,370
2784.37,1051,368
2785.66,984,367
2786.95,922,365
2788.24,877,364
2789.53,839,365
2790.82,807,363
2792.11,791,362
2793.40,788,364
2794.69,794,365
2795.98,814,365
2797.27,850,365
2798.55,891,366
2799.84,947,367
2801.13,1010,368
2802.42,1088,369
2803.71,1172,372
2805.00,1262,374
2806.29,1382,376
2807.58,1508,379
2808.87,1627,382
2810.16,1773,385
2811.45,1924,387
2812.73,2074,391
2814.02,2234,393
2815.31,2418,398
2816.60,2602,402
2817.89,2787,405
2819.18,2999,410
2820.47,3226,415
2821.76,3440,420
2823.05,3682,424
2824.34,3921,429
2825.62,4160,433
2826.91,4405,439
2828.20,4682,444
2829.49,4922,449
2830.78,5167,455
2832.07,5458,461
2833.36,5743,466
2834.65,5970,472
2835.94,6210,477
2837.23,6497,482
2838.52,6748,487
2839.80,6988,493
2841.09,7237,498
2842.38,7512,505
2843.67,7768,509
2844.96,8002,514
2846.25,8271,521
2847.54,8485,525
2848.83,8732,530
2850.12,8922,534
2851.41,9134,538
2852.70,9353,542
2853.98,9604,548
2855.27,9789,552
2856.56,10000,556
2857.85,10167,560
2859.14,10347,563
2860.43,10506,567
2861.72,10686,571
2863.01,10842,574
2864.30,10995,577
2865.59,11148,581
2866.87,11291,583
2868.16,11420,586
2869.45,11568,589
2870.74,11670,591
2872.03,11753,593
2873.32,11841,595
2874.61,11918,597
2875.90,11986,598
2877.19,12043,599
2878.48,12099,600
2879.77,12145,602
2881.05,12168,601
2882.34,12179,602
2883.63,12190,603
2884.92,12175,602
2886.21,12157,603
2887.50,12113,602
2888.79,12085,601
2890.08,12033,600
2891.37,11968,598
2892.66,11898,597
2893.95,11801,596
2895.23,11710,594
2896.52,11597,590
2897.81,11493,589
2899.10,11342,585
2900.39,11214,582
2901.68,11063,580
2902.97,10897,577
2904.26,10720,573
2905.55,10543,569
2906.84,10384,566
2908.12,10182,561
2909.41,9992,559
2910.70,9783,554
2911.99,9578,551
2913.28,9358,545
2914.57,9135,540
2915.86,8873,535
2917.15,8654,531
2918.44,8421,525
2919.73,8178,520
2921.02,7925,516
2922.30,7682,511
2923.59,7432,507
2924.88,7164,500
2926.17,6881,495
2927.46,6624,490
2928.75,6353,483
2930.04,6079,478
2931.33,5815,474
2932.62,5546,468
2933.91,5283,463
2935.20,5003,458
2936.48,4759,453
2937.77,4486,447
2939.06,4234,443
2940.35,3998,438
2941.64,3759,433
2942.93,3522,429
2944.22,3307,425
2945.51,3110,421
2946.80,2900,417
2948.09,2678,412
2949.37,2517,409
2950.66,2325,405
2951.95,2160,401
2953.24,2045,399
2954.53,1915,397
2955.82,1752,393
2957.11,1621,391
2958.40,1513,389
2959.69,1371,385
2960.98,1278,383
2962.27,1174,382
2963.55,1105,380
2964.84,1034,379
2966.13,973,379
2967.42,922,378
2968.71,874,376
2970.00,844,376
2971.29,822,375
2972.58,813,376
2973.87,815,375
2975.16,828,375
2976.45,853,376
2977.73,888,377
2979.02,939,377
2980.31,985,379
2981.60,1048,380
2982.89,1132,381
2984.18,1217,384
2985.47,1308,385
2986.76,1434,387
2988.05,1544,390
2989.34,1653,393
2990.62,1781,395
2991.91,1948,399
2993.20,2088,401
2994.49,2252,405
2995.78,2422,407
2997.07,2625,412
2998.36,2807,415
2999.65,3014,421
3000.94,3209,424
3002.23,3436,429
3003.52,3675,434
3004.80,3904,439
3006.09,4171,445
3007.38,4401,449
3008.67,4655,455
3009.96,4907,459
3011.25,5119,464
3012.54,5384,469
3013.83,5645,475
3015.12,5875,480
3016.41,6121,483
3017.70,6385,490
3018.98,6660,495
3020.27,6897,500
3021.56,7160,506
3022.85,7407,511
3024.14,7636,516
3025.43,7872,520
3026.72,8123,525
3028.01,8371,530
3029.30,8614,534
3030.59,8861,540
3031.87,9103,546
3033.16,9343,551
3034.45,9607,555
3035.74,9827,561
3037.03,10050,564
3038.32,10284,570
3039.61,10476,573
3040.90,10668,577
3042.19,10825,581
3043.48,11008,584
3044.77,11181,588
3046.05,11300,590
3047.34,11418,592
3048.63,11536,596
3049.92,11662,597
3051.21,11758,599
3052.50,11851,602
3053.79,11915,603
3055.08,11968,603
3056.37,12036,604
3057.66,12057,604
3058.95,12109,607
3060.23,12122,606
3061.52,12133,606
3062.81,12149,607
3064.10,12129,606
3065.39,12097,606
3066.68,12073,604
3067.97,12018,604
3069.26,11995,603
3070.55,11919,601
3071.84,11843,599
3073.12,11789,600
3074.41,11678,596
3075.70,11574,594
3076.99,11458,591
3078.28,11324,589
3079.57,11197,586
3080.86,11053,583
3082.15,10896,580
3083.44,10770,577
3084.73,10580,572
3086.02,10399,570
3087.30,10240,566
3088.59,10041,561
3089.88,9858,558
3091.17,9638,554
3092.46,9415,549
3093.75,9226,546
3095.04,9003,541
3096.33,8751,536
3097.62,8538,532
3098.91,8289,527
3100.20,8048,523
3101.48,7738,516
3102.77,7530,511
3104.06,7285,507
3105.35,7034,502
3106.64,6785,497
3107.93,6528,491
3109.22,6279,487
3110.51,6003,481
3111.80,5748,475
3113.09,5494,471
3114.37,5230,465
3115.66,4974,460
3116.95,4716,454
3118.24,4489,450
3119.53,4262,444
3120.82,4026,440
3122.11,3799,435
3123.40,3576,432
3124.69,3358,427
3125.98,3144,422
3127.27,2919,418
3128.55,2738,415
3129.84,2569,410
3131.13,2381,407
3132.42,2194,403
3133.71,2042,400
3135.00,1896,397
3136.29,1737,394
3137.58,1593,391
3138.87,1475,388
3140.16,1352,386
3141.45,1243,384
3142.73,1147,382
3144.02,1064,380
3145.31,988,378
3146.60,928,377
3147.89,880,376
3149.18,843,376
3150.47,821,374
3151.76,813,375
3153.05,816,375
3154.34,830,376
3155.62,858,376
3156.91,893,376
3158.20,942,378
3159.49,1000,379
3160.78,1060,380
3162.07,1152,381
3163.36,1246,384
3164.65,1333,386
3165.94,1416,387
3167.23,1541,390
3168.52,1698,392
3169.80,1809,395
3171.09,1943,397
3172.38,2117,401
3173.67,2292,405
3174.96,2413,407
3176.25,2584,410
3177.54,2796,415
3178.83,3009,419
3180.12,3183,422
3181.41,3379,426
3182.70,3594,431
3183.98,3803,434
3185.27,4067,440
3186.56,4278,445
3187.85,4508,450
3189.14,4737,453
3190.43,4987,459
3191.72,5237,464
3193.01,5449,469
3194.30,5713,473
3195.59,5954,479
3196.87,6234,484
3198.16,6482,490
3199.45,6738,494
3200.74,6989,499
3202.03,7209,504
3203.32,7489,509
3204.61,7733,515
3205.90,7954,519
3207.19,8209,524
3208.48,8475,529
3209.77,8689,534
3211.05,8917,538
3212.34,9134,543
3213.63,9361,547
3214.92,9580,552
3216.21,9802,556
3217.50,10009,561
3218.79,10208,565
3220.08,10411,569
3221.37,10608,573
3222.66,10770,577
3223.95,10934,579
3225.23,11090,584
3226.52,11226,585
3227.81,11363,588
3229.10,11504,591
3230.39,11623,593
3231.68,11726,595
3232.97,11820,598
3234.26,11896,600
3235.55,11970,600
3236.84,12053,602
3238.12,12119,603
3239.41,12151,603
3240.70,12183,604
3241.99,12191,604
3243.28,12195,604
3244.57,12186,604
3245.86,12171,604
3247.15,12111,603
3248.44,12076,602
3249.73,12036,602
3251.02,11936,599
3252.30,11875,597
3253.59,11781,595
3254.88,11668,593
3256.17,11548,590
3257.46,11432,588
3258.75,11290,585
3260.04,11140,583
3261.33,10995,579
3262.62,10833,576
3263.91,10657,572
3265.20,10463,568
3266.48,10277,565
3267.77,10070,561
3269.06,9862,556
3270.35,9675,552
3271.64,9492,548
3272.93,9268,544
3274.22,9061,540
3275.51,8817,535
3276.80,8579,530
3278.09,8354,526
3279.37,8144,522
3280.66,7912,517
3281.95,7687,511
3283.24,7413,506
3284.53,7179,501
3285.82,6903,495
3287.11,6673,491
3288.40,6442,486
3289.69,6192,481
3290.98,5893,475
3292.27,5665,470
3293.55,5421,465
3294.84,5199,461
3296.13,4928,455
3297.42,4670,449
3298.71,4452,445
3300.00,4262,442
3301.29,4029,437
3302.58,3744,431
3303.87,3529,427
3305.16,3363,423
3306.45,3180,419
3307.73,2983,416
3309.02,2788,411
3310.31,2587,408
3311.60,2409,404
3312.89,2219,399
3314.18,2075,396
3315.47,1916,392
3316.76,1746,390
3318.05,1589,386
3319.34,1485,385
3320.62,1359,382
3321.91,1244,379
3323.20,1143,378
3324.49,1063,376
3325.78,989,375
3327.07,927,373
3328.36,879,372
3329.65,844,371
3330.94,817,370
3332.23,805,371
3333.52,803,370
3334.80,812,371
3336.09,834,370
3337.38,867,371
3338.67,916,371
3339.96,970,373
3341.25,1034,374
3342.54,1111,376
3343.83,1206,377
3345.12,1301,379
3346.41,1409,381
3347.70,1546,384
3348.98,1680,386
3350.27,1829,389
3351.56,1978,393
3352.85,2147,396
3354.14,2312,399
3355.43,2512,403
3356.72,2699,407
3358.01,2905,410
3359.30,3131,415
3360.59,3357,420
3361.87,3578,425
3363.16,3794,430
3364.45,4033,434
3365.74,4289,439
3367.03,4490,443
3368.32,4741,447
3369.61,4996,454
3370.90,5245,459
3372.19,5489,463
3373.48,5763,469
3374.77,6014,474
3376.05,6210,477
3377.34,6444,481
3378.63,6710,487
3379.92,6978,492
3381.21,7233,498
3382.50,7485,503
3383.79,7749,509
3385.08,7921,512
3386.37,8190,517
3387.66,8418,521
3388.95,8629,526
3390.23,8867,531
3391.52,9069,534
3392.81,9301,539
3394.10,9529,544
3395.39,9758,547
3396.68,9941,553
3397.97,10118,555
3399.26,10322,560
3400.55,10476,562
3401.84,10687,566
3403.12,10803,569
3404.41,10982,572
3405.70,11157,576
3406.99,11272,578
3408.28,11423,581
3409.57,11516,584
3410.86,11640,586
3412.15,11746,589
3413.44,11817,590
3414.73,11887,590
3416.02,11955,593
3417.30,12015,593
3418.59,12047,593
3419.88,12092,595
3421.17,12109,593
3422.46,12119,595
3423.75,12117,594
3425.04,12118,596
3426.33,12079,593
3427.62,12054,593
3428.91,11984,591
3430.20,11939,591
3431.48,11852,589
3432.77,11785,587
3434.06,11689,587
3435.35,11590,583
3436.64,11480,582
3437.93,11371,579
3439.22,11219,576
3440.51,11067,572
3441.80,10911,569
3443.09,10755,566
3444.37,10575,562
3445.66,10403,558
3446.95,10230,554
3448.24,10034,551
3449.53,9836,547
3450.82,9624,541
3452.11,9383,536
3453.40,9170,532
3454.69,8928,528
3455.98,8703,523
3457.27,8455,517
3458.55,8209,512
3459.84,7975,508
3461.13,7685,502
3462.42,7412,496
3463.71,7153,491
3465.00,6900,486
3466.29,6604,480
3467.58,6321,473
3468.87,6097,469
3470.16,5838,464
3471.45,5564,458
3472.73,5328,453
3474.02,5090,448
3475.31,4838,443
3476.60,4572,438
3477.89,4329,432
3479.18,4109,428
3480.47,3880,423
3481.76,3692,419
3483.05,3497,415
3484.34,3274,411
3485.62,3075,406
3486.91,2892,403
3488.20,2643,397
3489.49,2510,395
3490.78,2357,392
3492.07,2183,388
3493.36,2027,385
3494.65,1884,381
3495.94,1743,379
3497.23,1619,377
3498.52,1465,374
3499.80,1381,372
3501.09,1267,370
3502.38,1158,367
3503.67,1069,365
3504.96,1009,364
3506.25,942,361
3507.54,889,362
3508.83,845,361
3510.12,813,360
3511.41,790,359
3512.70,779,359
3513.98,780,359
3515.27,789,359
3516.56,812,360
3517.85,842,361
3519.14,888,361
3520.43,942,361
3521.72,999,363
3523.01,1093,365
3524.30,1190,367
3525.59,1274,369
3526.87,1380,371
3528.16,1502,373
3529.45,1641,376
3530.74,1779,379
3532.03,1939,381
3533.32,2117,385
3534.61,2289,388
3535.90,2475,393
3537.19,2659,397
3538.48,2863,400
3539.77,3058,404
3541.05,3273,409
3542.34,3493,413
3543.63,3686,416
3544.92,3933,422
3546.21,4164,427
3547.50,4404,432
3548.79,4645,436
3550.08,4903,440
3551.37,5139,446
3552.66,5364,450
3553.95,5631,455
3555.23,5891,460
3556.52,6139,465
3557.81,6410,471
3559.10,6685,477
3560.39,6957,483
3561.68,7206,486
3562.97,7482,492
3564.26,7758,498
3565.55,8007,503
3566.84,8273,509
3568.12,8524,514
3569.41,8783,519
3570.70,9022,523
3571.99,9273,528
3573.28,9485,533
3574.57,9691,537
3575.86,9927,543
3577.15,10117,545
3578.44,10311,550
3579.73,10472,553
3581.02,10645,557
3582.30,10837,559
3583.59,10992,564
3584.88,11132,567
3586.17,11274,569
3587.46,11395,572
3588.75,11494,574
3590.04,11617,576
3591.33,11715,578
3592.62,11809,580
3593.91,11891,581
3595.20,11958,583
3596.48,12022,584
3597.77,12058,584
3599.06,12110,586
3600.35,12136,586
3601.64,12154,587
3602.93,12159,587
3604.22,12161,587
3605.51,12142,587
3606.80,12109,584
3608.09,12054,583
3609.37,12026,584
3610.66,11975,582
3611.95,11886,580
3613.24,11830,579
3614.53,11741,577
3615.82,11645,575
3617.11,11515,572
3618.40,11393,569
3619.69,11266,568
3620.98,11110,564
3622.27,10958,560
3623.55,10796,557
3624.84,10640,554
3626.13,10454,550
3627.42,10283,547
3628.71,10078,542
3630.00,9880,538
3631.29,9667,534
3632.58,9453,529
3633.87,9239,525
3635.16,9023,521
3636.45,8788,515
3637.73,8542,511
3639.02,8296,506
3640.31,8045,500
3641.60,7787,496
3642.89,7513,490
3644.18,7259,484
3645.47,7028,478
3646.76,6746,474
3648.05,6494,469
3649.34,6266,464
3650.62,5993,458
3651.91,5720,453
3653.20,5441,447
3654.49,5203,440
3655.78,4951,437
3657.07,4704,431
3658.36,4461,427
3659.65,4219,421
3660.94,3981,416
3662.23,3762,412
3663.52,3517,407
3664.80,3287,403
3666.09,3081,398
3667.38,2867,394
3668.67,2662,390
3669.96,2471,386
3671.25,2299,383
3672.54,2109,378
3673.83,1932,375
3675.12,1783,371
3676.41,1633,368
3677.70,1479,364
3678.98,1358,363
3680.27,1252,361
3681.56,1156,359
3682.85,1062,357
3684.14,987,355
3685.43,922,353
3686.72,863,353
3688.01,817,351
3689.30,788,350
3690.59,772,350
3691.87,762,350
3693.16,763,349
3694.45,773,350
3695.74,794,351
3697.03,828,351
3698.32,874,352
3699.61,922,352
3700.90,985,354
3702.19,1077,355
3703.48,1140,357
3704.77,1258,360
3706.05,1350,362
3707.34,1449,364
3708.63,1584,366
3709.92,1738,368
3711.21,1874,371
3712.50,2052,374
3713.79,2200,378
3715.08,2375,382
3716.37,2529,385
3717.66,2732,388
3718.95,2925,393
3720.23,3115,395
3721.52,3296,400
3722.81,3530,405
3724.10,3749,408
3725.39,3977,414
3726.68,4216,419
3727.97,4425,423
3729.26,4669,427
3730.55,4914,432
3731.84,5162,437
3733.12,5399,442
3734.41,5677,448
3735.70,5963,453
3736.99,6202,457
3738.28,6435,462
3739.57,6690,468
3740.86,6950,473
3742.15,7193,479
3743.44,7445,483
3744.73,7712,489
3746.02,7969,495
3747.30,8222,499
3748.59,8460,504
3749.88,8702,509
3751.17,8950,514
3752.46,9158,518
3753.75,9360,522
3755.04,9574,527
3756.33,9791,531
3757.62,10018,536
3758.91,10210,539
3760.20,10398,542
3761.48,10571,546
3762.77,10721,548
3764.06,10866,552
3765.35,11040,556
3766.64,11179,558
3767.93,11290,560
3769.22,11449,563
3770.51,11548,566
3771.80,11681,570
3773.09,11773,572
3774.37,11854,573
3775.66,11917,574
3776.95,11995,576
3778.24,12027,576
3779.53,12066,577
3780.82,12098,578
3782.11,12091,578
3783.40,12083,577
3784.69,12048,576
3785.98,12019,576
3787.27,11978,575
3788.55,11920,573
3789.84,11875,573
3791.13,11785,570
3792.42,11709,569
3793.71,11622,568
3795.00,11540,566
3796.29,11398,563
3797.58,11275,559
3798.87,11159,559
3800.16,11023,555
3801.45,10861,552
3802.73,10716,549
3804.02,10535,545
3805.31,10379,542
3806.60,10228,538
3807.89,9997,534
3809.18,9866,531
3810.47,9588,527
3811.76,9434,523
3813.05,9208,518
3814.34,8989,514
3815.62,8762,509
3816.91,8533,504
3818.20,8293,500
3819.49,8021,493
3820.78,7839,489
3822.07,7599,485
3823.36,7320,480
3824.65,7116,475
3825.94,6889,471
3827.23,6645,466
3828.52,6347,459
3829.80,6133,455
3831.09,5868,450
3832.38,5608,445
3833.67,5350,440
3834.96,5122,435
3836.25,4891,430
3837.54,4646,425
3838.83,4385,419
3840.12,4146,415
3841.41,3874,410
3842.70,3675,405
3843.98,3451,401
3845.27,3251,397
3846.56,3043,393
3847.85,2832,389
3849.14,2641,384
3850.43,2444,381
3851.72,2270,376
3853.01,2084,373
3854.30,1921,371
3855.59,1777,366
3856.87,1640,364
3858.16,1504,362
3859.45,1377,359
3860.74,1278,357
3862.03,1176,354
3863.32,1076,353
3864.61,997,351
3865.90,928,350
3867.19,874,349
3868.48,828,348
3869.77,792,347
3871.05,770,347
3872.34,757,346
3873.63,757,346
3874.92,769,347
3876.21,793,346
3877.50,831,348
3878.79,880,348
3880.08,943,349
3881.37,1014,352
3882.66,1099,353
3883.95,1203,355
3885.23,1326,358
3886.52,1440,360
3887.81,1578,362
3889.10,1718,366
3890.39,1883,369
3891.68,2017,371
3892.97,2191,376
3894.26,2381,379
3895.55,2555,383
3896.84,2736,386
3898.12,2934,391
3899.41,3156,395
3900.70,3364,400
3901.99,3584,404
3903.28,3819,409
3904.57,4004,413
3905.86,4245,418
3907.15,4474,423
3908.44,4669,426
3909.73,4930,432
3911.02,5162,436
3912.30,5398,441
3913.59,5605,445
3914.88,5865,450
3916.17,6139,456
3917.46,6337,460
3918.75,6597,466
3920.04,6843,471
3921.33,7117,476
3922.62,7347,481
3923.91,7639,487
3925.20,7857,491
3926.48,8106,496
3927.77,8343,501
3929.06,8599,506
3930.35,8794,510
3931.64,9000,515
3932.93,9214,519
3934.22,9453,524
3935.51,9670,528
3936.80,9887,532
3938.09,10084,536
3939.37,10239,540
3940.66,10427,544
3941.95,10609,547
3943.24,10795,550
3944.53,10924,553
3945.82,11083,557
3947.11,11235,560
3948.40,11359,563
3949.69,11470,565
3950.98,11591,567
3952.27,11695,570
3953.55,11786,572
3954.84,11870,573
3956.13,11948,575
3957.42,12004,576
3958.71,12052,577
3960.00,12090,578
3961.29,12120,578
3962.58,12138,579
3963.87,12143,579
3965.16,12121,579
3966.45,12116,579
3967.73,12072,578
3969.02,12026,576
3970.31,11984,576
3971.60,11918,575
3972.89,11835,572
3974.18,11740,570
3975.47,11642,569
3976.76,11536,566
3978.05,11424,564
3979.34,11286,561
3980.62,11123,557
3981.91,10935,554
3983.20,10791,552
3984.49,10608,546
3985.78,10424,543
3987.07,10197,538
3988.36,10013,535
3989.65,9795,531
3990.94,9594,527
3992.23,9348,522
3993.52,9085,516
3994.80,8861,511
3996.09,8623,507
3997.38,8400,502
3998.67,8096,496
3999.96,7870,492
4001.25,7663,487
4002.54,7385,482
4003.83,7129,476
4005.12,6882,471
4006.41,6608,465
4007.70,6376,461
4008.98,6121,455
4010.27,5851,450
4011.56,5682,448
4012.85,5438,443
4014.14,5188,436
4015.43,4942,432
4016.72,4669,427
4018.01,4458,422
4019.30,4247,418
4020.59,4020,414
4021.87,3816,410
4023.16,3569,405
4024.45,3342,400
4025.74,3163,397
4027.03,2962,392
4028.32,2767,388
4029.61,2551,384
4030.90,2368,380
4032.19,2222,377
4033.48,2048,374
4034.77,1895,371
4036.05,1717,367
4037.34,1633,366
4038.63,1486,361
4039.92,1373,360
4041.21,1255,358
4042.50,1165,357
4043.79,1083,355
4045.08,1004,353
4046.37,945,352
4047.66,884,350
4048.95,837,350
4050.23,803,349
4051.52,773,348
4052.81,764,348
4054.10,761,349
4055.39,773,348
4056.68,794,348
4057.97,833,350
4059.26,876,351
4060.55,942,351
4061.84,1007,352
4063.12,1089,354
4064.41,1190,357
4065.70,1298,358
4066.99,1411,360
4068.28,1528,363
4069.57,1672,367
4070.86,1826,370
4072.15,1957,372
4073.44,2135,376
4074.73,2305,379
4076.02,2499,384
4077.30,2688,386
4078.59,2881,390
4079.88,3071,394
4081.17,3280,399
4082.46,3496,403
4083.75,3713,407
4085.04,3931,412
4086.33,4195,416
4087.62,4453,422
4088.91,4695,428
4090.20,4965,433
4091.48,5218,438
4092.77,5497,443
4094.06,5758,449
4095.35,6033,455
4096.64,6308,461
4097.93,6558,466
4099.22,6839,471
4100.51,7109,478
4101.80,7371,481
4103.09,7609,487
4104.37,7858,491
4105.66,8115,496
4106.95,8350,502
4108.24,8578,507
4109.53,8820,511
4110.82,9058,516
4112.11,9309,521
4113.40,9558,527
4114.69,9720,531
4115.98,9890,533
4117.27,10077,537
4118.55,10275,541
4119.84,10377,544
4121.13,10613,549
4122.42,10810,551
4123.71,10919,555
4125.00,11057,558
4126.29,11159,560
4127.58,11297,562
4128.87,11458,565
4130.16,11555,568
4131.45,11679,570
4132.73,11745,572
4134.02,11841,574
4135.31,11912,575
4136.60,11972,575
4137.89,12025,576
4139.18,12052,578
4140.47,12073,578
4141.76,12094,579
4143.05,12098,578
4144.34,12079,579
4145.62,12048,578
4146.91,12045,578
4148.20,11994,576
4149.49,11949,575
4150.78,11885,574
4152.07,11803,572
4153.36,11725,571
4154.65,11639,569
4155.94,11544,567
4157.23,11408,565
4158.52,11252,561
4159.80,11147,558
4161.09,11012,556
4162.38,10847,553
4163.67,10678,549
4164.96,10521,547
4166.25,10327,543
4167.54,10141,538
4168.83,9929,535
4170.12,9721,531
4171.41,9506,526
4172.70,9289,521
4173.98,9070,516
4175.27,8833,512
4176.56,8610,508
4177.85,8385,503
4179.14,8123,497
4180.43,7889,492
4181.72,7647,488
4183.01,7380,483
4184.30,7128,477
4185.59,6898,473
4186.87,6656,468
4188.16,6377,462
4189.45,6130,458
4190.74,5890,452
4192.03,5626,447
4193.32,5339,441
4194.61,5088,436
4195.90,4832,432
4197.19,4580,425
4198.48,4334,421
4199.77,4079,415
4201.05,3820,411
4202.34,3603,406
4203.63,3378,402
4204.92,3128,396
4206.21,2919,392
4207.50,2728,388
4208.79,2539,384
4210.08,2342,381
4211.37,2166,377
4212.66,2007,374
4213.95,1863,371
4215.23,1702,368
4216.52,1572,365
4217.81,1440,362
4219.10,1329,361
4220.39,1219,357
4221.68,1153,357
4222.97,1065,355
4224.26,989,353
4225.55,921,352
4226.84,869,351
4228.12,834,350
4229.41,802,349
4230.70,779,350
4231.99,764,349
4233.28,765,349
4234.57,772,349
4235.86,792,350
4237.15,824,350
4238.44,862,350
4239.73,915,352
4241.02,992,354
4242.30,1059,355
4243.59,1132,357
4244.88,1229,358
4246.17,1348,361
4247.46,1448,363
4248.75,1569,366
4250.04,1695,368
4251.33,1855,372
4252.62,2003,375
4253.91,2161,378
4255.20,2325,381
4256.48,2502,385
4257.77,2742,390
4259.06,2923,393
4260.35,3100,397
4261.64,3307,401
4262.93,3528,407
4264.22,3767,411
4265.51,4004,415
4266.80,4232,421
4268.09,4457,425
4269.37,4693,430
4270.66,4942,436
4271.95,5203,440
4273.24,5452,445
4274.53,5695,450
4275.82,5987,456
4277.11,6259,462
4278.40,6490,466
4279.69,6730,471
4280.98,7015,477
4282.27,7257,482
4283.55,7495,487
4284.84,7747,492
4286.13,8007,498
4287.42,8258,502
4288.71,8497,507
4290.00,8727,512
4291.29,8948,516
4292.58,9182,522
4293.87,9401,525
4295.16,9617,531
4296.45,9826,534
4297.73,10039,539
4299.02,10264,543
4300.31,10441,548
4301.60,10640,551
4302.89,10820,554
4304.18,11007,559
4305.47,11164,562
4306.76,11317,565
4308.05,11465,569
4309.34,11565,570
4310.62,11687,573
4311.91,11796,576
4313.20,11888,576
4314.49,11949,579
4315.78,12011,581
4317.07,12060,581
4318.36,12112,583
4319.65,12127,582
4320.94,12137,582
4322.23,12148,582
4323.52,12141,583
4324.80,12131,583
4326.09,12114,583
4327.38,12068,582
4328.67,12035,581
4329.96,11977,580
4331.25,11907,579
4332.54,11822,577
4333.83,11740,576
4335.12,11653,574
4336.41,11554,572
4337.70,11432,570
4338.98,11302,567
4340.27,11164,564
4341.56,11023,561
4342.85,10860,558
4344.14,10692,554
4345.43,10513,550
4346.72,10337,548
4348.01,10134,543
4349.30,9979,540
4350.59,9755,535
4351.87,9551,531
4353.16,9357,527
4354.45,9130,523
4355.74,8924,519
4357.03,8673,514
4358.32,8410,508
4359.61,8156,502
4360.90,7928,498
4362.19,7711,494
4363.48,7454,489
4364.77,7191,484
4366.05,6942,479
4367.34,6695,474
4368.63,6433,467
4369.92,6107,462
4371.21,5910,458
4372.50,5674,454
4373.79,5396,447
4375.08,5157,443
4376.37,4910,437
4377.66,4654,433
4378.95,4391,428
4380.23,4151,423
4381.52,3909,417
4382.81,3667,412
4384.10,3457,408
4385.39,3222,404
4386.68,3026,400
4387.97,2829,396
4389.26,2638,392
4390.55,2429,388
4391.84,2265,385
4393.12,2094,381
4394.41,1925,378
4395.70,1776,375
4396.99,1644,372
4398.28,1514,369
4399.57,1380,366
4400.86,1269,365
4402.15,1158,363
4403.44,1086,361
4404.73,1002,359
4406.02,935,358
4407.30,879,357
4408.59,836,355
4409.88,805,356
4411.17,784,355
4412.46,776,354
4413.75,782,356
4415.04,798,356
4416.33,831,356
4417.62,874,357
4418.91,932,358
4420.20,991,359
4421.48,1068,360
4422.77,1172,363
4424.06,1254,365
4425.35,1362,367
4426.64,1493,369
4427.93,1606,372
4429.22,1750,375
4430.51,1891,379
4431.80,2037,381
4433.09,2169,384
4434.37,2350,388
4435.66,2530,391
4436.95,2687,395
4438.24,2891,399
4439.53,3100,403
4440.82,3287,406
4442.11,3509,412
4443.40,3739,416
4444.69,3944,420
4445.98,4157,425
4447.27,4409,430
4448.55,4660,434
4449.84,4909,440
4451.13,5136,445
4452.42,5419,450
4453.71,5690,456
4455.00,5865,460
4456.29,6142,465
4457.58,6399,470
4458.87,6605,475
4460.16,6868,480
4461.45,7129,485
4462.73,7405,491
4464.02,7649,495
4465.31,7884,500
4466.60,8146,506
4467.89,8379,511
4469.18,8639,515
4470.47,8834,520
4471.76,9053,524
4473.05,9269,529
4474.34,9500,533
4475.62,9717,538
4476.91,9908,542
4478.20,10122,547
4479.49,10308,551
4480.78,10469,554
4482.07,10638,556
4483.36,10842,562
4484.65,10992,565
4485.94,11156,568
4487.23,11295,571
4488.52,11419,573
4489.80,11544,576
4491.09,11648,578
4492.38,11742,581
4493.67,11823,583
4494.96,11895,583
4496.25,11960,584
4497.54,12027,587
4498.83,12055,587
4500.12,12090,588
4501.41,12119,588
4502.70,12113,588
4503.98,12090,587
4505.27,12096,588
4506.56,12075,587
4507.85,12044,588
4509.14,11977,585
4510.43,11909,584
4511.72,11832,583
4513.01,11756,581
4514.30,11655,580
4515.59,11537,577
4516.87,11416,574
4518.16,11260,571
4519.45,11127,568
4520.74,10978,565
4522.03,10790,561
4523.32,10601,558
4524.61,10423,554
4525.90,10253,550
4527.19,10052,547
4528.48,9846,543
4529.77,9638,538
4531.05,9435,534
4532.34,9198,528
4533.63,8990,525
4534.92,8748,520
4536.21,8513,515
4537.50,8314,510
4538.79,8123,507
4540.08,7900,503
4541.37,7665,498
4542.66,7429,493
4543.95,7175,487
4545.23,6912,482
4546.52,6689,478
4547.81,6399,472
4549.10,6209,467
4550.39,5953,463
4551.68,5649,456
4552.97,5459,453
4554.26,5192,447
4555.55,4917,442
4556.84,4740,439
4558.12,4471,434
4559.41,4259,428
4560.70,4019,424
4561.99,3811,420
4563.28,3593,415
4564.57,3375,411
4565.86,3176,407
4567.15,2989,403
4568.44,2781,399
4569.73,2577,395
4571.02,2417,392
4572.30,2245,388
4573.59,2078,385
4574.88,1936,382
4576.17,1768,378
4577.46,1644,376
4578.75,1501,374
4580.04,1376,370
4581.33,1264,368
4582.62,1170,365
4583.91,1076,364
4585.20,1004,363
4586.48,941,361
4587.77,888,362
4589.06,844,361
4590.35,810,359
4591.64,792,359
4592.93,783,358
4594.22,789,358
4595.51,804,359
4596.80,833,360
4598.09,870,360
4599.37,920,361
4600.66,983,363
4601.95,1056,364
4603.24,1142,366
4604.53,1234,367
4605.82,1347,371
4607.11,1465,373
4608.40,1577,375
4609.69,1707,378
4610.98,1862,381
4612.27,2023,383
4613.55,2185,387
4614.84,2369,391
4616.13,2567,395
4617.42,2757,399
4618.71,2963,403
4620.00,3182,407
4621.29,3403,412
4622.58,3641,417
4623.87,3879,422
4625.16,4113,426
4626.45,4365,432
4627.73,4639,438
4629.02,4879,443
4630.31,5110,447
4631.60,5372,452
4632.89,5657,457
4634.18,5883,463
4635.47,6120,468
4636.76,6394,473
4638.05,6665,479
4639.34,6917,484
4640.62,7145,488
4641.91,7413,494
4643.20,7665,499
4644.49,7861,503
4645.78,8092,508
4647.07,8364,514
4648.36,8624,519
4649.65,8805,521
4650.94,9036,527
4652.23,9280,532
4653.52,9482,537
4654.80,9634,539
4656.09,9838,544
4657.38,10038,548
4658.67,10238,553
4659.96,10424,557
4661.25,10578,558
4662.54,10762,563
4663.83,10949,566
4665.12,11078,570
4666.41,11217,572
4667.70,11365,576
4668.98,11489,577
4670.27,11592,580
4671.56,11696,581
4672.85,11795,584
4674.14,11887,586
4675.43,11963,587
4676.72,12024,589
4678.01,12068,590
4679.30,12119,591
4680.59,12146,592
4681.87,12159,591
4683.16,12168,592
4684.45,12166,591
4685.74,12151,591
4687.03,12124,592
4688.32,12086,590
4689.61,12041,589
4690.90,11977,588
4692.19,11913,585
4693.48,11837,585
4694.77,11737,583
4696.05,11625,580
4697.34,11520,579
4698.63,11377,575
4699.92,11229,573
4701.21,11102,569
4702.50,10961,567
4703.79,10789,563
4705.08,10615,560
4706.37,10443,556
4707.66,10257,552
4708.95,10048,549
4710.23,9839,544
4711.52,9634,540
4712.81,9413,535
4714.10,9207,531
4715.39,8977,526
4716.68,8735,521
4717.97,8496,517
4719.26,8243,512
4720.55,7973,506
4721.84,7723,500
4723.12,7467,495
4724.41,7188,490
4725.70,6906,485
4726.99,6657,479
4728.28,6384,473
4729.57,6090,467
4730.86,5802,462
4732.15,5557,456
4733.44,5285,451
4734.73,5013,446
4736.02,4766,441
4737.30,4519,436
4738.59,4258,431
4739.88,4041,426
4741.17,3817,421
4742.46,3588,417
4743.75,3391,414
4745.04,3164,408
4746.33,2967,404
4747.62,2781,400
4748.91,2620,397
4750.20,2452,394
4751.48,2245,390
4752.77,2091,387
4754.06,1945,383
4755.35,1790,381
4756.64,1655,378
4757.93,1545,377
4759.22,1422,373
4760.51,1311,371
4761.80,1217,369
4763.09,1132,368
4764.37,1052,365
4765.66,976,365
4766.95,914,363
4768.24,865,362
4769.53,829,361
4770.82,805,361
4772.11,792,361
4773.40,789,360
4774.69,795,361
4775.98,816,361
4777.27,842,362
4778.55,880,362
4779.84,932,363
4781.13,993,364
4782.42,1076,366
4783.71,1144,367
4785.00,1258,369
4786.29,1332,371
4787.58,1441,374
4788.87,1555,376
4790.16,1716,379
4791.45,1857,382
4792.73,2009,385
4794.02,2195,389
4795.31,2332,392
4796.60,2533,396
4797.89,2716,400
4799.18,2937,403
4800.47,3156,408
4801.76,3375,413
4803.05,3611,418
4804.34,3824,421
4805.62,4060,426
4806.91,4293,431
4808.20,4543,437
4809.49,4783,440
4810.78,4997,445
4812.07,5256,451
4813.36,5528,456
4814.65,5763,461
4815.94,6010,467
4817.23,6285,471
4818.52,6526,476
4819.80,6743,481
4821.09,7004,486
4822.38,7269,491
4823.67,7521,497
4824.96,7778,503
4826.25,8043,508
4827.54,8303,513
4828.83,8578,518
4830.12,8851,524
4831.41,9086,528
4832.70,9319,534
4833.98,9583,539
4835.27,9799,543
4836.56,10016,548
4837.85,10238,551
4839.14,10438,556
4840.43,10618,560
4841.72,10762,562
4843.01,10935,566
4844.30,11096,569
4845.59,11235,572
4846.87,11344,574
4848.16,11491,578
4849.45,11602,580
4850.74,11716,582
4852.03,11800,583
4853.32,11867,585
4854.61,11936,586
4855.90,11985,587
4857.19,12036,588
4858.48,12049,588
4859.77,12098,590
4861.05,12119,591
4862.34,12113,590
4863.63,12096,590
4864.92,12087,590
4866.21,12088,590
4867.50,12062,589
4868.79,12000,589
4870.08,11936,587
4871.37,11865,584
4872.66,11795,584
4873.95,11689,581
4875.23,11583,579
4876.52,11514,579
4877.81,11397,576
4879.10,11250,572
4880.39,11100,569
4881.68,10978,567
4882.97,10833,564
4884.26,10655,560
4885.55,10469,556
4886.84,10308,553
4888.12,10093,549
4889.41,9916,546
4890.70,9692,541
4891.99,9495,536
4893.28,9258,531
4894.57,9059,528
4895.86,8787,520
4897.15,8569,518
4898.44,8332,513
4899.73,8097,508
4901.02,7850,503
4902.30,7600,497
4903.59,7369,493
4904.88,7100,487
4906.17,6830,482
4907.46,6577,477
4908.75,6318,471
4910.04,6046,466
4911.33,5771,461
4912.62,5541,456
4913.91,5287,451
4915.20,5040,445
4916.48,4810,441
4917.77,4552,436
4919.06,4311,431
4920.35,4071,426
4921.64,3843,422
4922.93,3617,417
4924.22,3403,413
4925.51,3203,407
4926.80,2986,404
4928.09,2790,399
4929.37,2609,396
4930.66,2408,392
4931.95,2215,388
4933.24,2052,385
4934.53,1899,381
4935.82,1738,379
4937.11,1597,375
4938.40,1470,373
4939.69,1343,371
4940.98,1225,368
4942.27,1128,367
4943.55,1044,364
4944.84,965,363
4946.13,907,361
4947.42,856,360
4948.71,824,360
4950.00,799,359
4951.29,789,360
4952.58,786,359
4953.87,796,359
4955.16,817,359
4956.45,846,360
4957.73,904,361
4959.02,951,363
4960.31,998,364
4961.60,1068,365
4962.89,1158,367
4964.18,1238,369
4965.47,1336,371
4966.76,1457,373
4968.05,1584,376
4969.34,1740,379
4970.62,1830,381
4971.91,1982,384
4973.20,2165,388
4974.49,2317,391
4975.78,2490,394
4977.07,2671,398
4978.36,2890,403
4979.65,3048,406
4980.94,3269,411
4982.23,3479,415
4983.52,3692,419
4984.80,3943,424
4986.09,4162,428
4987.38,4360,433
4988.67,4600,438
4989.96,4867,443
4991.25,5111,448
4992.54,5358,452
4993.83,5603,458
4995.12,5846,463
4996.41,6066,467
4997.70,6345,473
4998.98,6588,477
5000.27,6834,484
5001.56,7118,488
5002.85,7371,494
5004.14,7625,499
5005.43,7840,502
5006.72,8089,509
5008.01,8335,513
5009.30,8576,517
5010.59,8810,522
5011.87,9048,528
5013.16,9277,532
5014.45,9505,537
5015.74,9728,541
5017.03,9947,546
5018.32,10139,550
5019.61,10357,555
5020.90,10519,557
5022.19,10670,562
5023.48,10854,565
5024.77,11026,569
5026.05,11174,571
5027.34,11316,574
5028.63,11459,577
5029.92,11573,580
5031.21,11683,582
5032.50,11789,584
5033.79,11877,585
5035.08,11951,587
5036.37,12022,589
5037.66,12076,590
5038.95,12116,590
5040.23,12165,591
5041.52,12160,592
5042.81,12190,592
5044.10,12182,591
5045.39,12157,592
5046.68,12126,590
5047.97,12094,590
5049.26,12038,589
5050.55,11963,587
5051.84,11879,586
5053.12,11798,584
5054.41,11681,582
5055.70,11561,580
5056.99,11469,578
5058.28,11336,576
5059.57,11181,571
5060.86,11010,568
5062.15,10862,565
5063.44,10693,561
5064.73,10508,559
5066.02,10351,555
5067.30,10165,551
5068.59,9946,547
5069.88,9764,543
5071.17,9562,539
5072.46,9375,535
5073.75,9157,531
5075.04,8959,527
5076.33,8735,523
5077.62,8479,518
5078.91,8252,513
5080.20,8030,509
5081.48,7748,503
5082.77,7507,497
5084.06,7272,493
5085.35,7019,487
5086.64,6719,482
5087.93,6496,477
5089.22,6282,473
5090.51,6019,468
5091.80,5785,463
5093.09,5502,457
5094.37,5274,453
5095.66,5024,448
5096.95,4798,443
5098.24,4550,438
5099.53,4323,432
5100.82,4100,429
5102.11,3884,424
5103.40,3690,420
5104.69,3444,416
5105.98,3223,412
5107.27,3025,407
5108.55,2814,403
5109.84,2628,399
5111.13,2435,394
5112.42,2239,391
5113.71,2107,390
5115.00,1942,386
5116.29,1777,381
5117.58,1614,378
5118.87,1505,376
5120.16,1372,373
5121.45,1255,371
5122.73,1154,370
5124.02,1071,367
5125.31,1000,366
5126.60,937,365
5127.89,886,365
5129.18,844,363
5130.47,817,363
5131.76,798,362
5133.05,791,361
5134.34,800,362
5135.62,816,363
5136.91,846,364
5138.20,886,363
5139.49,937,365
5140.78,997,366
5142.07,1078,369
5143.36,1184,371
5144.65,1269,373
5145.94,1378,374
5147.23,1500,376
5148.52,1633,379
5149.80,1774,382
5151.09,1929,385
5152.38,2109,389
5153.67,2276,392
5154.96,2474,397
5156.25,2671,401
5157.54,2869,403
5158.83,3066,409
5160.12,3281,413
5161.41,3505,417
5162.70,3703,422
5163.98,3962,427
5165.27,4185,431
5166.56,4439,436
5167.85,4667,441
5169.14,4925,447
5170.43,5144,450
5171.72,5369,455
5173.01,5610,462
5174.30,5871,465
5175.59,6096,471
5176.87,6375,476
5178.16,6594,480
5179.45,6859,486
5180.74,7093,492
5182.03,7313,496
5183.32,7594,501
5184.61,7829,506
5185.90,8090,512
5187.19,8320,516
5188.48,8563,521
5189.77,8783,527
5191.05,9026,531
5192.34,9236,535
5193.63,9442,540
5194.92,9680,545
5196.21,9895,549
5197.50,10061,552
5198.79,10254,556
5200.08,10410,559
5201.37,10636,565
5202.66,10767,566
5203.95,10935,570
5205.23,11064,572
5206.52,11218,576
5207.81,11348,579
5209.10,11493,581
5210.39,11601,584
5211.68,11695,586
5212.97,11779,587
5214.26,11857,589
5215.55,11948,590
5216.84,11995,592
5218.12,12042,593
5219.41,12085,594
5220.70,12109,594
5221.99,12114,594
5223.28,12137,595
5224.57,12132,595
5225.86,12094,594
5227.15,12063,594
5228.44,12020,593
5229.73,11951,591
5231.02,11913,590
5232.30,11821,588
5233.59,11733,587
5234.88,11650,585
5236.17,11510,582
5237.46,11413,580
5238.75,11274,577
5240.04,11137,574
5241.33,10979,571
5242.62,10828,568
5243.91,10663,566
5245.20,10492,561
5246.48,10316,558
5247.77,10103,553
5249.06,9889,550
5250.35,9680,545
5251.64,9474,541
5252.93,9238,536
5254.22,9007,532
5255.51,8769,526
5256.80,8503,522
5258.09,8264,517
5259.37,8029,512
5260.66,7733,506
5261.95,7459,500
5263.24,7216,495
5264.53,6975,490
5265.82,6694,484
5267.11,6430,480
5268.40,6205,474
5269.69,5948,470
5270.98,5692,464
5272.27,5424,459
5273.55,5185,454
5274.84,4933,449
5276.13,4719,445
5277.42,4521,441
5278.71,4275,436
5280.00,4019,431
5281.29,3856,428
5282.58,3613,423
5283.87,3424,419
5285.16,3203,414
5286.45,3037,412
5287.73,2827,408
5289.02,2636,403
5290.31,2484,401
5291.60,2300,396
5292.89,2099,393
5294.18,1993,391
5295.47,1794,386
5296.76,1679,384
5298.05,1539,381
5299.34,1429,379
5300.62,1331,378
5301.91,1220,375
5303.20,1141,374
5304.49,1063,371
5305.78,997,370
5307.07,935,370
5308.36,888,368
5309.65,852,368
5310.94,825,367
5312.23,807,366
5313.52,803,367
5314.80,810,367
5316.09,826,366
5317.38,856,368
5318.67,903,368
5319.96,954,369
5321.25,1010,371
5322.54,1085,373
5323.83,1171,374
5325.12,1282,377
5326.41,1384,378
5327.70,1507,381
5328.98,1644,384
5330.27,1776,387
5331.56,1932,390
5332.85,2105,394
5334.14,2265,396
5335.43,2434,400
5336.72,2620,404
5338.01,2820,408
5339.30,3000,411
5340.59,3216,416
5341.87,3439,422
5343.16,3657,426
5344.45,3891,431
5345.74,4123,436
5347.03,4342,440
5348.32,4580,444
5349.61,4838,450
5350.90,5079,455
5352.19,5307,459
5353.48,5594,465
5354.77,5872,471
5356.05,6129,476
5357.34,6398,482
5358.63,6672,488
5359.92,6952,493
5361.21,7209,498
5362.50,7479,504
5363.79,7746,510
5365.08,8001,514
5366.37,8284,520
5367.66,8528,526
5368.95,8764,530
5370.23,8989,534
5371.52,9219,540
5372.81,9448,544
5374.10,9647,549
5375.39,9853,554
5376.68,10059,558
5377.97,10268,562
5379.26,10461,565
5380.55,10663,570
5381.84,10785,572
5383.12,10923,576
5384.41,11075,579
5385.70,11228,582
5386.99,11360,584
5388.28,11493,587
5389.57,11601,590
5390.86,11728,592
5392.15,11811,593
5393.44,11882,596
5394.73,11961,598
5396.02,12015,598
5397.30,12077,599
5398.59,12118,600
5399.88,12161,601
5401.17,12185,602
5402.46,12190,602
5403.75,12196,603
5405.04,12181,602
5406.33,12160,602
5407.62,12131,601
5408.91,12078,600
5410.20,12036,598
5411.48,11981,598
5412.77,11897,596
5414.06,11802,595
5415.35,11710,593
5416.64,11600,590
5417.93,11490,588
5419.22,11343,585
5420.51,11222,582
5421.80,11067,579
5423.09,10917,576
5424.37,10739,573
5425.66,10556,569
5426.95,10394,565
5428.24,10198,562
5429.53,9998,558
5430.82,9789,553
5432.11,9591,549
5433.40,9372,545
5434.69,9140,541
5435.98,8907,535
5437.27,8646,531
5438.55,8394,525
5439.84,8167,520
5441.13,7918,515
5442.42,7650,510
5443.71,7403,505
5445.00,7170,501
5446.29,6902,495
5447.58,6630,490
5448.87,6385,485
5450.16,6112,480
5451.45,5855,473
5452.73,5606,469
5454.02,5353,464
5455.31,5095,458
5456.60,4848,454
5457.89,4602,449
5459.18,4356,443
5460.47,4098,439
5461.76,3871,434
5463.05,3617,429
5464.34,3416,424
5465.62,3195,420
5466.91,2974,416
5468.20,2746,410
5469.49,2562,407
5470.78,2388,404
5472.07,2191,401
5473.36,2004,397
5474.65,1857,394
5475.94,1726,390
5477.23,1578,388
5478.52,1445,385
5479.80,1332,383
5481.09,1240,381
5482.38,1136,379
5483.67,1067,378
5484.96,994,377
5486.25,935,375
5487.54,901,375
5488.83,859,373
5490.12,838,374
5491.41,823,374
5492.70,818,373
5493.98,823,374
5495.27,841,374
5496.56,867,374
5497.85,905,375
5499.14,955,377
5500.43,1010,378
5501.72,1077,380
5503.01,1159,380
5504.30,1272,384
5505.59,1363,385
5506.87,1468,387
5508.16,1606,391
5509.45,1756,394
5510.74,1878,396
5512.03,2030,398
5513.32,2199,403
5514.61,2353,406
5515.90,2504,408
5517.19,2700,413
5518.48,2875,415
5519.77,3112,421
5521.05,3278,424
5522.34,3482,429
5523.63,3696,433
5524.92,3904,438
5526.21,4145,442
5527.50,4375,447
5528.79,4635,452
5530.08,4913,458
5531.37,5144,463
5532.66,5378,467
5533.95,5644,472
5535.23,5919,478
5536.52,6141,482
5537.81,6410,488
5539.10,6663,493
5540.39,6934,498
5541.68,7186,504
5542.97,7448,509
5544.26,7720,516
5545.55,7952,520
5546.84,8183,524
5548.12,8437,530
5549.41,8662,535
5550.70,8892,539
5551.99,9116,544
5553.28,9337,548
5554.57,9555,552
5555.86,9784,556
5557.15,9985,561
5558.44,10156,566
5559.73,10353,569
5561.02,10531,573
5562.30,10697,576
5563.59,10880,580
5564.88,11054,584
5566.17,11216,588
5567.46,11365,590
5568.75,11519,594
5570.04,11631,594
5571.33,11749,597
5572.62,11846,599
5573.91,11925,602
5575.20,12000,604
5576.48,12059,604
5577.77,12118,606
5579.06,12128,605
5580.35,12159,607
5581.64,12155,607
5582.93,12147,606
5584.22,12141,606
5585.51,12111,606
5586.80,12063,604
5588.09,12014,604
5589.37,11964,604
5590.66,11875,601
5591.95,11816,600
5593.24,11723,598
5594.53,11626,596
5595.82,11563,595
5597.11,11441,593
5598.40,11327,591
5599.69,11195,586
5600.98,11015,584
5602.27,10867,582
5603.55,10725,578
5604.84,10571,575
5606.13,10368,571
5607.42,10217,569
5608.71,9975,563
5610.00,9768,560
5611.29,9607,555
5612.58,9357,550
5613.87,9124,547
5615.16,8891,541
5616.45,8727,538
5617.73,8463,532
5619.02,8252,528
5620.31,8022,524
5621.60,7826,520
5622.89,7540,513
5624.18,7301,510
5625.47,7050,503
5626.76,6799,500
5628.05,6529,493
5629.34,6334,489
5630.62,6047,484
5631.91,5783,478
5633.20,5543,473
5634.49,5267,468
5635.78,5027,463
5637.07,4730,458
5638.36,4525,453
5639.65,4305,448
5640.94,4071,443
5642.23,3837,439
5643.52,3611,434
5644.80,3387,430
5646.09,3173,426
5647.38,2962,421
5648.67,2759,418
5649.96,2560,413
5651.25,2399,411
5652.54,2208,406
5653.83,2039,404
5655.12,1904,401
5656.41,1764,397
5657.70,1624,394
5658.98,1489,393
5660.27,1383,390
5661.56,1274,388
5662.85,1179,386
5664.14,1099,385
5665.43,1030,382
5666.72,967,382
5668.01,913,380
5669.30,878,379
5670.59,849,379
5671.87,832,380
5673.16,831,380
5674.45,839,379
5675.74,861,380
5677.03,895,381
5678.32,943,381
5679.61,1011,384
5680.90,1082,385
5682.19,1155,386
5683.48,1262,388
5684.77,1373,390
5686.05,1486,394
5687.34,1605,396
5688.63,1748,398
5689.92,1907,402
5691.21,2035,405
5692.50,2200,408
5693.79,2380,411
5695.08,2560,416
5696.37,2767,420
5697.66,2942,423
5698.95,3169,428
5700.23,3311,430
5701.52,3524,436
5702.81,3732,439
5704.10,3951,444
5705.39,4180,448
5706.68,4418,454
5707.97,4656,458
5709.26,4867,463
5710.55,5124,468
5711.84,5329,472
5713.12,5534,477
5714.41,5815,482
5715.70,6072,489
5716.99,6317,493
5718.28,6577,497
5719.57,6830,504
5720.86,7104,509
5722.15,7321,513
5723.44,7560,520
5724.73,7835,524
5726.02,8074,530
5727.30,8277,533
5728.59,8531,539
5729.88,8768,543
5731.17,9019,549
5732.46,9246,553
5733.75,9445,557
5735.04,9638,561
5736.33,9879,566
5737.62,10063,570
5738.91,10260,574
5740.20,10440,578
5741.48,10628,582
5742.77,10814,586
5744.06,10954,588
5745.35,11112,591
5746.64,11251,595
5747.93,11386,598
5749.22,11518,600
5750.51,11642,603
5751.80,11748,605
5753.09,11836,607
5754.37,11923,608
5755.66,12002,611
5756.95,12072,612
5758.24,12124,612
5759.53,12171,615
5760.82,12209,614
5762.11,12225,614
5763.40,12229,615
5764.69,12222,614
5765.98,12208,614
5767.27,12161,613
5768.55,12114,612
5769.84,12082,613
5771.13,12016,611
5772.42,11930,609
5773.71,11865,608
5775.00,11765,606
5776.29,11637,604
5777.58,11511,601
5778.87,11393,599
5780.16,11234,595
5781.45,11073,592
5782.73,10924,589
5784.02,10743,585
5785.31,10561,582
5786.60,10355,578
5787.89,10155,573
5789.18,9926,569
5790.47,9711,564
5791.76,9487,561
5793.05,9257,556
5794.34,9025,551
5795.62,8789,545
5796.91,8539,540
5798.20,8309,537
5799.49,8069,532
5800.78,7772,526
5802.07,7544,521
5803.36,7296,515
5804.65,7106,513
5805.94,6843,507
5807.23,6613,503
5808.52,6374,497
5809.80,6092,491
5811.09,5882,488
5812.38,5590,481
5813.67,5341,476
5814.96,5129,473
5816.25,4870,467
5817.54,4667,463
5818.83,4405,458
5820.12,4223,454
5821.41,3969,449
5822.70,3737,444
5823.98,3518,439
5825.27,3305,435
5826.56,3111,431
5827.85,2927,428
5829.14,2717,424
5830.43,2544,420
5831.72,2397,418
5833.01,2220,414
5834.30,2052,411
5835.59,1897,408
5836.87,1756,406
5838.16,1622,403
5839.45,1518,400
5840.74,1395,398
5842.03,1313,396
5843.32,1212,394
5844.61,1122,392
5845.90,1052,391
5847.19,990,389
5848.48,933,389
5849.77,893,388
5851.05,864,387
5852.34,851,387
5853.63,845,387
5854.92,854,387
5856.21,873,387
5857.50,905,388
5858.79,950,389
5860.08,1015,391
5861.37,1080,392
5862.66,1155,393
5863.95,1246,394
5865.23,1347,397
5866.52,1455,399
5867.81,1568,402
5869.10,1712,404
5870.39,1865,408
5871.68,2014,411
5872.97,2174,415
5874.26,2341,418
5875.55,2517,420
5876.84,2694,425
5878.12,2900,429
5879.41,3103,433
5880.70,3321,438
5881.99,3541,443
5883.28,3761,446
5884.57,3991,452
5885.86,4251,457
5887.15,4490,461
5888.44,4737,467
5889.73,5003,472
5891.02,5273,477
5892.30,5531,484
5893.59,5792,489
5894.88,6080,495
5896.17,6340,499
5897.46,6588,505
5898.75,6834,510
5900.04,7118,516
5901.33,7367,520
5902.62,7646,527
5903.91,7871,531
5905.20,8135,536
5906.48,8398,542
5907.77,8612,546
5909.06,8817,551
5910.35,9017,556
5911.64,9212,559
5912.93,9489,565
5914.22,9698,570
5915.51,9872,572
5916.80,10099,578
5918.09,10253,581
5919.37,10421,584
5920.66,10594,588
5921.95,10785,592
5923.24,10930,594
5924.53,11069,598
5925.82,11242,602
5927.11,11386,604
5928.40,11520,607
5929.69,11615,609
5930.98,11740,612
5932.27,11801,614
5933.55,11899,614
5934.84,11967,616
5936.13,12028,618
5937.42,12086,619
5938.71,12141,621
5940.00,12158,621
5941.29,12177,620
5942.58,12190,621
5943.87,12170,621
5945.16,12177,620
5946.45,12150,621
5947.73,12117,620
5949.02,12050,619
5950.31,11996,618
5951.60,11920,615
5952.89,11844,614
5954.18,11755,612
5955.47,11666,611
5956.76,11555,609
5958.05,11437,606
5959.34,11288,604
5960.62,11159,601
5961.91,10995,598
5963.20,10836,594
5964.49,10653,591
5965.78,10470,587
5967.07,10279,584
5968.36,10084,581
5969.65,9891,576
5970.94,9690,571
5972.23,9462,567
5973.52,9248,562
5974.80,9016,558
5976.09,8789,553
5977.38,8550,549
5978.67,8311,544
5979.96,8074,538
5981.25,7847,534
5982.54,7593,529
5983.83,7329,524
5985.12,7091,520
5986.41,6833,514
5987.70,6555,508
5988.98,6284,503
5990.27,6039,498
5991.56,5766,492
5992.85,5501,487
5994.14,5243,482
5995.43,4992,477
5996.72,4713,471
5998.01,4466,467
5999.30,4213,461
6000.59,3962,457
6001.87,3731,451
6003.16,3523,448
6004.45,3289,442
6005.74,3085,438
6007.03,2896,435
6008.32,2700,429
6009.61,2499,427
6010.90,2321,423
6012.19,2173,420
6013.48,1983,416
6014.77,1849,413
6016.05,1750,412
6017.34,1631,409
6018.63,1504,407
6019.92,1389,405
6021.21,1281,402
6022.50,1198,402
6023.79,1122,400
6025.08,1058,400
6026.37,1008,399
6027.66,955,397
6028.95,918,397
6030.23,891,396
6031.52,872,396
6032.81,866,396
6034.10,868,396
6035.39,887,396
6036.68,910,397
6037.97,946,397
6039.26,993,398
6040.55,1065,400
6041.84,1118,402
6043.12,1195,402
6044.41,1283,405
6045.70,1382,407
6046.99,1493,410
6048.28,1616,412
6049.57,1757,415
6050.86,1902,417
6052.15,2030,421
6053.44,2189,423
6054.73,2355,427
6056.02,2540,430
6057.30,2780,436
6058.59,2946,438
6059.88,3156,443
6061.17,3373,448
6062.46,3553,451
6063.75,3779,456
6065.04,4008,461
6066.33,4230,466
6067.62,4496,471
6068.91,4727,476
6070.20,4979,481
6071.48,5246,486
6072.77,5500,492
6074.06,5736,496
6075.35,5999,501
6076.64,6260,508
6077.93,6487,512
6079.22,6748,517
6080.51,7014,523
6081.80,7273,527
6083.09,7521,534
6084.37,7780,539
6085.66,8026,544
6086.95,8265,549
6088.24,8514,553
6089.53,8750,558
6090.82,8995,564
6092.11,9231,569
6093.40,9469,573
6094.69,9696,578
6095.98,9913,583
6097.27,10137,587
6098.55,10355,591
6099.84,10536,595
6101.13,10734,600
6102.42,10928,604
6103.71,11094,608
6105.00,11251,611
6106.29,11417,614
6107.58,11552,617
6108.87,11661,619
6110.16,11788,623
6111.45,11883,624
6112.73,11974,626
6114.02,12016,627
6115.31,12072,628
6116.60,12156,629
6117.89,12196,632
6119.18,12222,632
6120.47,12238,632
6121.76,12257,633
6123.05,12263,633
6124.34,12251,633
6125.62,12231,633
6126.91,12181,631
6128.20,12153,631
6129.49,12114,630
6130.78,12054,629
6132.07,11988,629
6133.36,11903,627
6134.65,11816,624
6135.94,11696,622
6137.23,11595,620
6138.52,11463,618
6139.80,11351,615
6141.09,11182,612
6142.38,11036,609
6143.67,10864,606
6144.96,10714,602
6146.25,10533,600
6147.54,10341,596
6148.83,10176,593
6150.12,9970,588
6151.41,9778,585
6152.70,9550,580
6153.98,9307,574
6155.27,9105,570
6156.56,8853,564
6157.85,8648,561
6159.14,8374,556
6160.43,8155,551
6161.72,7937,546
6163.01,7658,540
6164.30,7394,536
6165.59,7151,530
6166.87,6898,525
6168.16,6636,520
6169.45,6371,514
6170.74,6134,510
6172.03,5876,505
6173.32,5591,499
6174.61,5326,494
6175.90,5075,489
6177.19,4829,485
6178.48,4568,479
6179.77,4331,475
6181.05,4096,469
6182.34,3873,466
6183.63,3650,461
6184.92,3419,457
6186.21,3204,452
6187.50,3001,447
6188.79,2796,443
6190.08,2603,439
6191.37,2432,437
6192.66,2276,434
6193.95,2102,429
6195.23,1940,427
6196.52,1803,424
6197.81,1658,422
6199.10,1527,418
6200.39,1415,416
6201.68,1310,413
6202.97,1218,412
6204.26,1131,411
6205.55,1064,409
6206.84,1001,409
6208.12,956,407
6209.41,920,407
6210.70,897,406
6211.99,888,406
6213.28,890,406
6214.57,905,407
6215.86,938,408
6217.15,975,408
6218.44,1015,410
6219.73,1077,411
6221.02,1152,412
6222.30,1236,415
6223.59,1327,416
6224.88,1428,418
6226.17,1532,421
6227.46,1652,424
6228.75,1776,426
6230.04,1916,429
6231.33,2054,431
6232.62,2227,435
6233.91,2355,438
6235.20,2548,442
6236.48,2779,447
6237.77,2908,449
6239.06,3107,453
6240.35,3317,458
6241.64,3516,462
6242.93,3755,467
6244.22,3961,471
6245.51,4196,477
6246.80,4438,481
6248.09,4671,485
6249.37,4893,491
6250.66,5133,496
6251.95,5419,502
6253.24,5634,506
6254.53,5842,510
6255.82,6113,515
6257.11,6409,522
6258.40,6647,527
6259.69,6880,532
6260.98,7160,536
6262.27,7428,541
6263.55,7645,547
6264.84,7901,552
6266.13,8149,556
6267.42,8390,562
6268.71,8620,567
6270.00,8857,571
6271.29,9087,576
6272.58,9289,580
6273.87,9525,585
6275.16,9744,589
6276.45,9945,593
6277.73,10170,599
6279.02,10373,603
6280.31,10564,607
6281.60,10739,611
6282.89,10922,614
6284.18,11076,618
6285.47,11221,621
6286.76,11370,624
6288.05,11495,626
6289.34,11617,628
6290.62,11719,632
6291.91,11831,633
6293.20,11907,634
6294.49,11978,636
6295.78,12078,638
6297.07,12134,640
6298.36,12176,641
6299.65,12206,642
6300.94,12213,642
6302.23,12233,643
6303.52,12238,643
6304.80,12239,643
6306.09,12208,643
6307.38,12181,642
6308.67,12107,640
6309.96,12041,640
6311.25,11960,638
6312.54,11891,636
6313.83,11782,634
6315.12,11682,633
6316.41,11550,630
6317.70,11393,626
6318.98,11257,623
6320.27,11106,620
6321.56,10945,617
6322.85,10773,614
6324.14,10618,611
6325.43,10428,607
6326.72,10245,604
6328.01,10032,598
6329.30,9805,594
6330.59,9644,592
6331.87,9455,587
6333.16,9235,584
6334.45,9024,579
6335.74,8836,576
6337.03,8631,572
6338.32,8389,567
6339.61,8133,562
6340.90,7898,557
6342.19,7659,553
6343.48,7422,548
6344.77,7113,541
6346.05,6902,536
6347.34,6709,532
6348.63,6445,527
6349.92,6153,522
6351.21,5935,518
6352.50,5695,513
6353.79,5434,507
6355.08,5172,502
6356.37,4965,498
6357.66,4714,493
6358.95,4494,490
6360.23,4280,485
6361.52,4048,480
6362.81,3825,475
6364.10,3599,471
6365.39,3378,466
6366.68,3181,463
6367.97,3022,459
6369.26,2799,455
6370.55,2601,451
6371.84,2457,448
6373.12,2279,445
6374.41,2101,442
6375.70,1920,437
6376.99,1804,436
6378.28,1674,433
6379.57,1542,429
6380.86,1432,428
6382.15,1337,426
6383.44,1244,424
6384.73,1155,423
6386.02,1086,421
6387.30,1028,419
6388.59,980,419
6389.88,947,417
6391.17,924,417
6392.46,913,418
6393.75,913,418
6395.04,924,419
6396.33,949,418
6397.62,986,420
6398.91,1031,420
6400.20,1091,422
6401.48,1164,423
6402.77,1235,424
6404.06,1320,427
6405.35,1425,429
6406.64,1542,432
6407.93,1655,433
6409.22,1795,437
6410.51,1954,439
6411.80,2109,443
6413.09,2277,447
6414.37,2460,450
6415.66,2659,454
6416.95,2843,458
6418.24,3055,463
6419.53,3282,467
6420.82,3505,472
6422.11,3761,478
6423.40,3982,483
6424.69,4205,487
6425.98,4439,492
6427.27,4690,497
6428.55,4951,503
6429.84,5162,507
6431.13,5421,513
6432.42,5676,517
6433.71,5936,523
6435.00,6179,528
6436.29,6447,533
6437.58,6711,540
6438.87,6906,543
6440.16,7143,548
6441.45,7419,554
6442.73,7666,559
6444.02,7937,565
6445.31,8133,569
6446.60,8361,573
6447.89,8593,579
6449.18,8809,583
6450.47,9064,589
6451.76,9253,593
6453.05,9479,598
6454.34,9674,601
6455.62,9889,607
6456.91,10095,611
6458.20,10296,615
6459.49,10482,618
6460.78,10658,623
6462.07,10828,625
6463.36,11019,630
6464.65,11142,633
6465.94,11293,635
6467.23,11446,638
6468.52,11581,641
6469.80,11695,644
6471.09,11803,646
6472.38,11906,648
6473.67,11991,650
6474.96,12068,652
6476.25,12136,653
6477.54,12192,653
6478.83,12242,656
6480.12,12285,655
6481.41,12305,657
6482.70,12317,657
6483.98,12323,657
6485.27,12305,657
6486.56,12293,656
6487.85,12249,656
6489.14,12204,654
6490.43,12157,654
6491.72,12090,652
6493.01,12001,650
6494.30,11912,650
6495.59,11817,648
6496.87,11708,646
6498.16,11581,643
6499.45,11452,640
6500.74,11315,637
6502.03,11171,634
6503.32,11000,631
6504.61,10832,628
6505.90,10657,625
6507.19,10466,621
6508.48,10279,617
6509.77,10073,612
6511.05,9874,608
6512.34,9654,604
6513.63,9434,599
6514.92,9190,595
6516.21,8933,589
6517.50,8694,584
6518.79,8441,580
6520.08,8172,575
6521.37,7918,570
6522.66,7657,563
6523.95,7371,557
6525.23,7074,552
6526.52,6828,548
6527.81,6555,542
6529.10,6273,536
6530.39,5991,530
6531.68,5772,525
6532.97,5508,520
6534.26,5245,516
6535.55,5007,509
6536.84,4741,505
6538.12,4515,500
6539.41,4280,495
6540.70,4072,492
6541.99,3830,489
6543.28,3644,483
6544.57,3450,480
6545.86,3246,476
6547.15,3059,473
6548.44,2886,469
6549.73,2667,465
6551.02,2493,462
6552.30,2328,457
6553.59,2193,455
6554.88,2036,452
6556.17,1862,448
6557.46,1740,446
6558.75,1632,445
6560.04,1492,441
6561.33,1408,441
6562.62,1308,439
6563.91,1222,436
6565.20,1149,435
6566.48,1095,434
6567.77,1033,432
6569.06,998,433
6570.35,971,432
6571.64,950,431
6572.93,942,431
6574.22,943,431
6575.51,956,432
6576.80,990,432
6578.09,1015,432
6579.37,1055,433
6580.66,1110,434
6581.95,1183,436
6583.24,1258,438
6584.53,1347,439
6585.82,1447,443
6587.11,1575,444
6588.40,1686,446
6589.69,1825,449
6590.98,1972,452
6592.27,2126,456
6593.55,2275,459
6594.84,2446,462
6596.13,2656,465
6597.42,2859,471
6598.71,3047,474
6600.00,3259,479
6601.29,3463,483
6602.58,3691,488
6603.87,3902,491
6605.16,4135,497
6606.45,4352,500
6607.73,4601,507
6609.02,4853,510
6610.31,5085,517
6611.60,5339,522
6612.89,5590,526
6614.18,5818,531
6615.47,6047,537
6616.76,6317,542
6618.05,6575,547
6619.34,6809,551
6620.62,7087,558
6621.91,7379,563
6623.20,7654,570
6624.49,7922,575
6625.78,8202,580
6627.07,8472,585
6628.36,8753,592
6629.65,9010,597
6630.94,9238,602
6632.23,9468,607
6633.52,9726,612
6634.80,9940,615
6636.09,10136,621
6637.38,10321,623
6638.67,10543,628
6639.96,10716,631
6641.25,10857,636
6642.54,11050,638
6643.83,11199,642
6645.12,11353,645
6646.41,11479,648
6647.70,11617,651
6648.98,11742,653
6650.27,11799,654
6651.56,11920,658
6652.85,11983,658
6654.14,12067,660
6655.43,12124,662
6656.72,12176,663
6658.01,12248,666
6659.30,12266,664
6660.59,12286,666
6661.87,12298,666
6663.16,12315,666
6664.45,12292,666
6665.74,12256,665
6667.03,12232,666
6668.32,12174,663
6669.61,12122,662
6670.90,12066,661
6672.19,12018,660
6673.48,11903,659
6674.77,11816,656
6676.05,11733,656
6677.34,11605,653
6678.63,11484,650
6679.92,11352,648
6681.21,11198,644
6682.50,11046,643
6683.79,10871,638
6685.08,10685,633
6686.37,10539,632
6687.66,10338,626
6688.95,10127,623
6690.23,9940,620
6691.52,9717,614
6692.81,9497,610
6694.10,9290,605
6695.39,9064,601
6696.68,8824,596
6697.97,8600,592
6699.26,8367,588
6700.55,8104,582
6701.84,7840,576
6703.12,7609,572
6704.41,7327,566
6705.70,7062,561
6706.99,6808,556
6708.28,6573,550
6709.57,6308,545
6710.86,6047,541
6712.15,5825,536
6713.44,5566,531
6714.73,5298,525
6716.02,5051,520
6717.30,4793,514
6718.59,4559,510
6719.88,4330,506
6721.17,4105,501
6722.46,3874,497
6723.75,3657,492
6725.04,3456,488
6726.33,3228,484
6727.62,3004,479
6728.91,2816,475
6730.20,2618,471
6731.48,2428,467
6732.77,2258,465
6734.06,2099,460
6735.35,1931,459
6736.64,1786,456
6737.93,1661,452
6739.22,1533,450
6740.51,1414,448
6741.80,1319,446
6743.09,1232,444
6744.37,1161,443
6745.66,1096,442
6746.95,1037,439
6748.24,1003,439
6749.53,977,439
6750.82,963,439
6752.11,958,439
6753.40,963,439
6754.69,980,439
6755.98,1004,440
6757.27,1040,441
6758.55,1081,442
6759.84,1138,444
6761.13,1197,445
6762.42,1292,447
6763.71,1378,449
6765.00,1456,451
6766.29,1566,453
6767.58,1698,454
6768.87,1832,458
6770.16,1944,461
6771.45,2097,463
6772.73,2280,467
6774.02,2416,471
6775.31,2597,474
6776.60,2772,478
6777.89,2988,482
6779.18,3133,486
6780.47,3343,490
6781.76,3557,494
6783.05,3780,499
6784.34,3978,503
6785.62,4215,509
6786.91,4469,513
6788.20,4712,518
6789.49,4926,522
6790.78,5161,526
6792.07,5407,532
6793.36,5681,538
6794.65,5915,542
6795.94,6171,547
6797.23,6451,553
6798.52,6707,558
6799.80,6932,562
6801.09,7185,568
6802.38,7438,574
6803.67,7708,579
6804.96,7933,584
6806.25,8190,589
6807.54,8454,595
6808.83,8694,600
6810.12,8943,605
6811.41,9169,608
6812.70,9391,614
6813.98,9621,618
6815.27,9847,624
6816.56,10047,627
6817.85,10234,632
6819.14,10442,636
6820.43,10636,640
6821.72,10799,643
6823.01,10991,647
6824.30,11151,650
6825.59,11302,654
6826.87,11442,656
6828.16,11579,659
6829.45,11721,662
6830.74,11827,663
6832.03,11936,668
6833.32,12031,669
6834.61,12117,670
6835.90,12196,672
6837.19,12262,674
6838.48,12318,675
6839.77,12356,677
6841.05,12354,675
6842.34,12379,677
6843.63,12384,676
6844.92,12352,676
6846.21,12325,676
6847.50,12288,674
6848.79,12230,673
6850.08,12161,673
6851.37,12081,671
6852.66,12024,670
6853.95,11923,669
6855.23,11787,665
6856.52,11693,664
6857.81,11554,660
6859.10,11398,657
6860.39,11238,654
6861.68,11137,651
6862.97,10988,650
6864.26,10802,646
6865.55,10650,644
6866.84,10468,638
6868.12,10264,635
6869.41,10076,631
6870.70,9863,628
6871.99,9683,624
6873.28,9469,619
6874.57,9246,615
6875.86,8990,610
6877.15,8763,604
6878.44,8543,601
6879.73,8316,596
6881.02,8044,590
6882.30,7801,585
6883.59,7548,580
6884.88,7335,577
6886.17,7023,569
6887.46,6818,567
6888.75,6600,562
6890.04,6361,557
6891.33,6077,551
6892.62,5854,547
6893.91,5595,542
6895.20,5340,536
6896.48,5083,531
6897.77,4863,528
6899.06,4610,522
6900.35,4415,518
6901.64,4181,513
6902.93,3930,508
6904.22,3685,503
6905.51,3488,499
6906.80,3284,496
6908.09,3062,491
6909.37,2861,485
6910.66,2673,483
6911.95,2475,478
6913.24,2296,475
6914.53,2166,472
6915.82,1991,469
6917.11,1825,466
6918.40,1715,464
6919.69,1587,461
6920.98,1474,459
6922.27,1371,457
6923.55,1297,455
6924.84,1217,453
6926.13,1144,452
6927.42,1084,451
6928.71,1042,450
6930.00,1012,451
6931.29,991,450
6932.58,981,449
6933.87,982,450
6935.16,996,450
6936.45,1022,451
6937.73,1059,452
6939.02,1112,452
6940.31,1171,454
6941.60,1249,455
6942.89,1336,457
6944.18,1427,459
6945.47,1541,461
6946.76,1660,463
6948.05,1794,466
6949.34,1931,469
6950.62,2111,473
6951.91,2276,476
6953.20,2445,480
6954.49,2604,483
6955.78,2790,487
6957.07,2997,491
6958.36,3191,496
6959.65,3386,500
6960.94,3624,504
6962.23,3843,509
6963.52,4091,514
6964.80,4288,518
6966.09,4493,523
6967.38,4708,527
6968.67,4972,532
6969.96,5227,538
6971.25,5425,541
6972.54,5668,548
6973.83,5972,554
6975.12,6177,557
6976.41,6428,562
6977.70,6692,568
6978.98,6929,572
6980.27,7149,577
6981.56,7414,583
6982.85,7698,588
6984.14,7955,595
6985.43,8174,599
6986.72,8411,605
6988.01,8663,609
6989.30,8880,614
6990.59,9089,618
6991.87,9348,624
6993.16,9533,626
6994.45,9779,633
6995.74,9966,636
6997.03,10179,641
6998.32,10378,645
6999.61,10592,649
7000.90,10712,651
7002.19,10888,655
7003.48,11080,659
7004.77,11221,661
7006.05,11387,665
7007.34,11503,668
7008.63,11640,670
7009.92,11761,673
7011.21,11871,676
7012.50,11956,677
7013.79,12064,681
7015.08,12124,681
7016.37,12175,682
7017.66,12254,685
7018.95,12281,683
7020.23,12312,685
7021.52,12343,686
7022.81,12344,687
7024.10,12325,686
7025.39,12309,686
7026.68,12301,685
7027.97,12261,685
7029.26,12192,684
7030.55,12132,683
7031.84,12049,680
7033.12,11985,679
7034.41,11878,678
7035.70,11790,677
7036.99,11663,673
7038.28,11525,670
7039.57,11399,667
7040.86,11252,665
7042.15,11101,661
7043.44,10926,659
7044.73,10734,654
7046.02,10560,651
7047.30,10364,647
7048.59,10147,642
7049.88,9940,638
7051.17,9713,634
7052.46,9473,629
7053.75,9245,626
7055.04,9000,619
7056.33,8725,614
7057.62,8495,610
7058.91,8260,604
7060.20,8002,599
7061.48,7731,594
7062.77,7486,589
7064.06,7267,585
7065.35,6995,579
7066.64,6688,573
7067.93,6484,569
7069.22,6248,565
7070.51,5993,559
7071.80,5739,554
7073.09,5529,551
7074.37,5292,545
7075.66,5057,542
7076.95,4826,537
7078.24,4566,532
7079.53,4382,527
7080.82,4135,522
7082.11,3936,520
7083.40,3722,516
7084.69,3544,511
7085.98,3334,507
7087.27,3124,502
7088.55,2934,499
7089.84,2772,496
7091.13,2577,492
7092.42,2396,489
7093.71,2248,485
7095.00,2093,483
7096.29,1948,480
7097.58,1818,478
7098.87,1697,475
7100.16,1587,472
7101.45,1488,471
7102.73,1382,468
7104.02,1292,466
7105.31,1228,465
7106.60,1160,464
7107.89,1103,463
7109.18,1066,463
7110.47,1034,462
7111.76,1015,460
7113.05,1005,460
7114.34,1008,461
7115.62,1021,462
7116.91,1051,462
7118.20,1090,463
7119.49,1148,464
7120.78,1192,465
7122.07,1269,466
7123.36,1359,469
7124.65,1455,470
7125.94,1556,472
7127.23,1686,476
7128.52,1816,478
7129.80,1942,481
7131.09,2086,484
7132.38,2248,487
7133.67,2412,491
7134.96,2574,494
7136.25,2762,498
7137.54,2959,502
7138.83,3145,506
7140.12,3362,510
7141.41,3564,515
7142.70,3772,519
7143.98,3994,523
7145.27,4233,529
7146.56,4465,534
7147.85,4704,538
7149.14,4965,543
7150.43,5234,548
7151.72,5477,554
7153.01,5764,560
7154.30,6036,566
7155.59,6299,572
7156.87,6555,577
7158.16,6855,583
7159.45,7110,589
7160.74,7373,594
7162.03,7641,600
7163.32,7914,604
7164.61,8159,610
7165.90,8396,615
7167.19,8646,620
7168.48,8886,625
7169.77,9144,630
7171.05,9347,635
7172.34,9564,639
7173.63,9796,644
7174.92,9999,648
7176.21,10205,652
7177.50,10372,656
7178.79,10581,661
7180.08,10749,664
7181.37,10902,667
7182.66,11063,671
7183.95,11230,675
7185.23,11365,677
7186.52,11505,681
7187.81,11643,683
7189.10,11747,686
7190.39,11879,688
7191.68,11973,690
7192.97,12051,692
7194.26,12151,694
7195.55,12221,695
7196.84,12274,697
7198.12,12327,698
7199.41,12375,699
7200.70,12403,699
