
1.29,873,279
2.58,742,253
3.87,612,227
5.16,519,208
6.45,446,193
7.73,379,180
9.02,343,172
10.31,327,169
11.60,328,170
12.89,355,175
14.18,389,181
15.47,448,194
16.76,519,209
18.05,621,230
19.34,734,251
20.62,897,285
21.91,1015,309
23.20,1182,343
24.49,1340,375
25.78,1538,417
27.07,1786,469
28.36,2006,513
29.65,2269,568
30.94,2562,629
32.23,2847,687
33.52,3160,752
34.80,3495,821
36.09,3912,907
37.38,4202,968
38.67,4734,1078
39.96,5129,1159
41.25,5588,1256
42.54,6015,1346
43.83,6483,1442
45.12,6894,1526
46.41,7317,1614
47.70,7813,1716
48.98,8313,1819
50.27,8752,1909
51.56,9253,2015
52.85,9759,2119
54.14,10313,2234
55.43,10782,2333
56.72,11346,2450
58.01,11810,2546
59.30,12540,2700
60.59,13097,2817
61.88,13633,2927
63.16,14357,3078
64.45,14944,3201
65.74,15305,3275
67.03,15764,3371
68.32,16719,3570
69.61,16704,3572
70.90,17317,3700
72.19,18080,3856
73.48,18141,3868
74.77,19139,4077
76.05,19110,4065
77.34,19946,4240
78.63,20030,4259
79.92,21214,4509
81.21,21060,4475
82.50,20825,4428
83.79,21344,4537
85.08,21210,4505
86.37,21463,4559
87.66,22095,4689
88.95,21601,4587
90.23,22152,4705
91.52,22040,4677
92.81,22056,4687
94.10,22477,4771
95.39,22443,4764
96.68,22268,4724
97.97,22209,4716
99.26,22350,4745
100.55,22330,4738
101.84,22038,4682
103.12,22222,4716
104.41,22327,4742
105.70,21743,4617
106.99,21688,4604
108.28,21314,4528
109.57,21303,4526
110.86,21045,4467
112.15,20764,4408
113.44,20784,4416
114.73,20384,4333
116.02,20096,4272
117.30,20036,4259
118.59,19218,4087
119.88,18748,3985
121.17,18312,3894
122.46,17987,3824
123.75,17666,3758
125.04,17289,3677
126.33,16856,3586
127.62,16552,3523
128.91,16116,3430
130.20,15805,3364
131.48,15312,3261
132.77,15053,3208
134.06,14653,3124
135.35,14131,3015
136.64,13695,2925
137.93,13287,2842
139.22,12864,2753
140.51,12431,2663
141.80,12015,2577
143.09,11599,2490
144.38,11140,2395
145.66,10721,2308
146.95,10228,2208
148.24,9749,2109
149.53,9345,2025
150.82,8892,1931
152.11,8395,1829
153.40,8009,1750
154.69,7585,1662
155.98,7206,1586
157.27,6742,1490
158.55,6267,1389
159.84,5815,1299
161.13,5491,1231
162.42,4974,1125
163.71,4698,1068
165.00,4388,1005
166.29,3925,908
167.58,3547,830
168.87,3280,776
170.16,2908,699
171.45,2594,635
172.73,2324,581
174.02,2060,525
175.31,1757,463
176.60,1585,429
177.89,1341,378
179.18,1148,339
180.47,988,306
181.76,827,275
183.05,696,249
184.34,536,215
185.63,480,202
186.91,407,187
188.20,363,179
189.49,339,175
190.78,339,175
192.07,352,177
193.36,391,183
194.65,445,195
195.94,533,212
197.23,625,231
198.52,783,264
199.80,868,282
201.09,1019,312
202.38,1193,348
203.67,1365,384
204.96,1616,435
206.25,1850,483
207.54,2066,525
208.83,2330,580
210.12,2621,641
211.41,2937,706
212.70,3183,757
213.98,3567,835
215.27,3819,888
216.56,4233,971
217.85,4511,1029
219.14,4967,1123
220.43,5321,1196
221.72,5765,1287
223.01,6090,1356
224.30,6578,1455
225.59,6886,1518
226.88,7353,1615
228.16,7743,1695
229.45,8262,1804
230.74,8663,1886
232.03,9120,1982
233.32,9490,2056
234.61,9985,2161
235.90,10381,2242
237.19,10900,2351
238.48,11309,2434
239.77,11788,2535
241.05,12357,2654
242.34,12799,2745
243.63,13271,2844
244.92,13678,2929
246.21,14200,3037
247.50,14410,3081
248.79,14936,3188
250.08,15511,3309
251.37,15736,3355
252.66,16216,3454
253.95,16646,3544
255.23,16918,3602
256.52,17202,3660
257.81,17540,3730
259.10,17911,3808
260.39,18233,3874
261.68,18440,3920
262.97,18773,3988
264.26,19066,4050
265.55,19400,4121
266.84,19472,4135
268.13,19710,4182
269.41,19804,4203
270.70,19951,4235
271.99,20180,4282
273.28,20277,4303
274.57,20315,4311
275.86,20375,4321
277.15,20388,4327
278.44,20475,4346
279.73,20459,4341
281.02,20447,4338
282.30,20442,4339
283.59,20380,4325
284.88,20318,4313
286.17,20245,4297
287.46,20142,4275
288.75,19950,4234
290.04,19811,4205
291.33,19581,4156
292.62,19240,4087
293.91,18961,4027
295.20,18705,3974
296.48,18459,3922
297.77,18179,3865
299.06,17838,3795
300.35,17585,3739
301.64,17315,3683
302.93,17120,3645
304.22,16836,3584
305.51,16550,3526
306.80,16214,3454
308.09,15899,3389
309.38,15632,3331
310.66,15189,3238
311.95,14775,3153
313.24,14375,3069
314.53,13911,2972
315.82,13638,2918
317.11,13179,2822
318.40,12787,2741
319.69,12360,2651
320.98,11926,2561
322.27,11475,2467
323.55,11027,2375
324.84,10543,2275
326.13,10119,2187
327.42,9669,2093
328.71,9255,2008
330.00,8772,1906
331.29,8429,1837
332.58,8036,1754
333.87,7594,1662
335.16,7126,1565
336.45,6719,1481
337.73,6291,1395
339.02,5958,1325
340.31,5591,1249
341.60,5227,1174
342.89,4799,1087
344.18,4507,1026
345.47,4162,955
346.76,3790,880
348.05,3389,797
349.34,3121,742
350.63,2799,676
351.91,2582,630
353.20,2303,574
354.49,2040,520
355.78,1792,469
357.07,1555,420
358.36,1344,377
359.65,1127,333
360.94,974,301
362.23,823,271
363.52,694,243
364.80,584,222
366.09,491,202
367.38,423,189
368.67,361,176
369.96,332,169
371.25,323,167
372.54,336,170
373.83,369,177
375.12,420,187
376.41,482,200
377.70,596,223
378.98,705,245
380.27,812,266
381.56,965,299
382.85,1197,346
384.14,1375,382
385.43,1601,430
386.72,1836,479
388.01,2060,525
389.30,2374,590
390.59,2700,657
391.88,2981,714
393.16,3276,776
394.45,3765,877
395.74,4084,944
397.03,4508,1032
398.32,4877,1107
399.61,5329,1201
400.90,5717,1283
402.19,6076,1355
403.48,6586,1461
404.77,7021,1551
406.05,7496,1648
407.34,7955,1745
408.63,8343,1825
409.92,8821,1924
411.21,9292,2023
412.50,9668,2099
413.79,10227,2214
415.08,10709,2316
416.37,11165,2412
417.66,11691,2521
418.95,12270,2643
420.23,12855,2766
421.52,13377,2875
422.81,13953,2994
424.10,14453,3101
425.39,14927,3196
426.68,15372,3290
427.97,15862,3390
429.26,16545,3534
430.55,17054,3642
431.84,17566,3746
433.13,18035,3846
434.41,18231,3888
435.70,19037,4052
436.99,18904,4025
438.28,19769,4205
439.57,19650,4182
440.86,20850,4429
442.15,20840,4427
443.44,20597,4377
444.73,21011,4462
446.02,21075,4477
447.30,21557,4578
448.59,21387,4542
449.88,21339,4534
451.17,22239,4721
452.46,21718,4612
453.75,21759,4624
455.04,22439,4759
456.33,22075,4687
457.62,22103,4694
458.91,22054,4682
460.20,22232,4718
461.48,22173,4705
462.77,21772,4622
464.06,22132,4697
465.35,21882,4645
466.64,21509,4567
467.93,21720,4612
469.22,20892,4437
470.51,21200,4502
471.80,20730,4404
473.09,20741,4407
474.38,20719,4403
475.66,20008,4252
476.95,19553,4155
478.24,19448,4137
479.53,18612,3959
480.82,18239,3879
482.11,17899,3807
483.40,17587,3742
484.69,17200,3660
485.98,16860,3587
487.27,16382,3488
488.55,16019,3411
489.84,15625,3328
491.13,15180,3237
492.42,14802,3155
493.71,14446,3083
495.00,13950,2981
496.29,13500,2888
497.58,12938,2769
498.87,12564,2693
500.16,12062,2589
501.45,11674,2508
502.73,11191,2406
504.02,10767,2321
505.31,10247,2211
506.60,9867,2136
507.89,9455,2048
509.18,9049,1965
510.47,8639,1882
511.76,8133,1776
513.05,7646,1676
514.34,7286,1602
515.63,6892,1520
516.91,6575,1456
518.20,6136,1366
519.49,5718,1280
520.78,5277,1188
522.07,4987,1128
523.36,4578,1045
524.65,4259,979
525.94,3857,897
527.23,3516,826
528.52,3237,768
529.80,2933,706
531.09,2653,647
532.38,2416,601
533.67,2088,532
534.96,1848,482
536.25,1623,436
537.54,1413,394
538.83,1216,353
540.12,1028,314
541.41,899,288
542.70,770,263
543.98,662,241
545.27,556,218
546.56,461,198
547.85,400,185
549.14,359,177
550.43,339,174
551.72,337,173
553.01,344,174
554.30,388,182
555.59,442,194
556.88,511,208
558.16,623,231
559.45,733,254
560.74,864,280
562.03,976,303
563.32,1140,335
564.61,1338,378
565.90,1619,434
567.19,1809,474
568.48,2041,522
569.77,2338,582
571.05,2657,649
572.34,2981,716
573.63,3251,770
574.92,3576,837
576.21,3925,908
577.50,4270,980
578.79,4625,1053
580.08,5193,1170
581.37,5524,1239
582.66,5847,1304
583.95,6292,1397
585.23,6795,1501
586.52,7149,1574
587.81,7533,1654
589.10,8081,1766
590.39,8521,1857
591.68,8894,1935
592.97,9405,2040
594.26,9940,2151
595.55,10458,2259
596.84,10942,2360
598.13,11432,2462
599.41,11876,2555
600.70,12463,2678
601.99,12835,2753
603.28,13291,2848
604.57,13892,2976
605.86,14230,3045
607.15,14682,3139
608.44,15239,3254
609.73,15680,3348
611.02,15934,3398
612.30,16357,3488
613.59,16663,3550
614.88,17036,3628
616.17,17434,3712
617.46,17788,3789
618.75,18070,3845
620.04,18322,3897
621.33,18616,3958
622.62,18835,4002
623.91,19125,4064
625.20,19382,4119
626.48,19503,4145
627.77,19743,4196
629.06,19859,4218
630.35,19997,4249
631.64,20211,4293
632.93,20298,4310
634.22,20351,4324
635.51,20372,4327
636.80,20421,4339
638.09,20446,4343
639.38,20472,4348
640.66,20465,4347
641.95,20444,4342
643.24,20394,4332
644.53,20342,4322
645.82,20253,4304
647.11,20167,4286
648.40,20079,4265
649.69,19952,4240
650.98,19810,4209
652.27,19527,4151
653.55,19181,4080
654.84,18948,4029
656.13,18658,3968
657.42,18406,3914
658.71,18189,3869
660.00,17834,3794
661.29,17550,3737
662.58,17298,3683
663.87,17028,3629
665.16,16893,3600
666.45,16516,3520
667.73,16206,3456
669.02,15921,3399
670.31,15572,3321
671.60,15173,3238
672.89,14754,3152
674.18,14368,3072
675.47,13960,2986
676.76,13490,2887
678.05,13027,2791
679.34,12569,2697
680.63,12211,2621
681.91,11718,2520
683.20,11270,2428
684.49,10847,2340
685.78,10400,2246
687.07,9936,2149
688.36,9507,2062
689.65,9019,1959
690.94,8559,1865
692.23,8131,1776
693.52,7748,1697
694.80,7276,1600
696.09,6818,1505
697.38,6360,1409
698.67,5929,1321
699.96,5543,1241
701.25,5195,1170
702.54,4809,1089
703.83,4421,1010
705.12,4021,926
706.41,3677,856
707.70,3327,785
708.98,2975,711
710.27,2671,650
711.56,2321,577
712.85,2093,530
714.14,1857,482
715.43,1622,434
716.72,1422,391
718.01,1203,348
719.30,1051,317
720.59,870,279
721.88,750,255
723.16,612,227
724.45,522,208
725.74,444,192
727.03,389,180
728.32,350,173
729.61,326,168
730.90,324,167
732.19,342,171
733.48,374,177
734.77,441,191
736.05,502,204
737.34,600,224
738.63,697,243
739.92,821,269
741.21,964,297
742.50,1131,333
743.79,1316,371
745.08,1531,415
746.37,1747,459
747.66,1984,509
748.95,2255,564
750.23,2535,622
751.52,2798,676
752.81,3102,739
754.10,3416,805
755.39,3806,886
756.68,4098,946
757.97,4510,1031
759.26,4860,1102
760.55,5240,1183
761.84,5627,1262
763.13,5996,1338
764.41,6420,1426
765.70,6894,1524
766.99,7314,1611
768.28,7845,1722
769.57,8167,1789
770.86,8681,1895
772.15,9180,2000
773.44,9565,2078
774.73,10146,2200
776.02,10566,2288
777.30,11123,2402
778.59,11595,2503
779.88,12181,2625
781.17,12810,2757
782.46,13429,2887
783.75,13926,2988
785.04,14521,3112
786.33,15092,3231
787.62,15488,3315
788.91,16358,3496
790.20,16382,3502
791.48,17013,3633
792.77,17656,3767
794.06,18243,3890
795.35,18943,4037
796.64,18607,3966
797.93,19561,4163
799.22,19797,4214
800.51,20757,4412
801.80,20929,4449
803.09,20832,4429
804.38,21621,4592
805.66,21274,4518
806.95,21912,4651
808.24,22136,4699
809.53,21670,4605
810.82,22434,4761
812.11,22464,4762
813.40,22589,4795
814.69,23259,4932
815.98,22523,4780
817.27,22747,4824
818.55,22685,4813
819.84,22658,4807
821.13,22389,4751
822.42,22596,4794
823.71,23261,4932
825.00,22289,4733
826.29,22093,4692
827.58,21040,4472
828.87,21532,4576
830.16,21219,4508
831.45,20961,4455
832.73,21040,4474
834.02,20579,4377
835.31,20361,4332
836.60,20060,4268
837.89,19137,4074
839.18,18591,3959
840.47,18051,3843
841.76,17766,3785
843.05,17415,3714
844.34,17009,3624
845.63,16708,3558
846.91,16305,3473
848.20,15939,3396
849.49,15595,3324
850.78,15262,3254
852.07,14842,3166
853.36,14450,3086
854.65,14021,2996
855.94,13645,2917
857.23,13264,2838
858.52,12774,2737
859.80,12397,2659
861.09,12023,2581
862.38,11605,2493
863.67,11089,2386
864.96,10716,2309
866.25,10294,2223
867.54,9852,2132
868.83,9519,2061
870.12,9096,1975
871.41,8603,1872
872.70,8217,1794
873.98,7735,1695
875.27,7327,1611
876.56,6986,1540
877.85,6603,1462
879.14,6148,1367
880.43,5773,1289
881.72,5412,1216
883.01,4942,1120
884.30,4544,1038
885.59,4193,965
886.88,3833,891
888.16,3482,819
889.45,3123,744
890.74,2815,680
892.03,2534,624
893.32,2210,558
894.61,2017,517
895.90,1727,457
897.19,1540,420
898.48,1263,361
899.77,1108,331
901.05,951,298
902.34,819,272
903.63,713,253
904.92,555,217
906.21,484,202
907.50,409,187
908.79,366,179
910.08,335,172
911.37,336,174
912.66,348,175
913.95,388,182
915.23,450,195
916.52,517,208
917.81,614,228
919.10,789,264
920.39,897,286
921.68,1064,320
922.97,1244,357
924.26,1478,405
925.55,1709,453
926.84,1928,497
928.13,2204,555
929.41,2524,620
930.70,2824,683
931.99,3168,753
933.28,3436,809
934.57,3720,867
935.86,4058,936
937.15,4458,1018
938.44,4797,1089
939.73,5215,1176
941.02,5597,1254
942.30,5951,1328
943.59,6394,1418
944.88,6793,1501
946.17,7296,1606
947.46,7722,1693
948.75,8108,1773
950.04,8560,1867
951.33,8984,1954
952.62,9354,2032
953.91,9843,2134
955.20,10383,2245
956.48,11002,2375
957.77,11311,2438
959.06,11845,2549
960.35,12412,2669
961.64,12942,2779
962.93,13380,2870
964.22,13615,2920
965.51,14236,3050
966.80,14418,3086
968.09,14805,3168
969.38,15314,3273
970.66,15779,3370
971.95,16045,3422
973.24,16406,3499
974.53,16616,3546
975.82,17019,3626
977.11,17297,3684
978.40,17702,3769
979.69,17940,3821
980.98,18262,3887
982.27,18471,3929
983.55,18803,3998
984.84,19081,4057
986.13,19297,4103
987.42,19454,4134
988.71,19638,4175
990.00,19783,4203
991.29,19917,4231
992.58,20077,4264
993.87,20196,4290
995.16,20237,4299
996.45,20279,4306
997.73,20333,4317
999.02,20380,4331
1000.31,20378,4327
1001.60,20355,4325
1002.89,20307,4314
1004.18,20258,4303
1005.47,20184,4288
1006.76,20114,4273
1008.05,20030,4254
1009.34,19891,4227
1010.63,19724,4193
1011.91,19532,4153
1013.20,19195,4084
1014.49,18925,4024
1015.78,18651,3968
1017.07,18335,3900
1018.36,18137,3857
1019.65,17746,3775
1020.94,17443,3715
1022.23,17192,3660
1023.52,16927,3606
1024.80,16656,3551
1026.09,16407,3498
1027.38,16051,3424
1028.67,15707,3351
1029.96,15354,3277
1031.25,14922,3186
1032.54,14489,3096
1033.83,14010,2996
1035.12,13643,2921
1036.41,13231,2835
1037.70,12790,2743
1038.98,12304,2641
1040.27,11881,2554
1041.56,11404,2456
1042.85,11005,2372
1044.14,10617,2291
1045.43,10213,2208
1046.72,9712,2103
1048.01,9371,2033
1049.30,8944,1945
1050.59,8478,1848
1051.88,8069,1765
1053.16,7650,1676
1054.45,7190,1581
1055.74,6810,1503
1057.03,6393,1416
1058.32,5949,1325
1059.61,5563,1246
1060.90,5207,1172
1062.19,4835,1095
1063.48,4464,1019
1064.77,4032,930
1066.05,3769,876
1067.34,3445,808
1068.63,3146,748
1069.92,2817,680
1071.21,2587,633
1072.50,2305,574
1073.79,2039,519
1075.08,1828,477
1076.37,1586,427
1077.66,1400,388
1078.95,1213,350
1080.23,1044,314
switching colors
1081.52,1236,85
1082.81,1019,73
1084.10,808,62
1085.39,579,49
1086.68,440,41
1087.97,323,35
1089.26,234,30
1090.55,187,28
1091.84,174,27
1093.13,207,29
1094.41,259,32
1095.70,383,39
1096.99,510,45
1098.28,696,55
1099.57,928,67
1100.86,1203,83
1102.15,1475,97
1103.44,1806,115
1104.73,2171,135
1106.02,2568,157
1107.30,3013,180
1108.59,3486,206
1109.88,4074,238
1111.17,4723,273
1112.46,5176,298
1113.75,5805,332
1115.04,6463,369
1116.33,7250,410
1117.62,7781,440
1118.91,8518,479
1120.20,9241,519
1121.48,10077,564
1122.77,11038,617
1124.06,11970,669
1125.35,12669,707
1126.64,13529,754
1127.93,14262,796
1129.22,15244,849
1130.51,16102,896
1131.80,17196,956
1133.09,18122,1008
1134.38,19056,1059
1135.66,19933,1108
1136.95,20894,1161
1138.24,22066,1227
1139.53,23015,1279
1140.82,23972,1333
1142.11,24982,1387
1143.40,25961,1444
1144.69,27144,1508
1145.98,28070,1558
1147.27,28949,1607
1148.55,30195,1677
1149.84,30974,1721
1151.13,31672,1758
1152.42,32615,1812
1153.71,34167,1895
1155.00,34974,1942
1156.29,34654,1923
1157.58,36110,2005
1158.87,36547,2028
1160.16,37869,2142
1161.45,37888,2136
1162.73,37885,2132
1164.02,37889,2214
1165.31,37889,2192
1166.60,37888,2225
1167.89,37889,2203
1169.18,37888,2222
1170.47,37888,2296
1171.76,37888,2238
1173.05,37888,2260
1174.34,37888,2309
1175.63,37888,2317
1176.91,37888,2307
1178.20,37888,2311
1179.49,37888,2343
1180.78,37888,2304
1182.07,37888,2300
1183.36,37888,2312
1184.65,37888,2362
1185.94,37888,2292
1187.23,37888,2253
1188.52,37888,2262
1189.80,37888,2159
1191.09,37889,2149
1192.38,37888,2146
1193.67,37885,2158
1194.96,37771,2146
1196.25,37063,2064
1197.54,36448,2028
1198.83,35911,1999
1200.12,34339,1910
1201.41,33741,1875
1202.70,33072,1835
1203.98,32285,1794
1205.27,31542,1747
1206.56,30863,1708
1207.85,30190,1672
1209.14,29499,1633
1210.43,28886,1597
1211.72,28112,1555
1213.01,27262,1508
1214.30,26493,1465
1215.59,25564,1415
1216.88,24808,1372
1218.16,23865,1320
1219.45,23114,1280
1220.74,22368,1237
1222.03,21668,1199
1223.32,20574,1138
1224.61,19706,1090
1225.90,19088,1057
1227.19,18217,1009
1228.48,17362,962
1229.77,16507,914
1231.05,15451,857
1232.34,14782,820
1233.63,13989,778
1234.92,13084,729
1236.21,12317,686
1237.50,11589,647
1238.79,10863,608
1240.08,9934,556
1241.37,9168,514
1242.66,8491,477
1243.95,7795,439
1245.23,7003,396
1246.52,6248,355
1247.81,5680,324
1249.10,5152,295
1250.39,4544,263
1251.68,4127,241
1252.97,3497,206
1254.26,3055,183
1255.55,2665,162
1256.84,2305,142
1258.13,1889,119
1259.41,1595,104
1260.70,1277,86
1261.99,1018,73
1263.28,832,63
1264.57,595,50
1265.86,466,43
1267.15,339,36
1268.44,252,32
1269.73,199,28
1271.02,185,28
1272.30,203,29
1273.59,264,32
1274.88,363,38
1276.17,527,46
1277.46,680,54
1278.75,869,64
1280.04,1096,76
1281.33,1387,93
1282.62,1665,107
1283.91,2024,127
1285.20,2396,147
1286.48,2911,174
1287.77,3300,195
1289.06,3718,218
1290.35,4269,248
1291.64,4748,275
1292.93,5321,305
1294.22,5838,333
1295.51,6392,363
1296.80,7093,402
1298.09,7823,441
1299.38,8470,476
1300.66,9319,523
1301.95,10108,566
1303.24,10672,596
1304.53,11373,635
1305.82,12257,683
1307.11,13196,735
1308.40,13996,780
1309.69,14685,817
1310.98,15767,876
1312.27,16549,920
1313.55,17402,967
1314.84,18301,1015
1316.13,19295,1071
1317.42,20084,1115
1318.71,21172,1174
1320.00,22262,1234
1321.29,23053,1279
1322.58,24072,1335
1323.87,24857,1378
1325.16,26079,1446
1326.45,26259,1456
1327.73,27057,1501
1329.02,27959,1550
1330.31,28996,1606
1331.60,29225,1621
1332.89,30463,1687
1334.18,30820,1708
1335.47,31435,1742
1336.76,32123,1782
1338.05,32927,1825
1339.34,33379,1851
1340.63,33914,1881
1341.91,34435,1910
1343.20,35033,1942
1344.49,35491,1969
1345.78,35728,1983
1347.07,36190,2008
1348.36,36516,2027
1349.65,36760,2041
1350.94,37035,2057
1352.23,37246,2070
1353.52,37381,2075
1354.80,37421,2079
1356.09,37539,2087
1357.38,37635,2090
1358.67,37692,2094
1359.96,37667,2093
1361.25,37644,2091
1362.54,37566,2086
1363.83,37487,2082
1365.12,37412,2078
1366.41,37264,2070
1367.70,37006,2057
1368.98,36759,2042
1370.27,36468,2026
1371.56,36253,2014
1372.85,35463,1970
1374.14,35032,1944
1375.43,34572,1917
1376.72,33982,1884
1378.01,33567,1861
1379.30,32953,1827
1380.59,32338,1794
1381.88,31901,1769
1383.16,31569,1751
1384.45,31215,1731
1385.74,30629,1699
1387.03,30039,1664
1388.32,29552,1639
1389.61,28984,1605
1390.90,28311,1568
1392.19,27515,1524
1393.48,26762,1484
1394.77,25917,1435
1396.05,25211,1398
1397.34,24540,1359
1398.63,23750,1316
1399.92,22870,1267
1401.21,22210,1230
1402.50,21214,1176
1403.79,20409,1131
1405.08,19648,1089
1406.37,18785,1041
1407.66,17992,998
1408.95,17262,956
1410.23,16385,908
1411.52,15549,863
1412.81,14762,819
1414.10,14035,780
1415.39,13139,730
1416.68,12152,678
1417.97,11482,641
1419.26,10692,597
1420.55,9964,557
1421.84,9251,519
1423.13,8592,482
1424.41,7858,443
1425.70,7075,401
1426.99,6475,368
1428.28,5839,333
1429.57,5195,299
1430.86,4607,267
1432.15,4121,241
1433.44,3569,210
1434.73,3126,186
1436.02,2680,162
1437.30,2284,141
1438.59,1850,118
1439.88,1540,101
1441.17,1219,83
1442.46,942,68
1443.75,717,56
1445.04,542,46
1446.33,393,39
1447.62,282,33
1448.91,201,29
1450.20,172,27
1451.48,185,28
1452.77,240,31
1454.06,337,36
1455.35,464,42
1456.64,656,53
1457.93,828,62
1459.22,1047,74
1460.51,1337,90
1461.80,1659,107
1463.09,2011,125
1464.38,2419,148
1465.66,2812,169
1466.95,3235,193
1468.24,3673,216
1469.53,4144,242
1470.82,4672,271
1472.11,5296,304
1473.40,5900,338
1474.69,6727,382
1475.98,7235,410
1477.27,7848,444
1478.55,8560,482
1479.84,9165,515
1481.13,9927,556
1482.42,10899,610
1483.71,11547,645
1485.00,12386,692
1486.29,13191,736
1487.58,14179,790
1488.87,14855,826
1490.16,15607,867
1491.45,16560,921
1492.73,17463,970
1494.02,18295,1016
1495.31,19022,1057
1496.60,19907,1107
1497.89,20747,1154
1499.18,21852,1214
1500.47,22770,1264
1501.76,23685,1317
1503.05,24587,1367
1504.34,25760,1430
1505.63,26596,1476
1506.91,27759,1541
1508.20,28598,1588
1509.49,30100,1669
1510.78,30398,1688
1512.07,31452,1746
1513.36,32450,1801
1514.65,33847,1878
1515.94,34691,1923
1517.23,34338,1905
1518.52,36035,1998
1519.80,36366,2017
1521.09,37513,2110
1522.38,37745,2125
1523.67,37866,2126
1524.96,37888,2197
1526.25,37888,2197
1527.54,37888,2213
1528.83,37888,2278
1530.12,37889,2219
1531.41,37888,2288
1532.70,37888,2273
1533.98,37888,2293
1535.27,37888,2359
1536.56,37888,2296
1537.85,37888,2311
1539.14,37888,2291
1540.43,37888,2317
1541.72,37888,2303
1543.01,37888,2321
1544.30,37888,2344
1545.59,37888,2229
1546.88,37888,2238
1548.16,37888,2123
1549.45,37888,2191
1550.74,37888,2121
1552.03,37833,2108
1553.32,37750,2122
1554.61,37344,2080
1555.90,36636,2037
1557.19,36353,2023
1558.48,34287,1906
1559.77,33542,1863
1561.05,33050,1836
1562.34,32419,1800
1563.63,31704,1757
1564.92,30975,1715
1566.21,30276,1676
1567.50,29674,1641
1568.79,28922,1601
1570.08,28247,1563
1571.37,27512,1521
1572.66,26873,1485
1573.95,26077,1442
1575.23,25158,1392
1576.52,24559,1358
1577.81,23583,1304
1579.10,22897,1266
1580.39,22164,1225
1581.68,21432,1185
1582.97,20628,1141
1584.26,19655,1087
1585.55,19068,1055
1586.84,18267,1011
1588.13,17483,968
1589.41,16679,923
1590.70,15719,872
1591.99,14872,824
1593.28,13944,774
1594.57,13464,748
1595.86,12580,700
1597.15,11833,660
1598.44,11149,621
1599.73,10368,579
1601.02,9610,539
1602.30,8895,500
1603.59,8354,470
1604.88,7756,437
1606.17,6983,394
1607.46,6419,365
1608.75,5718,327
1610.04,5225,300
1611.33,4577,265
1612.62,4211,244
1613.91,3544,209
1615.20,3061,183
1616.48,2679,162
1617.77,2372,146
1619.06,1942,122
1620.35,1632,106
1621.64,1317,88
1622.93,1066,75
1624.22,816,62
1625.51,601,50
1626.80,399,39
1628.09,305,35
1629.38,227,30
1630.66,184,28
1631.95,183,28
1633.24,217,30
1634.53,298,34
1635.82,409,39
1637.11,559,48
1638.40,762,58
1639.69,1064,75
1640.98,1257,85
1642.27,1578,103
1643.55,1861,118
1644.84,2273,140
1646.13,2709,164
1647.42,3091,185
1648.71,3639,214
1650.00,4247,247
1651.29,4781,276
1652.58,5410,310
1653.87,6103,348
1655.16,6531,371
1656.45,7231,409
1657.73,7995,451
1659.02,8727,491
1660.31,9406,528
1661.60,10297,576
1662.89,11280,630
1664.18,11950,668
1665.47,12609,703
1666.76,13543,754
1668.05,14402,802
1669.34,15098,839
1670.63,16132,896
1671.91,16885,938
1673.20,17782,988
1674.49,18684,1037
1675.78,19792,1099
1677.07,20465,1136
1678.36,21400,1188
1679.65,22439,1245
1680.94,23068,1280
1682.23,23986,1332
1683.52,24742,1373
1684.80,25850,1435
1686.09,26178,1453
1687.38,27000,1499
1688.67,28191,1563
1689.96,28906,1604
1691.25,29177,1619
1692.54,30206,1676
1693.83,30546,1695
1695.12,31291,1737
1696.41,31796,1764
1697.70,32610,1810
1698.98,33117,1838
1700.27,33535,1860
1701.56,34051,1889
1702.85,34564,1918
1704.14,35083,1948
1705.43,35432,1966
1706.72,35693,1981
1708.01,35995,1997
1709.30,36387,2019
1710.59,36653,2034
1711.88,36801,2042
1713.16,37002,2054
1714.45,37163,2064
1715.74,37241,2070
1717.03,37356,2074
1718.32,37406,2076
1719.61,37483,2081
1720.90,37463,2079
1722.19,37416,2078
1723.48,37335,2073
1724.77,37269,2070
1726.05,37185,2066
1727.34,37027,2056
1728.63,36801,2043
1729.92,36568,2030
1731.21,36296,2015
1732.50,35979,1997
1733.79,35019,1947
1735.08,34654,1924
1736.37,34016,1888
1737.66,33478,1857
1738.95,33015,1831
1740.23,32326,1795
1741.52,31776,1762
1742.81,31342,1741
1744.10,31020,1722
1745.39,30548,1695
1746.68,30110,1669
1747.97,29498,1634
1749.26,29157,1615
1750.55,28448,1576
1751.84,27688,1534
1753.13,26841,1486
1754.41,25919,1434
1755.70,24971,1384
1756.99,24176,1340
1758.28,23441,1299
1759.57,22588,1253
1760.86,21726,1205
1762.15,20828,1154
1763.44,20037,1110
1764.73,19062,1058
1766.02,18283,1015
1767.30,17420,967
1768.59,16512,915
1769.88,15731,873
1771.17,14919,828
1772.46,14184,787
1773.75,13379,743
1775.04,12602,702
1776.33,11761,654
1777.62,10853,605
1778.91,10198,569
1780.20,9507,533
1781.48,8730,490
1782.77,8014,450
1784.06,7502,424
1785.35,6827,388
1786.64,6201,354
1787.93,5615,322
1789.22,5024,289
1790.51,4513,262
1791.80,3931,230
1793.09,3495,207
1794.38,3039,182
1795.66,2626,159
1796.95,2261,140
1798.24,1921,121
1799.53,1573,103
1800.82,1273,87
1802.11,1005,72
1803.40,717,56
1804.69,590,49
1805.98,437,41
1807.27,319,35
1808.55,236,31
1809.84,191,28
1811.13,174,27
1812.42,194,28
1813.71,251,31
1815.00,354,36
1816.29,472,43
1817.58,663,53
1818.87,803,61
1820.16,1015,72
1821.45,1260,85
1822.73,1558,102
1824.02,1870,119
1825.31,2237,138
1826.60,2733,165
1827.89,3210,190
1829.18,3588,212
1830.47,4018,236
1831.76,4624,268
1833.05,5275,304
1834.34,5806,333
1835.63,6576,374
1836.91,7241,410
1838.20,8098,457
1839.49,8758,493
1840.78,9346,526
1842.07,9997,562
1843.36,10979,614
1844.65,11704,654
1845.94,12528,699
1847.23,13295,742
1848.52,14377,802
1849.80,15086,840
1851.09,15845,882
1852.38,16822,936
1853.67,17704,986
1854.96,18481,1027
1856.25,19511,1085
1857.54,20231,1125
1858.83,21278,1183
1860.12,22435,1247
1861.41,23524,1308
1862.70,24396,1357
1863.98,25660,1426
1865.27,26499,1472
1866.56,27622,1535
1867.85,28541,1585
1869.14,29919,1662
1870.43,30775,1709
1871.72,31532,1751
1873.01,32589,1810
1874.30,33512,1860
1875.59,34334,1906
1876.88,35360,1964
1878.16,35988,2000
1879.45,37525,2083
1880.74,37350,2076
1882.03,37888,2119
1883.32,37888,2162
1884.61,37888,2167
1885.90,37889,2200
1887.19,37889,2199
1888.48,37888,2288
1889.77,37888,2279
1891.05,37888,2238
1892.34,37888,2240
1893.63,37888,2316
1894.92,37888,2360
1896.21,37888,2271
1897.50,37888,2302
1898.79,37888,2294
1900.08,37888,2315
1901.37,37888,2287
1902.66,37888,2322
1903.95,37888,2316
1905.23,37888,2243
1906.52,37888,2238
1907.81,37888,2290
1909.10,37888,2203
1910.39,37888,2147
1911.68,37889,2133
1912.97,37876,2150
1914.26,37888,2152
1915.55,36998,2061
1916.84,36519,2035
1918.13,36409,2027
1919.41,34269,1907
1920.70,33405,1858
1921.99,32757,1821
1923.28,32201,1790
1924.57,31329,1738
1925.86,30772,1706
1927.15,30062,1665
1928.44,29521,1635
1929.73,28862,1599
1931.02,27979,1549
1932.30,27357,1514
1933.59,26628,1474
1934.88,25849,1431
1936.17,24789,1373
1937.46,24310,1345
1938.75,23319,1290
1940.04,22700,1257
1941.33,21878,1211
1942.62,21213,1174
1943.91,20156,1116
1945.20,19268,1067
1946.48,18267,1013
1947.77,17859,989
1949.06,17013,943
1950.35,16258,901
1951.64,15261,847
1952.93,14516,807
1954.22,13761,766
1955.51,12962,721
1956.80,12098,674
1958.09,11391,635
1959.38,10799,603
1960.66,9897,554
1961.95,9073,510
1963.24,8487,478
1964.53,7853,443
1965.82,7109,403
1967.11,6348,361
1968.40,5771,330
1969.69,5218,300
1970.98,4600,266
1972.27,4102,240
1973.55,3470,205
1974.84,2975,179
1976.13,2583,157
1977.42,2099,131
1978.71,1774,113
1980.00,1408,94
1981.29,1143,80
1982.58,925,68
1983.87,685,55
1985.16,480,43
1986.45,336,36
1987.73,252,32
1989.02,204,29
1990.31,182,28
1991.60,198,28
1992.89,255,32
1994.18,339,36
1995.47,516,46
1996.76,626,51
1998.05,818,62
1999.34,1039,73
2000.63,1351,91
2001.91,1616,105
2003.20,1951,123
2004.49,2314,142
2005.78,2704,163
2007.07,3101,185
2008.36,3555,210
2009.65,4130,241
2010.94,4608,267
2012.23,5216,299
2013.52,5746,329
2014.80,6396,363
2016.09,6976,395
2017.38,7628,431
2018.67,8331,469
2019.96,9163,514
2021.25,9662,543
2022.54,10310,578
2023.83,11217,628
2025.12,11867,663
2026.41,12659,706
2027.70,13512,753
2028.98,14476,806
2030.27,14945,832
2031.56,15837,881
2032.85,16631,924
2034.14,17586,977
2035.43,18467,1026
2036.72,19448,1080
2038.01,20313,1128
2039.30,21241,1179
2040.59,22017,1222
2041.88,22846,1268
2043.16,23910,1327
2044.45,24642,1367
2045.74,25763,1429
2047.03,26007,1443
2048.32,26906,1493
2049.61,28070,1558
2050.90,28658,1591
2052.19,29175,1619
2053.48,29913,1661
2054.77,30404,1688
2056.05,31017,1722
2057.34,31620,1756
2058.63,32403,1799
2059.92,33064,1835
2061.21,33574,1864
2062.50,34001,1887
2063.79,34454,1914
2065.08,34887,1939
2066.37,35176,1955
2067.66,35601,1977
2068.95,35971,1998
2070.23,36233,2014
2071.52,36481,2028
2072.81,36691,2039
2074.10,36784,2045
2075.39,36953,2053
2076.68,37043,2058
2077.97,37161,2066
2079.26,37224,2068
2080.55,37190,2067
2081.84,37153,2064
2083.12,37122,2063
2084.41,36984,2055
2085.70,36846,2047
2086.99,36684,2037
2088.28,36435,2024
2089.57,36186,2011
2090.86,35883,1994
2092.15,35352,1964
2093.44,34735,1930
2094.73,34166,1897
2096.02,33512,1861
2097.30,33070,1835
2098.59,32773,1819
2099.88,32142,1785
2101.17,31632,1757
2102.46,31293,1735
2103.75,31021,1721
2105.04,30519,1695
2106.33,29868,1657
2107.62,29430,1633
2108.91,28878,1602
2110.20,28228,1563
2111.48,27485,1523
2112.77,26642,1477
2114.06,25981,1439
2115.35,25058,1389
2116.64,24261,1344
2117.93,23617,1309
2119.22,22647,1256
2120.51,21747,1205
2121.80,21026,1166
2123.09,20318,1126
2124.37,19520,1082
2125.66,18678,1037
2126.95,17964,996
2128.24,17178,952
2129.53,16447,912
2130.82,15580,864
2132.11,14846,824
2133.40,14069,782
2134.69,13342,742
2135.98,12652,704
2137.27,11850,660
2138.55,11092,619
2139.84,10260,574
2141.13,9641,539
2142.42,8841,497
2143.71,8224,463
2145.00,7572,428
2146.29,6899,391
2147.58,6251,355
2148.87,5609,321
2150.16,5098,293
2151.45,4520,262
2152.73,3888,228
2154.02,3500,207
2155.31,3001,180
2156.60,2527,154
2157.89,2146,133
2159.18,1806,115
2160.47,1496,99
switching colors
2161.76,580,32
2163.05,466,30
2164.34,357,27
2165.62,280,26
2166.91,215,25
2168.20,162,23
2169.49,132,24
2170.78,122,23
2172.07,125,23
2173.36,148,23
2174.65,185,24
2175.94,235,25
2177.23,328,27
2178.52,414,29
2179.80,528,31
2181.09,650,34
2182.38,773,36
2183.67,947,39
2184.96,1119,43
2186.25,1316,47
2187.54,1521,51
2188.83,1781,56
2190.12,1994,61
2191.41,2274,66
2192.70,2555,72
2193.98,2888,78
2195.27,3184,85
2196.56,3465,90
2197.85,3793,97
2199.14,4123,104
2200.43,4428,110
2201.72,4786,118
2203.01,5143,125
2204.30,5557,133
2205.59,5864,139
2206.87,6218,147
2208.16,6594,154
2209.45,7078,165
2210.74,7402,171
2212.03,7776,179
2213.32,8151,187
2214.61,8517,194
2215.90,8974,204
2217.19,9339,212
2218.48,9745,220
2219.77,10192,230
2221.05,10727,241
2222.34,11096,248
2223.63,11532,258
2224.92,12071,269
2226.21,12556,280
2227.50,12963,288
2228.79,13657,304
2230.08,13940,309
2231.37,14229,315
2232.66,14732,325
2233.95,15066,332
2235.23,15742,348
2236.52,15800,348
2237.81,16483,363
2239.10,16777,369
2240.39,17621,388
2241.68,17471,385
2242.97,17960,395
2244.26,17790,390
2245.55,18182,399
2246.84,18744,412
2248.12,18714,411
2249.41,19723,434
2250.70,19256,422
2251.99,19340,424
2253.28,19242,422
2254.57,19811,435
2255.86,20286,445
2257.15,19259,420
2258.44,19804,434
2259.73,19980,438
2261.02,19706,431
2262.30,19645,429
2263.59,19657,431
2264.88,19959,437
2266.17,19155,419
2267.46,19001,416
2268.75,17887,391
2270.04,18392,403
2271.33,18352,401
2272.62,18090,396
2273.91,18359,402
2275.20,17901,392
2276.48,17707,389
2277.77,17510,383
2279.06,16438,360
2280.35,15612,342
2281.64,15284,334
2282.93,14739,322
2284.22,14312,312
2285.51,13989,307
2286.80,13642,299
2288.09,13331,293
2289.37,13106,288
2290.66,12763,281
2291.95,12370,273
2293.24,12061,266
2294.53,11739,259
2295.82,11303,250
2297.11,10919,243
2298.40,10551,236
2299.69,10243,230
2300.98,9870,222
2302.27,9509,214
2303.55,9162,207
2304.84,8752,198
2306.13,8388,191
2307.42,8015,183
2308.71,7686,176
2310.00,7329,169
2311.29,6951,162
2312.58,6536,153
2313.87,6216,146
2315.16,5917,140
2316.45,5545,133
2317.73,5152,125
2319.02,4725,116
2320.31,4507,112
2321.60,4174,106
2322.89,3863,99
2324.18,3617,94
2325.47,3298,87
2326.76,3022,82
2328.05,2675,74
2329.34,2468,70
2330.62,2216,65
2331.91,1982,61
2333.20,1698,55
2334.49,1497,51
2335.78,1313,47
2337.07,1159,44
2338.36,944,39
2339.65,841,38
2340.94,684,34
2342.23,561,31
2343.52,450,29
2344.80,357,27
2346.09,283,26
2347.38,219,24
2348.67,169,23
2349.96,143,23
2351.25,129,22
2352.54,134,23
2353.83,158,23
2355.12,198,24
2356.41,265,25
2357.70,318,27
2358.98,403,28
2360.27,523,31
2361.56,655,34
2362.85,765,35
2364.14,943,39
2365.43,1135,43
2366.72,1307,46
2368.01,1524,51
2369.30,1767,56
2370.59,1990,61
2371.87,2233,65
2373.16,2471,71
2374.45,2751,76
2375.74,3056,82
2377.03,3366,88
2378.32,3622,93
2379.61,4038,102
2380.90,4339,108
2382.19,4673,115
2383.48,5055,123
2384.77,5420,129
2386.05,5721,136
2387.34,6165,145
2388.63,6503,153
2389.92,6894,160
2391.21,7352,170
2392.50,7696,177
2393.79,8092,184
2395.08,8551,195
2396.37,9079,205
2397.66,9375,211
2398.95,9794,220
2400.23,10359,231
2401.52,10701,239
2402.81,11139,248
2404.10,11503,256
2405.39,11828,262
2406.68,12262,272
2407.97,12567,277
2409.26,12979,286
2410.55,13154,289
2411.84,13627,298
2413.12,13806,303
2414.41,14123,310
2415.70,14427,315
2416.99,14545,317
2418.28,14856,324
2419.57,15058,329
2420.86,15290,333
2422.15,15504,337
2423.44,15705,341
2424.73,15970,348
2426.02,16114,350
2427.30,16268,354
2428.59,16410,356
2429.88,16553,359
2431.17,16671,361
2432.46,16800,365
2433.75,16887,365
2435.04,16937,366
2436.33,16993,366
2437.62,17013,368
2438.91,17046,369
2440.20,17033,369
2441.48,17026,368
2442.77,16994,368
2444.06,16963,368
2445.35,16904,366
2446.64,16836,365
2447.93,16754,362
2449.22,16662,361
2450.51,16507,358
2451.80,16343,355
2453.09,16129,350
2454.37,15874,344
2455.66,15658,340
2456.95,15414,334
2458.24,15181,330
2459.53,14993,326
2460.82,14705,320
2462.11,14471,315
2463.40,14295,312
2464.69,14102,309
2465.98,13905,304
2467.27,13636,299
2468.55,13406,293
2469.84,13067,287
2471.13,12780,281
2472.42,12369,273
2473.71,12073,267
2475.00,11684,259
2476.29,11364,252
2477.58,10982,245
2478.87,10682,238
2480.16,10274,229
2481.45,9870,222
2482.73,9412,212
2484.02,9051,205
2485.31,8671,196
2486.60,8339,191
2487.89,7978,183
2489.18,7526,174
2490.47,7230,167
2491.76,6844,160
2493.05,6434,152
2494.34,6037,143
2495.62,5660,135
2496.91,5314,128
2498.20,4897,120
2499.49,4559,113
2500.78,4289,107
2502.07,3932,101
2503.36,3568,92
2504.65,3227,86
2505.94,2968,80
2507.23,2693,75
2508.52,2388,69
2509.80,2122,63
2511.09,1834,57
2512.38,1645,54
2513.67,1471,50
2514.96,1259,45
2516.25,1087,42
2517.54,925,39
2518.83,757,36
2520.12,582,32
2521.41,505,30
2522.70,420,29
2523.98,324,26
2525.27,254,25
2526.56,198,24
2527.85,156,23
2529.14,130,23
2530.43,120,22
2531.72,126,22
2533.01,148,23
2534.30,186,24
2535.59,239,25
2536.87,305,26
2538.16,400,28
2539.45,505,30
2540.74,595,32
2542.03,744,35
2543.32,903,38
2544.61,1071,41
2545.90,1239,45
2547.19,1419,48
2548.48,1625,53
2549.77,1837,57
2551.05,2070,62
2552.34,2335,66
2553.63,2598,72
2554.92,2887,79
2556.21,3223,86
2557.50,3470,90
2558.79,3783,97
2560.08,4157,105
2561.37,4401,110
2562.66,4734,117
2563.95,5099,123
2565.23,5463,131
2566.52,5816,139
2567.81,6190,146
2569.10,6569,154
2570.39,7052,164
2571.68,7319,170
2572.97,7702,177
2574.26,8206,188
2575.55,8579,196
2576.84,9013,205
2578.12,9417,213
2579.41,9894,223
2580.70,10340,233
2581.99,10858,243
2583.28,11331,254
2584.57,11615,260
2585.86,11888,265
2587.15,12778,284
2588.44,13311,296
2589.73,13975,310
2591.02,14406,319
2592.30,14876,330
2593.59,15215,337
2594.88,15615,344
2596.17,16058,354
2597.46,16563,365
2598.75,16715,368
2600.04,17457,385
2601.33,17493,384
2602.62,18006,396
2603.91,18682,412
2605.20,18521,408
2606.48,18915,416
2607.77,18820,412
2609.06,18675,409
2610.35,19796,434
2611.64,19421,425
2612.93,19710,433
2614.22,20318,446
2615.51,20140,442
2616.80,19930,437
2618.09,19140,418
2619.37,20034,438
2620.66,20020,438
2621.95,19827,435
2623.24,19994,438
2624.53,19689,431
2625.82,19301,423
2627.11,19412,425
2628.40,18639,409
2629.69,18472,404
2630.98,18389,403
2632.27,18209,399
2633.55,18143,398
2634.84,17706,388
2636.13,17415,382
2637.42,17215,378
2638.71,16333,359
2640.00,15896,349
2641.29,15441,340
2642.58,14667,321
2643.87,14235,311
2645.16,13929,305
2646.45,13678,299
2647.73,13375,293
2649.02,13083,287
2650.31,12784,281
2651.60,12519,276
2652.89,12139,268
2654.18,11857,262
2655.47,11567,255
2656.76,11213,249
2658.05,10847,241
2659.34,10463,234
2660.62,10138,227
2661.91,9803,220
2663.20,9434,212
2664.49,9132,206
2665.78,8800,199
2667.07,8381,191
2668.36,8064,184
2669.65,7678,176
2670.94,7344,169
2672.23,6990,163
2673.52,6559,154
2674.80,6198,146
2676.09,5892,140
2677.38,5524,133
2678.67,5109,125
2679.96,4857,119
2681.25,4473,111
2682.54,4108,104
2683.83,3817,98
2685.12,3542,92
2686.41,3231,86
2687.70,2863,79
2688.98,2607,73
2690.27,2370,68
2691.56,2103,63
2692.85,1908,59
2694.14,1600,52
2695.43,1415,49
2696.72,1220,45
2698.01,1019,41
2699.30,879,38
2700.59,701,34
2701.87,608,32
2703.16,491,30
2704.45,363,27
2705.74,269,25
2707.03,216,24
2708.32,164,23
2709.61,136,22
2710.90,128,23
2712.19,135,23
2713.48,162,23
2714.77,222,24
2716.05,278,26
2717.34,361,27
2718.63,487,30
2719.92,605,32
2721.21,736,35
2722.50,860,38
2723.79,1050,41
2725.08,1235,45
2726.37,1421,48
2727.66,1625,53
2728.95,1886,58
2730.23,2097,63
2731.52,2360,68
2732.81,2587,72
2734.10,2833,77
2735.39,3131,83
2736.68,3382,89
2737.97,3688,95
2739.26,4011,101
2740.55,4367,109
2741.84,4699,116
2743.12,5058,122
2744.41,5344,129
2745.70,5695,136
2746.99,6129,145
2748.28,6437,151
2749.57,6791,159
2750.86,7267,167
2752.15,7599,175
2753.44,8003,183
2754.73,8373,191
2756.02,8788,200
2757.30,9145,207
2758.59,9657,217
2759.88,10053,226
2761.17,10409,233
2762.46,10744,241
2763.75,11059,246
2765.04,11640,259
2766.33,11814,262
2767.62,12156,268
2768.91,12513,277
2770.20,12951,286
2771.48,13171,291
2772.77,13462,296
2774.06,13830,304
2775.35,14000,307
2776.64,14263,313
2777.93,14484,317
2779.22,14766,322
2780.51,14987,326
2781.80,15198,332
2783.09,15374,334
2784.37,15653,340
2785.66,15924,346
2786.95,16080,350
2788.24,16221,352
2789.53,16335,354
2790.82,16477,358
2792.11,16648,360
2793.40,16719,363
2794.69,16819,365
2795.98,16856,366
2797.27,16884,365
2798.55,16927,366
2799.84,16940,367
2801.13,16926,367
2802.42,16905,366
2803.71,16864,365
2805.00,16812,365
2806.29,16740,362
2807.58,16677,361
2808.87,16582,359
2810.16,16490,357
2811.45,16275,353
2812.73,15961,347
2814.02,15752,342
2815.31,15519,337
2816.60,15284,332
2817.89,15047,327
2819.18,14852,323
2820.47,14570,318
2821.76,14309,312
2823.05,14095,307
2824.34,13921,305
2825.62,13679,300
2826.91,13451,295
2828.20,13140,288
2829.49,12828,282
2830.78,12530,276
2832.07,12114,267
2833.36,11767,261
2834.65,11446,254
2835.94,11112,247
2837.23,10749,239
2838.52,10349,231
2839.80,10043,226
2841.09,9678,218
2842.38,9307,210
2843.67,8965,203
2844.96,8572,194
2846.25,8248,189
2847.54,7881,180
2848.83,7475,172
2850.12,7151,166
2851.41,6804,159
2852.70,6460,152
2853.98,6044,143
2855.27,5722,137
2856.56,5406,130
2857.85,5006,122
2859.14,4638,114
2860.43,4340,109
2861.72,4034,102
2863.01,3750,97
2864.30,3429,89
2865.59,3176,85
2866.87,2901,79
2868.16,2642,74
2869.45,2332,68
2870.74,2079,62
2872.03,1886,58
2873.32,1681,54
2874.61,1474,50
2875.90,1286,46
2877.19,1129,43
2878.48,952,39
2879.77,767,35
2881.05,674,33
2882.34,530,30
2883.63,434,29
2884.92,341,27
2886.21,264,25
2887.50,208,24
2888.79,161,23
2890.08,133,23
2891.37,120,22
2892.66,126,22
2893.95,151,23
2895.23,201,24
2896.52,253,25
2897.81,347,27
2899.10,413,28
2900.39,526,30
2901.68,635,32
2902.97,781,35
2904.26,946,39
2905.55,1138,43
2906.84,1333,47
2908.12,1534,51
2909.41,1743,56
2910.70,1968,60
2911.99,2238,65
2913.28,2492,70
2914.57,2808,77
2915.86,3201,85
2917.15,3502,91
2918.44,3784,97
2919.73,4131,104
2921.02,4422,110
2922.30,4827,119
2923.59,5204,126
2924.88,5593,134
2926.17,5956,141
2927.46,6396,151
2928.75,6722,158
2930.04,7132,166
2931.33,7562,175
2932.62,7965,183
2933.91,8329,190
2935.20,8685,198
2936.48,9118,207
2937.77,9571,216
2939.06,10050,226
2940.35,10470,235
2941.64,11019,247
2942.93,11388,254
2944.22,11968,267
2945.51,12565,280
2946.80,12933,288
2948.09,13881,308
2949.37,14106,313
2950.66,14366,318
2951.95,14934,331
2953.24,15212,336
2954.53,16221,358
2955.82,15885,351
2957.11,16430,362
2958.40,16796,371
2959.69,17455,384
2960.98,17663,390
2962.27,17996,396
2963.55,17843,392
2964.84,18548,408
2966.13,18876,415
2967.42,18619,409
2968.71,19407,426
2970.00,19046,418
2971.29,19572,430
2972.58,19281,423
2973.87,19626,431
2975.16,20127,441
2976.45,19923,437
2977.73,19789,434
2979.02,18809,411
2980.31,19897,436
2981.60,19903,436
2982.89,19753,433
2984.18,19811,434
2985.47,19430,425
2986.76,19061,418
2988.05,19206,421
2989.34,18104,396
2990.62,18794,411
2991.91,18167,398
2993.20,18108,397
2994.49,18149,398
2995.78,17643,386
2997.07,17347,380
2998.36,17131,375
2999.65,15932,350
3000.94,15507,340
3002.23,15060,331
3003.52,14430,316
3004.80,14093,309
3006.09,13799,302
3007.38,13546,296
3008.67,13232,290
3009.96,12910,284
3011.25,12622,278
3012.54,12263,270
3013.83,11935,264
3015.12,11612,257
3016.41,11251,250
3017.70,10890,242
3018.98,10514,235
3020.27,10224,228
3021.56,9819,220
3022.85,9450,213
3024.14,9017,204
3025.43,8672,196
3026.72,8348,190
3028.01,7915,182
3029.30,7606,175
3030.59,7170,166
3031.87,6796,159
3033.16,6352,150
3034.45,6014,143
3035.74,5601,134
3037.03,5300,128
3038.32,4995,122
3039.61,4556,113
3040.90,4217,106
3042.19,3909,99
3043.48,3657,95
3044.77,3327,88
3046.05,3019,82
3047.34,2721,76
3048.63,2454,70
3049.92,2214,65
3051.21,2001,61
3052.50,1674,54
3053.79,1578,52
3055.08,1352,47
3056.37,1202,44
3057.66,958,40
3058.95,851,37
3060.23,706,34
3061.52,586,32
3062.81,489,30
3064.10,371,28
3065.39,289,25
3066.68,226,24
3067.97,170,24
3069.26,142,23
3070.55,128,23
3071.84,132,23
3073.12,149,23
3074.41,194,24
3075.70,243,25
3076.99,302,26
3078.28,391,28
3079.57,518,30
3080.86,607,32
3082.15,770,36
3083.44,893,37
3084.73,1064,42
3086.02,1238,45
3087.30,1410,48
3088.59,1597,52
3089.88,1826,57
3091.17,2045,61
3092.46,2338,68
3093.75,2582,72
3095.04,2800,77
3096.33,3139,84
3097.62,3339,88
3098.91,3669,94
3100.20,4030,102
3101.48,4380,109
3102.77,4679,114
3104.06,5083,123
3105.35,5399,130
3106.64,5795,138
3107.93,6182,146
3109.22,6591,154
3110.51,6916,160
3111.80,7303,169
3113.09,7685,176
3114.37,8049,184
3115.66,8552,195
3116.95,9046,205
3118.24,9391,212
3119.53,9811,221
3120.82,10269,231
3122.11,10653,238
3123.40,11041,246
3124.69,11397,254
3125.98,11825,263
3127.27,12252,272
3128.55,12540,277
3129.84,13001,286
3131.13,13213,291
3132.42,13592,299
3133.71,13811,303
3135.00,14092,309
3136.29,14288,312
3137.58,14588,319
3138.87,14880,325
3140.16,15086,329
3141.45,15364,335
3142.73,15612,339
3144.02,15843,344
3145.31,16004,348
3146.60,16155,351
3147.89,16309,354
3149.18,16446,356
3150.47,16550,358
3151.76,16683,362
3153.05,16788,363
3154.34,16827,365
3155.62,16883,365
3156.91,16897,366
3158.20,16951,367
3159.49,16948,366
3160.78,16943,367
3162.07,16926,366
3163.36,16876,366
3164.65,16812,364
3165.94,16765,363
3167.23,16685,362
3168.52,16569,359
3169.80,16448,357
3171.09,16315,354
3172.38,16083,350
3173.67,15731,342
3174.96,15517,338
3176.25,15224,331
3177.54,15026,327
3178.83,14855,324
3180.12,14576,318
3181.41,14326,313
3182.70,14134,309
3183.98,13979,306
3185.27,13787,302
3186.56,13614,298
3187.85,13419,295
3189.14,13119,289
3190.43,12812,282
3191.72,12523,275
3193.01,12157,267
3194.30,11834,262
3195.59,11486,255
3196.87,11210,248
3198.16,10805,241
3199.45,10418,233
3200.74,10089,226
3202.03,9665,217
3203.32,9367,211
3204.61,8997,204
3205.90,8612,195
3207.19,8262,188
3208.48,7891,181
3209.77,7481,173
3211.05,7071,164
3212.34,6669,156
3213.63,6371,150
3214.92,5975,142
3216.21,5580,133
3217.50,5269,127
3218.79,4914,120
3220.08,4516,112
3221.37,4205,106
3222.66,3924,100
3223.95,3578,93
3225.23,3239,85
3226.52,3003,82
3227.81,2704,75
3229.10,2434,70
3230.39,2140,64
3231.68,1956,60
3232.97,1677,54
3234.26,1462,50
3235.55,1279,46
3236.84,1095,42
3238.12,934,39
3239.41,754,35
3240.70,624,33
