1.29,2341,659
2.58,2193,629
3.87,2045,600
5.16,1921,575
6.45,1803,551
7.73,1694,528
9.02,1555,499
10.31,1438,473
11.60,1330,449
12.89,1222,425
14.18,1115,403
15.47,1023,383
16.76,932,363
18.05,855,347
19.34,789,335
20.62,732,322
21.91,679,312
23.20,637,304
24.49,601,299
25.78,570,293
27.07,538,287
28.36,516,283
29.65,502,280
30.94,494,278
32.23,493,278
33.52,498,279
34.80,512,282
36.09,532,286
37.38,559,292
38.67,597,299
39.96,642,309
41.25,693,318
42.54,747,331
43.83,815,345
45.12,884,358
46.41,962,374
47.70,1055,394
48.98,1158,415
50.27,1251,434
51.56,1358,456
52.85,1471,479
54.14,1582,501
55.43,1696,526
56.72,1828,552
58.01,1957,579
59.30,2080,604
60.59,2217,632
61.88,2359,662
63.16,2506,694
64.45,2660,724
65.74,2794,752
67.03,2936,782
68.32,3086,812
69.61,3235,842
70.90,3404,877
72.19,3547,907
73.48,3718,943
74.77,3889,977
76.05,4049,1011
77.34,4217,1045
78.63,4383,1080
79.92,4579,1120
81.21,4722,1151
82.50,4937,1198
83.79,5117,1238
85.08,5313,1277
86.37,5493,1315
87.66,5638,1344
88.95,5851,1391
90.23,5993,1419
91.52,6140,1448
92.81,6276,1475
94.10,6409,1505
95.39,6541,1534
96.68,6709,1567
97.97,6799,1586
99.26,6895,1606
100.55,7021,1632
101.84,7096,1646
103.12,7148,1657
104.41,7245,1678
105.70,7377,1704
106.99,7429,1715
108.28,7513,1734
109.57,7602,1753
110.86,7675,1769
112.15,7732,1781
113.44,7793,1792
114.73,7851,1804
116.02,7877,1810
117.30,7930,1821
118.59,7937,1822
119.88,7960,1827
121.17,7975,1831
122.46,7968,1829
123.75,7971,1829
125.04,7944,1824
126.33,7914,1818
127.62,7876,1810
128.91,7854,1805
130.20,7800,1794
131.48,7756,1785
132.77,7672,1769
134.06,7593,1753
135.35,7482,1730
136.64,7393,1713
137.93,7293,1690
139.22,7189,1669
140.51,7074,1645
141.80,6954,1620
143.09,6862,1601
144.38,6715,1571
145.66,6570,1541
146.95,6466,1518
148.24,6310,1486
149.53,6158,1454
150.82,6011,1425
152.11,5862,1394
153.40,5705,1362
154.69,5545,1328
155.98,5396,1297
157.27,5217,1260
158.55,5050,1225
159.84,4896,1193
161.13,4733,1159
162.42,4578,1126
163.71,4414,1094
165.00,4263,1062
166.29,4087,1026
167.58,3909,988
168.87,3737,953
170.16,3566,917
171.45,3390,881
172.73,3236,849
174.02,3079,817
175.31,2910,782
176.60,2741,748
177.89,2580,714
179.18,2421,681
180.47,2271,650
181.76,2131,622
183.05,1997,594
184.34,1877,569
185.63,1747,542
186.91,1627,517
188.20,1502,492
189.49,1393,470
190.78,1295,449
192.07,1192,428
193.36,1097,409
194.65,1012,391
195.94,938,375
197.23,861,359
198.52,793,346
199.80,744,336
201.09,691,324
202.38,642,315
203.67,603,306
204.96,575,301
206.25,552,296
207.54,535,293
208.83,524,290
210.12,519,289
211.41,519,290
212.70,526,291
213.98,540,294
215.27,560,298
216.56,588,304
217.85,616,310
219.14,656,318
220.43,698,326
221.72,742,335
223.01,799,347
224.30,867,361
225.59,940,376
226.88,1010,391
228.16,1101,410
229.45,1192,428
230.74,1285,447
232.03,1385,467
233.32,1493,491
234.61,1596,512
235.90,1712,535
237.19,1812,556
238.48,1943,583
239.77,2064,607
241.05,2195,635
242.34,2343,666
243.63,2486,696
244.92,2638,727
246.21,2778,755
247.50,2934,788
248.79,3093,821
250.08,3256,855
251.37,3401,884
252.66,3549,916
253.95,3722,951
255.23,3887,986
256.52,4041,1017
257.81,4202,1050
259.10,4352,1082
260.39,4518,1115
261.68,4673,1148
262.97,4823,1179
264.26,4980,1212
265.55,5113,1239
266.84,5243,1268
268.13,5382,1296
269.41,5530,1326
270.70,5659,1354
271.99,5801,1383
273.28,5919,1407
274.57,6041,1432
275.86,6149,1456
277.15,6252,1476
278.44,6352,1497
279.73,6430,1514
281.02,6535,1535
282.30,6607,1550
283.59,6672,1564
284.88,6763,1582
286.17,6838,1598
287.46,6861,1603
288.75,6947,1621
290.04,7058,1645
291.33,7151,1664
292.62,7236,1682
293.91,7304,1696
295.20,7359,1708
296.48,7397,1715
297.77,7405,1717
299.06,7399,1716
300.35,7351,1707
301.64,7352,1706
302.93,7326,1701
304.22,7306,1696
305.51,7314,1700
306.80,7298,1696
308.09,7263,1689
309.38,7242,1685
310.66,7190,1673
311.95,7078,1651
313.24,6985,1630
314.53,6875,1607
315.82,6779,1588
317.11,6759,1585
318.40,6678,1567
319.69,6614,1553
320.98,6466,1522
322.27,6356,1499
323.55,6228,1472
324.84,6075,1439
326.13,5953,1414
327.42,5789,1379
328.71,5667,1354
330.00,5544,1328
331.29,5425,1304
332.58,5323,1281
333.87,5134,1243
335.16,5036,1223
336.45,4886,1192
337.73,4730,1159
339.02,4596,1131
340.31,4462,1103
341.60,4294,1067
342.89,4158,1039
344.18,4003,1007
345.47,3858,976
346.76,3662,935
348.05,3534,910
349.34,3407,882
350.63,3238,848
351.91,3086,816
353.20,2941,786
354.49,2831,762
355.78,2667,729
357.07,2527,700
358.36,2408,674
359.65,2279,648
360.94,2157,623
362.23,2019,595
363.52,1897,569
364.80,1776,545
366.09,1666,522
367.38,1549,498
368.67,1452,477
369.96,1342,456
371.25,1258,438
372.54,1171,419
373.83,1072,400
375.12,998,383
376.41,929,370
377.70,856,356
378.98,793,342
380.27,739,331
381.56,688,321
382.85,641,312
384.14,604,304
385.43,573,297
386.72,546,291
388.01,528,288
389.30,514,285
390.59,507,284
391.88,509,284
393.16,517,286
394.45,532,288
395.74,552,293
397.03,578,298
398.32,616,305
399.61,665,315
400.90,710,325
402.19,759,334
403.48,834,350
404.77,910,366
406.05,982,380
407.34,1057,396
408.63,1148,413
409.92,1238,433
411.21,1333,452
412.50,1414,469
413.79,1536,493
415.08,1648,517
416.37,1736,535
417.66,1842,556
418.95,1946,577
420.23,2033,595
421.52,2153,620
422.81,2268,643
424.10,2372,666
425.39,2508,693
426.68,2627,717
427.97,2762,746
429.26,2907,774
430.55,3041,802
431.84,3186,832
433.13,3324,861
434.41,3456,888
435.70,3613,921
436.99,3747,949
438.28,3887,977
439.57,4029,1007
440.86,4170,1036
442.15,4276,1059
443.44,4409,1086
444.73,4541,1113
446.02,4682,1143
447.30,4827,1174
448.59,4955,1199
449.88,5086,1227
451.17,5259,1263
452.46,5424,1298
453.75,5485,1310
455.04,5669,1347
456.33,5810,1376
457.62,5923,1399
458.91,6073,1431
460.20,6236,1465
461.48,6351,1489
462.77,6479,1514
464.06,6563,1532
465.35,6652,1550
466.64,6736,1567
467.93,6853,1590
469.22,6932,1609
470.51,6986,1619
471.80,7027,1626
473.09,7081,1638
474.38,7126,1649
475.66,7148,1651
476.95,7189,1661
478.24,7195,1662
479.53,7214,1667
480.82,7216,1668
482.11,7216,1669
483.40,7207,1667
484.69,7185,1662
485.98,7161,1657
487.27,7128,1650
488.55,7090,1642
489.84,7045,1632
491.13,6995,1622
492.42,6900,1604
493.71,6818,1585
495.00,6672,1556
496.29,6599,1540
497.58,6503,1520
498.87,6431,1505
500.16,6315,1480
501.45,6196,1456
502.73,6125,1441
504.02,5991,1414
505.31,5860,1385
506.60,5698,1352
507.89,5493,1310
509.18,5358,1281
510.47,5225,1254
511.76,5106,1228
513.05,4964,1200
514.34,4803,1166
515.63,4665,1136
516.91,4537,1110
518.20,4387,1079
519.49,4247,1051
520.78,4125,1025
522.07,3975,993
523.36,3872,972
524.65,3749,948
525.94,3630,922
527.23,3484,891
528.52,3323,859
529.80,3176,829
531.09,3016,797
532.38,2854,763
533.67,2713,734
534.96,2597,709
536.25,2478,684
537.54,2358,659
538.83,2242,636
540.12,2132,614
541.41,2010,588
542.70,1897,564
543.98,1775,540
545.27,1667,518
546.56,1565,496
547.85,1470,478
549.14,1370,456
550.43,1278,438
551.72,1194,420
553.01,1102,402
554.30,1027,387
555.59,953,371
556.88,884,357
558.16,815,342
559.45,761,331
560.74,711,320
562.03,660,310
563.32,615,301
564.61,580,294
565.90,550,287
567.19,523,281
568.48,504,277
569.77,497,275
571.05,492,274
572.34,494,275
573.63,501,277
574.92,518,280
576.21,540,284
577.50,568,289
578.79,603,298
580.08,649,307
581.37,697,317
582.66,745,327
583.95,810,340
585.23,875,353
586.52,942,367
587.81,1015,382
589.10,1100,400
590.39,1193,419
591.68,1280,438
592.97,1384,459
594.26,1484,479
595.55,1580,499
596.84,1690,522
598.13,1814,548
599.41,1934,573
600.70,2059,598
601.99,2190,625
603.28,2320,652
604.57,2460,681
605.86,2616,713
607.15,2763,745
608.44,2921,776
609.73,3076,809
611.02,3235,841
612.30,3387,874
613.59,3538,904
614.88,3706,940
616.17,3865,972
617.46,4003,1001
618.75,4161,1034
620.04,4312,1064
621.33,4448,1093
622.62,4579,1120
623.91,4715,1149
625.20,4862,1180
626.48,4989,1206
627.77,5111,1231
629.06,5231,1256
630.35,5353,1281
631.64,5479,1307
632.93,5585,1329
634.22,5685,1350
635.51,5788,1371
636.80,5915,1398
638.09,6017,1418
639.38,6105,1437
640.66,6203,1458
641.95,6290,1475
643.24,6384,1495
644.53,6462,1511
645.82,6527,1525
647.11,6617,1543
648.40,6703,1562
649.69,6767,1575
650.98,6845,1591
652.27,6898,1603
653.55,6935,1611
654.84,6975,1618
656.13,7000,1623
657.42,7014,1625
658.71,7012,1627
660.00,7017,1627
661.29,7018,1629
662.58,6992,1622
663.87,6989,1620
665.16,6961,1616
666.45,6934,1610
667.73,6903,1604
669.02,6849,1593
670.31,6803,1584
671.60,6736,1569
672.89,6655,1552
674.18,6606,1542
675.47,6514,1523
676.76,6419,1503
678.05,6323,1484
679.34,6198,1457
680.63,6072,1430
681.91,5948,1405
683.20,5873,1389
684.49,5757,1363
685.78,5631,1337
687.07,5502,1310
688.36,5388,1287
689.65,5289,1265
690.94,5182,1243
692.23,5078,1223
693.52,4902,1186
694.80,4803,1165
696.09,4648,1133
697.38,4519,1105
698.67,4394,1080
699.96,4284,1056
701.25,4137,1026
702.54,4007,1000
703.83,3863,969
705.12,3731,943
706.41,3587,912
707.70,3458,885
708.98,3322,857
710.27,3204,832
711.56,3061,802
712.85,2896,769
714.14,2745,737
715.43,2610,709
716.72,2448,676
718.01,2316,649
719.30,2192,623
720.59,2049,592
721.88,1922,567
723.16,1801,543
724.45,1690,520
725.74,1581,497
727.03,1466,473
728.32,1365,452
729.61,1266,432
730.90,1181,414
732.19,1105,399
733.48,1011,378
734.77,932,363
736.05,864,348
737.34,808,337
738.63,752,325
739.92,701,315
741.21,657,306
742.50,621,299
743.79,588,293
745.08,553,286
746.37,528,280
747.66,510,276
748.95,496,274
750.23,487,271
751.52,485,272
752.81,487,271
754.10,498,274
755.39,514,277
756.68,536,281
757.97,563,285
759.26,596,293
760.55,635,300
761.84,678,309
763.13,721,317
764.41,775,328
765.70,830,339
766.99,897,353
768.28,969,367
769.57,1048,383
770.86,1131,400
772.15,1216,417
773.44,1307,436
774.73,1399,455
776.02,1494,473
777.30,1597,496
778.59,1714,520
779.88,1839,546
781.17,1961,571
782.46,2082,595
783.75,2194,619
785.04,2320,646
786.33,2441,670
787.62,2581,699
788.91,2725,729
790.20,2858,757
791.48,2994,785
792.77,3129,812
794.06,3254,839
795.35,3396,869
796.64,3516,892
797.93,3659,923
799.22,3792,950
800.51,3932,980
801.80,4070,1008
803.09,4203,1036
804.38,4344,1066
805.66,4449,1088
806.95,4583,1116
808.24,4746,1149
809.53,4866,1174
810.82,5015,1207
812.11,5127,1228
813.40,5272,1259
814.69,5393,1285
815.98,5527,1313
817.27,5665,1341
818.55,5810,1371
819.84,5958,1402
821.13,6104,1433
822.42,6249,1461
823.71,6378,1488
825.00,6468,1508
826.29,6549,1524
827.58,6637,1542
828.87,6684,1553
830.16,6743,1566
831.45,6800,1578
832.73,6840,1587
834.02,6870,1593
835.31,6888,1596
836.60,6919,1604
837.89,6930,1604
839.18,6953,1610
840.47,6957,1612
841.76,6961,1611
843.05,6949,1610
844.34,6922,1605
845.63,6886,1598
846.91,6865,1594
848.20,6830,1586
849.49,6789,1579
850.78,6751,1570
852.07,6708,1560
853.36,6632,1546
854.65,6522,1523
855.94,6402,1498
857.23,6313,1479
858.52,6194,1453
859.80,6108,1434
861.09,6038,1421
862.38,5939,1399
863.67,5841,1379
864.96,5725,1356
866.25,5612,1330
867.54,5497,1307
868.83,5396,1286
870.12,5298,1266
871.41,5202,1244
872.70,5057,1215
873.98,4921,1186
875.27,4760,1154
876.56,4638,1128
877.85,4503,1099
879.14,4359,1070
880.43,4202,1037
881.72,4075,1012
883.01,3932,981
884.30,3801,954
885.59,3662,925
886.88,3545,902
888.16,3394,870
889.45,3246,840
890.74,3098,810
892.03,2926,775
893.32,2759,740
894.61,2612,710
895.90,2488,685
897.19,2351,655
898.48,2224,630
899.77,2113,606
901.05,2000,583
902.34,1889,560
903.63,1779,537
904.92,1666,514
906.21,1557,492
907.50,1458,472
908.79,1356,450
910.08,1261,431
911.37,1172,412
912.66,1097,397
913.95,1018,381
915.23,940,365
916.52,872,351
917.81,807,337
919.10,744,324
920.39,688,313
921.68,642,304
922.97,596,295
924.26,561,287
925.55,534,282
926.84,511,277
928.13,497,275
929.41,491,273
930.70,490,274
931.99,497,275
933.28,511,279
934.57,530,282
935.86,558,288
937.15,591,295
938.44,624,302
939.73,668,312
941.02,722,323
942.30,778,334
943.59,833,346
944.88,894,359
946.17,964,374
947.46,1035,387
948.75,1116,405
950.04,1204,423
951.33,1290,440
952.62,1381,458
953.91,1456,474
955.20,1564,496
956.48,1657,515
957.77,1760,536
959.06,1875,560
960.35,1988,584
961.64,2105,608
962.93,2240,635
964.22,2369,662
965.51,2494,688
966.80,2617,713
968.09,2769,745
969.38,2903,772
970.66,3036,800
971.95,3181,830
973.24,3329,861
974.53,3478,891
975.82,3639,924
977.11,3829,964
978.40,3962,991
979.69,4128,1026
980.98,4279,1058
982.27,4417,1087
983.55,4570,1118
984.84,4690,1143
986.13,4831,1173
987.42,4953,1198
988.71,5075,1223
990.00,5209,1251
991.29,5339,1278
992.58,5458,1303
993.87,5572,1326
995.16,5682,1349
996.45,5836,1381
997.73,5939,1403
999.02,6048,1425
1000.31,6145,1445
1001.60,6222,1461
1002.89,6267,1471
1004.18,6387,1496
1005.47,6464,1510
1006.76,6543,1528
1008.05,6637,1548
1009.34,6679,1557
1010.63,6732,1567
1011.91,6773,1576
1013.20,6808,1583
1014.49,6862,1595
1015.78,6875,1595
1017.07,6910,1603
1018.36,6934,1608
1019.65,6943,1609
1020.94,6958,1613
1022.23,6954,1612
1023.52,6939,1607
1024.80,6926,1604
1026.09,6908,1601
1027.38,6880,1596
1028.67,6854,1589
1029.96,6807,1580
1031.25,6751,1567
1032.54,6665,1550
1033.83,6594,1535
1035.12,6538,1523
1036.41,6463,1508
1037.70,6379,1491
1038.98,6282,1470
1040.27,6201,1453
1041.56,6095,1431
1042.85,5970,1406
1044.14,5807,1371
1045.43,5734,1357
1046.72,5629,1334
1048.01,5473,1302
1049.30,5310,1268
1050.59,5165,1238
1051.88,5064,1217
1053.16,4914,1186
1054.45,4819,1166
1055.74,4658,1133
1057.03,4537,1108
1058.32,4409,1083
1059.61,4285,1056
1060.90,4132,1025
1062.19,4014,1000
1063.48,3877,972
1064.77,3743,945
1066.05,3601,915
1067.34,3460,885
1068.63,3324,856
1069.92,3181,828
1071.21,3055,802
1072.50,2916,772
1073.79,2783,745
1075.08,2662,720
1076.37,2532,694
1077.66,2415,670
1078.95,2293,644
1080.23,2183,622
switching colors
1081.52,3660,401
1082.81,3415,389
1084.10,3169,375
1085.39,2937,362
1086.68,2720,351
1087.97,2502,338
1089.26,2297,326
1090.55,2091,316
1091.84,1903,305
1093.13,1733,296
1094.41,1520,285
1095.70,1360,276
1096.99,1211,267
1098.28,1080,260
1099.57,962,253
1100.86,858,247
1102.15,769,242
1103.44,683,237
1104.73,603,233
1106.02,543,229
1107.30,495,225
1108.59,459,223
1109.88,437,222
1111.17,430,221
1112.46,434,222
1113.75,452,222
1115.04,481,223
1116.33,530,225
1117.62,585,228
1118.91,654,231
1120.20,741,236
1121.48,839,241
1122.77,940,246
1124.06,1049,252
1125.35,1183,260
1126.64,1332,268
1127.93,1484,277
1129.22,1650,286
1130.51,1831,295
1131.80,2047,308
1133.09,2220,318
1134.38,2442,331
1135.66,2667,343
1136.95,2848,354
1138.24,3095,366
1139.53,3376,383
1140.82,3611,396
1142.11,3846,409
1143.40,4139,426
1144.69,4421,442
1145.98,4686,457
1147.27,5005,473
1148.55,5227,487
1149.84,5517,501
1151.13,5780,517
1152.42,6046,533
1153.71,6364,551
1155.00,6565,560
1156.29,6748,570
1157.58,6975,583
1158.87,7199,597
1160.16,7448,609
1161.45,7693,624
1162.73,7989,640
1164.02,8196,651
1165.31,8484,667
1166.60,8776,685
1167.89,9045,700
1169.18,9255,711
1170.47,9502,725
1171.76,9789,741
1173.05,10003,753
1174.34,10218,765
1175.63,10500,781
1176.91,10711,792
1178.20,10980,808
1179.49,11188,820
1180.78,11414,832
1182.07,11614,843
1183.36,11850,856
1184.65,12014,866
1185.94,12136,872
1187.23,12302,881
1188.52,12459,889
1189.80,12567,895
1191.09,12666,901
1192.38,12773,906
1193.67,12850,911
1194.96,12914,913
1196.25,12953,916
1197.54,12993,918
1198.83,13014,919
1200.12,13036,920
1201.41,13047,920
1202.70,13051,921
1203.98,13028,918
1205.27,13001,918
1206.56,12967,915
1207.85,12907,911
1209.14,12836,908
1210.43,12744,902
1211.72,12666,897
1213.01,12567,891
1214.30,12461,885
1215.59,12352,878
1216.88,12156,868
1218.16,11955,856
1219.45,11684,843
1220.74,11522,832
1222.03,11292,819
1223.32,11180,813
1224.61,11104,808
1225.90,10886,795
1227.19,10701,785
1228.48,10474,772
1229.77,10246,759
1231.05,9968,745
1232.34,9743,732
1233.63,9476,717
1234.92,9188,701
1236.21,8893,685
1237.50,8625,670
1238.79,8329,654
1240.08,8033,637
1241.37,7766,623
1242.66,7472,607
1243.95,7161,591
1245.23,6821,572
1246.52,6486,553
1247.81,6202,537
1249.10,5847,517
1250.39,5597,503
1251.68,5337,489
1252.97,5041,472
1254.26,4704,453
1255.55,4446,439
1256.84,4196,424
1258.13,3933,409
1259.41,3666,395
1260.70,3413,381
1261.99,3195,368
1263.28,3011,358
1264.57,2812,348
1265.86,2590,335
1267.15,2379,324
1268.44,2205,314
1269.73,2032,305
1271.02,1833,293
1272.30,1659,284
1273.59,1526,276
1274.88,1385,269
1276.17,1235,260
1277.46,1105,254
1278.75,1002,247
1280.04,889,242
1281.33,784,235
1282.62,695,230
1283.91,624,226
1285.20,555,223
1286.48,503,220
1287.77,466,217
1289.06,437,215
1290.35,422,214
1291.64,420,214
1292.93,429,215
1294.22,451,215
1295.51,486,218
1296.80,534,220
1298.09,590,222
1299.38,660,226
1300.66,750,231
1301.95,845,236
1303.24,949,242
1304.53,1066,248
1305.82,1203,254
1307.11,1362,263
1308.40,1527,272
1309.69,1687,281
1310.98,1875,290
1312.27,2054,301
1313.55,2234,311
1314.84,2450,322
1316.13,2675,335
1317.42,2885,346
1318.71,3126,360
1320.00,3401,374
1321.29,3661,388
1322.58,3909,403
1323.87,4171,417
1325.16,4438,432
1326.45,4682,445
1327.73,4965,459
1329.02,5244,475
1330.31,5522,490
1331.60,5814,506
1332.89,6099,521
1334.18,6365,536
1335.47,6638,551
1336.76,6933,566
1338.05,7246,583
1339.34,7514,597
1340.63,7812,614
1341.91,8118,632
1343.20,8413,647
1344.49,8677,661
1345.78,8992,679
1347.07,9300,696
1348.36,9621,713
1349.65,9902,729
1350.94,10193,747
1352.23,10459,761
1353.52,10716,777
1354.80,10964,791
1356.09,11178,803
1357.38,11376,815
1358.67,11581,827
1359.96,11758,837
1361.25,11965,849
1362.54,12151,861
1363.83,12294,867
1365.12,12413,875
1366.41,12581,884
1367.70,12731,892
1368.98,12893,902
1370.27,12964,907
1371.56,13055,911
1372.85,13159,918
1374.14,13240,922
1375.43,13335,927
1376.72,13338,928
1378.01,13400,932
1379.30,13428,933
1380.59,13452,935
1381.88,13450,935
1383.16,13441,935
1384.45,13410,932
1385.74,13402,932
1387.03,13334,930
1388.32,13283,926
1389.61,13218,922
1390.90,13099,916
1392.19,12973,910
1393.48,12860,904
1394.77,12723,896
1396.05,12616,889
1397.34,12476,880
1398.63,12275,871
1399.92,12075,858
1401.21,11840,844
1402.50,11654,833
1403.79,11436,822
1405.08,11204,809
1406.37,10966,795
1407.66,10711,779
1408.95,10463,765
1410.23,10197,750
1411.52,9912,735
1412.81,9645,719
1414.10,9381,704
1415.39,9133,690
1416.68,8839,674
1417.97,8608,660
1419.26,8338,647
1420.55,8010,628
1421.84,7751,614
1423.13,7489,599
1424.41,7167,581
1425.70,6856,563
1426.99,6576,549
1428.28,6316,534
1429.57,6020,517
1430.86,5736,501
1432.15,5496,488
1433.44,5215,472
1434.73,4925,455
1436.02,4670,442
1437.30,4403,426
1438.59,4160,412
1439.88,3905,399
1441.17,3643,384
1442.46,3419,372
1443.75,3195,360
1445.04,2959,347
1446.33,2725,335
1447.62,2485,320
1448.91,2276,310
1450.20,2055,298
1451.48,1855,286
1452.77,1648,276
1454.06,1489,267
1455.35,1317,258
1456.64,1150,249
1457.93,1030,242
1459.22,903,236
1460.51,798,231
1461.80,701,226
1463.09,623,221
1464.38,557,218
1465.66,499,215
1466.95,459,213
1468.24,427,211
1469.53,412,211
1470.82,411,211
1472.11,421,211
1473.40,441,212
1474.69,474,214
1475.98,513,216
1477.27,573,218
1478.55,640,223
1479.84,712,227
1481.13,807,232
1482.42,903,237
1483.71,1017,244
1485.00,1125,250
1486.29,1263,257
1487.58,1411,265
1488.87,1560,273
1490.16,1734,282
1491.45,1927,293
1492.73,2122,304
1494.02,2315,314
1495.31,2528,327
1496.60,2742,338
1497.89,2943,349
1499.18,3163,362
1500.47,3407,374
1501.76,3633,388
1503.05,3875,400
1504.34,4109,414
1505.63,4368,427
1506.91,4621,443
1508.20,4881,456
1509.49,5149,471
1510.78,5379,485
1512.07,5657,499
1513.36,5926,514
1514.65,6194,528
1515.94,6454,544
1517.23,6754,560
1518.52,7019,574
1519.80,7277,589
1521.09,7550,604
1522.38,7836,620
1523.67,8123,636
1524.96,8342,649
1526.25,8620,664
1527.54,8898,679
1528.83,9165,695
1530.12,9459,711
1531.41,9734,726
1532.70,10020,743
1533.98,10294,758
1535.27,10539,771
1536.56,10795,786
1537.85,11025,797
1539.14,11256,810
1540.43,11472,823
1541.72,11640,833
1543.01,11851,845
1544.30,12027,855
1545.59,12151,861
1546.88,12274,868
1548.16,12407,876
1549.45,12541,883
1550.74,12664,890
1552.03,12761,895
1553.32,12841,900
1554.61,12876,902
1555.90,12924,905
1557.19,12937,906
1558.48,12987,907
1559.77,13021,910
1561.05,13030,909
1562.34,13042,910
1563.63,13043,910
1564.92,13021,909
1566.21,12963,905
1567.50,12895,901
1568.79,12829,897
1570.08,12737,891
1571.37,12664,887
1572.66,12604,884
1573.95,12515,878
1575.23,12388,871
1576.52,12229,862
1577.81,12064,853
1579.10,11888,842
1580.39,11735,834
1581.68,11577,824
1582.97,11394,814
1584.26,11177,801
1585.55,10971,790
1586.84,10735,776
1588.13,10497,763
1589.41,10272,750
1590.70,10042,738
1591.99,9831,726
1593.28,9581,712
1594.57,9304,696
1595.86,9019,680
1597.15,8745,664
1598.44,8479,649
1599.73,8201,633
1601.02,7872,616
1602.30,7562,598
1603.59,7311,585
1604.88,7025,569
1606.17,6716,552
1607.46,6441,536
1608.75,6144,521
1610.04,5856,505
1611.33,5572,490
1612.62,5288,474
1613.91,5026,460
1615.20,4766,445
1616.48,4526,433
1617.77,4266,418
1619.06,3993,404
1620.35,3732,389
1621.64,3496,377
1622.93,3238,363
1624.22,2990,350
1625.51,2786,339
1626.80,2565,327
1628.09,2358,316
1629.38,2155,304
1630.66,1972,295
1631.95,1773,284
1633.24,1603,274
1634.53,1448,266
1635.82,1281,257
1637.11,1137,248
1638.40,1020,243
1639.69,906,236
1640.98,797,231
1642.27,703,226
1643.55,631,220
1644.84,562,217
1646.13,503,214
1647.42,462,212
1648.71,431,210
1650.00,414,210
1651.29,410,209
1652.58,417,209
1653.87,438,211
1655.16,469,213
1656.45,513,215
1657.73,582,219
1659.02,656,222
1660.31,744,228
1661.60,849,233
1662.89,972,240
1664.18,1099,246
1665.47,1250,255
1666.76,1419,264
1668.05,1598,274
1669.34,1769,283
1670.63,1969,294
1671.91,2183,306
1673.20,2373,317
1674.49,2585,328
1675.78,2798,339
1677.07,3020,352
1678.36,3266,364
1679.65,3527,380
1680.94,3787,393
1682.23,4052,408
1683.52,4298,422
1684.80,4547,436
1686.09,4774,449
1687.38,5017,461
1688.67,5278,477
1689.96,5544,491
1691.25,5781,504
1692.54,6064,520
1693.83,6383,537
1695.12,6655,553
1696.41,6900,566
1697.70,7190,584
1698.98,7526,601
1700.27,7776,615
1701.56,8031,629
1702.85,8325,645
1704.14,8607,661
1705.43,8873,677
1706.72,9169,693
1708.01,9465,709
1709.30,9790,727
1710.59,10013,739
1711.88,10253,751
1713.16,10518,766
1714.45,10732,779
1715.74,10965,791
1717.03,11195,804
1718.32,11413,816
1719.61,11615,827
1720.90,11831,840
1722.19,12011,850
1723.48,12197,860
1724.77,12343,868
1726.05,12488,876
1727.34,12633,883
1728.63,12777,892
1729.92,12935,901
1731.21,13022,905
1732.50,13101,910
1733.79,13221,918
1735.08,13306,921
1736.37,13367,924
1737.66,13384,924
1738.95,13447,928
1740.23,13475,928
1741.52,13481,929
1742.81,13466,928
1744.10,13441,926
1745.39,13406,925
1746.68,13344,920
1747.97,13293,918
1749.26,13221,914
1750.55,13142,909
1751.84,13035,902
1753.13,12919,898
1754.41,12779,888
1755.70,12650,881
1756.99,12529,873
1758.28,12375,865
1759.57,12186,854
1760.86,12011,845
1762.15,11839,835
1763.44,11590,821
1764.73,11285,804
1766.02,11078,793
1767.30,10838,780
1768.59,10585,766
1769.88,10336,753
1771.17,10064,736
1772.46,9765,721
1773.75,9501,705
1775.04,9216,690
1776.33,8949,674
1777.62,8617,657
1778.91,8371,643
1780.20,8069,626
1781.48,7780,610
1782.77,7472,593
1784.06,7230,580
1785.35,6889,562
1786.64,6601,546
1787.93,6326,531
1789.22,6037,516
1790.51,5750,500
1791.80,5474,484
1793.09,5233,472
1794.38,4966,456
1795.66,4690,441
1796.95,4453,428
1798.24,4217,416
1799.53,3946,401
1800.82,3690,386
1802.11,3447,374
1803.40,3231,361
1804.69,3005,348
1805.98,2775,336
1807.27,2564,325
1808.55,2344,312
1809.84,2141,301
1811.13,1937,290
1812.42,1731,278
1813.71,1563,268
1815.00,1407,260
1816.29,1260,252
1817.58,1117,244
1818.87,1004,237
1820.16,895,231
1821.45,791,225
1822.73,699,221
1824.02,630,217
1825.31,562,213
1826.60,506,209
1827.89,461,207
1829.18,427,205
1830.47,406,205
1831.76,398,204
1833.05,405,204
1834.34,427,205
1835.63,461,207
1836.91,505,210
1838.20,568,214
1839.49,644,218
1840.78,734,223
1842.07,839,229
1843.36,961,236
1844.65,1084,242
1845.94,1212,251
1847.23,1371,259
1848.52,1539,268
1849.80,1697,277
1851.09,1877,287
1852.38,2079,298
1853.67,2264,308
1854.96,2476,320
1856.25,2694,332
1857.54,2911,343
1858.83,3140,356
1860.12,3403,371
1861.41,3633,383
1862.70,3856,396
1863.98,4138,411
1865.27,4385,424
1866.56,4673,441
1867.85,4937,455
1869.14,5213,470
1870.43,5533,487
1871.72,5804,503
1873.01,6089,518
1874.30,6436,537
1875.59,6726,553
1876.88,6991,569
1878.16,7333,587
1879.45,7609,603
1880.74,7896,619
1882.03,8219,637
1883.32,8529,653
1884.61,8815,670
1885.90,9111,686
1887.19,9390,702
1888.48,9708,719
1889.77,9990,734
1891.05,10221,748
1892.34,10475,761
1893.63,10714,776
1894.92,10935,787
1896.21,11147,799
1897.50,11313,808
1898.79,11492,819
1900.08,11711,830
1901.37,11890,841
1902.66,12047,849
1903.95,12216,859
1905.23,12369,867
1906.52,12531,876
1907.81,12666,883
1909.10,12800,891
1910.39,12931,898
1911.68,13042,905
1912.97,13138,910
1914.26,13223,914
1915.55,13301,918
1916.84,13352,921
1918.13,13387,924
1919.41,13425,925
1920.70,13426,925
1921.99,13426,925
1923.28,13403,925
1924.57,13385,923
1925.86,13307,920
1927.15,13251,916
1928.44,13185,913
1929.73,13098,906
1931.02,13012,903
1932.30,12921,896
1933.59,12831,889
1934.88,12700,883
1936.17,12551,874
1937.46,12399,866
1938.75,12217,855
1940.04,12011,843
1941.33,11817,831
1942.62,11639,822
1943.91,11478,813
1945.20,11260,800
1946.48,11026,787
1947.77,10786,773
1949.06,10530,759
1950.35,10254,743
1951.64,9980,728
1952.93,9705,712
1954.22,9426,697
1955.51,9149,680
1956.80,8867,666
1958.09,8588,650
1959.38,8333,636
1960.66,8053,621
1961.95,7780,605
1963.24,7500,588
1964.53,7197,573
1965.82,6893,557
1967.11,6570,540
1968.40,6300,524
1969.69,5978,506
1970.98,5699,492
1972.27,5437,478
1973.55,5166,463
1974.84,4869,447
1976.13,4546,429
1977.42,4283,415
1978.71,3981,398
1980.00,3723,385
1981.29,3457,369
1982.58,3198,357
1983.87,2949,342
1985.16,2720,330
1986.45,2498,318
1987.73,2262,305
1989.02,2053,294
1990.31,1870,283
1991.60,1687,274
1992.89,1510,264
1994.18,1354,256
1995.47,1219,248
1996.76,1082,240
1998.05,949,233
1999.34,846,227
2000.63,750,222
2001.91,662,217
2003.20,593,213
2004.49,537,210
2005.78,484,207
2007.07,444,205
2008.36,419,204
2009.65,401,203
2010.94,397,202
2012.23,405,203
2013.52,423,204
2014.80,454,206
2016.09,496,209
2017.38,545,211
2018.67,613,215
2019.96,693,219
2021.25,782,224
2022.54,884,230
2023.83,1020,238
2025.12,1153,244
2026.41,1274,252
2027.70,1427,260
2028.98,1604,270
2030.27,1788,279
2031.56,1957,289
2032.85,2145,299
2034.14,2338,309
2035.43,2555,322
2036.72,2760,332
2038.01,2977,345
2039.30,3196,357
2040.59,3428,370
2041.88,3679,383
2043.16,3973,399
2044.45,4249,415
2045.74,4538,431
2047.03,4807,445
2048.32,5125,463
2049.61,5414,480
2050.90,5683,494
2052.19,5974,510
2053.48,6294,528
2054.77,6609,545
2056.05,6916,563
2057.34,7199,579
2058.63,7505,595
2059.92,7797,612
2061.21,8081,627
2062.50,8342,642
2063.79,8622,658
2065.08,8888,672
2066.37,9170,689
2067.66,9427,703
2068.95,9699,718
2070.23,9954,732
2071.52,10205,746
2072.81,10428,757
2074.10,10637,769
2075.39,10852,781
2076.68,11110,797
2077.97,11309,807
2079.26,11528,820
2080.55,11792,833
2081.84,11981,844
2083.12,12144,851
2084.41,12360,865
2085.70,12567,876
2086.99,12729,885
2088.28,12884,894
2089.57,13008,901
2090.86,13134,910
2092.15,13237,914
2093.44,13312,919
2094.73,13378,922
2096.02,13427,925
2097.30,13460,927
2098.59,13485,928
2099.88,13506,931
2101.17,13502,930
2102.46,13498,930
2103.75,13478,929
2105.04,13448,928
2106.33,13393,925
2107.62,13336,922
2108.91,13279,918
2110.20,13192,913
2111.48,13084,906
2112.77,12984,901
2114.06,12866,894
2115.35,12742,888
2116.64,12575,878
2117.93,12432,870
2119.22,12274,860
2120.51,12075,849
2121.80,11878,838
2123.09,11694,828
2124.37,11451,815
2125.66,11222,801
2126.95,10983,788
2128.24,10731,775
2129.53,10517,762
2130.82,10210,745
2132.11,9971,732
2133.40,9731,718
2134.69,9500,704
2135.98,9233,689
2137.27,8956,674
2138.55,8654,657
2139.84,8372,641
2141.13,8062,624
2142.42,7761,608
2143.71,7503,593
2145.00,7229,579
2146.29,6918,561
2147.58,6621,546
2148.87,6345,529
2150.16,6042,513
2151.45,5726,496
2152.73,5438,480
2154.02,5178,465
2155.31,4903,451
2156.60,4621,435
2157.89,4361,420
2159.18,4098,406
2160.47,3823,391
switching colors
2161.76,1789,232
2163.05,1675,230
2164.34,1561,227
2165.62,1463,225
2166.91,1366,224
2168.20,1270,222
2169.49,1176,219
2170.78,1093,217
2172.07,1002,216
2173.36,917,214
2174.65,836,212
2175.94,770,210
2177.23,702,208
2178.52,644,207
2179.80,602,207
2181.09,560,206
2182.38,514,205
2183.67,477,204
2184.96,447,203
2186.25,420,203
2187.54,400,202
2188.83,386,201
2190.12,379,201
2191.41,378,202
2192.70,385,202
2193.98,396,202
2195.27,414,203
2196.56,438,203
2197.85,470,204
2199.14,511,204
2200.43,551,205
2201.72,597,206
2203.01,654,207
2204.30,712,209
2205.59,767,210
2206.87,839,211
2208.16,918,212
2209.45,998,215
2210.74,1077,215
2212.03,1148,217
2213.32,1229,219
2214.61,1314,221
2215.90,1405,222
2217.19,1503,225
2218.48,1607,227
2219.77,1703,229
2221.05,1803,231
2222.34,1925,233
2223.63,2033,235
2224.92,2147,238
2226.21,2258,240
2227.50,2375,243
2228.79,2497,246
2230.08,2612,247
2231.37,2742,250
2232.66,2861,253
2233.95,2991,255
2235.23,3119,258
2236.52,3233,260
2237.81,3352,262
2239.10,3482,265
2240.39,3598,268
2241.68,3715,270
2242.97,3832,271
2244.26,3949,274
2245.55,4065,276
2246.84,4189,280
2248.12,4312,281
2249.41,4437,284
2250.70,4546,286
2251.99,4664,289
2253.28,4787,291
2254.57,4894,294
2255.86,5013,296
2257.15,5122,297
2258.44,5216,300
2259.73,5316,301
2261.02,5401,303
2262.30,5479,305
2263.59,5560,307
2264.88,5632,309
2266.17,5700,309
2267.46,5755,311
2268.75,5811,311
2270.04,5867,312
2271.33,5915,314
2272.62,5950,315
2273.91,5982,314
2275.20,6013,316
2276.48,6032,316
2277.77,6054,317
2279.06,6069,317
2280.35,6072,317
2281.64,6078,317
2282.93,6072,317
2284.22,6062,316
2285.51,6044,317
2286.80,6023,316
2288.09,5994,316
2289.37,5962,315
2290.66,5920,314
2291.95,5868,314
2293.24,5820,312
2294.53,5759,311
2295.82,5689,309
2297.11,5623,307
2298.40,5539,306
2299.69,5442,304
2300.98,5361,303
2302.27,5283,301
2303.55,5191,299
2304.84,5079,296
2306.13,4975,293
2307.42,4873,292
2308.71,4744,289
2310.00,4634,286
2311.29,4531,284
2312.58,4419,282
2313.87,4301,280
2315.16,4175,276
2316.45,4061,274
2317.73,3938,271
2319.02,3817,270
2320.31,3716,267
2321.60,3598,264
2322.89,3481,262
2324.18,3359,259
2325.47,3240,257
2326.76,3104,254
2328.05,2962,252
2329.34,2833,249
2330.62,2704,247
2331.91,2570,244
2333.20,2445,241
2334.49,2332,239
2335.78,2218,236
2337.07,2106,234
2338.36,1998,232
2339.65,1891,229
2340.94,1786,227
2342.23,1680,225
2343.52,1578,223
2344.80,1481,221
2346.09,1383,219
2347.38,1294,217
2348.67,1202,215
2349.96,1115,213
2351.25,1037,211
2352.54,951,210
2353.83,878,208
2355.12,806,207
2356.41,749,206
2357.70,685,205
2358.98,628,203
2360.27,580,202
2361.56,532,201
2362.85,491,200
2364.14,459,200
2365.43,428,198
2366.72,406,198
2368.01,389,197
2369.30,378,198
2370.59,371,197
2371.87,371,197
2373.16,378,197
2374.45,389,197
2375.74,407,197
2377.03,431,198
2378.32,459,199
2379.61,495,200
2380.90,535,200
2382.19,574,201
2383.48,628,202
2384.77,685,203
2386.05,746,204
2387.34,811,205
2388.63,885,207
2389.92,963,209
2391.21,1031,210
2392.50,1119,212
2393.79,1213,215
2395.08,1307,216
2396.37,1412,218
2397.66,1517,221
2398.95,1633,223
2400.23,1744,225
2401.52,1876,228
2402.81,2002,230
2404.10,2131,233
2405.39,2265,236
2406.68,2397,238
2407.97,2528,240
2409.26,2662,244
2410.55,2800,247
2411.84,2926,250
2413.12,3049,252
2414.41,3185,255
2415.70,3310,258
2416.99,3424,261
2418.28,3550,262
2419.57,3689,266
2420.86,3818,269
2422.15,3928,271
2423.44,4056,273
2424.73,4172,276
2426.02,4267,278
2427.30,4383,281
2428.59,4506,282
2429.88,4618,285
2431.17,4720,287
2432.46,4846,290
2433.75,4930,291
2435.04,5032,293
2436.33,5111,296
2437.62,5195,297
2438.91,5279,299
2440.20,5372,301
2441.48,5460,302
2442.77,5534,304
2444.06,5601,305
2445.35,5669,308
2446.64,5771,310
2447.93,5827,310
2449.22,5896,312
2450.51,5945,313
2451.80,5992,314
2453.09,6037,315
2454.37,6068,315
2455.66,6092,315
2456.95,6128,316
2458.24,6140,317
2459.53,6145,317
2460.82,6148,317
2462.11,6149,317
2463.40,6132,316
2464.69,6124,317
2465.98,6104,315
2467.27,6077,315
2468.55,6049,315
2469.84,6018,313
2471.13,5967,313
2472.42,5891,312
2473.71,5843,310
2475.00,5792,309
2476.29,5729,308
2477.58,5654,307
2478.87,5560,305
2480.16,5466,303
2481.45,5370,301
2482.73,5288,299
2484.02,5234,299
2485.31,5136,296
2486.60,5020,294
2487.89,4934,292
2489.18,4826,290
2490.47,4707,287
2491.76,4586,285
2493.05,4470,283
2494.34,4362,280
2495.62,4249,278
2496.91,4133,275
2498.20,4021,273
2499.49,3910,271
2500.78,3794,268
2502.07,3663,266
2503.36,3529,261
2504.65,3418,259
2505.94,3276,257
2507.23,3132,253
2508.52,2990,250
2509.80,2857,247
2511.09,2704,242
2512.38,2574,241
2513.67,2433,237
2514.96,2315,235
2516.25,2188,231
2517.54,2064,228
2518.83,1946,225
2520.12,1834,223
2521.41,1723,220
2522.70,1616,218
2523.98,1508,215
2525.27,1405,212
2526.56,1302,210
2527.85,1216,209
2529.14,1112,206
2530.43,1037,205
2531.72,962,203
2533.01,886,201
2534.30,810,200
2535.59,746,198
2536.87,685,197
2538.16,628,196
2539.45,580,195
2540.74,538,195
2542.03,498,194
2543.32,468,193
2544.61,437,193
2545.90,413,193
2547.19,391,192
2548.48,375,192
2549.77,365,192
2551.05,360,192
2552.34,362,193
2553.63,369,193
2554.92,380,193
2556.21,400,193
2557.50,421,193
2558.79,448,193
2560.08,482,194
2561.37,521,195
2562.66,565,196
2563.95,609,196
2565.23,662,197
2566.52,723,198
2567.81,781,199
2569.10,854,200
2570.39,928,202
2571.68,1013,203
2572.97,1096,205
2574.26,1194,207
2575.55,1288,208
2576.84,1382,210
2578.12,1491,212
2579.41,1594,214
2580.70,1698,217
2581.99,1812,218
2583.28,1929,221
2584.57,2047,223
2585.86,2172,225
2587.15,2289,228
2588.44,2409,230
2589.73,2527,232
2591.02,2652,234
2592.30,2766,237
2593.59,2880,239
2594.88,3009,242
2596.17,3136,244
2597.46,3247,246
2598.75,3365,249
2600.04,3492,250
2601.33,3615,254
2602.62,3735,256
2603.91,3866,258
2605.20,3982,260
2606.48,4105,263
2607.77,4237,266
2609.06,4353,268
2610.35,4474,271
2611.64,4596,274
2612.93,4715,276
2614.22,4822,278
2615.51,4948,280
2616.80,5059,283
2618.09,5181,285
2619.37,5266,286
2620.66,5350,288
2621.95,5486,291
2623.24,5553,293
2624.53,5619,293
2625.82,5682,295
2627.11,5746,296
2628.40,5789,297
2629.69,5848,298
2630.98,5900,298
2632.27,5937,299
2633.55,5955,299
2634.84,5988,300
2636.13,6009,300
2637.42,6017,300
2638.71,6043,301
2640.00,6044,300
2641.29,6042,300
2642.58,6040,299
2643.87,6034,300
2645.16,6025,300
2646.45,5996,299
2647.73,5973,298
2649.02,5951,297
2650.31,5922,297
2651.60,5892,297
2652.89,5843,296
2654.18,5798,295
2655.47,5740,294
2656.76,5647,291
2658.05,5574,290
2659.34,5502,289
2660.62,5421,288
2661.91,5333,286
2663.20,5267,284
2664.49,5169,284
2665.78,5069,282
2667.07,4970,279
2668.36,4860,278
2669.65,4756,276
2670.94,4664,273
2672.23,4557,272
2673.52,4445,269
2674.80,4316,266
2676.09,4198,264
2677.38,4070,262
2678.67,3934,259
2679.96,3808,255
2681.25,3692,254
2682.54,3569,251
2683.83,3441,248
2685.12,3325,245
2686.41,3193,242
2687.70,3059,239
2688.98,2918,236
2690.27,2786,234
2691.56,2636,230
2692.85,2489,227
2694.14,2367,224
2695.43,2225,221
2696.72,2103,218
2698.01,1985,216
2699.30,1884,214
2700.59,1767,211
2701.87,1652,208
2703.16,1556,205
2704.45,1451,203
2705.74,1350,201
2707.03,1256,197
2708.32,1167,196
2709.61,1073,192
2710.90,987,187
2712.19,908,183
2713.48,829,183
2714.77,755,182
2716.05,692,180
2717.34,630,179
2718.63,568,177
2719.92,513,175
2721.21,467,174
2722.50,426,173
2723.79,392,173
2725.08,364,171
2726.37,343,171
2727.66,330,171
2728.95,324,171
2730.23,323,171
2731.52,327,172
2732.81,336,173
2734.10,350,173
2735.39,372,174
2736.68,399,173
2737.97,427,175
2739.26,462,176
2740.55,507,177
2741.84,545,177
2743.12,586,178
2744.41,642,180
2745.70,703,181
2746.99,757,182
2748.28,827,184
2749.57,910,186
2750.86,995,187
2752.15,1067,189
2753.44,1143,190
2754.73,1239,193
2756.02,1326,194
2757.30,1412,196
2758.59,1521,198
2759.88,1623,201
2761.17,1731,203
2762.46,1849,205
2763.75,1965,208
2765.04,2071,210
2766.33,2193,213
2767.62,2330,215
2768.91,2443,216
2770.20,2567,215
2771.48,2689,216
2772.77,2821,219
2774.06,2962,221
2775.35,3096,224
2776.64,3236,228
2777.93,3365,231
2779.22,3489,232
2780.51,3610,230
2781.80,3719,226
2783.09,3849,234
2784.37,4002,247
2785.66,4158,258
2786.95,4253,258
2788.24,4374,262
2789.53,4498,266
2790.82,4619,269
2792.11,4724,269
2793.40,4836,270
2794.69,4950,273
2795.98,5051,277
2797.27,5150,280
2798.55,5250,281
2799.84,5332,283
2801.13,5407,280
2802.42,5455,279
2803.71,5522,281
2805.00,5653,284
2806.29,5708,285
2807.58,5786,289
2808.87,5849,293
2810.16,5896,294
2811.45,5947,292
2812.73,5979,293
2814.02,6000,294
2815.31,6032,294
2816.60,6053,295
2817.89,6088,296
2819.18,6086,294
2820.47,6093,292
2821.76,6099,293
2823.05,6102,293
2824.34,6088,294
2825.62,6078,294
2826.91,6037,291
2828.20,5997,289
2829.49,5969,289
2830.78,5909,287
2832.07,5877,287
2833.36,5842,286
2834.65,5773,284
2835.94,5721,283
2837.23,5625,281
2838.52,5547,281
2839.80,5461,281
2841.09,5377,279
2842.38,5286,277
2843.67,5164,274
2844.96,5075,272
2846.25,4956,270
2847.54,4831,268
2848.83,4743,266
2850.12,4653,264
2851.41,4545,262
2852.70,4450,260
2853.98,4324,257
2855.27,4208,255
2856.56,4089,253
2857.85,3981,251
2859.14,3856,248
2860.43,3731,246
2861.72,3616,243
2863.01,3498,240
2864.30,3387,239
2865.59,3255,236
2866.87,3122,233
2868.16,2982,231
2869.45,2863,228
2870.74,2748,226
2872.03,2625,224
2873.32,2503,221
2874.61,2393,218
2875.90,2276,216
2877.19,2171,213
2878.48,2043,210
2879.77,1922,207
2881.05,1822,203
2882.34,1711,202
2883.63,1603,199
2884.92,1487,197
2886.21,1392,194
2887.50,1293,192
2888.79,1191,190
2890.08,1086,187
2891.37,998,185
2892.66,920,182
2893.95,837,181
2895.23,762,181
2896.52,696,180
2897.81,639,179
2899.10,579,178
2900.39,529,177
2901.68,486,176
2902.97,444,175
2904.26,408,175
2905.55,382,174
2906.84,362,176
2908.12,349,177
2909.41,341,178
2910.70,331,176
2911.99,332,177
2913.28,345,182
2914.57,359,183
2915.86,372,180
2917.15,399,182
2918.44,431,184
2919.73,465,184
2921.02,510,185
2922.30,555,187
2923.59,604,187
2924.88,663,188
2926.17,734,189
2927.46,802,191
2928.75,874,193
2930.04,948,194
2931.33,1039,194
2932.62,1119,195
2933.91,1223,198
2935.20,1324,200
2936.48,1420,201
2937.77,1534,204
2939.06,1657,207
2940.35,1760,208
2941.64,1869,211
2942.93,2006,214
2944.22,2120,216
2945.51,2231,219
2946.80,2363,222
2948.09,2484,225
2949.37,2606,228
2950.66,2733,231
2951.95,2850,234
2953.24,2971,236
2954.53,3063,238
2955.82,3173,240
2957.11,3289,242
2958.40,3399,244
2959.69,3508,246
2960.98,3639,249
2962.27,3766,251
2963.55,3879,254
2964.84,3986,256
2966.13,4110,259
2967.42,4237,263
2968.71,4353,265
2970.00,4460,267
2971.29,4578,269
2972.58,4692,271
2973.87,4807,273
2975.16,4914,276
2976.45,5023,278
2977.73,5114,280
2979.02,5216,282
2980.31,5311,284
2981.60,5397,286
2982.89,5470,286
2984.18,5543,289
2985.47,5612,290
2986.76,5672,291
2988.05,5719,292
2989.34,5767,293
2990.62,5826,294
2991.91,5873,294
2993.20,5915,296
2994.49,5940,295
2995.78,5971,297
2997.07,5986,297
2998.36,6004,297
2999.65,6007,297
3000.94,6009,298
3002.23,6020,298
3003.52,6021,298
3004.80,6012,297
3006.09,5992,296
3007.38,5962,297
3008.67,5918,295
3009.96,5873,294
3011.25,5831,293
3012.54,5781,291
3013.83,5732,290
3015.12,5671,288
3016.41,5615,287
3017.70,5550,286
3018.98,5477,284
3020.27,5390,283
3021.56,5304,280
3022.85,5222,279
3024.14,5141,277
3025.43,5048,276
3026.72,4941,274
3028.01,4843,271
3029.30,4731,269
3030.59,4629,267
3031.87,4515,265
3033.16,4408,262
3034.45,4285,260
3035.74,4159,257
3037.03,4037,255
3038.32,3901,252
3039.61,3758,250
3040.90,3645,247
3042.19,3533,245
3043.48,3400,242
3044.77,3253,239
3046.05,3120,236
3047.34,2991,232
3048.63,2838,230
3049.92,2713,228
3051.21,2564,224
3052.50,2437,221
3053.79,2301,219
3055.08,2180,216
3056.37,2071,214
3057.66,1959,212
3058.95,1852,210
3060.23,1749,207
3061.52,1657,205
3062.81,1554,203
3064.10,1458,201
3065.39,1365,199
3066.68,1263,197
3067.97,1178,195
3069.26,1101,193
3070.55,1017,191
3071.84,940,189
3073.12,867,187
3074.41,796,187
3075.70,725,185
3076.99,667,184
3078.28,610,182
3079.57,557,182
3080.86,508,181
3082.15,468,180
3083.44,430,177
3084.73,386,171
3086.02,342,161
3087.30,306,152
3088.59,278,143
3089.88,284,151
3091.17,309,166
3092.46,328,174
3093.75,341,177
3095.04,353,177
3096.33,371,175
3097.62,395,174
3098.91,421,174
3100.20,458,175
3101.48,502,174
3102.77,542,173
3104.06,591,172
3105.35,644,174
3106.64,715,176
3107.93,782,178
3109.22,857,179
3110.51,940,182
3111.80,1030,183
3113.09,1111,185
3114.37,1205,187
3115.66,1306,190
3116.95,1394,192
3118.24,1500,195
3119.53,1620,197
3120.82,1721,198
3122.11,1836,198
3123.40,1949,200
3124.69,2068,203
3125.98,2189,206
3127.27,2319,208
3128.55,2439,211
3129.84,2552,213
3131.13,2679,216
3132.42,2816,219
3133.71,2941,222
3135.00,3063,225
3136.29,3216,227
3137.58,3349,230
3138.87,3477,233
3140.16,3614,236
3141.45,3759,240
3142.73,3915,244
3144.02,4034,245
3145.31,4147,247
3146.60,4269,250
3147.89,4403,253
3149.18,4524,256
3150.47,4642,258
3151.76,4747,260
3153.05,4864,262
3154.34,4963,264
3155.62,5046,266
3156.91,5136,268
3158.20,5233,271
3159.49,5307,272
3160.78,5380,274
3162.07,5452,275
3163.36,5521,276
3164.65,5589,277
3165.94,5651,278
3167.23,5719,279
3168.52,5790,282
3169.80,5830,283
3171.09,5876,283
3172.38,5932,284
3173.67,5962,284
3174.96,5995,285
3176.25,6018,286
3177.54,6046,285
3178.83,6056,286
3180.12,6049,285
3181.41,6060,286
3182.70,6055,285
3183.98,6047,285
3185.27,6033,286
3186.56,6016,286
3187.85,5997,286
3189.14,5958,285
3190.43,5915,283
3191.72,5880,282
3193.01,5804,281
3194.30,5759,280
3195.59,5693,279
3196.87,5630,277
3198.16,5545,276
3199.45,5450,274
3200.74,5372,272
3202.03,5306,271
3203.32,5218,269
3204.61,5125,268
3205.90,5032,265
3207.19,4895,263
3208.48,4775,261
3209.77,4690,259
3211.05,4578,256
3212.34,4468,254
3213.63,4341,252
3214.92,4240,250
3216.21,4112,248
3217.50,4003,246
3218.79,3881,243
3220.08,3754,241
3221.37,3624,238
3222.66,3513,235
3223.95,3393,233
3225.23,3258,230
3226.52,3134,227
3227.81,3012,225
3229.10,2876,223
3230.39,2753,221
3231.68,2633,217
3232.97,2504,215
3234.26,2391,213
3235.55,2276,211
3236.84,2170,209
3238.12,2060,207
3239.41,1940,205
3240.70,1826,203
switching colors
