
1.29,3415,814
2.58,3379,808
3.87,3247,773
5.16,3216,766
6.45,3182,758
7.73,3115,739
9.02,3116,738
10.31,3066,727
11.60,3034,719
12.89,2980,704
14.18,2966,700
15.47,2893,684
16.76,2880,680
18.05,2887,680
19.34,2823,659
20.62,2702,635
21.91,2613,617
23.20,2554,601
24.49,2487,587
25.78,2431,571
27.07,2310,544
28.36,2314,546
29.65,2193,517
30.94,2184,516
32.23,2051,489
33.52,1923,459
34.80,1881,449
36.09,1773,424
37.38,1654,396
38.67,1503,363
39.96,1416,344
41.25,1315,320
42.54,1286,312
43.83,1176,289
45.12,1134,280
46.41,1031,255
47.70,969,242
48.98,941,235
50.27,883,222
51.56,802,204
52.85,710,182
54.14,640,167
55.43,596,157
56.72,526,141
58.01,495,134
59.30,434,121
60.59,354,102
61.88,312,92
63.16,299,90
64.45,238,75
65.74,222,73
67.03,185,64
68.32,163,60
69.61,138,54
70.90,113,48
72.19,91,42
73.48,76,38
74.77,68,37
76.05,62,37
77.34,61,36
78.63,61,35
79.92,67,36
81.21,74,37
82.50,89,41
83.79,104,44
85.08,131,51
86.37,157,57
87.66,180,62
88.95,218,70
90.23,274,84
91.52,320,94
92.81,363,104
94.10,420,117
95.39,560,150
96.68,617,163
97.97,685,178
99.26,718,185
100.55,790,201
101.84,832,211
103.12,877,221
104.41,997,248
105.70,1081,268
106.99,1160,285
108.28,1281,313
109.57,1430,345
110.86,1403,339
112.15,1635,392
113.44,1710,408
114.73,1787,427
116.02,1913,455
117.30,2063,488
118.59,2131,505
119.88,2194,518
121.17,2458,576
122.46,2625,614
123.75,2626,615
125.04,2848,664
126.33,2927,681
127.62,3008,701
128.91,3094,720
130.20,3399,787
131.48,3357,779
132.77,3591,831
134.06,3577,828
135.35,3696,856
136.64,4281,981
137.93,4173,960
139.22,4108,946
140.51,4203,968
141.80,4605,1053
143.09,4708,1076
144.38,4702,1075
145.66,4697,1075
146.95,4881,1115
148.24,5121,1166
149.53,5220,1188
150.82,5153,1176
152.11,5071,1159
153.40,5243,1195
154.69,5907,1334
155.98,5479,1248
157.27,5686,1290
158.55,5637,1280
159.84,5688,1291
161.13,5905,1337
162.42,6096,1376
163.71,5825,1321
165.00,6394,1437
166.29,5700,1294
167.58,6209,1401
168.87,6700,1501
170.16,5497,1254
171.45,6028,1364
172.73,5956,1348
174.02,6358,1428
175.31,6503,1460
176.60,5864,1327
177.89,5910,1336
179.18,5130,1176
180.47,4981,1142
181.76,5293,1206
183.05,6260,1401
184.34,5772,1300
185.63,6354,1417
186.91,5952,1335
188.20,5898,1323
189.49,6221,1389
190.78,5970,1335
192.07,5527,1243
193.36,5598,1256
194.65,5222,1177
195.94,4939,1118
197.23,4753,1077
198.52,5101,1145
199.80,5268,1178
201.09,4390,996
202.38,3986,911
203.67,4261,965
204.96,3616,830
206.25,3587,822
207.54,3758,855
208.83,3565,813
210.12,2821,656
211.41,2914,674
212.70,3120,715
213.98,3265,743
215.27,2884,662
216.56,2925,670
217.85,2852,653
219.14,2277,531
220.43,2204,514
221.72,1999,469
223.01,1779,422
224.30,1737,412
225.59,1666,396
226.88,1515,363
228.16,1315,320
229.45,1471,353
230.74,1265,308
232.03,1084,269
233.32,967,243
234.61,784,201
235.90,713,186
237.19,659,174
238.48,663,177
239.77,499,138
241.05,527,148
242.34,396,116
243.63,312,97
244.92,311,99
246.21,257,88
247.50,210,76
248.79,163,64
250.08,149,62
251.37,106,51
252.66,86,44
253.95,75,42
255.23,78,46
256.52,76,46
257.81,77,46
259.10,89,50
260.39,97,50
261.68,119,54
262.97,138,59
264.26,140,56
265.55,192,69
266.84,217,75
268.13,252,81
269.41,329,101
270.70,376,110
271.99,434,123
273.28,505,140
274.57,522,144
275.86,574,155
277.15,704,184
278.44,771,199
279.73,848,217
281.02,893,228
282.30,960,242
283.59,1057,265
284.88,1251,307
286.17,1177,292
287.46,1271,314
288.75,1421,348
290.04,1576,382
291.33,1508,369
292.62,1685,408
293.91,1914,459
295.20,1980,475
296.48,2029,487
297.77,2090,502
299.06,2285,544
300.35,2234,537
301.64,2349,563
302.93,2545,607
304.22,2641,629
305.51,2751,653
306.80,2761,659
308.09,2887,687
309.38,2777,666
310.66,2986,712
311.95,2959,708
313.24,2964,710
314.53,3145,752
315.82,3232,769
317.11,3331,795
318.40,3434,819
319.69,3347,799
320.98,3541,841
322.27,3528,841
323.55,3783,895
324.84,3751,891
326.13,4085,961
327.42,3924,929
328.71,3924,926
330.00,4141,973
331.29,4127,975
332.58,3890,922
333.87,3971,937
335.16,3952,936
336.45,4026,953
337.73,3996,946
339.02,3978,941
340.31,4051,958
341.60,4034,953
342.89,3982,937
344.18,3974,940
345.47,3945,931
346.76,3937,932
348.05,3817,899
349.34,3882,914
350.63,3787,895
351.91,3757,887
353.20,3763,890
354.49,3711,878
355.78,3750,890
357.07,3696,876
358.36,3692,871
359.65,3698,870
360.94,3583,844
362.23,3594,844
363.52,3670,857
364.80,3430,808
366.09,3367,798
367.38,3338,791
368.67,3420,806
369.96,3192,752
371.25,3101,731
372.54,3056,723
373.83,3130,735
375.12,3164,740
376.41,3021,710
377.70,2993,701
378.98,2980,700
380.27,2942,685
381.56,2702,638
382.85,2639,622
384.14,2540,598
385.43,2530,596
386.72,2484,583
388.01,2377,562
389.30,2347,553
390.59,2146,507
391.88,2187,514
393.16,2074,493
394.45,2002,477
395.74,1934,458
397.03,1784,425
398.32,1635,391
399.61,1543,372
400.90,1464,353
402.19,1340,325
403.48,1321,320
404.77,1227,300
406.05,1094,268
407.34,1002,248
408.63,912,228
409.92,869,218
411.21,786,200
412.50,716,184
413.79,634,165
415.08,581,153
416.37,532,143
417.66,492,134
418.95,433,121
420.23,357,102
421.52,311,92
422.81,276,84
424.10,228,72
425.39,208,69
426.68,177,62
427.97,162,59
429.26,137,54
430.55,104,46
431.84,84,40
433.13,71,38
434.41,65,36
435.70,60,36
436.99,62,37
438.28,63,36
439.57,69,37
440.86,81,39
442.15,103,45
443.44,122,49
444.73,157,58
446.02,184,63
447.30,203,67
448.59,261,81
449.88,295,89
451.17,339,99
452.46,394,111
453.75,452,124
455.04,561,151
456.33,620,164
457.62,704,183
458.91,725,187
460.20,779,199
461.48,850,215
462.77,917,230
464.06,999,248
465.35,1091,270
466.64,1190,292
467.93,1273,311
469.22,1465,353
470.51,1441,348
471.80,1518,365
473.09,1871,445
474.38,1884,448
475.66,1846,441
476.95,1928,460
478.24,2130,504
479.53,2212,523
480.82,2457,576
482.11,2763,643
483.40,2749,641
484.69,2697,630
485.98,2885,673
487.27,2851,666
488.55,3020,703
489.84,3227,750
491.13,3450,800
492.42,3529,816
493.71,3731,862
495.00,3699,855
496.29,3734,864
497.58,4058,934
498.87,4254,976
500.16,4290,985
501.45,4415,1012
502.73,4755,1087
504.02,4740,1083
505.31,4822,1103
506.60,4777,1094
507.89,5074,1157
509.18,5244,1195
510.47,4993,1142
511.76,5077,1161
513.05,5245,1197
514.34,5741,1302
515.63,5719,1298
516.91,5807,1318
518.20,5791,1316
519.49,5945,1348
520.78,5846,1327
522.07,6407,1443
523.36,5967,1354
524.65,6410,1445
525.94,5817,1322
527.23,6420,1447
528.52,6225,1406
529.80,5772,1312
531.09,6241,1409
532.38,6083,1377
533.67,6606,1484
534.96,6802,1524
536.25,6728,1507
537.54,5988,1355
538.83,5160,1183
540.12,5552,1261
541.41,6043,1360
542.70,5933,1337
543.98,5873,1322
545.27,5818,1309
546.56,6143,1376
547.85,6037,1353
549.14,6058,1355
550.43,5998,1342
551.72,6138,1369
553.01,5119,1160
554.30,5178,1170
555.59,5009,1133
556.88,4490,1025
558.16,4851,1095
559.45,5334,1192
560.74,4325,983
562.03,4396,995
563.32,4018,916
564.61,4058,922
565.90,3653,838
567.19,4030,912
568.48,3790,861
569.77,2951,685
571.05,3131,721
572.34,3279,749
573.63,3191,729
574.92,3109,712
576.21,2841,654
577.50,2423,566
578.79,2501,579
580.08,2733,628
581.37,2052,483
582.66,2138,500
583.95,2036,477
585.23,1711,407
586.52,1773,419
587.81,1492,359
589.10,1313,319
590.39,1455,350
591.68,1364,331
592.97,1111,275
594.26,976,245
595.55,805,207
596.84,725,188
598.13,684,181
599.41,645,172
600.70,523,145
601.99,549,153
603.28,435,126
604.57,344,104
605.86,310,98
607.15,267,89
608.44,224,80
609.73,179,70
611.02,144,62
612.30,108,51
613.59,87,45
614.88,75,43
616.17,75,45
617.46,72,44
618.75,83,48
620.04,100,53
621.33,115,55
622.62,135,59
623.91,163,65
625.20,192,70
626.48,214,74
627.77,248,82
629.06,328,100
630.35,359,107
631.64,432,124
632.93,503,139
634.22,541,147
635.51,613,164
636.80,730,190
638.09,772,200
639.38,893,227
640.66,853,219
641.95,996,251
643.24,1171,290
644.53,1129,282
645.82,1187,296
647.11,1287,318
648.40,1552,378
649.69,1590,386
650.98,1620,395
652.27,1833,440
653.55,1866,450
654.84,1977,476
656.13,2038,491
657.42,2143,515
658.71,2176,525
660.00,2417,578
661.29,2468,590
662.58,2484,596
663.87,2574,617
665.16,2720,649
666.45,2595,624
667.73,2883,689
669.02,2708,652
670.31,2793,672
671.60,2872,691
672.89,2876,693
674.18,3041,731
675.47,3131,748
676.76,3253,778
678.05,3443,821
679.34,3533,836
680.63,3614,855
681.91,3571,850
683.20,3792,898
684.49,3862,916
685.78,4057,955
687.07,4026,950
688.36,4104,968
689.65,4247,996
690.94,4008,948
692.23,4200,993
693.52,4153,979
694.80,4461,1043
696.09,4248,1000
697.38,4322,1017
698.67,4205,991
699.96,4322,1016
701.25,4332,1018
702.54,4151,980
703.83,4138,974
705.12,4044,954
706.41,3993,945
707.70,3943,935
708.98,3917,926
710.27,3890,919
711.56,3721,886
712.85,3692,877
714.14,3637,863
715.43,3587,853
716.72,3625,863
718.01,3533,837
719.30,3523,832
720.59,3547,835
721.88,3522,829
723.16,3539,834
724.45,3445,808
725.74,3370,798
727.03,3322,788
728.32,3221,762
729.61,3186,752
730.90,3134,739
732.19,3026,715
733.48,2913,689
734.77,2902,687
736.05,2803,664
737.34,2760,653
738.63,2750,652
739.92,2656,625
741.21,2527,598
742.50,2518,595
743.79,2435,575
745.08,2378,564
746.37,2237,531
747.66,2181,517
748.95,2108,501
750.23,2050,487
751.52,2054,488
752.81,1899,453
754.10,1757,420
755.39,1689,406
756.68,1601,385
757.97,1470,357
759.26,1393,338
760.55,1310,320
761.84,1230,299
763.13,1141,280
764.41,1089,269
765.70,1003,249
766.99,928,233
768.28,895,225
769.57,812,205
770.86,742,190
772.15,664,172
773.44,621,163
774.73,541,143
776.02,514,138
777.30,475,130
778.59,445,124
779.88,377,107
781.17,310,91
782.46,311,93
783.75,240,74
785.04,224,72
786.33,182,63
787.62,163,59
788.91,150,57
790.20,120,50
791.48,89,41
792.77,75,38
794.06,70,38
795.35,63,36
796.64,61,36
797.93,61,36
799.22,64,36
800.51,69,35
801.80,89,41
803.09,104,44
804.38,121,49
805.66,152,56
806.95,180,62
808.24,195,65
809.53,246,78
810.82,286,86
812.11,323,94
813.40,371,105
814.69,428,119
815.98,580,156
817.27,623,164
818.55,705,183
819.84,745,192
821.13,782,200
822.42,862,218
823.71,933,233
825.00,1049,259
826.29,1118,276
827.58,1229,301
828.87,1356,329
830.16,1490,360
831.45,1484,359
832.73,1797,429
834.02,1808,432
835.31,1876,447
836.60,2064,489
837.89,2161,510
839.18,2235,528
840.47,2483,582
841.76,2803,652
843.05,2842,662
844.34,2767,645
845.63,2948,688
846.91,3003,699
848.20,3097,721
849.49,3313,769
850.78,3551,821
852.07,3429,795
853.36,3657,845
854.65,3705,857
855.94,3883,896
857.23,4356,998
858.52,4364,1000
859.80,4550,1041
861.09,4486,1030
862.38,4899,1117
863.67,4699,1076
864.96,4881,1116
866.25,5024,1147
867.54,5241,1194
868.83,5321,1212
870.12,5201,1188
871.41,5269,1203
872.70,5391,1229
873.98,5948,1345
875.27,5646,1283
876.56,5751,1307
877.85,5748,1307
879.14,5832,1324
880.43,6060,1372
881.72,6412,1445
883.01,6021,1364
884.30,6494,1461
885.59,5958,1352
886.88,5899,1340
888.16,6989,1565
889.45,5558,1269
890.74,6380,1439
892.03,6255,1413
893.32,6609,1485
894.61,6676,1497
895.90,6450,1451
897.19,6035,1365
898.48,5244,1199
899.77,5224,1195
901.05,5688,1289
902.34,5991,1351
903.63,5468,1241
904.92,6239,1397
906.21,5751,1296
907.50,5863,1318
908.79,6014,1349
910.08,6067,1358
911.37,6069,1358
912.66,6158,1374
913.95,5179,1173
915.23,5201,1174
916.52,5358,1207
917.81,4569,1042
919.10,5004,1128
920.39,5163,1159
921.68,4491,1019
922.97,4099,936
924.26,4330,981
925.55,3671,844
926.84,3582,822
928.13,4007,908
929.41,3754,855
930.70,2906,675
931.99,3074,710
933.28,3176,728
934.57,3306,754
935.86,2924,672
937.15,2799,644
938.44,2791,641
939.73,2616,604
941.02,2077,489
942.30,2228,520
943.59,2144,500
944.88,1753,416
946.17,1784,422
947.46,1505,362
948.75,1359,330
950.04,1468,354
951.33,1312,320
952.62,1064,264
953.91,984,247
955.20,802,206
956.48,723,188
957.77,737,194
959.06,694,185
960.35,525,146
961.64,501,143
962.93,397,118
964.22,311,98
965.51,305,99
966.80,244,85
968.09,209,78
969.38,169,70
970.66,113,52
971.95,92,47
973.24,77,42
974.53,81,48
975.82,80,48
977.11,79,47
978.40,89,50
979.69,100,52
980.98,121,56
982.27,148,61
983.55,166,65
984.84,203,73
986.13,226,77
987.42,252,82
988.71,327,100
990.00,362,108
991.29,395,114
992.58,512,143
993.87,531,146
995.16,588,159
996.45,699,184
997.73,765,199
999.02,811,209
1000.31,934,237
1001.60,894,228
1002.89,1003,253
1004.18,1142,284
1005.47,1157,289
1006.76,1238,308
1008.05,1367,337
1009.34,1544,376
1010.63,1547,377
1011.91,1563,383
1013.20,1821,440
1014.49,1858,449
1015.78,1971,474
1017.07,2080,500
1018.36,2123,512
1019.65,2246,539
1020.94,2319,556
1022.23,2454,587
1023.52,2550,609
1024.80,2505,603
1026.09,2731,652
1027.38,2701,649
1028.67,2825,677
1029.96,2749,662
1031.25,2844,683
1032.54,2902,698
1033.83,2910,700
1035.12,3049,732
1036.41,3166,757
1037.70,3247,779
1038.98,3532,841
1040.27,3574,847
1041.56,3760,887
1042.85,3715,884
1044.14,3899,921
1045.43,3953,935
1046.72,3828,909
1048.01,4040,955
1049.30,4176,981
1050.59,4112,970
1051.88,4197,992
1053.16,4144,976
1054.45,4206,989
1055.74,4277,1004
1057.03,4148,976
1058.32,4060,963
1059.61,4110,971
1060.90,4104,971
1062.19,4019,951
1063.48,3901,925
1064.77,3966,939
1066.05,3900,925
1067.34,3832,910
1068.63,3793,897
1069.92,3764,893
1071.21,3714,882
1072.50,3671,871
1073.79,3645,866
1075.08,3630,864
1076.37,3580,852
1077.66,3532,839
1078.95,3491,824
1080.23,3435,813
switching colors
1081.52,6237,424
1082.81,6319,427
1084.10,6089,413
1085.39,5998,410
1086.68,5938,407
1087.97,5917,402
1089.26,5736,388
1090.55,5642,379
1091.84,5555,376
1093.13,5594,375
1094.41,5650,377
1095.70,5351,358
1096.99,5254,350
1098.28,5339,355
1099.57,5217,341
1100.86,4967,330
1102.15,4760,316
1103.44,4876,318
1104.73,4616,305
1106.02,4685,304
1107.30,4396,289
1108.59,4325,281
1109.88,4033,262
1111.17,4110,266
1112.46,3980,259
1113.75,3904,254
1115.04,3747,239
1116.33,3617,232
1117.62,3320,213
1118.91,3117,202
1120.20,3017,195
1121.48,2918,188
1122.77,2621,168
1124.06,2399,155
1125.35,2292,148
1126.64,2178,139
1127.93,2012,130
1129.22,1817,116
1130.51,1782,113
1131.80,1552,100
1133.09,1460,94
1134.38,1237,79
1135.66,1137,73
1136.95,1006,66
1138.24,943,60
1139.53,748,49
1140.82,645,42
1142.11,508,34
1143.40,447,30
1144.69,345,23
1145.98,299,20
1147.27,236,16
1148.55,184,12
1149.84,146,10
1151.13,97,7
1152.42,62,4
1153.71,47,3
1155.00,34,2
1156.29,28,2
1157.58,31,2
1158.87,41,3
1160.16,54,4
1161.45,84,6
1162.73,115,7
1164.02,149,10
1165.31,203,13
1166.60,254,17
1167.89,299,20
1169.18,409,27
1170.47,478,31
1171.76,558,37
1173.05,642,41
1174.34,765,50
1175.63,887,57
1176.91,1053,68
1178.20,1168,76
1179.49,1273,83
1180.78,1394,91
1182.07,1541,100
1183.36,1702,110
1184.65,1875,121
1185.94,2020,130
1187.23,2131,138
1188.52,2467,159
1189.80,2470,160
1191.09,2561,166
1192.38,3090,199
1193.67,3145,202
1194.96,3136,203
1196.25,3266,211
1197.54,3550,230
1198.83,3705,240
1200.12,3868,249
1201.41,4382,281
1202.70,4550,292
1203.98,4540,293
1205.27,4874,313
1206.56,4808,310
1207.85,4974,320
1209.14,5289,341
1210.43,5600,361
1211.72,5764,372
1213.01,6047,390
1214.30,6050,390
1215.59,6127,396
1216.88,6428,416
1218.16,6833,440
1219.45,7052,452
1220.74,7385,474
1222.03,7201,464
1223.32,7805,501
1224.61,7634,491
1225.90,7996,512
1227.19,8152,522
1228.48,8080,522
1229.77,8282,534
1231.05,8353,538
1232.34,8327,536
1233.63,8535,550
1234.92,9212,592
1236.21,9119,587
1237.50,8963,578
1238.79,9018,581
1240.08,9066,584
1241.37,9296,599
1242.66,9637,619
1243.95,9218,594
1245.23,9732,625
1246.52,9138,591
1247.81,9207,595
1249.10,9972,638
1250.39,8901,577
1251.68,9465,609
1252.97,9219,595
1254.26,9734,623
1255.55,9535,613
1256.84,10031,639
1258.13,8827,573
1259.41,9411,602
1260.70,9185,588
1261.99,8473,549
1263.28,8156,530
1264.57,8869,568
1265.86,8770,560
1267.15,8708,554
1268.44,9019,570
1269.73,8699,551
1271.02,8532,541
1272.30,8348,530
1273.59,8029,511
1274.88,7558,483
1276.17,7192,462
1277.46,7641,482
1278.75,7472,471
1280.04,7861,487
1281.33,6333,406
1282.62,6265,401
1283.91,5680,367
1285.20,5818,371
1286.48,5980,377
1287.77,5661,356
1289.06,4813,310
1290.35,4752,304
1291.64,4826,305
1292.93,4584,290
1294.22,4647,290
1295.51,4173,263
1296.80,3850,245
1298.09,3881,243
1299.38,4234,258
1300.66,3186,202
1301.95,3363,207
1303.24,3123,194
1304.53,2727,172
1305.82,2625,163
1307.11,2294,144
1308.40,2091,133
1309.69,2357,143
1310.98,1862,117
1312.27,1693,106
1313.55,1550,97
1314.84,1453,90
1316.13,1180,75
1317.42,1062,67
1318.71,970,61
1320.00,816,51
1321.29,829,51
1322.58,655,41
1323.87,504,32
1325.16,418,26
1326.45,381,24
1327.73,286,18
1329.02,219,14
1330.31,167,11
1331.60,111,7
1332.89,74,5
1334.18,47,4
1335.47,40,3
1336.76,33,2
1338.05,33,2
1339.34,46,3
1340.63,69,4
1341.91,100,7
1343.20,136,9
1344.49,184,12
1345.78,242,16
1347.07,290,19
1348.36,355,23
1349.65,475,30
1350.94,558,35
1352.23,664,42
1353.52,819,51
1354.80,887,56
1356.09,1062,66
1357.38,1230,78
1358.67,1340,85
1359.96,1573,99
1361.25,1539,99
1362.54,1669,109
1363.83,1997,128
1365.12,1992,129
1366.41,2151,141
1367.70,2612,167
1368.98,2854,183
1370.27,2750,179
1371.56,2820,186
1372.85,3392,217
1374.14,3423,222
1375.43,3698,239
1376.72,3799,247
1378.01,3931,256
1379.30,4311,280
1380.59,4672,301
1381.88,4657,303
1383.16,4695,308
1384.45,4982,327
1385.74,5093,336
1387.03,4950,330
1388.32,5621,368
1389.61,5321,355
1390.90,5241,353
1392.19,5262,357
1393.48,5557,376
1394.77,5627,380
1396.05,5848,396
1397.34,6163,415
1398.63,6134,413
1399.92,6358,428
1401.21,6458,436
1402.50,6622,447
1403.79,6848,461
1405.08,7150,477
1406.37,7182,481
1407.66,7341,493
1408.95,7474,499
1410.23,7151,483
1411.52,7436,502
1412.81,7272,491
1414.10,7470,501
1415.39,7227,489
1416.68,7371,500
1417.97,7255,493
1419.26,7212,492
1420.55,7259,494
1421.84,7131,487
1423.13,7008,479
1424.41,6890,473
1425.70,7000,481
1426.99,6938,476
1428.28,6717,459
1429.57,6772,463
1430.86,6670,459
1432.15,6673,458
1433.44,6599,454
1434.73,6475,445
1436.02,6464,446
1437.30,6441,443
1438.59,6358,436
1439.88,6299,427
1441.17,6192,422
1442.46,6191,420
1443.75,6243,421
1445.04,6045,408
1446.33,5974,408
1447.62,5938,405
1448.91,5800,394
1450.20,5697,385
1451.48,5523,371
1452.77,5486,371
1454.06,5456,366
1455.35,5473,365
1456.64,5331,358
1457.93,5097,340
1459.22,5187,345
1460.51,5081,333
1461.80,4580,306
1463.09,4555,304
1464.38,4458,296
1465.66,4581,303
1466.95,4216,278
1468.24,4110,271
1469.53,3954,260
1470.82,3900,256
1472.11,3940,256
1473.40,3560,234
1474.69,3167,209
1475.98,3002,198
1477.27,2793,184
1478.55,2596,172
1479.84,2479,164
1481.13,2373,157
1482.42,2228,147
1483.71,1992,133
1485.00,1977,130
1486.29,1787,118
1487.58,1602,106
1488.87,1555,101
1490.16,1364,89
1491.45,1282,85
1492.73,1124,74
1494.02,1050,70
1495.31,887,59
1496.60,798,53
1497.89,735,48
1499.18,620,41
1500.47,507,33
1501.76,475,31
1503.05,359,24
1504.34,325,22
1505.63,260,18
1506.91,212,14
1508.20,179,11
1509.49,125,8
1510.78,87,6
1512.07,63,4
1513.36,47,3
1514.65,35,2
1515.94,30,2
1517.23,32,3
1518.52,39,3
1519.80,51,4
1521.09,71,5
1522.38,105,7
1523.67,143,10
1524.96,193,13
1526.25,229,15
1527.54,279,18
1528.83,354,23
1530.12,434,28
1531.41,492,32
1532.70,576,38
1533.98,679,45
1535.27,918,59
1536.56,962,62
1537.85,1078,69
1539.14,1168,76
1540.43,1263,83
1541.72,1380,89
1543.01,1512,98
1544.30,1652,106
1545.59,1801,116
1546.88,1994,129
1548.16,2119,136
1549.45,2381,153
1550.74,2493,161
1552.03,2535,165
1553.32,3031,194
1554.61,3129,201
1555.90,3118,202
1557.19,3321,215
1558.48,3575,231
1559.77,3737,241
1561.05,3996,257
1562.34,4245,273
1563.63,4551,292
1564.92,4582,295
1566.21,4882,313
1567.50,4998,322
1568.79,5195,334
1570.08,5374,347
1571.37,5921,380
1572.66,5987,385
1573.95,5951,385
1575.23,6464,416
1576.52,6484,418
1577.81,6829,439
1579.10,6979,449
1580.39,7088,456
1581.68,7556,486
1582.97,7648,491
1584.26,7844,503
1585.55,7855,505
1586.84,8015,514
1588.13,8186,527
1589.41,8328,536
1590.70,8198,530
1591.99,8210,531
1593.28,8634,557
1594.57,9016,580
1595.86,8652,560
1597.15,8785,568
1598.44,8661,561
1599.73,8795,571
1601.02,9576,616
1602.30,9256,599
1603.59,9197,596
1604.88,9271,599
1606.17,8953,582
1607.46,9717,625
1608.75,9030,586
1610.04,9474,611
1611.33,9229,595
1612.62,9655,620
1613.91,9624,618
1615.20,9398,606
1616.48,8853,575
1617.77,8042,529
1619.06,8028,527
1620.35,8633,558
1621.64,8527,551
1622.93,8460,547
1624.22,8338,540
1625.51,8571,550
1626.80,8818,561
1628.09,8335,535
1629.38,8615,548
1630.66,8421,537
1631.95,8512,538
1633.24,7938,507
1634.53,7524,483
1635.82,7401,475
1637.11,6896,445
1638.40,7704,485
1639.69,7832,488
1640.98,6649,425
1642.27,6105,393
1643.55,6629,418
1644.84,5673,366
1646.13,5611,360
1647.42,5870,370
1648.71,5567,352
1650.00,4895,314
1651.29,4632,298
1652.58,5064,317
1653.87,4714,296
1655.16,4967,307
1656.45,4278,269
1657.73,4270,265
1659.02,4101,255
1660.31,4151,255
1661.60,3483,218
1662.89,3312,207
1664.18,3301,203
1665.47,2759,173
1666.76,2632,165
1668.05,2356,148
1669.34,2227,139
1670.63,2246,137
1671.91,2027,124
1673.20,1629,102
1674.49,1501,94
1675.78,1257,80
1677.07,1070,68
1678.36,1097,68
1679.65,832,53
1680.94,765,48
1682.23,707,44
1683.52,482,31
1684.80,424,27
1686.09,388,24
1687.38,283,18
1688.67,200,12
1689.96,168,11
1691.25,100,6
1692.54,68,5
1693.83,47,3
1695.12,38,3
1696.41,33,2
1697.70,36,3
1698.98,56,4
1700.27,77,5
1701.56,115,8
1702.85,149,10
1704.14,208,14
1705.43,273,18
1706.72,333,22
1708.01,416,27
1709.30,539,34
1710.59,615,39
1711.88,816,51
1713.16,827,53
1714.45,962,62
1715.74,1171,74
1717.03,1303,82
1718.32,1384,88
1719.61,1588,101
1720.90,1559,102
1722.19,1751,113
1723.48,2045,130
1724.77,2089,136
1726.05,2202,143
1727.34,2259,149
1728.63,2713,175
1729.92,2792,181
1731.21,2799,183
1732.50,3043,199
1733.79,3435,222
1735.08,3554,231
1736.37,3831,248
1737.66,3913,254
1738.95,4318,279
1740.23,4285,280
1741.52,4381,288
1742.81,4773,311
1744.10,4871,319
1745.39,5125,334
1746.68,5193,341
1747.97,5365,353
1749.26,5385,357
1750.55,5374,358
1751.84,5278,356
1753.13,5369,363
1754.41,5520,373
1755.70,5724,385
1756.99,6020,404
1758.28,6268,420
1759.57,6355,425
1760.86,6427,430
1762.15,6616,444
1763.44,6702,451
1764.73,6939,465
1766.02,7063,474
1767.30,7380,493
1768.59,7387,493
1769.88,7181,483
1771.17,7299,490
1772.46,7583,508
1773.75,7169,486
1775.04,7483,503
1776.33,7338,496
1777.62,7159,486
1778.91,7143,488
1780.20,7107,486
1781.48,7026,482
1782.77,7043,482
1784.06,6900,473
1785.35,6948,478
1786.64,6903,475
1787.93,6789,466
1789.22,6685,458
1790.51,6653,457
1791.80,6642,458
1793.09,6556,451
1794.38,6430,439
1795.66,6377,435
1796.95,6353,434
1798.24,6320,434
1799.53,6295,427
1800.82,6220,423
1802.11,6190,420
1803.40,6045,409
1804.69,6046,411
1805.98,5956,405
1807.27,5938,406
1808.55,5868,400
1809.84,5697,385
1811.13,5541,377
1812.42,5586,372
1813.71,5533,371
1815.00,5448,364
1816.29,5121,344
1817.58,5305,353
1818.87,5154,337
1820.16,4920,328
1821.45,4652,311
1822.73,4640,305
1824.02,4451,295
1825.31,4516,295
1826.60,4188,279
1827.89,4129,271
1829.18,3896,257
1830.47,3957,259
1831.76,3842,252
1833.05,3597,236
1834.34,3380,220
1835.63,3223,212
1836.91,3019,198
1838.20,2878,190
1839.49,2715,179
1840.78,2531,167
1842.07,2270,149
1843.36,2092,138
1844.65,2099,137
1845.94,1913,126
1847.23,1732,114
1848.52,1586,104
1849.80,1547,101
1851.09,1353,89
1852.38,1270,84
1853.67,1117,73
1854.96,1017,67
1856.25,882,58
1857.54,827,55
1858.83,744,49
1860.12,634,42
1861.41,539,36
1862.70,481,32
1863.98,363,24
1865.27,336,21
1866.56,266,18
1867.85,232,16
1869.14,184,12
1870.43,133,9
1871.72,96,7
1873.01,67,5
1874.30,47,3
1875.59,35,2
1876.88,29,2
1878.16,31,3
1879.45,40,2
1880.74,53,3
1882.03,85,6
1883.32,114,8
1884.61,152,10
1885.90,207,14
1887.19,260,17
1888.48,316,21
1889.77,419,28
1891.05,475,31
1892.34,567,37
1893.63,651,42
1894.92,790,52
1896.21,936,61
1897.50,1095,71
1898.79,1166,76
1900.08,1290,84
1901.37,1399,91
1902.66,1530,99
1903.95,1692,109
1905.23,1861,120
1906.52,2057,131
1907.81,2150,139
1909.10,2477,160
1910.39,2526,164
1911.68,2831,182
1912.97,3035,195
1914.26,3116,201
1915.55,3176,205
1916.84,3424,220
1918.13,3633,235
1919.41,3826,247
1920.70,4156,268
1921.99,4616,295
1923.28,4521,290
1924.57,4798,307
1925.86,4911,316
1927.15,5053,325
1928.44,5362,345
1929.73,5590,359
1931.02,5934,380
1932.30,6072,390
1933.59,6202,398
1934.88,6214,399
1936.17,6399,414
1937.46,6770,436
1938.75,7061,453
1940.04,7314,469
1941.33,7208,464
1942.62,7706,494
1943.91,7633,491
1945.20,7957,510
1946.48,8001,514
1947.77,7912,511
1949.06,8308,534
1950.35,8456,545
1951.64,8484,545
1952.93,8571,551
1954.22,9015,577
1955.51,9107,585
1956.80,8959,577
1958.09,9068,584
1959.38,8915,576
1960.66,8865,573
1961.95,9686,621
1963.24,9394,605
1964.53,9329,600
1965.82,9522,612
1967.11,9239,596
1968.40,9945,636
1969.69,9310,600
1970.98,9088,588
1972.27,8978,581
1973.55,10411,661
1974.84,9685,620
1976.13,9466,608
1977.42,10006,637
1978.71,8563,558
1980.00,9552,611
1981.29,9092,583
1982.58,8558,553
1983.87,8449,546
1985.16,8419,543
1986.45,8442,543
1987.73,8616,549
1989.02,8786,558
1990.31,8718,553
1991.60,8321,530
1992.89,7869,504
1994.18,7808,498
1995.47,7687,490
1996.76,7525,479
1998.05,7626,481
1999.34,7554,475
2000.63,7392,462
2001.91,6525,415
2003.20,6643,419
2004.49,5676,366
2005.78,5711,364
2007.07,5994,376
2008.36,5675,357
2009.65,4765,308
2010.94,4711,301
2012.23,4915,310
2013.52,4824,302
2014.80,4710,293
2016.09,4591,284
2017.38,4054,253
2018.67,3903,244
2019.96,4087,250
2021.25,3143,199
2022.54,2981,188
2023.83,2824,177
2025.12,2522,160
2026.41,2434,152
2027.70,2086,133
2028.98,2366,145
2030.27,1926,120
2031.56,1819,112
2032.85,1479,94
2034.14,1405,88
2035.43,1162,74
2036.72,1126,70
2038.01,984,62
2039.30,815,51
2040.59,826,50
2041.88,657,41
2043.16,505,32
2044.45,417,27
2045.74,391,25
2047.03,296,19
2048.32,248,15
2049.61,174,11
2050.90,116,8
2052.19,84,6
2053.48,52,4
2054.77,41,3
2056.05,32,2
2057.34,32,3
2058.63,45,3
2059.92,68,5
2061.21,94,6
2062.50,129,8
2063.79,171,10
2065.08,238,15
2066.37,278,18
2067.66,337,22
2068.95,430,28
2070.23,539,34
2071.52,610,39
2072.81,804,50
2074.10,798,51
2075.39,1010,63
2076.68,1150,72
2077.97,1285,81
2079.26,1332,85
2080.55,1544,98
2081.84,1613,104
2083.12,1813,117
2084.41,2115,133
2085.70,2048,133
2086.99,2198,144
2088.28,2360,154
2089.57,2903,185
2090.86,2800,182
2092.15,2799,185
2093.44,3302,213
2094.73,3474,225
2096.02,3726,241
2097.30,3880,252
2098.59,4139,268
2099.88,4166,273
2101.17,4283,283
2102.46,4709,307
2103.75,4807,314
2105.04,5011,329
2106.33,5213,342
2107.62,5399,354
2108.91,5675,371
2110.20,5394,358
2111.48,5191,352
2112.77,5250,356
2114.06,5441,369
2115.35,5590,378
2116.64,5814,394
2117.93,6305,422
2119.22,6304,423
2120.51,6198,420
2121.80,6410,433
2123.09,6868,459
2124.37,6872,462
2125.66,7204,480
2126.95,7177,480
2128.24,7368,495
2129.53,7029,475
2130.82,7147,485
2132.11,7266,492
2133.40,7317,493
2134.69,7158,486
2135.98,7295,494
2137.27,7092,485
2138.55,7090,485
2139.84,7093,486
2141.13,7073,483
2142.42,6891,473
2143.71,6818,469
2145.00,6909,477
2146.29,6844,472
2147.58,6712,460
2148.87,6701,460
2150.16,6641,458
2151.45,6628,457
2152.73,6541,450
2154.02,6614,457
2155.31,6463,445
2156.60,6450,445
2157.89,6327,434
2159.18,6274,428
2160.47,6200,422
switching colors
2161.76,2703,64
2163.05,2681,63
2164.34,2663,63
2165.62,2642,63
2166.91,2622,62
2168.20,2569,61
2169.49,2499,59
2170.78,2493,59
2172.07,2419,57
2173.36,2397,57
2174.65,2388,56
2175.94,2360,56
2177.23,2250,53
2178.52,2299,55
2179.80,2224,52
2181.09,2198,52
2182.38,2067,49
2183.67,2105,49
2184.96,2015,48
2186.25,1981,47
2187.54,1847,44
2188.83,1836,44
2190.12,1702,40
2191.41,1691,40
2192.70,1647,39
2193.98,1535,37
2195.27,1470,35
2196.56,1378,33
2197.85,1280,31
2199.14,1184,28
2200.43,1120,27
2201.72,1038,25
2203.01,989,24
2204.30,904,22
2205.59,846,21
2206.87,769,18
2208.16,697,17
2209.45,681,16
2210.74,609,15
2212.03,579,14
2213.32,504,12
2214.61,460,11
2215.90,405,10
2217.19,374,9
2218.48,352,8
2219.77,291,7
2221.05,238,6
2222.34,229,6
2223.63,170,4
2224.92,157,4
2226.21,129,3
2227.50,104,3
2228.79,82,2
2230.08,54,1
2231.37,40,1
2232.66,28,1
2233.95,20,1
2235.23,16,1
2236.52,15,0
2237.81,17,1
2239.10,22,0
2240.39,31,1
2241.68,45,2
2242.97,64,2
2244.26,96,2
2245.55,113,3
2246.84,133,3
2248.12,165,4
2249.41,213,5
2250.70,236,6
2251.99,280,7
2253.28,332,8
2254.57,412,10
2255.86,493,12
2257.15,578,14
2258.44,610,15
2259.73,674,15
2261.02,727,17
2262.30,773,18
2263.59,810,19
2264.88,894,21
2266.17,988,23
2267.46,1067,25
2268.75,1183,28
2270.04,1369,31
2271.33,1325,31
2272.62,1619,37
2273.91,1612,38
2275.20,1737,40
2276.48,1780,42
2277.77,1896,44
2279.06,2017,47
2280.35,2182,51
2281.64,2399,55
2282.93,2818,64
2284.22,2708,62
2285.51,2794,64
2286.80,3021,70
2288.09,2973,68
2289.37,3169,73
2290.66,3280,76
2291.95,3705,84
2293.24,3807,87
2294.53,3788,87
2295.82,3998,91
2297.11,4319,98
2298.40,4671,105
2299.69,4594,104
2300.98,4601,103
2302.27,4458,101
2303.55,5067,113
2304.84,4905,110
2306.13,5017,113
2307.42,5189,116
2308.71,5347,120
2310.00,5267,118
2311.29,5310,119
2312.58,5242,118
2313.87,6106,135
2315.16,6123,135
2316.45,5863,130
2317.73,6097,135
2319.02,5691,127
2320.31,5826,130
2321.60,6707,147
2322.89,6199,137
2324.18,6622,145
2325.47,6361,140
2326.76,6078,134
2328.05,7132,155
2329.34,5605,125
2330.62,6487,142
2331.91,6128,135
2333.20,7056,152
2334.49,6764,147
2335.78,6427,140
2337.07,6308,137
2338.36,5539,122
2339.65,5314,117
2340.94,6619,143
2342.23,6749,145
2343.52,5971,130
2344.80,6385,136
2346.09,6338,136
2347.38,6045,130
2348.67,6005,129
2349.96,5960,128
2351.25,5902,127
2352.54,5534,120
2353.83,5101,111
2355.12,4909,107
2356.41,4997,108
2357.70,5191,112
2358.98,5263,113
2360.27,4607,99
2361.56,4160,90
2362.85,4448,95
2364.14,3761,83
2365.43,3997,87
2366.72,4014,87
2368.01,3565,78
2369.30,3309,73
2370.59,2746,61
2371.87,2855,63
2373.16,3101,67
2374.45,3186,69
2375.74,2621,57
2377.03,2712,59
2378.32,2721,59
2379.61,2269,50
2380.90,1974,44
2382.19,1715,38
2383.48,1619,36
2384.77,1595,35
2386.05,1346,30
2387.34,1521,33
2388.63,1165,25
2389.92,1273,28
2391.21,1075,23
2392.50,998,22
2393.79,845,19
2395.08,803,18
2396.37,687,15
2397.66,622,14
2398.95,604,13
2400.23,439,10
2401.52,399,9
2402.81,375,8
2404.10,243,6
2405.39,215,5
2406.68,201,4
2407.97,144,3
2409.26,123,3
2410.55,81,2
2411.84,46,1
2413.12,32,1
2414.41,20,1
2415.70,16,1
2416.99,14,1
2418.28,17,1
2419.57,27,1
2420.86,40,1
2422.15,55,2
2423.44,70,2
2424.73,102,2
2426.02,124,3
2427.30,148,4
2428.59,193,4
2429.88,239,5
2431.17,259,6
2432.46,359,8
2433.75,346,8
2435.04,403,9
2436.33,487,11
2437.62,541,12
2438.91,596,14
2440.20,667,15
2441.48,668,15
2442.77,775,18
2444.06,881,20
2445.35,835,19
2446.64,964,22
2447.93,1111,26
2449.22,1129,26
2450.51,1137,27
2451.80,1245,29
2453.09,1364,32
2454.37,1401,33
2455.66,1461,34
2456.95,1511,35
2458.24,1645,38
2459.53,1682,39
2460.82,1786,42
2462.11,1849,44
2463.40,1895,45
2464.69,1972,46
2465.98,2007,47
2467.27,2013,48
2468.55,2156,51
2469.84,2088,49
2471.13,2119,50
2472.42,2142,51
2473.71,2164,51
2475.00,2304,54
2476.29,2378,57
2477.58,2424,57
2478.87,2576,61
2480.16,2538,60
2481.45,2669,63
2482.73,2723,64
2484.02,2889,68
2485.31,2912,69
2486.60,3012,72
2487.89,3006,72
2489.18,3084,74
2490.47,3140,74
2491.76,3025,72
2493.05,3056,72
2494.34,3101,73
2495.62,3059,72
2496.91,3050,72
2498.20,3085,73
2499.49,3116,74
2500.78,3088,73
2502.07,3029,71
2503.36,3031,72
2504.65,2967,70
2505.94,2986,71
2507.23,2975,71
2508.52,2915,69
2509.80,2917,69
2511.09,2902,69
2512.38,2897,69
2513.67,2856,67
2514.96,2880,69
2516.25,2826,67
2517.54,2809,66
2518.83,2753,65
2520.12,2723,64
2521.41,2691,63
2522.70,2671,63
2523.98,2618,61
2525.27,2612,62
2526.56,2580,61
2527.85,2575,61
2529.14,2481,58
2530.43,2461,58
2531.72,2418,57
2533.01,2412,57
2534.30,2410,57
2535.59,2330,55
2536.87,2250,53
2538.16,2303,55
2539.45,2278,53
2540.74,2114,50
2542.03,2051,48
2543.32,2033,48
2544.61,1954,46
2545.90,1929,46
2547.19,1840,44
2548.48,1808,43
2549.77,1716,41
2551.05,1748,41
2552.34,1607,38
2553.63,1557,37
2554.92,1553,37
2556.21,1510,35
2557.50,1374,32
2558.79,1305,31
2560.08,1237,29
2561.37,1104,26
2562.66,1077,25
2563.95,1031,24
2565.23,945,23
2566.52,840,20
2567.81,781,18
2569.10,784,18
2570.39,663,16
2571.68,630,15
2572.97,546,14
2574.26,513,12
2575.55,438,11
2576.84,391,10
2578.12,360,9
2579.41,306,8
2580.70,257,6
2581.99,235,5
2583.28,191,5
2584.57,155,4
2585.86,133,4
2587.15,110,2
2588.44,96,3
2589.73,71,1
2591.02,46,1
2592.30,32,0
2593.59,23,1
2594.88,18,1
2596.17,14,0
2597.46,15,1
2598.75,16,1
2600.04,21,0
2601.33,32,1
2602.62,45,1
2603.91,57,2
2605.20,87,2
2606.48,99,3
2607.77,126,3
2609.06,148,4
2610.35,202,5
2611.64,228,6
2612.93,265,7
2614.22,319,8
2615.51,401,10
2616.80,488,11
2618.09,586,14
2619.37,622,15
2620.66,670,16
2621.95,743,17
2623.24,807,19
2624.53,865,20
2625.82,972,23
2627.11,1063,25
2628.40,1215,28
2629.69,1362,32
2630.98,1366,32
2632.27,1627,37
2633.55,1700,39
2634.84,1785,41
2636.13,1803,42
2637.42,2047,47
2638.71,2100,49
2640.00,2209,51
2641.29,2492,57
2642.58,2817,64
2643.87,2703,62
2645.16,2917,67
2646.45,2983,68
2647.73,3081,71
2649.02,3308,76
2650.31,3579,82
2651.60,3560,81
2652.89,3781,85
2654.18,3681,84
2655.47,3795,87
2656.76,4177,95
2658.05,4458,100
2659.34,4232,96
2660.62,4377,99
2661.91,4865,109
2663.20,4942,111
2664.49,5113,114
2665.78,5086,114
2667.07,5217,117
2668.36,5390,121
2669.65,5245,118
2670.94,5392,121
2672.23,5472,123
2673.52,6294,138
2674.80,6193,136
2676.09,5910,131
2677.38,6131,136
2678.67,5744,128
2679.96,5882,131
2681.25,6524,143
2682.54,6559,144
2683.83,6376,140
2685.12,6626,146
2686.41,6269,138
2687.70,6686,147
2688.98,6521,143
2690.27,5931,131
2691.56,6453,142
2692.85,6065,134
2694.14,6775,148
2695.43,7033,152
2696.72,6922,150
2698.01,6297,137
2699.30,5441,121
2700.59,5667,125
2701.87,6702,144
2703.16,6665,143
2704.45,5983,129
2705.74,6485,139
2707.03,6466,138
2708.32,6264,134
2709.61,6114,131
2710.90,6321,135
2712.19,5886,126
2713.48,5560,121
2714.77,5339,116
2716.05,5246,114
2717.34,4935,107
2718.63,5236,113
2719.92,5346,114
2721.21,5162,111
2722.50,4361,95
2723.79,4504,97
2725.08,3724,82
2726.37,3898,85
2727.66,4026,87
2728.95,3824,82
2730.23,2969,66
2731.52,3052,67
2732.81,3105,68
2734.10,3240,70
2735.39,2888,63
2736.68,2862,62
2737.97,2725,59
2739.26,2201,48
2740.55,2048,45
2741.84,1827,41
2743.12,1635,36
2744.41,1591,35
2745.70,1479,33
2746.99,1347,30
2748.28,1125,26
2749.57,1334,29
2750.86,1055,24
2752.15,1011,22
2753.44,837,19
2754.73,723,15
2756.02,614,14
2757.30,523,12
2758.59,532,11
2759.88,412,9
2761.17,412,9
2762.46,306,6
2763.75,272,6
2765.04,215,5
2766.33,162,4
2767.62,126,3
2768.91,86,3
2770.20,58,2
2771.48,40,1
2772.77,24,1
2774.06,18,0
2775.35,15,1
2776.64,14,1
2777.93,19,1
2779.22,31,1
2780.51,44,1
2781.80,58,2
2783.09,69,2
2784.37,103,3
2785.66,121,3
2786.95,149,4
2788.24,170,4
2789.53,225,5
2790.82,263,6
2792.11,341,7
2793.40,362,8
2794.69,387,9
2795.98,460,10
2797.27,518,12
2798.55,555,13
2799.84,647,15
2801.13,634,15
2802.42,763,18
2803.71,832,19
2805.00,825,19
2806.29,819,19
2807.58,1021,24
2808.87,1117,26
2810.16,1128,26
2811.45,1115,26
2812.73,1227,29
2814.02,1378,32
2815.31,1439,34
2816.60,1453,33
2817.89,1488,35
2819.18,1620,38
2820.47,1635,39
2821.76,1724,41
2823.05,1824,43
2824.34,1847,43
2825.62,1924,45
2826.91,1970,47
2828.20,1979,47
2829.49,2094,50
2830.78,2071,49
2832.07,2130,51
2833.36,2168,51
2834.65,2243,53
2835.94,2359,56
2837.23,2407,57
2838.52,2474,59
2839.80,2563,61
2841.09,2562,61
2842.38,2607,61
2843.67,2824,67
2844.96,2776,66
2846.25,2854,67
2847.54,2988,71
2848.83,3078,73
2850.12,3082,73
2851.41,3072,73
2852.70,3033,72
2853.98,3047,72
2855.27,3027,72
2856.56,3095,73
2857.85,3035,72
2859.14,3023,72
2860.43,3046,72
2861.72,3004,72
2863.01,2976,70
2864.30,2959,71
2865.59,2979,72
2866.87,2960,70
2868.16,2913,69
2869.45,2901,68
2870.74,2892,69
2872.03,2862,67
2873.32,2877,68
2874.61,2833,67
2875.90,2824,67
2877.19,2763,65
2878.48,2744,65
2879.77,2713,64
2881.05,2690,63
2882.34,2672,63
2883.63,2637,62
2884.92,2629,62
2886.21,2603,62
2887.50,2567,61
2888.79,2519,60
2890.08,2484,59
2891.37,2446,58
2892.66,2453,58
2893.95,2414,57
2895.23,2437,57
2896.52,2317,55
2897.81,2358,55
2899.10,2232,52
2900.39,2212,51
2901.68,2055,49
2902.97,2029,48
2904.26,1986,46
2905.55,1956,46
2906.84,1853,43
2908.12,1835,43
2909.41,1797,43
2910.70,1733,41
2911.99,1703,40
2913.28,1570,37
2914.57,1521,36
2915.86,1563,37
2917.15,1456,34
2918.44,1373,32
2919.73,1260,29
2921.02,1226,28
2922.30,1097,26
2923.59,1113,26
2924.88,1023,24
2926.17,923,22
2927.46,838,20
2928.75,770,19
2930.04,766,18
2931.33,661,16
2932.62,628,15
2933.91,532,12
2935.20,501,12
2936.48,421,10
2937.77,387,9
2939.06,348,9
2940.35,292,7
2941.64,233,6
2942.93,221,5
2944.22,165,4
2945.51,148,4
2946.80,112,3
2948.09,98,3
2949.37,78,2
2950.66,51,1
2951.95,35,1
2953.24,24,1
2954.53,18,1
2955.82,14,1
2957.11,15,1
2958.40,17,0
2959.69,23,0
2960.98,33,1
2962.27,49,1
2963.55,66,2
2964.84,93,3
2966.13,117,3
2967.42,132,3
2968.71,179,4
2970.00,209,5
2971.29,256,6
2972.58,301,7
2973.87,355,8
2975.16,490,12
2976.45,545,12
2977.73,626,15
2979.02,668,15
2980.31,698,16
2981.60,765,18
2982.89,840,20
2984.18,926,21
2985.47,1014,24
2986.76,1124,27
2988.05,1278,29
2989.34,1391,32
2990.62,1346,31
2991.91,1672,38
2993.20,1699,39
2994.49,1772,41
2995.78,1789,42
2997.07,1915,44
2998.36,2011,47
2999.65,2209,51
3000.94,2354,54
3002.23,2797,64
3003.52,2696,62
3004.80,2663,61
3006.09,3013,70
3007.38,2978,68
3008.67,3128,72
3009.96,3292,76
3011.25,3735,85
3012.54,3440,79
3013.83,3666,84
3015.12,3860,88
3016.41,3858,87
3017.70,4543,102
3018.98,4493,101
3020.27,4194,96
3021.56,4427,100
3022.85,5015,112
3024.14,5043,113
3025.43,5244,117
3026.72,4850,110
3028.01,5315,118
3029.30,5448,120
3030.59,5253,118
3031.87,5322,119
3033.16,5225,117
3034.45,6072,134
3035.74,6145,136
3037.03,5933,132
3038.32,6209,137
3039.61,5991,133
3040.90,5773,129
3042.19,6784,148
3043.48,6368,140
3044.77,6129,135
3046.05,6293,138
3047.34,6086,134
3048.63,7029,153
3049.92,5923,131
3051.21,6441,141
3052.50,6168,136
3053.79,7081,154
3055.08,7132,154
3056.37,6675,145
3057.66,5916,130
3058.95,5390,120
3060.23,6471,140
3061.52,6227,135
3062.81,6281,135
3064.10,5923,128
3065.39,6284,135
3066.68,6358,137
3067.97,6277,135
3069.26,6066,130
3070.55,6109,131
3071.84,6246,133
3073.12,5459,118
3074.41,5167,112
3075.70,5422,117
3076.99,4528,100
3078.28,4949,107
3079.57,5259,113
3080.86,4220,92
3082.15,4312,94
3083.44,3788,83
3084.73,4040,88
3086.02,4137,89
3087.30,3643,79
3088.59,3214,70
3089.88,2779,61
3091.17,2953,65
3092.46,3090,67
3093.75,3201,68
3095.04,2702,59
3096.33,2658,58
3097.62,2744,58
3098.91,2093,46
3100.20,2133,47
3101.48,1710,38
3102.77,1648,36
3104.06,1733,38
3105.35,1399,31
3106.64,1538,33
3107.93,1346,30
3109.22,1227,27
3110.51,1205,27
3111.80,1101,24
3113.09,889,20
3114.37,838,19
3115.66,675,15
3116.95,577,13
3118.24,610,13
3119.53,529,12
3120.82,404,9
3122.11,394,9
3123.40,281,6
3124.69,221,5
3125.98,213,5
3127.27,160,4
3128.55,129,3
3129.84,87,2
3131.13,60,2
3132.42,42,1
3133.71,27,1
3135.00,20,1
3136.29,15,1
3137.58,14,0
3138.87,18,1
3140.16,26,1
3141.45,42,2
3142.73,57,2
3144.02,72,2
3145.31,101,2
3146.60,121,3
3147.89,147,4
3149.18,183,4
3150.47,239,6
3151.76,259,6
3153.05,352,8
3154.34,367,8
3155.62,409,9
3156.91,498,11
3158.20,547,12
3159.49,616,14
3160.78,654,15
3162.07,686,16
3163.36,832,19
3164.65,814,19
3165.94,809,19
3167.23,1053,24
3168.52,1136,26
3169.80,1130,26
3171.09,1123,26
3172.38,1243,29
3173.67,1380,32
3174.96,1413,33
3176.25,1487,35
3177.54,1551,36
3178.83,1685,39
3180.12,1694,40
3181.41,1811,43
3182.70,1806,43
3183.98,2025,47
3185.27,2019,47
3186.56,2038,48
3187.85,2235,53
3189.14,2146,51
3190.43,2207,52
3191.72,2241,53
3193.01,2248,53
3194.30,2333,55
3195.59,2388,57
3196.87,2419,57
3198.16,2575,62
3199.45,2615,62
3200.74,2626,63
3202.03,2671,63
3203.32,2807,67
3204.61,2850,67
3205.90,2922,68
3207.19,2942,70
3208.48,2999,71
3209.77,2967,70
3211.05,2984,71
3212.34,3048,72
3213.63,2938,69
3214.92,2948,70
3216.21,3028,71
3217.50,2985,71
3218.79,3017,72
3220.08,2955,70
3221.37,2987,71
3222.66,2984,71
3223.95,2938,69
3225.23,2942,70
3226.52,2935,70
3227.81,2917,69
3229.10,2891,69
3230.39,2879,68
3231.68,2875,68
3232.97,2850,67
3234.26,2870,69
3235.55,2819,67
3236.84,2840,67
3238.12,2784,66
3239.41,2747,65
3240.70,2733,64
